1583520 1844
1583530 1841
1583540 1837
1583550 1833
1583560 1828
1583570 1822
1583580 1817
1583590 1811
1583600 1805
1583610 1800
1583620 1797
1583630 1793
1583640 1790
1583650 1787
1583660 1784
1583670 1780
1583680 1776
1583690 1771
1583700 1765
1583710 1761
1583720 1756
1583730 1752
1583740 1747
1583750 1743
1583760 1739
1583770 1735
1583780 1729
1583790 1723
1583800 1715
1583810 1710
1583820 1709
1583830 1712
1583840 1715
1583850 1716
1583860 1716
1583870 1712
1583880 1706
1583890 1700
1583900 1695
1583910 1688
1583920 1681
1583930 1673
1583940 1666
1583950 1658
1583960 1649
1583970 1638
1583980 1629
1583990 1621
1584000 1613
1584010 1605
1584020 1598
1584030 1592
1584040 1586
1584050 1579
1584060 1573
1584070 1568
1584080 1562
1584090 1557
1584100 1554
1584110 1551
1584120 1548
1584130 1544
1584140 1541
1584150 1539
1584160 1536
1584170 1534
1584180 1529
1584190 1519
1584200 1507
1584210 1499
1584220 1494
1584230 1488
1584240 1480
1584250 1473
1584260 1470
1584270 1469
1584280 1470
1584290 1474
1584300 1478
1584310 1478
1584320 1476
1584330 1473
1584340 1470
1584350 1466
1584360 1467
1584370 1467
1584380 1466
1584390 1463
1584400 1460
1584410 1458
1584420 1457
1584430 1455
1584440 1453
1584450 1450
1584460 1450
1584470 1452
1584480 1456
1584490 1459
1584500 1460
1584510 1459
1584520 1459
1584530 1462
1584540 1467
1584550 1472
1584560 1473
1584570 1473
1584580 1473
1584590 1474
1584600 1476
1584610 1478
1584620 1482
1584630 1488
1584640 1494
1584650 1499
1584660 1501
1584670 1500
1584680 1500
1584690 1498
1584700 1495
1584710 1490
1584720 1486
1584730 1481
1584740 1477
1584750 1474
1584760 1471
1584770 1470
1584780 1470
1584790 1470
1584800 1471
1584810 1471
1584820 1469
1584830 1465
1584840 1459
1584850 1453
1584860 1447
1584870 1442
1584880 1436
1584890 1431
1584900 1426
1584910 1422
1584920 1420
1584930 1419
1584940 1423
1584950 1426
1584960 1427
1584970 1428
1584980 1429
1584990 1430
1585000 1432
1585010 1436
1585020 1443
1585030 1453
1585040 1462
1585050 1470
1585060 1476
1585070 1485
1585080 1494
1585090 1505
1585100 1515
1585110 1522
1585120 1527
1585130 1528
1585140 1529
1585150 1531
1585160 1534
1585170 1544
1585180 1553
1585190 1558
1585200 1560
1585210 1563
1585220 1566
1585230 1554
1585240 1542
1585250 1528
1585260 1514
1585270 1501
1585280 1490
1585290 1482
1585300 1476
1585310 1470
1585320 1465
1585330 1460
1585340 1455
1585350 1450
1585360 1444
1585370 1439
1585380 1433
1585390 1428
1585400 1423
1585410 1418
1585420 1413
1585430 1409
1585440 1406
1585450 1405
1585460 1402
1585470 1401
1585480 1403
1585490 1404
1585500 1401
1585510 1395
1585520 1386
1585530 1376
1585540 1367
1585550 1362
1585560 1356
1585570 1347
1585580 1337
1585590 1327
1585600 1318
1585610 1311
1585620 1305
1585630 1299
1585640 1292
1585650 1286
1585660 1280
1585670 1274
1585680 1270
1585690 1265
1585700 1260
1585710 1255
1585720 1250
1585730 1244
1585740 1237
1585750 1232
1585760 1228
1585770 1225
1585780 1228
1585790 1231
1585800 1234
1585810 1237
1585820 1238
1585830 1238
1585840 1239
1585850 1236
1585860 1233
1585870 1230
1585880 1226
1585890 1223
1585900 1219
1585910 1216
1585920 1213
1585930 1210
1585940 1209
1585950 1209
1585960 1209
1585970 1209
1585980 1211
1585990 1213
1586000 1215
1586010 1216
1586020 1217
1586030 1218
1586040 1218
1586050 1217
1586060 1217
1586070 1218
1586080 1220
1586090 1222
1586100 1224
1586110 1225
1586120 1227
1586130 1229
1586140 1230
1586150 1230
1586160 1231
1586170 1232
1586180 1233
1586190 1234
1586200 1234
1586210 1234
1586220 1235
1586230 1237
1586240 1239
1586250 1241
1586260 1243
1586270 1245
1586280 1247
1586290 1248
1586300 1250
1586310 1253
1586320 1257
1586330 1262
1586340 1268
1586350 1273
1586360 1278
1586370 1284
1586380 1289
1586390 1295
1586400 1302
1586410 1310
1586420 1323
1586430 1332
1586440 1339
1586450 1343
1586460 1347
1586470 1350
1586480 1351
1586490 1353
1586500 1355
1586510 1357
1586520 1359
1586530 1361
1586540 1362
1586550 1363
1586560 1362
1586570 1362
1586580 1360
1586590 1359
1586600 1358
1586610 1359
1586620 1362
1586630 1365
1586640 1369
1586650 1374
1586660 1379
1586670 1384
1586680 1388
1586690 1392
1586700 1395
1586710 1399
1586720 1403
1586730 1407
1586740 1410
1586750 1413
1586760 1417
1586770 1420
1586780 1423
1586790 1426
1586800 1430
1586810 1433
1586820 1436
1586830 1439
1586840 1442
1586850 1446
1586860 1450
1586870 1454
1586880 1458
1586890 1462
1586900 1466
1586910 1470
1586920 1474
1586930 1478
1592070 1934
1592080 1929
1592090 1921
1592100 1910
1592110 1900
1592120 1889
1592130 1877
1592140 1872
1592150 1866
1592160 1859
1592170 1849
1592180 1841
1592190 1834
1592200 1827
1592210 1819
1592220 1809
1592230 1796
1592240 1785
1592250 1776
1592260 1771
1592270 1762
1592280 1753
1592290 1743
1592300 1735
1592310 1727
1592320 1720
1592330 1712
1592340 1706
1592350 1701
1592360 1697
1592370 1691
1592380 1685
1592390 1680
1592400 1675
1592410 1669
1592420 1665
1592430 1662
1592440 1659
1592450 1656
1592460 1656
1592470 1656
1592480 1656
1592490 1652
1592500 1644
1592510 1632
1592520 1614
1592530 1603
1592540 1596
1592550 1590
1592560 1585
1592570 1580
1592580 1575
1592590 1570
1592600 1565
1592610 1560
1592620 1555
1592630 1550
1592640 1546
1592650 1541
1592660 1536
1592670 1531
1592680 1526
1592690 1521
1592700 1516
1592710 1512
1592720 1507
1592730 1502
1592740 1497
1592750 1493
1592760 1488
1592770 1483
1592780 1478
1592790 1474
1592800 1469
1592810 1464
1592820 1460
1592830 1455
1592840 1451
1592850 1446
1592860 1442
1592870 1437
1592880 1433
1592890 1428
1592900 1424
1592910 1419
1592920 1415
1592930 1411
1592940 1406
1592950 1402
1592960 1398
1592970 1394
1592980 1391
1592990 1387
1593000 1383
1593010 1380
1593020 1377
1593030 1373
1593040 1370
1593050 1367
1593060 1364
1593070 1360
1593080 1358
1593090 1355
1593100 1352
1593110 1349
1593120 1347
1593130 1344
1593140 1342
1593150 1340
1593160 1339
1593170 1338
1593180 1337
1593190 1336
1593200 1336
1593210 1335
1593220 1335
1593230 1334
1593240 1333
1593250 1332
1593260 1331
1593270 1330
1593280 1329
1593290 1327
1593300 1326
1593310 1324
1593320 1322
1593330 1321
1593340 1320
1593350 1318
1593360 1317
1593370 1316
1593380 1316
1593390 1315
1593400 1315
1593410 1315
1593420 1314
1593430 1314
1593440 1313
1593450 1313
1593460 1313
1593470 1313
1593480 1313
1593490 1313
1593500 1313
1593510 1313
1593520 1314
1593530 1315
1593540 1317
1593550 1319
1593560 1322
1593570 1325
1593580 1328
1593590 1331
1593600 1334
1593610 1336
1593620 1338
1593630 1338
1593640 1339
1593650 1339
1593660 1341
1593670 1343
1593680 1345
1593690 1349
1593700 1351
1593710 1352
1593720 1348
1593730 1343
1593740 1338
1593750 1337
1593760 1337
1593770 1337
1593780 1331
1593790 1325
1593800 1320
1593810 1317
1593820 1315
1593830 1313
1593840 1312
1593850 1310
1593860 1308
1593870 1306
1593880 1303
1593890 1300
1593900 1297
1593910 1293
1593920 1289
1593930 1286
1593940 1282
1593950 1279
1593960 1275
1593970 1272
1593980 1268
1593990 1265
1594000 1262
1594010 1260
1594020 1257
1594030 1254
1594040 1251
1594050 1249
1594060 1246
1594070 1244
1594080 1241
1594090 1238
1594100 1235
1594110 1232
1594120 1229
1594130 1227
1594140 1224
1594150 1221
1594160 1218
1594170 1216
1594180 1214
1594190 1212
1594200 1210
1594210 1210
1594220 1209
1594230 1208
1594240 1206
1594250 1204
1594260 1202
1594270 1200
1594280 1198
1594290 1196
1594300 1195
1594310 1194
1594320 1193
1594330 1192
1594340 1191
1594350 1189
1594360 1187
1594370 1186
1594380 1185
1594390 1184
1594400 1182
1594410 1180
1594420 1178
1594430 1176
1594440 1174
1594450 1172
1594460 1170
1594470 1170
1594480 1169
1594490 1168
1594500 1167
1594510 1166
1594520 1165
1594530 1163
1594540 1162
1594550 1161
1594560 1161
1594570 1161
1594580 1161
1594590 1161
1594600 1161
1594610 1160
1594620 1160
1594630 1161
1594640 1161
1594650 1161
1594660 1162
1594670 1163
1594680 1164
1594690 1165
1594700 1166
1594710 1167
1594720 1166
1594730 1167
1594740 1168
1594750 1171
1594760 1172
1594770 1174
1594780 1177
1594790 1180
1594800 1183
1594810 1186
1594820 1189
1594830 1192
1594840 1196
1594850 1200
1594860 1203
1594870 1206
1594880 1209
1594890 1212
1594900 1216
1594910 1219
1594920 1222
1594930 1225
1594940 1228
1594950 1231
1594960 1234
1594970 1237
1594980 1240
1594990 1243
1595000 1245
1595010 1248
1595020 1251
1595030 1254
1595040 1258
1595050 1261
1595060 1264
1595070 1268
1595080 1272
1595090 1275
1595100 1278
1595110 1280
1595120 1283
1595130 1286
1595140 1289
1595150 1292
1595160 1295
1595170 1298
1595180 1302
1595190 1305
1595200 1308
1595210 1310
1595220 1312
1595230 1315
1595240 1317
1595250 1319
1595260 1322
1595270 1327
1595280 1333
1595290 1340
1595300 1347
1595310 1353
1595320 1358
1595330 1363
1595340 1371
1595350 1379
1595360 1387
1595370 1396
1595380 1401
1595390 1402
1595400 1428
1595410 1449
1595420 1464
1595430 1464
1595440 1463
1595450 1463
1595460 1462
1595470 1460
1595480 1458
1595490 1456
1595500 1468
1595510 1483
1595520 1495
1595530 1505
1595540 1514
1595550 1521
1595560 1533
1595570 1541
1595580 1544
1595590 1542
1595600 1540
1595610 1537
1595620 1533
1595630 1531
1595640 1530
1595650 1529
1595660 1525
1595670 1520
1595680 1517
1595690 1526
1595700 1536
1595710 1546
1595720 1549
1595730 1553
1595740 1559
1595750 1571
1595760 1579
1595770 1586
1595780 1591
1595790 1596
1595800 1600
1595810 1602
1595820 1604
1595830 1610
1595840 1619
1595850 1631
1595860 1648
1595870 1669
1595880 1685
1595890 1692
1595900 1695
1595910 1697
1595920 1698
1595930 1699
1595940 1698
1595950 1698
1595960 1696
1595970 1694
1595980 1687
1595990 1678
1596000 1668
1596010 1661
1596020 1658
1596030 1655
1596040 1650
1596050 1650
1596060 1651
1596070 1648
1596080 1644
1596090 1639
1596100 1632
1596110 1627
1596120 1621
1596130 1614
1596140 1606
1596150 1601
1596160 1599
1596170 1601
1596180 1603
1596190 1604
1596200 1602
1596210 1621
1596220 1641
1596230 1656
1596240 1668
1596250 1679
1596260 1689
1596270 1697
1596280 1703
1596290 1706
1596300 1710
1596310 1712
1596320 1714
1596330 1715
1596340 1717
1596350 1718
1596360 1720
1596370 1721
1596380 1723
1596390 1725
1596400 1734
1596410 1746
1596420 1759
1596430 1775
1596440 1794
1596450 1814
1596460 1832
1596470 1834
1596480 1828
1596490 1814
1596500 1809
1596510 1809
1596520 1815
1596530 1828
1596540 1841
1596550 1854
1596560 1862
1596570 1863
1596580 1860
1596590 1862
1596600 1868
1596610 1876
1596620 1887
1596630 1896
1596640 1903
1596650 1904
1596660 1907
1596670 1912
1596680 1918
1596690 1923
1596700 1930
1596710 1937
1596720 1945
1596730 1953
1596740 1962
1596750 1969
1596760 1968
1596770 1966
1596780 1966
1596790 1966
1596800 1964
1596810 1959
1596820 1958
1596830 1963
1596840 1972
1596850 1981
1596860 1990
1596870 1997
1596880 1999
1596890 1998
1596900 1997
1596910 2000
1596920 1997
1596930 1990
1596940 1978
1596950 1962
1596960 1948
1596970 1937
1596980 1927
1596990 1921
1597000 1916
1597010 1912
1597020 1905
1597030 1896
1597040 1886
1597050 1879
1597060 1875
1597070 1875
1597080 1874
1597090 1873
1597100 1873
1597110 1867
1597120 1866
1597130 1868
1597140 1872
1597150 1874
1597160 1876
1597170 1878
1597180 1875
1597190 1870
1597200 1865
1597210 1863
1597220 1862
1597230 1863
1597240 1867
1597250 1872
1597260 1877
1597270 1876
1597280 1874
1597290 1873
1597300 1870
1597310 1870
1597320 1871
1597330 1870
1597340 1864
1597350 1861
1597360 1864
1597370 1879
1597380 1891
1597390 1900
1597400 1898
1597410 1897
1597420 1896
1597430 1899
1597440 1898
1597450 1896
1597460 1896
1597470 1900
1597480 1907
1597490 1916
1597500 1915
1597510 1911
1597520 1905
1597530 1900
1597540 1894
1597550 1887
1597560 1880
1597570 1871
1597580 1860
1597590 1853
1597600 1852
1597610 1849
1597620 1840
1597630 1837
1597640 1835
1597650 1832
1597660 1832
1597670 1833
1597680 1834
1597690 1830
1597700 1828
1597710 1825
1597720 1821
1597730 1817
1597740 1815
1597750 1818
1597760 1818
1597770 1817
1597780 1814
1597790 1812
1597800 1813
1597810 1817
1597820 1824
1597830 1835
1597840 1848
1597850 1849
1597860 1849
1597870 1848
1597880 1846
1597890 1844
1597900 1842
1597910 1840
1597920 1834
1597930 1828
1597940 1822
1597950 1823
1597960 1831
1597970 1846
1597980 1869
1597990 1889
1598000 1902
1599020 2008
1599030 2008
1599040 2007
1599050 2007
1599060 2007
