1584600 1735
1584610 1725
1584620 1715
1584630 1707
1584640 1700
1584650 1693
1584660 1687
1584670 1682
1584680 1676
1584690 1671
1584700 1667
1584710 1665
1584720 1662
1584730 1660
1584740 1660
1584750 1662
1584760 1665
1584770 1664
1584780 1660
1584790 1653
1584800 1649
1584810 1647
1584820 1646
1584830 1647
1584840 1651
1584850 1654
1584860 1649
1584870 1642
1584880 1634
1584890 1625
1584900 1618
1584910 1612
1584920 1607
1584930 1609
1584940 1610
1584950 1612
1584960 1608
1584970 1607
1584980 1608
1584990 1613
1585000 1620
1585010 1626
1585020 1631
1585030 1635
1585040 1638
1585050 1641
1585060 1641
1585070 1638
1585080 1634
1585090 1628
1585100 1624
1585110 1622
1585120 1621
1585130 1618
1585140 1614
1585150 1612
1585160 1611
1585170 1609
1585180 1604
1585190 1598
1585200 1592
1585210 1588
1592490 1738
1592500 1744
1592510 1750
1592520 1753
1592530 1759
1592540 1768
1592550 1771
1592560 1771
1592570 1766
1592580 1762
1592590 1762
1592600 1766
1592610 1781
1592620 1789
1592630 1794
1592640 1798
1592650 1801
1592660 1802
1592670 1802
1592680 1804
1592690 1805
1592700 1808
1592710 1808
1592720 1807
1592730 1806
1592740 1803
1592750 1801
1592760 1798
1592770 1796
1592780 1795
1592790 1794
1592800 1792
1592810 1790
1592820 1788
1592830 1785
1592840 1783
1592850 1785
1592860 1790
1592870 1788
1592880 1786
1592890 1782
1592900 1775
1592910 1770
1592920 1766
1592930 1765
1592940 1765
1592950 1765
1592960 1765
1592970 1767
1592980 1769
1592990 1770
1593000 1769
1593010 1766
1593020 1762
1593030 1758
1593040 1753
1593050 1747
1593060 1738
1593070 1725
1593080 1713
1593090 1705
1593100 1699
1593110 1693
1593120 1686
1593130 1676
1593140 1668
1593150 1662
1593160 1660
1593170 1658
1593180 1655
1593190 1654
1593200 1653
1593210 1653
1593220 1653
1593230 1653
1593240 1654
1593250 1654
1593260 1654
1593270 1655
1593280 1655
1593290 1654
1593300 1654
1593310 1654
1593320 1653
1593330 1653
1593340 1653
1593350 1653
1593360 1653
1593370 1654
1593380 1656
1593390 1662
1593400 1667
1593410 1673
1593420 1680
1593430 1689
1593440 1698
1593450 1709
1593460 1717
1593470 1724
1593480 1729
1593490 1732
1593500 1734
1593510 1738
1593520 1739
1593530 1740
1593540 1742
1593550 1744
1593560 1745
1593570 1745
1593580 1749
1593590 1752
1593600 1752
1593610 1747
1593620 1743
1593630 1739
1593640 1737
1593650 1739
1593660 1745
1593670 1755
1593680 1755
1593690 1754
1593700 1752
1593710 1751
1593720 1751
1593730 1752
1593740 1757
1593750 1764
1593760 1769
1593770 1766
1593780 1756
1593790 1747
1593800 1747
1593810 1760
1593820 1772
1593830 1780
1593840 1785
1593850 1789
1593860 1793
1593870 1792
1593880 1795
1593890 1799
1593900 1800
1593910 1799
1593920 1800
1593930 1806
1593940 1808
1593950 1808
1593960 1806
1593970 1800
1593980 1795
1593990 1793
1594000 1794
1594010 1792
1594020 1790
1594030 1790
1594040 1791
1594050 1792
1594060 1790
1594070 1792
1594080 1791
1594090 1784
1594100 1767
1594110 1751
1594120 1739
1594130 1740
1594140 1742
1594150 1743
1594160 1739
1594170 1730
1594180 1720
1594190 1716
1594200 1715
1594210 1714
1594220 1713
1594230 1710
1594240 1707
1594250 1705
1594260 1700
1594270 1694
1594280 1686
1594290 1673
1594300 1668
1594310 1669
1594320 1677
1594330 1687
1594340 1695
1594350 1701
1594360 1705
1594370 1706
1594380 1704
1594390 1698
1594400 1692
1594410 1684
1594420 1678
1594430 1672
1594440 1664
1594450 1651
1594460 1662
1594470 1680
1594480 1691
1594490 1694
1594500 1696
1594510 1698
1594520 1696
1594530 1691
1594540 1685
1594550 1678
1594560 1675
1594570 1676
1594580 1682
1594590 1690
1594600 1697
1594610 1702
1594620 1703
1594630 1702
1594640 1697
1594650 1695
1594660 1696
1594670 1699
1594680 1698
1594690 1695
1594700 1688
1594710 1682
1594720 1681
1594730 1683
1594740 1684
1594750 1684
1594760 1683
1594770 1682
1594780 1678
1594790 1675
1594800 1675
1594810 1678
1594820 1683
1594830 1691
1594840 1695
1594850 1699
1594860 1702
1594870 1702
1594880 1704
1594890 1705
1594900 1708
1594910 1719
1594920 1729
1594930 1731
1594940 1732
1594950 1734
1594960 1737
1594970 1736
1594980 1737
1594990 1740
1595000 1748
1595010 1756
1595020 1764
1595030 1767
1595040 1772
1595050 1778
1595060 1785
1595070 1790
1595080 1795
1595090 1802
1595100 1803
1595110 1799
1595120 1791
1595130 1782
1595140 1774
1595150 1768
1595160 1761
1595170 1750
1595180 1738
1595190 1733
1595200 1736
1595210 1741
1595220 1748
1595230 1756
1595240 1765
1595250 1775
1595260 1783
1595270 1790
1595280 1797
1595290 1804
1595300 1810
1595310 1816
1595320 1822
1595330 1827
1595340 1829
1595350 1827
1595360 1823
1595370 1819
1595380 1813
1595390 1817
1595400 1826
1595410 1840
1595420 1848
1595430 1853
1595440 1855
1595450 1851
1595460 1855
1595470 1859
1595480 1856
1595490 1852
1595500 1847
1595510 1844
1595520 1832
1595530 1823
1595540 1817
1595550 1819
1595560 1823
1595570 1828
1595580 1831
1595590 1834
1595600 1836
1595610 1839
1595620 1843
1595630 1845
1595640 1843
1595650 1837
1595660 1839
1595670 1850
1595680 1865
1595690 1878
1595700 1890
1595710 1906
1595720 1923
1595730 1938
1595740 1944
1595750 1945
1595760 1945
1595770 1945
1595780 1946
