1583910 1749
1583920 1747
1583930 1745
1583940 1743
1583950 1746
1583960 1744
1583970 1741
1583980 1739
1583990 1739
1584000 1737
1584010 1732
1584020 1727
1584030 1720
1584040 1713
1584050 1706
1584060 1699
1584070 1691
1584080 1680
1584090 1674
1584100 1671
1584110 1674
1584120 1674
1584130 1671
1584140 1662
1584150 1657
1584160 1656
1584170 1657
1584180 1656
1584190 1652
1584200 1645
1584210 1641
1584220 1638
1584230 1636
1584240 1633
1584250 1629
1584260 1626
1584270 1622
1584280 1620
1584290 1617
1584300 1614
1584310 1610
1584320 1609
1584330 1610
1584340 1612
1584350 1613
1584360 1613
1584370 1617
1584380 1620
1584390 1622
1584400 1622
1584410 1617
1584420 1612
1584430 1611
1584440 1613
1584450 1615
1584460 1619
1584470 1621
1584480 1623
1584490 1625
1584500 1628
1584510 1633
1584520 1639
1584530 1645
1584540 1649
1584550 1653
1584560 1658
1584570 1662
1584580 1665
1584590 1668
1584600 1669
1584610 1667
1584620 1663
1584630 1658
1584640 1656
1584650 1656
1584660 1659
1584670 1661
1584680 1663
1584690 1669
1584700 1677
1584710 1683
1584720 1686
1584730 1683
1584740 1677
1584750 1669
1584760 1662
1584770 1656
1584780 1650
1584790 1646
1584800 1641
1584810 1636
1584820 1631
1584830 1625
1584840 1618
1584850 1610
1584860 1599
1584870 1589
1584880 1578
1584890 1574
1584900 1569
1584910 1564
1584920 1560
1584930 1555
1584940 1550
1584950 1546
1584960 1542
1584970 1538
1584980 1534
1584990 1530
1585000 1527
1585010 1523
1585020 1520
1585030 1516
1585040 1513
1585050 1509
1585060 1506
1585070 1502
1585080 1499
1585090 1496
1585100 1495
1585110 1497
1585120 1497
1585130 1497
1585140 1496
1585150 1494
1585160 1492
1585170 1489
1585180 1487
1585190 1485
1585200 1483
1585210 1480
1585220 1477
1585230 1475
1585240 1473
1585250 1472
1585260 1472
1585270 1473
1585280 1472
1585290 1470
1585300 1469
1585310 1466
1585320 1464
1585330 1462
1585340 1461
1585350 1459
1585360 1456
1585370 1449
1585380 1442
1585390 1437
1585400 1435
1585410 1434
1585420 1433
1585430 1431
1585440 1430
1585450 1429
1585460 1428
1585470 1426
1585480 1425
1585490 1424
1585500 1423
1585510 1423
1585520 1423
1585530 1422
1585540 1421
1585550 1420
1585560 1418
1585570 1416
1585580 1416
1585590 1417
1585600 1420
1585610 1422
1585620 1423
1585630 1423
1585640 1422
1585650 1422
1585660 1422
1585670 1422
1585680 1423
1585690 1423
1585700 1422
1585710 1421
1585720 1420
1585730 1418
1585740 1415
1585750 1412
1585760 1409
1585770 1407
1585780 1405
1585790 1400
1585800 1395
1585810 1391
1585820 1391
1585830 1397
1585840 1402
1585850 1404
1585860 1400
1585870 1399
1585880 1401
1585890 1403
1585900 1402
1585910 1400
1585920 1399
1585930 1401
1585940 1406
1585950 1412
1585960 1418
1585970 1424
1585980 1430
1585990 1435
1586000 1437
1586010 1438
1586020 1438
1586030 1438
1586040 1438
1586050 1436
1586060 1435
1586070 1434
1586080 1434
1586090 1434
1586100 1434
1586110 1435
1586120 1431
1586130 1426
1586140 1420
1586150 1418
1586160 1419
1586170 1423
1586180 1426
1586190 1425
1586200 1422
1586210 1421
1586220 1426
1586230 1434
1586240 1442
1586250 1448
1586260 1452
1586270 1455
1586280 1455
1586290 1454
1586300 1455
1586310 1455
1586320 1455
1586330 1455
1592240 1736
1592250 1732
1592260 1728
1592270 1724
1592280 1720
1592290 1716
1592300 1712
1592310 1708
1592320 1704
1592330 1700
1592340 1696
1592350 1693
1592360 1688
1592370 1684
1592380 1680
1592390 1676
1592400 1671
1592410 1666
1592420 1662
1592430 1657
1592440 1653
1592450 1649
1592460 1645
1592470 1642
1592480 1638
1592490 1634
1592500 1630
1592510 1626
1592520 1622
1592530 1618
1592540 1616
1592550 1612
1592560 1609
1592570 1604
1592580 1600
1592590 1596
1592600 1593
1592610 1590
1592620 1588
1592630 1586
1592640 1584
1592650 1584
1592660 1584
1592670 1586
1592680 1587
1592690 1589
1592700 1590
1592710 1590
1592720 1590
1592730 1590
1592740 1587
1592750 1584
1592760 1581
1592770 1578
1592780 1576
1592790 1574
1592800 1572
1592810 1570
1592820 1568
1592830 1566
1592840 1564
1592850 1562
1592860 1560
1592870 1557
1592880 1554
1592890 1556
1592900 1557
1592910 1559
1592920 1560
1592930 1561
1592940 1562
1592950 1564
1592960 1562
1592970 1559
1592980 1557
1592990 1552
1593000 1546
1593010 1541
1593020 1537
1593030 1536
1593040 1535
1593050 1534
1593060 1531
1593070 1527
1593080 1521
1593090 1513
1593100 1506
1593110 1499
1593120 1497
1593130 1497
1593140 1497
1593150 1500
1593160 1502
1593170 1506
1593180 1513
1593190 1515
1593200 1518
1593210 1522
1593220 1525
1593230 1526
1593240 1524
1593250 1511
1593260 1503
1593270 1500
1593280 1501
1593290 1500
1593300 1499
1593310 1501
1593320 1504
1593330 1506
1593340 1507
1593350 1509
1593360 1511
1593370 1514
1593380 1517
1593390 1519
1593400 1521
1593410 1524
1593420 1526
1593430 1527
1593440 1530
1593450 1532
1593460 1534
1593470 1536
1593480 1539
1593490 1542
1593500 1544
1593510 1546
1593520 1549
1593530 1552
1593540 1554
1593550 1556
1593560 1559
1593570 1564
1593580 1570
1593590 1579
1593600 1594
1593610 1608
1593620 1619
1593630 1623
1593640 1633
1593650 1646
1593660 1661
1593670 1676
1593680 1688
1593690 1698
1593700 1706
1593710 1706
1593720 1700
1593730 1690
1593740 1681
1593750 1672
1593760 1663
1593770 1658
1593780 1652
1593790 1645
1593800 1634
1593810 1626
1593820 1620
1593830 1611
1593840 1600
1593850 1589
1593860 1586
1593870 1583
1593880 1581
1593890 1579
1593900 1577
1593910 1576
1593920 1576
1593930 1574
1593940 1569
1593950 1558
1593960 1549
1593970 1541
1593980 1533
1593990 1531
1594000 1529
1594010 1526
1594020 1519
1594030 1510
1594040 1501
1594050 1494
1594060 1485
1594070 1478
1594080 1473
1594090 1465
1594100 1454
1594110 1440
1594120 1431
1594130 1425
1594140 1421
1594150 1419
1594160 1417
1594170 1414
1594180 1410
1594190 1406
1594200 1402
1594210 1400
1594220 1398
1594230 1395
1594240 1392
1594250 1389
1594260 1388
1594270 1389
1594280 1394
1594290 1395
1594300 1396
1594310 1397
1594320 1397
1594330 1397
1594340 1397
1594350 1395
1594360 1391
1594370 1386
1594380 1387
1594390 1387
1594400 1386
1594410 1381
1594420 1382
1594430 1385
1594440 1387
1594450 1386
1594460 1385
1594470 1384
1594480 1386
1594490 1387
1594500 1387
1594510 1390
1594520 1391
1594530 1389
1594540 1389
1594550 1388
1594560 1388
1594570 1389
1594580 1390
1594590 1392
1594600 1393
1594610 1393
1594620 1392
1594630 1391
1594640 1389
1594650 1389
1594660 1389
1594670 1394
1594680 1398
1594690 1402
1594700 1406
1594710 1408
1594720 1410
1594730 1413
1594740 1415
1594750 1418
1594760 1421
1594770 1422
1594780 1423
1594790 1421
1594800 1420
1594810 1420
1594820 1422
1594830 1424
1594840 1427
1594850 1431
1594860 1434
1594870 1436
1594880 1438
1594890 1439
1594900 1440
1594910 1442
1594920 1445
1594930 1446
1594940 1447
1594950 1446
1594960 1448
1594970 1452
1594980 1457
1594990 1460
1595000 1464
1595010 1469
1595020 1476
1595030 1480
1595040 1485
1595050 1490
1595060 1495
1595070 1500
1595080 1507
1595090 1513
1595100 1519
1595110 1524
1595120 1529
1595130 1533
1595140 1536
1595150 1539
1595160 1540
1595170 1541
1595180 1542
1595190 1540
1595200 1538
1595210 1535
1595220 1534
1595230 1533
1595240 1531
1595250 1528
1595260 1527
1595270 1527
1595280 1533
1595290 1534
1595300 1534
1595310 1536
1595320 1535
1595330 1535
1595340 1535
1595350 1534
1595360 1535
1595370 1538
1595380 1541
1595390 1543
1595400 1544
1595410 1543
1595420 1541
1595430 1540
1595440 1543
1595450 1546
1595460 1550
1595470 1554
1595480 1558
1595490 1561
1595500 1564
1595510 1568
1595520 1572
1595530 1575
1595540 1579
1595550 1584
1595560 1590
1595570 1593
1595580 1596
1595590 1599
1595600 1603
1595610 1607
1595620 1610
1595630 1614
1595640 1625
1595650 1640
1595660 1658
1595670 1666
1595680 1677
1595690 1692
1595700 1710
1595710 1728
1595720 1743
1595730 1749
1595740 1758
1595750 1767
1595760 1775
1595770 1785
1595780 1798
1595790 1815
1595800 1822
1595810 1825
1595820 1825
1595830 1827
1595840 1831
1595850 1839
1595860 1850
1595870 1861
1595880 1872
1595890 1883
1595900 1897
1595910 1909
1595920 1916
1595930 1923
1595940 1930
1595950 1937
1595960 1947
1595970 1959
1595980 1969
1595990 1975
1596000 1981
1596010 1988
1596020 1996
1596030 2004
1596040 2012
1596050 2018
1596060 2015
1596070 2014
1596080 2014
1596090 2011
1596100 2008
1596110 2003
1596120 1998
1596130 1994
1596140 1992
1596150 1988
1596160 1982
1596170 1979
1596180 1981
1596190 1982
1596200 1981
1596210 1980
1596220 1976
1596230 1970
1596240 1964
1596250 1962
1596260 1962
1596270 1965
1596280 1968
1596290 1967
1596300 1965
1596310 1964
1596320 1968
1596330 1972
1596340 1973
1596350 1970
1596360 1966
1596370 1962
1596380 1962
1596390 1964
1596400 1966
1596410 1967
1596420 1969
1596430 1971
1596440 1972
