1583550 1850
1583560 1846
1583570 1841
1583580 1835
1583590 1829
1583600 1821
1583610 1813
1583620 1808
1583630 1802
1583640 1797
1583650 1792
1583660 1788
1583670 1784
1583680 1779
1583690 1775
1583700 1770
1583710 1764
1583720 1757
1583730 1750
1583740 1744
1583750 1739
1583760 1733
1583770 1727
1583780 1721
1583790 1715
1583800 1710
1583810 1705
1583820 1699
1583830 1694
1583840 1690
1583850 1689
1583860 1687
1583870 1684
1583880 1680
1583890 1676
1583900 1671
1583910 1664
1583920 1658
1583930 1652
1583940 1646
1583950 1639
1583960 1633
1583970 1627
1583980 1621
1583990 1616
1584000 1611
1584010 1606
1584020 1601
1584030 1596
1584040 1591
1584050 1584
1584060 1577
1584070 1568
1584080 1560
1584090 1552
1584100 1543
1584110 1538
1584120 1533
1584130 1531
1584140 1527
1584150 1522
1584160 1518
1584170 1511
1584180 1504
1584190 1496
1584200 1493
1584210 1492
1584220 1494
1584230 1495
1584240 1494
1584250 1492
1584260 1488
1584270 1489
1584280 1492
1584290 1498
1584300 1502
1584310 1503
1584320 1498
1584330 1493
1584340 1491
1584350 1492
1584360 1493
1584370 1492
1584380 1489
1584390 1484
1584400 1479
1584410 1474
1584420 1468
1584430 1464
1584440 1464
1584450 1467
1584460 1470
1584470 1473
1584480 1477
1584490 1481
1584500 1483
1584510 1483
1584520 1478
1584530 1476
1584540 1476
1584550 1481
1584560 1486
1584570 1490
1584580 1492
1584590 1492
1584600 1494
1584610 1496
1584620 1502
1584630 1507
1584640 1513
1584650 1519
1584660 1520
1584670 1518
1584680 1512
1584690 1505
1584700 1500
1584710 1495
1584720 1491
1584730 1490
1584740 1490
1584750 1489
1584760 1488
1584770 1486
1584780 1484
1584790 1483
1584800 1481
1584810 1478
1584820 1472
1584830 1465
1584840 1458
1584850 1452
1584860 1446
1584870 1440
1584880 1438
1584890 1437
1584900 1438
1584910 1436
1584920 1435
1584930 1436
1584940 1440
1584950 1444
1584960 1449
1584970 1454
1584980 1457
1584990 1458
1585000 1457
1585010 1455
1585020 1455
1585030 1457
1585040 1464
1585050 1471
1585060 1479
1585070 1485
1585080 1496
1585090 1510
1585100 1521
1585110 1528
1585120 1534
1585130 1541
1585140 1546
1585150 1553
1585160 1560
1585170 1565
1585180 1570
1585190 1575
1585200 1572
1585210 1566
1585220 1556
1585230 1547
1585240 1536
1585250 1523
1585260 1504
1585270 1489
1585280 1478
1585290 1470
1585300 1465
1585310 1460
1585320 1454
1585330 1449
1585340 1444
1585350 1438
1585360 1433
1585370 1427
1585380 1422
1585390 1417
1585400 1412
1585410 1407
1585420 1402
1585430 1397
1585440 1393
1585450 1388
1585460 1383
1585470 1377
1585480 1373
1585490 1369
1585500 1365
1585510 1360
1585520 1355
1585530 1349
1585540 1344
1585550 1339
1585560 1335
1585570 1330
1585580 1326
1585590 1321
1585600 1315
1585610 1310
1585620 1305
1585630 1299
1585640 1294
1585650 1289
1585660 1283
1585670 1278
1585680 1272
1585690 1266
1585700 1259
1585710 1251
1585720 1246
1585730 1244
1585740 1246
1585750 1247
1585760 1248
1585770 1250
1585780 1256
1585790 1261
1585800 1267
1585810 1276
1585820 1278
1585830 1277
1585840 1274
1585850 1268
1585860 1262
1585870 1256
1585880 1253
1585890 1250
1585900 1247
1585910 1241
1585920 1236
1585930 1231
1585940 1225
1585950 1222
1585960 1222
1585970 1223
1585980 1225
1585990 1226
1586000 1227
1586010 1228
1586020 1229
1586030 1229
1586040 1230
1586050 1231
1586060 1233
1586070 1234
1586080 1234
1586090 1235
1586100 1234
1586110 1234
1586120 1234
1586130 1236
1586140 1238
1586150 1240
1586160 1242
1586170 1242
1586180 1243
1586190 1244
1586200 1245
1586210 1246
1586220 1247
1586230 1249
1586240 1251
1586250 1253
1586260 1255
1586270 1258
1586280 1260
1586290 1262
1586300 1265
1586310 1267
1586320 1270
1586330 1274
1586340 1279
1586350 1284
1586360 1289
1586370 1294
1586380 1301
1586390 1311
1586400 1319
1586410 1326
1586420 1328
1586430 1332
1586440 1337
1586450 1342
1586460 1347
1586470 1353
1586480 1360
1586490 1366
1586500 1372
1586510 1377
1586520 1381
1586530 1383
1586540 1385
1586550 1386
1586560 1386
1586570 1386
1586580 1386
1586590 1385
1586600 1383
1586610 1381
1586620 1383
1586630 1386
1586640 1389
1586650 1391
1586660 1394
1586670 1395
1586680 1397
1586690 1400
1586700 1403
1586710 1407
1586720 1411
1586730 1416
1586740 1420
1586750 1424
1586760 1428
1586770 1432
1586780 1436
1586790 1440
1586800 1444
1586810 1448
1586820 1452
1586830 1456
1586840 1459
1586850 1463
1586860 1467
1586870 1472
1586880 1475
1586890 1478
1586900 1480
1586910 1481
1592090 1922
1592100 1917
1592110 1906
1592120 1896
1592130 1886
1592140 1877
1592150 1869
1592160 1862
1592170 1857
1592180 1850
1592190 1841
1592200 1830
1592210 1824
1592220 1820
1592230 1820
1592240 1809
1592250 1800
1592260 1793
1592270 1789
1592280 1785
1592290 1781
1592300 1774
1592310 1768
1592320 1762
1592330 1752
1592340 1744
1592350 1739
1592360 1742
1592370 1741
1592380 1736
1592390 1725
1592400 1716
1592410 1710
1592420 1707
1592430 1711
1592440 1716
1592450 1721
1592460 1720
1592470 1718
1592480 1715
1592490 1708
1592500 1699
1592510 1687
1592520 1672
1592530 1659
1592540 1647
1592550 1636
1592560 1630
1592570 1625
1592580 1621
1592590 1616
1592600 1610
1592610 1604
1592620 1596
1592630 1589
1592640 1581
1592650 1571
1592660 1559
1592670 1548
1592680 1537
1592690 1526
1592700 1519
1592710 1513
1592720 1508
1592730 1504
1592740 1499
1592750 1495
1592760 1490
1592770 1485
1592780 1480
1592790 1475
1592800 1470
1592810 1465
1592820 1460
1592830 1455
1592840 1450
1592850 1445
1592860 1441
1592870 1436
1592880 1432
1592890 1428
1592900 1423
1592910 1419
1592920 1414
1592930 1410
1592940 1405
1592950 1401
1592960 1396
1592970 1391
1592980 1387
1592990 1383
1593000 1379
1593010 1376
1593020 1373
1593030 1370
1593040 1367
1593050 1364
1593060 1361
1593070 1358
1593080 1356
1593090 1354
1593100 1352
1593110 1350
1593120 1348
1593130 1347
1593140 1346
1593150 1346
1593160 1345
1593170 1345
1593180 1345
1593190 1345
1593200 1345
1593210 1345
1593220 1345
1593230 1344
1593240 1344
1593250 1343
1593260 1343
1593270 1342
1593280 1341
1593290 1340
1593300 1338
1593310 1337
1593320 1336
1593330 1336
1593340 1335
1593350 1334
1593360 1333
1593370 1333
1593380 1333
1593390 1333
1593400 1334
1593410 1334
1593420 1335
1593430 1335
1593440 1335
1593450 1336
1593460 1336
1593470 1337
1593480 1337
1593490 1336
1593500 1336
1593510 1335
1593520 1335
1593530 1337
1593540 1339
1593550 1341
1593560 1344
1593570 1347
1593580 1350
1593590 1353
1593600 1356
1593610 1359
1593620 1362
1593630 1364
1593640 1366
1593650 1369
1593660 1373
1593670 1375
1593680 1376
1593690 1376
1593700 1377
1593710 1379
1593720 1382
1593730 1384
1593740 1384
1593750 1379
1593760 1372
1593770 1364
1593780 1358
1593790 1352
1593800 1347
1593810 1341
1593820 1338
1593830 1336
1593840 1333
1593850 1330
1593860 1326
1593870 1323
1593880 1319
1593890 1316
1593900 1313
1593910 1309
1593920 1305
1593930 1302
1593940 1298
1593950 1294
1593960 1291
1593970 1288
1593980 1286
1593990 1283
1594000 1280
1594010 1277
1594020 1275
1594030 1272
1594040 1269
1594050 1266
1594060 1263
1594070 1260
1594080 1257
1594090 1254
1594100 1251
1594110 1249
1594120 1247
1594130 1245
1594140 1243
1594150 1240
1594160 1238
1594170 1235
1594180 1233
1594190 1231
1594200 1230
1594210 1229
1594220 1228
1594230 1226
1594240 1225
1594250 1223
1594260 1222
1594270 1220
1594280 1218
1594290 1217
1594300 1215
1594310 1214
1594320 1213
1594330 1211
1594340 1210
1594350 1209
1594360 1207
1594370 1205
1594380 1203
1594390 1201
1594400 1199
1594410 1197
1594420 1196
1594430 1194
1594440 1192
1594450 1191
1594460 1189
1594470 1188
1594480 1187
1594490 1186
1594500 1184
1594510 1183
1594520 1182
1594530 1179
1594540 1178
1594550 1176
1594560 1175
1594570 1175
1594580 1175
1594590 1175
1594600 1175
1594610 1175
1594620 1175
1594630 1175
1594640 1175
1594650 1175
1594660 1176
1594670 1177
1594680 1178
1594690 1178
1594700 1178
1594710 1178
1594720 1178
1594730 1179
1594740 1180
1594750 1180
1594760 1182
1594770 1184
1594780 1186
1594790 1189
1594800 1192
1594810 1195
1594820 1198
1594830 1201
1594840 1204
1594850 1208
1594860 1212
1594870 1215
1594880 1218
1594890 1222
1594900 1226
1594910 1230
1594920 1234
1594930 1237
1594940 1241
1594950 1244
1594960 1248
1594970 1251
1594980 1254
1594990 1257
1595000 1260
1595010 1263
1595020 1266
1595030 1268
1595040 1272
1595050 1275
1595060 1278
1595070 1282
1595080 1285
1595090 1288
1595100 1292
1595110 1296
1595120 1300
1595130 1304
1595140 1307
1595150 1310
1595160 1313
1595170 1316
1595180 1319
1595190 1322
1595200 1325
1595210 1328
1595220 1331
1595230 1334
1595240 1337
1595250 1340
1595260 1343
1595270 1345
1595280 1352
1595290 1361
1595300 1369
1595310 1376
1595320 1383
1595330 1394
1595340 1418
1595350 1436
1595360 1439
1595370 1442
1595380 1444
1595390 1445
1595400 1451
1595410 1464
1595420 1479
1595430 1488
1595440 1491
1595450 1492
1595460 1494
1595470 1495
1595480 1495
1595490 1494
1595500 1494
1595510 1495
1595520 1498
1595530 1506
1595540 1520
1595550 1539
1595560 1558
1595570 1573
1595580 1583
1595590 1583
1595600 1580
1595610 1576
1595620 1576
1595630 1573
1595640 1569
1595650 1564
1595660 1559
1595670 1554
1595680 1550
1595690 1550
1595700 1556
1595710 1564
1595720 1568
1595730 1573
1595740 1579
1595750 1589
1595760 1597
1595770 1605
1595780 1612
1595790 1620
1595800 1628
1595810 1635
1595820 1645
1595830 1653
1595840 1660
1595850 1667
1595860 1671
1595870 1675
1595880 1676
1595890 1679
1595900 1685
1595910 1696
1595920 1709
1595930 1722
1595940 1734
1595950 1740
1595960 1742
1595970 1741
1595980 1733
1595990 1722
1596000 1711
1596010 1706
1596020 1709
1596030 1712
1596040 1707
1596050 1699
1596060 1691
1596070 1683
1596080 1674
1596090 1668
1596100 1667
1596110 1667
1596120 1665
1596130 1660
1596140 1654
1596150 1650
1596160 1647
1596170 1645
1596180 1640
1596190 1636
1596200 1636
1596210 1656
1596220 1672
1596230 1681
1596240 1687
1596250 1696
1596260 1705
1596270 1714
1596280 1726
1596290 1739
1596300 1750
1596310 1756
1596320 1761
1596330 1764
1596340 1763
1596350 1761
1596360 1762
1596370 1767
1596380 1770
1596390 1768
1596400 1768
1596410 1772
1596420 1778
1596430 1784
1596440 1798
1596450 1818
1596460 1845
1596470 1877
1596480 1899
1596490 1902
1596500 1896
1596510 1890
1596520 1886
1596530 1878
1596540 1876
1596550 1880
1596560 1897
1596570 1911
1596580 1922
1596590 1932
1596600 1940
1596610 1946
1596620 1948
1596630 1943
1596640 1940
1596650 1939
1596660 1943
1596670 1950
1596680 1958
1596690 1967
1596700 1977
1596710 1984
1596720 1989
1596730 1994
1596740 2001
1596750 2008
1596760 2013
1596770 2019
1596780 2027
1596790 2020
1596800 2015
1596810 2011
1596820 2010
1596830 2012
1596840 2017
1596850 2024
1596860 2028
1596870 2030
1596880 2029
1596890 2025
1596900 2020
1596910 2013
1596920 2006
1596930 1998
1596940 1989
1596950 1978
1596960 1966
1596970 1955
1596980 1946
1596990 1938
1597000 1931
1597010 1925
1597020 1923
1597030 1922
1597040 1922
1597050 1925
1597060 1927
1597070 1927
1597080 1925
1597090 1923
1597100 1921
1597110 1917
1597120 1914
1597130 1912
1597140 1913
1597150 1915
1597160 1917
1597170 1916
1597180 1916
1597190 1913
1597200 1908
1597210 1910
1597220 1912
1597230 1914
1597240 1915
1597250 1917
1597260 1921
1597270 1923
1597280 1923
1597290 1922
1597300 1921
1597310 1919
1597320 1916
1597330 1911
1597340 1903
1597350 1900
1597360 1905
1597370 1900
1597380 1897
1597390 1898
1597400 1910
1597410 1926
1597420 1942
1597430 1947
1597440 1951
1597450 1953
1597460 1953
1597470 1953
1597480 1954
1597490 1955
1597500 1950
1597510 1946
1597520 1943
1597530 1936
1597540 1928
1597550 1920
1597560 1911
1597570 1902
1597580 1896
1597590 1898
1597600 1891
1597610 1881
1597620 1871
1597630 1866
1597640 1863
1597650 1861
1597660 1866
1597670 1870
1597680 1872
1597690 1867
1597700 1861
1597710 1856
1597720 1851
1597730 1850
1597740 1852
1597750 1853
1597760 1855
1597770 1858
1597780 1863
1597790 1866
1597800 1870
1597810 1874
1597820 1878
1597830 1883
1597840 1888
1597850 1889
1597860 1888
1597870 1886
1597880 1885
1597890 1884
1597900 1884
1597960 1873
1597970 1867
1597980 1863
1597990 1864
1598000 1867
1598010 1872
