1583510 1847
1583520 1843
1583530 1838
1583540 1834
1583550 1828
1583560 1823
1583570 1817
1583580 1811
1583590 1806
1583600 1800
1583610 1795
1583620 1791
1583630 1787
1583640 1784
1583650 1780
1583660 1776
1583670 1773
1583680 1770
1583690 1768
1583700 1765
1583710 1763
1583720 1760
1583730 1756
1583740 1751
1583750 1746
1583760 1741
1583770 1735
1583780 1729
1583790 1723
1583800 1717
1583810 1709
1583820 1701
1583830 1694
1583840 1696
1583850 1701
1583860 1706
1583870 1707
1583880 1705
1583890 1701
1583900 1696
1583910 1689
1583920 1680
1583930 1671
1583940 1664
1583950 1658
1583960 1652
1583970 1646
1583980 1641
1583990 1634
1584000 1623
1584010 1611
1584020 1600
1584030 1592
1584040 1586
1584050 1580
1584060 1574
1584070 1569
1584080 1563
1584090 1558
1584100 1553
1584110 1548
1584120 1544
1584130 1540
1584140 1535
1584150 1530
1584160 1525
1584170 1519
1584180 1513
1584190 1507
1584200 1500
1584210 1495
1584220 1490
1584230 1486
1584240 1480
1584250 1475
1584260 1470
1584270 1466
1584280 1463
1584290 1464
1584300 1467
1584310 1469
1584320 1469
1584330 1466
1584340 1462
1584350 1459
1584360 1459
1584370 1459
1584380 1459
1584390 1455
1584400 1453
1584410 1452
1584420 1452
1584430 1451
1584440 1449
1584450 1446
1584460 1445
1584470 1445
1584480 1447
1584490 1450
1584500 1451
1584510 1451
1584520 1454
1584530 1459
1584540 1464
1584550 1466
1584560 1467
1584570 1466
1584580 1465
1584590 1466
1584600 1468
1584610 1471
1584620 1475
1584630 1478
1584640 1481
1584650 1484
1584660 1486
1584670 1487
1584680 1488
1584690 1489
1584700 1488
1584710 1484
1584720 1481
1584730 1477
1584740 1473
1584750 1470
1584760 1467
1584770 1464
1584780 1463
1584790 1464
1584800 1466
1584810 1465
1584820 1463
1584830 1460
1584840 1454
1584850 1449
1584860 1444
1584870 1439
1584880 1433
1584890 1429
1584900 1425
1584910 1422
1584920 1418
1584930 1414
1584940 1414
1584950 1415
1584960 1416
1584970 1419
1584980 1422
1584990 1426
1585000 1432
1585010 1437
1585020 1442
1585030 1448
1585040 1463
1585050 1475
1585060 1481
1585070 1483
1585080 1488
1585090 1495
1585100 1507
1585110 1516
1585120 1522
1585130 1518
1585140 1518
1585150 1520
1585160 1523
1585170 1533
1585180 1541
1585190 1544
1585200 1547
1585210 1552
1585220 1559
1585230 1557
1585240 1550
1585250 1540
1585260 1528
1585270 1512
1585280 1496
1585290 1487
1585300 1481
1585310 1475
1585320 1471
1585330 1466
1585340 1460
1585350 1454
1585360 1447
1585370 1441
1585380 1435
1585390 1430
1585400 1425
1585410 1420
1585420 1415
1585430 1411
1585440 1406
1585450 1401
1585460 1396
1585470 1395
1585480 1397
1585490 1400
1585500 1398
1585510 1392
1585520 1383
1585530 1376
1585540 1370
1585550 1365
1585560 1359
1585570 1352
1585580 1342
1585590 1330
1585600 1319
1585610 1310
1585620 1303
1585630 1297
1585640 1291
1585650 1286
1585660 1280
1585670 1275
1585680 1269
1585690 1265
1585700 1260
1585710 1256
1585720 1252
1585730 1248
1585740 1243
1585750 1237
1585760 1232
1585770 1226
1585780 1222
1585790 1221
1585800 1221
1585810 1224
1585820 1226
1585830 1227
1585840 1227
1585850 1225
1585860 1223
1585870 1221
1585880 1218
1585890 1216
1585900 1213
1585910 1210
1585920 1208
1585930 1205
1585940 1205
1585950 1205
1585960 1205
1585970 1206
1585980 1208
1585990 1210
1586000 1211
1586010 1212
1586020 1213
1586030 1214
1586040 1214
1586050 1214
1586060 1214
1586070 1215
1586080 1217
1586090 1218
1586100 1220
1586110 1222
1586120 1224
1586130 1225
1586140 1226
1586150 1227
1586160 1228
1586170 1228
1586180 1229
1586190 1229
1586200 1230
1586210 1230
1586220 1232
1586230 1233
1586240 1235
1586250 1236
1586260 1238
1586270 1239
1586280 1241
1586290 1243
1586300 1246
1586310 1250
1586320 1255
1586330 1260
1586340 1265
1586350 1270
1586360 1275
1586370 1280
1586380 1286
1586390 1292
1586400 1300
1586410 1310
1586420 1321
1586430 1329
1586440 1335
1586450 1337
1586460 1339
1586470 1340
1586480 1342
1586490 1343
1586500 1345
1586510 1348
1586520 1350
1586530 1351
1586540 1352
1586550 1353
1586560 1352
1586570 1351
1586580 1349
1586590 1348
1586600 1348
1586610 1350
1586620 1355
1586630 1361
1586640 1367
1586650 1371
1586660 1376
1586670 1380
1586680 1384
1586690 1387
1586700 1391
1586710 1394
1586720 1398
1586730 1401
1586740 1404
1586750 1407
1586760 1410
1586770 1413
1586780 1416
1586790 1419
1586800 1422
1586810 1425
1586820 1428
1586830 1432
1586840 1435
1586850 1439
1586860 1443
1586870 1447
1586880 1452
1586890 1456
1586900 1461
1586910 1467
1586920 1472
1586930 1476
1586940 1479
1587850 1411
1587860 1410
1587870 1408
1587880 1406
1587890 1404
1587900 1402
1587910 1401
1587920 1399
1587930 1398
1587940 1396
1591950 1931
1591960 1930
1591970 1929
1591980 1927
1591990 1927
1592000 1927
1592010 1930
1592040 1935
1592050 1931
1592060 1925
1592070 1923
1592080 1912
1592090 1898
1592100 1887
1592110 1879
1592120 1870
1592130 1858
1592140 1846
1592150 1838
1592160 1834
1592170 1839
1592180 1841
1592190 1841
1592200 1836
1592210 1829
1592220 1820
1592230 1807
1592240 1790
1592250 1775
1592260 1767
1592270 1763
1592280 1756
1592290 1745
1592300 1732
1592310 1721
1592320 1712
1592330 1706
1592340 1700
1592350 1694
1592360 1689
1592370 1685
1592380 1680
1592390 1675
1592400 1671
1592410 1666
1592420 1661
1592430 1656
1592440 1651
1592450 1647
1592460 1643
1592470 1640
1592480 1637
1592490 1634
1592500 1628
1592510 1618
1592520 1607
1592530 1600
1592540 1594
1592550 1590
1592560 1585
1592570 1580
1592580 1575
1592590 1570
1592600 1565
1592610 1560
1592620 1556
1592630 1551
1592640 1546
1592650 1541
1592660 1536
1592670 1531
1592680 1527
1592690 1522
1592700 1517
1592710 1512
1592720 1507
1592730 1503
1592740 1498
1592750 1493
1592760 1488
1592770 1484
1592780 1479
1592790 1474
1592800 1470
1592810 1465
1592820 1460
1592830 1456
1592840 1451
1592850 1446
1592860 1442
1592870 1437
1592880 1433
1592890 1429
1592900 1424
1592910 1420
1592920 1416
1592930 1412
1592940 1408
1592950 1404
1592960 1400
1592970 1396
1592980 1392
1592990 1389
1593000 1385
1593010 1382
1593020 1378
1593030 1374
1593040 1371
1593050 1368
1593060 1364
1593070 1361
1593080 1358
1593090 1355
1593100 1352
1593110 1350
1593120 1347
1593130 1344
1593140 1342
1593150 1339
1593160 1337
1593170 1336
1593180 1335
1593190 1334
1593200 1333
1593210 1332
1593220 1332
1593230 1331
1593240 1330
1593250 1329
1593260 1328
1593270 1326
1593280 1325
1593290 1323
1593300 1321
1593310 1320
1593320 1319
1593330 1317
1593340 1315
1593350 1313
1593360 1312
1593370 1311
1593380 1310
1593390 1310
1593400 1309
1593410 1308
1593420 1307
1593430 1306
1593440 1306
1593450 1305
1593460 1305
1593470 1305
1593480 1304
1593490 1305
1593500 1305
1593510 1306
1593520 1306
1593530 1307
1593540 1309
1593550 1311
1593560 1314
1593570 1316
1593580 1318
1593590 1321
1593600 1324
1593610 1326
1593620 1327
1593630 1328
1593640 1328
1593650 1330
1593660 1331
1593670 1333
1593680 1334
1593690 1333
1593700 1332
1593710 1333
1593720 1331
1593730 1328
1593740 1324
1593750 1322
1593760 1323
1593770 1323
1593780 1319
1593790 1316
1593800 1312
1593810 1308
1593820 1306
1593830 1304
1593840 1303
1593850 1301
1593860 1299
1593870 1297
1593880 1294
1593890 1292
1593900 1289
1593910 1286
1593920 1282
1593930 1279
1593940 1275
1593950 1272
1593960 1268
1593970 1265
1593980 1261
1593990 1258
1594000 1255
1594010 1252
1594020 1250
1594030 1247
1594040 1244
1594050 1242
1594060 1239
1594070 1237
1594080 1234
1594090 1231
1594100 1229
1594110 1226
1594120 1223
1594130 1220
1594140 1217
1594150 1215
1594160 1212
1594170 1209
1594180 1206
1594190 1204
1594200 1202
1594210 1201
1594220 1201
1594230 1200
1594240 1198
1594250 1196
1594260 1194
1594270 1193
1594280 1191
1594290 1189
1594300 1187
1594310 1186
1594320 1185
1594330 1184
1594340 1184
1594350 1182
1594360 1180
1594370 1178
1594380 1177
1594390 1176
1594400 1175
1594410 1173
1594420 1171
1594430 1169
1594440 1167
1594450 1165
1594460 1163
1594470 1162
1594480 1162
1594490 1161
1594500 1160
1594510 1159
1594520 1158
1594530 1157
1594540 1156
1594550 1155
1594560 1155
1594570 1155
1594580 1155
1594590 1155
1594600 1155
1594610 1155
1594620 1154
1594630 1155
1594640 1156
1594650 1156
1594660 1157
1594670 1158
1594680 1158
1594690 1160
1594700 1161
1594710 1162
1594720 1161
1594730 1163
1594740 1165
1594750 1166
1594760 1168
1594770 1170
1594780 1173
1594790 1176
1594800 1179
1594810 1183
1594820 1186
1594830 1189
1594840 1192
1594850 1195
1594860 1198
1594870 1201
1594880 1204
1594890 1207
1594900 1210
1594910 1213
1594920 1216
1594930 1219
1594940 1222
1594950 1225
1594960 1228
1594970 1231
1594980 1234
1594990 1237
1595000 1240
1595010 1243
1595020 1246
1595030 1249
1595040 1252
1595050 1256
1595060 1259
1595070 1262
1595080 1265
1595090 1268
1595100 1270
1595110 1273
1595120 1277
1595130 1280
1595140 1282
1595150 1285
1595160 1288
1595170 1292
1595180 1295
1595190 1298
1595200 1300
1595210 1302
1595220 1304
1595230 1306
1595240 1308
1595250 1309
1595260 1311
1595270 1311
1595280 1318
1595290 1333
1595300 1356
1595310 1367
1595320 1373
1595330 1380
1595340 1387
1595350 1392
1595360 1393
1595370 1393
1595380 1390
1595390 1387
1595400 1417
1595410 1438
1595420 1448
1595430 1447
1595440 1447
1595450 1446
1595460 1443
1595470 1438
1595480 1434
1595490 1434
1595500 1454
1595510 1474
1595520 1483
1595530 1489
1595540 1495
1595550 1503
1595560 1509
1595570 1514
1595580 1516
1595590 1518
1595600 1520
1595610 1521
1595620 1517
1595630 1516
1595640 1514
1595650 1511
1595660 1505
1595670 1505
1595680 1513
1595690 1523
1595700 1530
1595710 1536
1595720 1540
1595730 1544
1595740 1548
1595750 1553
1595760 1561
1595770 1569
1595780 1573
1595790 1576
1595800 1581
1595810 1589
1595820 1597
1595830 1606
1595840 1618
1595850 1637
1595860 1657
1595870 1674
1595880 1677
1595890 1675
1595900 1672
1595910 1669
1595920 1668
1595930 1666
1595940 1663
1595950 1661
1595960 1658
1595970 1655
1595980 1648
1595990 1642
1596000 1635
1596010 1631
1596020 1633
1596030 1637
1596040 1640
1596050 1639
1596060 1636
1596070 1630
1596080 1623
1596090 1616
1596100 1608
1596110 1602
1596120 1597
1596130 1593
1596140 1590
1596150 1590
1596160 1591
1596170 1592
1596180 1593
1596190 1591
1596200 1586
1596210 1590
1596220 1603
1596230 1631
1596240 1648
1596250 1661
1596260 1669
1596270 1675
1596280 1679
1596290 1682
1596300 1685
1596310 1689
1596320 1693
1596330 1698
1596340 1700
1596350 1702
1596360 1705
1596370 1709
1596380 1714
1596390 1720
1596400 1730
1596410 1742
1596420 1757
1596430 1774
1596440 1792
1596450 1807
1596460 1810
1596470 1803
1596480 1794
1596490 1790
1596500 1795
1596510 1802
1596520 1811
1596530 1818
1596540 1823
1596550 1827
1596560 1832
1596570 1838
1596580 1847
1596590 1859
1596600 1869
1596610 1880
1596620 1893
1596630 1902
1596640 1904
1596650 1893
1596660 1898
1596670 1903
1596680 1906
1596690 1913
1596700 1921
1596710 1930
1596720 1938
1596730 1946
1596740 1952
1596750 1956
1596760 1953
1596770 1950
1596780 1950
1596790 1947
1596800 1942
1596810 1935
1596820 1945
1596830 1955
1596840 1965
1596850 1972
1596860 1974
1596870 1973
1596880 1972
1596890 1974
1596900 1977
1596910 1979
1596920 1978
1596930 1975
1596940 1967
1596950 1957
1596960 1946
1596970 1934
1596980 1925
1596990 1917
1597000 1910
1597010 1904
1597020 1898
1597030 1891
1597040 1884
1597050 1877
1597060 1871
1597070 1865
1597080 1861
1597090 1858
1597100 1856
1597110 1852
1597120 1847
1597130 1841
1597140 1843
1597150 1847
1597160 1854
1597170 1860
1597180 1859
1597190 1855
1597200 1848
1597210 1844
1597220 1844
1597230 1848
1597240 1854
1597250 1859
1597260 1862
1597270 1859
1597280 1856
1597290 1855
1597300 1853
1597310 1854
1597320 1854
1597330 1851
1597340 1853
1597350 1859
1597360 1869
1597370 1876
1597380 1880
1597390 1878
1597400 1876
1597410 1875
1597420 1875
1597430 1875
1597440 1875
1597450 1874
1597460 1878
1597470 1887
1597480 1896
1597490 1904
1597500 1902
1597510 1895
1597520 1880
1597530 1870
1597540 1862
1597550 1856
1597560 1848
1597570 1841
1597580 1834
1597590 1826
1597600 1817
1597610 1808
1597620 1796
1597630 1800
1597640 1808
1597650 1814
1597660 1814
1597670 1816
1597680 1820
1597690 1814
1597700 1810
1597710 1809
1597720 1807
1597730 1802
1597740 1797
1597750 1796
1597760 1794
1597770 1791
1597780 1788
1597790 1788
1597800 1790
1597810 1795
1597820 1803
1597830 1816
1597840 1832
1597850 1833
1597860 1830
1597870 1825
1597880 1819
1597890 1813
1597900 1808
1597910 1806
1597920 1804
1597930 1803
1597940 1803
1597950 1816
1597960 1833
1597970 1854
1597980 1877
1597990 1892
1598000 1900
1598010 1907
1598660 1948
1598670 1948
1598680 1946
1598690 1946
1598700 1946
1598710 1948
1598720 1950
1598730 1956
1598740 1961
1598980 1999
1598990 2000
1599000 2000
1599010 2000
1599020 1999
1599030 1999
1599040 1998
1599050 1999
1599060 1998
1599070 1997
1599080 1998
1599090 2000
1599100 2002
1599110 2005
1599120 2008
