1580000 1733
1580010 1734
1580020 1730
1580030 1720
1580040 1711
1580050 1704
1580060 1699
1580070 1694
1580080 1690
1580090 1686
1580100 1681
1580110 1677
1580120 1672
1580130 1668
1580140 1664
1580150 1661
1580160 1657
1580170 1653
1580180 1650
1580190 1647
1580200 1644
1580210 1641
1580220 1638
1580230 1635
1580240 1632
1580250 1630
1580260 1627
1580270 1624
1580280 1621
1580290 1617
1580300 1613
1580310 1608
1580320 1603
1580330 1598
1580340 1593
1580350 1588
1580360 1585
1580370 1583
1580380 1582
1580390 1579
1580400 1575
1580410 1571
1580420 1567
1580430 1563
1580440 1560
1580450 1557
1580460 1553
1580470 1550
1580480 1547
1580490 1544
1580500 1541
1580510 1538
1580520 1535
1580530 1532
1580540 1529
1580550 1527
1580560 1525
1580570 1523
1580580 1521
1580590 1518
1580600 1515
1580610 1512
1580620 1509
1580630 1506
1580640 1504
1580650 1502
1580660 1500
1580670 1498
1580680 1496
1580690 1493
1580700 1491
1580710 1490
1580720 1488
1580730 1484
1580740 1480
1580750 1476
1580760 1474
1580770 1471
1580780 1468
1580790 1465
1580800 1462
1580810 1459
1580820 1456
1580830 1455
1580840 1453
1580850 1449
1580860 1443
1580870 1440
1580880 1437
1580890 1434
1580900 1428
1580910 1424
1580920 1419
1580930 1415
1580940 1411
1580950 1406
1580960 1402
1580970 1398
1580980 1393
1580990 1389
1581000 1384
1581010 1379
1581020 1374
1581030 1369
1581040 1363
1581050 1359
1581060 1355
1581070 1351
1581080 1348
1581090 1344
1581100 1340
1581110 1335
1581120 1331
1581130 1325
1581140 1320
1581150 1315
1581160 1312
1581170 1309
1581180 1307
1581190 1305
1581200 1303
1581210 1302
1581220 1301
1581230 1299
1581240 1297
1581250 1296
1581260 1294
1581270 1292
1581280 1289
1581290 1287
1581300 1286
1581310 1284
1581320 1282
1581330 1281
1581340 1279
1581350 1278
1581360 1277
1581370 1277
1581380 1277
1581390 1276
1581400 1276
1581410 1275
1581420 1274
1581430 1274
1581440 1275
1581450 1276
1581460 1277
1581470 1279
1581480 1280
1581490 1282
1581500 1283
1581510 1284
1581520 1285
1581530 1286
1581540 1287
1581550 1288
1581560 1289
1581570 1289
1581580 1291
1581590 1292
1581600 1293
1581610 1294
1581620 1295
1581630 1297
1581640 1299
1581650 1301
1581660 1302
1581670 1304
1581680 1306
1581690 1308
1581700 1310
1581710 1312
1581720 1315
1581730 1316
1581740 1318
1581750 1320
1581760 1322
1581770 1324
1581780 1326
1581790 1328
1581800 1329
1581810 1331
1581820 1332
1581830 1333
1581840 1334
1581850 1336
1581860 1339
1581870 1340
1581880 1340
1581890 1340
1581900 1341
1581910 1342
1581920 1343
1581930 1345
1581940 1346
1581950 1348
1581960 1351
1581970 1354
1581980 1357
1581990 1360
1582000 1361
1582010 1363
1582020 1365
1582030 1367
1582040 1369
1582050 1371
1582060 1374
1582070 1376
1582080 1379
1582090 1381
1582100 1385
1582110 1388
1582120 1391
1582130 1394
1582140 1396
1582150 1399
1582160 1401
1582170 1404
1582180 1407
1582190 1410
1582200 1413
1582210 1416
1582220 1420
1582230 1423
1582240 1425
1582250 1428
1582260 1430
1582270 1433
1582280 1435
1582290 1438
1582300 1441
1582310 1445
1582320 1449
1582330 1454
1582340 1458
1582350 1464
1582360 1470
1582370 1475
1582380 1480
1582390 1485
1582400 1490
1582410 1494
1582420 1499
1582430 1503
1582440 1508
1582450 1512
1582460 1517
1582470 1521
1582480 1525
1582490 1529
1582500 1533
1582510 1537
1582520 1541
1582530 1546
1582540 1551
1582550 1557
1582560 1564
1582570 1571
1582580 1576
1582590 1580
1582600 1583
1582610 1587
1582620 1592
1582630 1598
1582640 1604
1582650 1609
1582660 1615
1582670 1622
1582680 1629
1582690 1637
1582700 1642
1582710 1640
1582720 1635
1582730 1630
1582740 1625
1582750 1621
1582760 1617
1582770 1613
1582780 1609
1582790 1607
1582800 1605
1582810 1602
1582820 1599
1582830 1597
1582840 1595
1582850 1594
1582860 1593
1582870 1593
1582880 1593
1582890 1595
1582900 1597
1582910 1600
1582920 1602
1582930 1604
1582940 1605
1582950 1606
1582960 1606
1582970 1606
1582980 1605
1582990 1603
1583000 1601
1583010 1599
1583020 1597
1583030 1593
1583040 1589
1583050 1584
1583060 1578
1583070 1574
1583080 1571
1583090 1569
1583100 1567
1583110 1566
1583120 1564
1583130 1562
1583140 1559
1583150 1555
1583160 1552
1583170 1548
1583180 1544
1583190 1538
1583200 1533
1583210 1527
1583220 1521
1583230 1516
1583240 1511
1583250 1507
1583260 1504
1583270 1500
1583280 1497
1583290 1494
1583300 1491
1583310 1488
1583320 1484
1583330 1480
1583340 1475
1583350 1472
1583360 1468
1583370 1464
1583380 1460
1583390 1458
1583400 1458
1583410 1459
1583420 1459
1583430 1459
1583440 1456
1583450 1451
1583460 1449
1583470 1448
1583480 1448
1583490 1445
1583500 1441
1583510 1436
1583520 1431
1583530 1428
1583540 1423
1583550 1419
1583560 1415
1583570 1412
1583580 1411
1583590 1410
1583600 1408
1583610 1404
1583620 1401
1583630 1397
1583640 1394
1583650 1392
1583660 1390
1583670 1392
1583680 1395
1583690 1396
1583700 1389
1583710 1377
1583720 1366
1583730 1359
1583740 1358
1583750 1359
1583760 1362
1583770 1365
1583780 1370
1583790 1374
1583800 1375
1583810 1373
1583820 1369
1583830 1364
1583840 1358
1583850 1353
1583860 1349
1583870 1350
1583880 1354
1583890 1360
1583900 1363
1583910 1361
1583920 1355
1583930 1348
1583940 1343
1583950 1338
1583960 1335
1583970 1333
1583980 1330
1583990 1329
1584000 1323
1584010 1317
1584020 1313
1584030 1312
1584040 1309
1584050 1304
1584060 1297
1584070 1291
1584080 1287
1584090 1282
1584100 1281
1584110 1283
1584120 1287
1584130 1289
1584140 1291
1584150 1296
1584160 1292
1584170 1289
1584180 1286
1584190 1280
1584200 1274
1584210 1270
1584220 1264
1584230 1263
1584240 1265
1584250 1269
1584260 1274
1584270 1280
1584280 1287
1584290 1295
1584300 1295
1584310 1287
1584320 1283
1584330 1282
1584340 1282
1584350 1278
1584360 1269
1584370 1258
1584380 1250
1584390 1239
1584400 1230
1584410 1225
1584420 1222
1584430 1219
1584440 1215
1584450 1210
1584460 1206
1584470 1204
1584480 1204
1584490 1203
1584500 1202
1584510 1199
1584520 1199
1584530 1200
1584540 1203
1584550 1204
1584560 1203
1584570 1198
1584580 1191
1584590 1185
1584600 1179
1584610 1176
1584620 1173
1584630 1170
1584640 1167
1584650 1163
1584660 1158
1584670 1153
1584680 1148
1584690 1142
1584700 1137
1584710 1137
1584720 1137
1584730 1137
1584740 1136
1584750 1134
1584760 1133
1584770 1131
1584780 1130
1584790 1130
1584800 1131
1584810 1130
1584820 1130
1584830 1128
1584840 1126
1584850 1123
1584860 1120
1584870 1118
1584880 1116
1584890 1113
1584900 1111
1584910 1109
1584920 1108
1584930 1107
1584940 1105
1584950 1102
1584960 1100
1584970 1097
1584980 1094
1584990 1092
1585000 1090
1585010 1087
1585020 1085
1585030 1082
1585040 1081
1585050 1079
1585060 1077
1585070 1074
1585080 1070
1585090 1068
1585100 1068
1585110 1068
1585120 1067
1585130 1065
1585140 1063
1585150 1062
1585160 1061
1585170 1060
1585180 1058
1585190 1057
1585200 1056
1585210 1055
1585220 1054
1585230 1054
1585240 1054
1585250 1053
1585260 1052
1585270 1050
1585280 1048
1585290 1046
1585300 1044
1585310 1043
1585320 1042
1585330 1041
1585340 1041
1585350 1041
1585360 1041
1585370 1042
1585380 1041
1585390 1038
1585400 1034
1585410 1029
1585420 1027
1585430 1026
1585440 1026
1585450 1025
1585460 1025
1585470 1024
1585480 1023
1585490 1021
1585500 1019
1585510 1018
1585520 1017
1585530 1016
1585540 1015
1585550 1015
1585560 1014
1585570 1014
1585580 1014
1585590 1011
1585600 1007
1585610 1002
1585620 999
1585630 996
1585640 996
1585650 996
1585660 997
1585670 996
1585680 997
1585690 997
1585700 997
1585710 997
1585720 997
1585730 997
1585740 998
1585750 999
1585760 1001
1585770 1005
1585780 1009
1585790 1014
1585800 1017
1585810 1017
1585820 1015
1585830 1014
1585840 1013
1585850 1013
1585860 1014
1585870 1015
1585880 1015
1585890 1015
1585900 1018
1585910 1020
1585920 1022
1585930 1025
1585940 1026
1585950 1028
1585960 1030
1585970 1033
1585980 1035
1585990 1035
1586000 1036
1586010 1037
1586020 1039
1586030 1041
1586040 1042
1586050 1042
1586060 1041
1586070 1041
1586080 1040
1586090 1039
1586100 1039
1586110 1038
1586120 1038
1586130 1039
1586140 1041
1586150 1043
1586160 1043
1586170 1042
1586180 1040
1586190 1038
1586200 1038
1586210 1038
1586220 1040
1586230 1041
1586240 1040
1586250 1038
1586260 1036
1586270 1035
1586280 1036
1586290 1037
1586300 1035
1586310 1032
1586320 1027
1586330 1023
1586340 1020
1586350 1018
1586360 1016
1586370 1013
1586380 1011
1586390 1011
1586400 1012
1586410 1014
1586420 1017
1586430 1018
1586440 1017
1586450 1012
1586460 1007
1586470 1003
1586480 1001
1586490 1001
1586500 1002
1586510 1005
1586520 1005
1586530 1003
1586540 1001
1586550 999
1586560 996
1586570 992
1586580 989
1586590 987
1586600 985
1586610 987
1586620 991
1586630 996
1586640 1003
1586650 1009
1586660 1016
1586670 1022
1586680 1028
1586690 1034
1586700 1038
1586710 1041
1586720 1043
1586730 1044
1586740 1044
1586750 1044
1586760 1044
1586770 1044
1586780 1044
1586790 1043
1586800 1040
1586810 1035
1586820 1030
1586830 1024
1586840 1018
1586850 1012
1586860 1007
1586870 1001
1586880 995
1586890 989
1586900 983
1586910 980
1586920 978
1586930 975
1586940 976
1586950 980
1586960 985
1586970 988
1586980 991
1586990 994
1587000 1000
1587010 1007
1587020 1013
1587030 1019
1587040 1024
1587050 1029
1587060 1034
1587070 1038
1587080 1043
1587090 1047
1587100 1052
1587110 1056
1587120 1061
1587130 1065
1587140 1070
1587150 1075
1587160 1079
1587170 1084
1587180 1088
1587190 1093
1587200 1098
1587210 1102
1587220 1107
1587230 1112
1587240 1117
1587250 1123
1587260 1128
1587270 1134
1587280 1140
1587290 1145
1587300 1150
1587310 1156
1587320 1161
1587330 1166
1587340 1171
1587350 1177
1587360 1182
1587370 1188
1587380 1192
1587390 1198
1587400 1203
1587410 1209
1587420 1212
1587430 1214
1587440 1215
1587450 1216
1587460 1216
1587470 1215
1587480 1213
1587490 1210
1587500 1207
1587510 1204
1587520 1200
1587530 1196
1587540 1191
1587550 1187
1587560 1183
1587570 1179
1587580 1174
1587590 1170
1587600 1166
1587610 1162
1587620 1159
1587630 1155
1587640 1152
1587650 1149
1587660 1147
1587670 1145
1587680 1143
1587690 1141
1587700 1138
1587710 1135
1587720 1131
1587730 1126
1587740 1120
1587750 1119
1587760 1122
1587770 1127
1587780 1132
1587790 1136
1587800 1139
1587810 1141
1587820 1143
1587830 1144
1587840 1146
1587850 1147
1587860 1148
1587870 1148
1587880 1148
1587890 1147
1587900 1145
1587910 1143
1587920 1140
1587930 1138
1587940 1135
1587950 1133
1587960 1130
1587970 1128
1587980 1127
1587990 1127
1588000 1127
1588010 1127
1588020 1127
1588030 1126
1588040 1125
1588050 1125
1588060 1124
1588070 1123
1588080 1122
1588090 1119
1588100 1118
1588110 1116
1588120 1115
1588130 1113
1588140 1110
1588150 1108
1588160 1108
1588170 1108
1588180 1109
1588190 1112
1588200 1116
1588210 1120
1588220 1125
1588230 1130
1588240 1134
1588250 1139
1588260 1143
1588270 1147
1588280 1151
1588290 1156
1588300 1161
1588310 1166
1588320 1172
1588330 1176
1588340 1180
1588350 1184
1588360 1188
1588370 1191
1588380 1195
1588390 1199
1588400 1204
1588410 1208
1588420 1213
1588430 1218
1588440 1224
1588450 1228
1588460 1233
1588470 1238
1588480 1242
1588490 1247
1588500 1251
1588510 1255
1588520 1260
1588530 1264
1588540 1269
1588550 1273
1588560 1277
1588570 1281
1588580 1285
1588590 1289
1588600 1292
1588610 1296
1588620 1299
1588630 1301
1588640 1304
1588650 1305
1588660 1306
1588670 1307
1588680 1307
1588690 1306
1588700 1305
1588710 1304
1588720 1303
1588730 1301
1588740 1299
1588750 1296
1588760 1294
1588770 1292
1588780 1290
1588790 1289
1588800 1288
1588810 1287
1588820 1285
1588830 1284
1588840 1283
1588850 1282
1588860 1280
1588870 1277
1588880 1275
1588890 1273
1588900 1271
1588910 1269
1588920 1267
1588930 1264
1588940 1262
1588950 1261
1588960 1259
1588970 1258
1588980 1256
1588990 1254
1589000 1254
1589010 1253
1589020 1253
1589030 1251
1589040 1250
1589050 1249
1589060 1249
1589070 1250
1589080 1251
1589090 1252
1589100 1253
1589110 1254
1589120 1255
1589130 1258
1589140 1261
1589150 1264
1589160 1263
1589170 1261
1589180 1258
1589190 1254
1589200 1252
1589210 1249
1589220 1246
1589230 1243
1589240 1239
1589250 1237
1589260 1238
1589270 1240
1589280 1244
1589290 1247
1589300 1250
1589310 1254
1589320 1258
1589330 1264
1589340 1269
1589350 1274
1589360 1279
1589370 1283
1589380 1286
1589390 1287
1589400 1288
1589410 1290
1589420 1292
1589430 1295
1589440 1298
1589450 1302
1589460 1306
1589470 1310
1589480 1314
1589490 1318
1589500 1322
1589510 1326
1589520 1330
1589530 1334
1589540 1338
1589550 1342
1589560 1345
1589570 1348
1589580 1351
1589590 1355
1589600 1359
1589610 1362
1589620 1366
1589630 1369
1589640 1373
1589650 1378
1589660 1383
1589670 1388
1589680 1393
1589690 1398
1589700 1402
1589710 1408
1589720 1413
1589730 1418
1589740 1424
1589750 1428
1589760 1432
1589770 1435
1589780 1438
1589790 1442
1589800 1445
1589810 1449
1589820 1453
1589830 1457
1589840 1462
1589850 1467
1589860 1472
1589870 1478
1589880 1483
1589890 1488
1589900 1493
1589910 1498
1589920 1502
1589930 1506
1589940 1510
1589950 1513
1589960 1517
1589970 1520
1589980 1524
1589990 1527
1590000 1530
1590010 1532
1590020 1536
1590030 1539
1590040 1543
1590050 1545
1590060 1547
1590070 1549
1590080 1552
1590090 1552
1590100 1549
1590110 1546
1590120 1544
1590130 1541
1590140 1538
1590150 1535
1590160 1531
1590170 1527
1590180 1523
1590190 1520
1590200 1517
1590210 1513
1590220 1509
1590230 1505
1590240 1500
1590250 1496
1590260 1493
1590270 1491
1590280 1489
1590290 1486
1590300 1484
1590310 1482
1590320 1479
1590330 1476
1590340 1473
1590350 1468
1590360 1464
1590370 1460
1590380 1456
1590390 1454
1590400 1451
1590410 1449
1590420 1447
1590430 1444
1590440 1441
1590450 1438
1590460 1435
1590470 1432
1590480 1428
1590490 1424
1590500 1419
1590510 1416
1590520 1412
1590530 1407
1590540 1404
1590550 1402
1590560 1400
1590570 1398
1590580 1395
1590590 1391
1590600 1387
1590610 1381
1590620 1377
1590630 1373
1590640 1369
1590650 1366
1590660 1363
1590670 1359
1590680 1355
1590690 1351
1590700 1349
1590710 1351
1590720 1354
1590730 1357
1590740 1358
1590750 1360
1590760 1362
1590770 1363
1590780 1363
1590790 1363
1590800 1360
1590810 1356
1590820 1352
1590830 1352
1590840 1359
1590850 1365
1590860 1370
1590870 1372
1590880 1373
1590890 1375
1590900 1377
1590910 1379
1590920 1381
1590930 1383
1590940 1383
1590950 1383
1590960 1384
1590970 1385
1590980 1388
1590990 1391
1591000 1395
1591010 1398
1591020 1402
1591030 1406
1591040 1409
1591050 1413
1591060 1416
1591070 1418
1591080 1419
1591090 1420
1591100 1423
1591110 1426
1591120 1431
1591130 1435
1591140 1440
1591150 1443
1591160 1448
1591170 1453
1591180 1458
1591190 1463
1591200 1468
1591210 1473
1591220 1477
1591230 1481
1591240 1486
1591250 1491
1591260 1495
1591270 1499
1591280 1504
1591290 1509
1591300 1515
1591310 1520
1591320 1527
1591330 1533
1591340 1539
1591350 1543
1591360 1546
1591370 1549
1591380 1553
1591390 1556
1591400 1560
1591410 1564
1591420 1567
1591430 1570
1591440 1573
1591450 1577
1591460 1581
1591470 1585
1591480 1588
1591490 1591
1591500 1594
1591510 1597
1591520 1600
1591530 1604
1591540 1608
1591550 1610
1591560 1611
1591570 1612
1591580 1609
1591590 1606
1591600 1603
1591610 1601
1591620 1599
1591630 1597
1591640 1596
1591650 1597
1591660 1598
1591670 1597
1591680 1596
1591690 1595
1591700 1594
1591710 1592
1591720 1590
1591730 1588
1591740 1588
1591750 1588
1591760 1588
1591770 1587
1591780 1586
1591790 1585
1591800 1583
1591810 1581
1591820 1579
1591830 1577
1591840 1576
1591850 1576
1591860 1576
1591870 1577
1591880 1577
1591890 1577
1591900 1575
1591910 1574
1591920 1573
1591930 1572
1591940 1572
1591950 1572
1591960 1572
1591970 1573
1591980 1574
1591990 1575
1592000 1575
1592010 1575
1592020 1575
1592030 1575
1592040 1574
1592050 1574
1592060 1573
1592070 1573
1592080 1574
1592090 1575
1592100 1578
1592110 1581
1592120 1584
1592130 1586
1592140 1587
1592150 1589
1592160 1590
1592170 1590
1592180 1588
1592190 1585
1592200 1582
1592210 1579
1592220 1576
1592230 1573
1592240 1570
1592250 1567
1592260 1564
1592270 1561
1592280 1560
1592290 1559
1592300 1558
1592310 1557
1592320 1556
1592330 1555
1592340 1554
1592350 1552
1592360 1551
1592370 1550
1592380 1549
1592390 1547
1592400 1543
1592410 1539
1592420 1535
1592430 1530
1592440 1526
1592450 1522
1592460 1519
1592470 1516
1592480 1514
1592490 1513
1592500 1512
1592510 1511
1592520 1510
1592530 1508
1592540 1506
1592550 1506
1592560 1507
1592570 1509
1592580 1510
1592590 1512
1592600 1514
1592610 1517
1592620 1519
1592630 1519
1592640 1519
1592650 1518
1592660 1517
1592670 1515
1592680 1514
1592690 1513
1592700 1512
1592710 1513
1592720 1513
1592730 1514
1592740 1516
1592750 1518
1592760 1520
1592770 1523
1592780 1526
1592790 1530
1592800 1535
1592810 1539
1592820 1543
1592830 1547
1592840 1551
1592850 1555
1592860 1559
1592870 1563
1592880 1567
1592890 1572
1592900 1576
1592910 1580
1592920 1584
1592930 1587
1592940 1589
1592950 1592
1592960 1594
1592970 1597
1592980 1600
1592990 1604
1593000 1607
1593010 1611
1593020 1615
1593030 1619
1593040 1623
1593050 1627
1593060 1631
1593070 1635
1593080 1640
1593090 1644
1593100 1648
1593110 1652
1593120 1656
1593130 1660
1593140 1665
1593150 1669
1593160 1674
1593170 1678
1593180 1683
1593190 1684
1593200 1683
1593210 1680
1593220 1677
1593230 1673
1593240 1670
1593250 1666
1593260 1663
1593270 1659
1593280 1655
1593290 1651
1593300 1647
1593310 1642
1593320 1638
1593330 1634
1593340 1630
1593350 1627
1593360 1623
1593370 1620
1593380 1616
1593390 1612
1593400 1608
1593410 1604
1593420 1601
1593430 1598
1593440 1596
1593450 1592
1593460 1588
1593470 1584
1593480 1579
1593490 1574
1593500 1569
1593510 1564
1593520 1559
1593530 1553
1593540 1547
1593550 1540
1593560 1535
1593570 1530
1593580 1525
1593590 1520
1593600 1515
1593610 1510
1593620 1505
1593630 1500
1593640 1495
1593650 1491
1593660 1487
1593670 1483
1593680 1479
1593690 1475
1593700 1471
1593710 1468
1593720 1465
1593730 1461
1593740 1458
1593750 1454
1593760 1450
1593770 1447
1593780 1444
1593790 1440
1593800 1437
1593810 1434
1593820 1430
1593830 1427
1593840 1424
1593850 1421
1593860 1418
1593870 1415
1593880 1412
1593890 1409
1593900 1407
1593910 1404
1593920 1402
1593930 1400
1593940 1397
1593950 1395
1593960 1392
1593970 1390
1593980 1387
1593990 1384
1594000 1383
1594010 1381
1594020 1380
1594030 1379
1594040 1378
1594050 1377
1594060 1377
1594070 1377
1594080 1377
1594090 1377
1594100 1376
1594110 1376
1594120 1374
1594130 1373
1594140 1371
1594150 1369
1594160 1365
1594170 1359
1594180 1354
1594190 1349
1594200 1345
1594210 1341
1594220 1337
1594230 1334
1594240 1331
1594250 1328
1594260 1326
1594270 1324
1594280 1324
1594290 1327
1594300 1329
1594310 1330
1594320 1327
1594330 1323
1594340 1319
1594350 1316
1594360 1316
1594370 1315
1594380 1314
1594390 1313
1594400 1311
1594410 1310
1594420 1306
1594430 1305
1594440 1305
1594450 1304
1594460 1305
1594470 1307
1594480 1309
1594490 1310
1594500 1310
1594510 1309
1594520 1307
1594530 1303
1594540 1299
1594550 1296
1594560 1292
1594570 1290
1594580 1289
1594590 1287
1594600 1284
1594610 1279
1594620 1277
1594630 1275
1594640 1274
1594650 1272
1594660 1269
1594670 1264
1594680 1261
1594690 1257
1594700 1253
1594710 1245
1594720 1236
1594730 1228
1594740 1221
1594750 1216
1594760 1211
1594770 1206
1594780 1201
1594790 1197
1594800 1192
1594810 1188
1594820 1184
1594830 1180
1594840 1176
1594850 1172
1594860 1168
1594870 1164
1594880 1160
1594890 1155
1594900 1152
1594910 1148
1594920 1144
1594930 1140
1594940 1136
1594950 1131
1594960 1126
1594970 1122
1594980 1117
1594990 1112
1595000 1109
1595010 1106
1595020 1104
1595030 1101
1595040 1099
1595050 1097
1595060 1095
1595070 1093
1595080 1090
1595090 1088
1595100 1086
1595110 1083
1595120 1081
1595130 1078
1595140 1076
1595150 1074
1595160 1071
1595170 1069
1595180 1067
1595190 1064
1595200 1062
1595210 1059
1595220 1056
1595230 1054
1595240 1051
1595250 1049
1595260 1047
1595270 1044
1595280 1042
1595290 1039
1595300 1037
1595310 1035
1595320 1032
1595330 1030
1595340 1027
1595350 1025
1595360 1023
1595370 1021
1595380 1019
1595390 1017
1595400 1014
1595410 1012
1595420 1010
1595430 1008
1595440 1007
1595450 1005
1595460 1003
1595470 1002
1595480 999
1595490 997
1595500 995
1595510 993
1595520 992
1595530 990
1595540 988
1595550 986
1595560 985
1595570 983
1595580 981
1595590 980
1595600 978
1595610 977
1595620 975
1595630 974
1595640 973
1595650 971
1595660 970
1595670 969
1595680 967
1595690 965
1595700 964
1595710 962
1595720 961
1595730 960
1595740 958
1595750 957
1595760 956
1595770 955
1595780 953
1595790 952
1595800 952
1595810 955
1595820 957
1595830 958
1595840 958
1595850 959
1595860 960
1595870 960
1595880 960
1595890 960
1595900 960
1595910 960
1595920 960
1595930 961
1595940 962
1595950 963
1595960 964
1595970 964
1595980 964
1595990 964
1596000 964
1596010 964
1596020 965
1596030 965
1596040 965
1596050 965
1596060 966
1596070 967
1596080 967
1596090 967
1596100 967
1596110 967
1596120 967
1596130 967
1596140 967
1596150 966
1596160 966
1596170 968
1596180 970
1596190 972
1596200 975
1596210 977
1596220 979
1596230 980
1596240 982
1596250 983
1596260 985
1596270 988
1596280 990
1596290 992
1596300 995
1596310 997
1596320 1000
1596330 1004
1596340 1009
1596350 1014
1596360 1019
1596370 1024
1596380 1028
1596390 1033
1596400 1037
1596410 1041
1596420 1044
1596430 1048
1596440 1052
1596450 1055
1596460 1058
1596470 1061
1596480 1063
1596490 1064
1596500 1066
1596510 1068
1596520 1071
1596530 1075
1596540 1079
1596550 1083
1596560 1087
1596570 1091
1596580 1094
1596590 1095
1596600 1095
1596610 1095
1596620 1094
1596630 1094
1596640 1093
1596650 1092
1596660 1091
1596670 1090
1596680 1089
1596690 1089
1596700 1089
1596710 1090
1596720 1091
1596730 1091
1596740 1092
1596750 1092
1596760 1093
1596770 1093
1596780 1094
1596790 1096
1596800 1097
1596810 1097
1596820 1098
1596830 1099
1596840 1100
1596850 1100
1596860 1099
1596870 1098
1596880 1097
1596890 1096
1596900 1097
1596910 1096
1596920 1094
1596930 1093
1596940 1092
1596950 1091
1596960 1091
1596970 1091
1596980 1091
1596990 1093
1597000 1091
1597010 1091
1597020 1091
1597030 1093
1597040 1092
1597050 1091
1597060 1091
1597070 1091
1597080 1093
1597090 1094
1597100 1095
1597110 1096
1597120 1097
1597130 1097
1597140 1097
1597150 1098
1597160 1099
1597170 1101
1597180 1102
1597190 1103
1597200 1104
1597210 1105
1597220 1107
1597230 1107
1597240 1108
1597250 1109
1597260 1111
1597270 1113
1597280 1114
1597290 1116
1597300 1117
1597310 1118
1597320 1119
1597330 1120
1597340 1121
1597350 1122
1597360 1123
1597370 1126
1597380 1129
1597390 1133
1597400 1137
1597410 1141
1597420 1143
1597430 1144
1597440 1145
1597450 1146
1597460 1147
1597470 1147
1597480 1146
1597490 1146
1597500 1146
1597510 1146
1597520 1147
1597530 1146
1597540 1145
1597550 1141
1597560 1138
1597570 1134
1597580 1134
1597590 1134
1597600 1135
1597610 1137
1597620 1139
1597630 1141
1597640 1143
1597650 1144
1597660 1145
1597670 1145
1597680 1146
1597690 1147
1597700 1148
1597710 1149
1597720 1150
1597730 1151
1597740 1152
1597750 1153
1597760 1154
1597770 1155
1597780 1156
1597790 1157
1597800 1159
1597810 1160
1597820 1161
1597830 1162
1597840 1163
1597850 1164
1597860 1164
1597870 1164
1597880 1165
1597890 1167
1597900 1169
1597910 1171
1597920 1173
1597930 1175
1597940 1178
1597950 1181
1597960 1183
1597970 1184
1597980 1185
1597990 1187
1598000 1189
1598010 1190
1598020 1192
1598030 1193
1598040 1194
1598050 1196
1598060 1197
1598070 1198
1598080 1199
1598090 1201
1598100 1203
1598110 1205
1598120 1207
1598130 1209
1598140 1211
1598150 1212
1598160 1212
1598170 1212
1598180 1211
1598190 1211
1598200 1211
1598210 1211
1598220 1211
1598230 1212
1598240 1214
1598250 1215
1598260 1217
1598270 1218
1598280 1219
1598290 1219
1598300 1220
1598310 1221
1598320 1222
1598330 1223
1598340 1224
1598350 1224
1598360 1226
1598370 1227
1598380 1228
1598390 1230
1598400 1232
1598410 1234
1598420 1236
1598430 1238
1598440 1241
1598450 1244
1598460 1247
1598470 1250
1598480 1253
1598490 1256
1598500 1260
1598510 1263
1598520 1266
1598530 1269
1598540 1273
1598550 1276
1598560 1280
1598570 1283
1598580 1287
1598590 1291
1598600 1294
1598610 1298
1598620 1301
1598630 1304
1598640 1308
1598650 1310
1598660 1313
1598670 1315
1598680 1318
1598690 1320
1598700 1321
1598710 1323
1598720 1325
1598730 1327
1598740 1330
1598750 1333
1598760 1337
1598770 1340
1598780 1344
1598790 1348
1598800 1352
1598810 1356
1598820 1360
1598830 1363
1598840 1367
1598850 1370
1598860 1373
1598870 1376
1598880 1378
1598890 1381
1598900 1384
1598910 1386
1598920 1388
1598930 1390
1598940 1392
1598950 1395
1598960 1397
1598970 1399
1598980 1402
1598990 1406
1599000 1408
1599010 1411
1599020 1413
1599030 1415
1599040 1417
1599050 1417
1599060 1417
1599070 1417
1599080 1417
1599090 1416
1599100 1414
1599110 1411
1599120 1408
1599130 1405
1599140 1401
1599150 1398
1599160 1394
1599170 1391
1599180 1389
1599190 1386
1599200 1384
1599210 1382
1599220 1380
1599230 1377
1599240 1375
1599250 1372
1599260 1369
1599270 1365
1599280 1362
1599290 1359
1599300 1356
1599310 1353
1599320 1351
1599330 1347
1599340 1343
1599350 1339
1599360 1335
1599370 1331
1599380 1327
1599390 1323
1599400 1320
1599410 1316
1599420 1313
1599430 1309
1599440 1305
1599450 1302
1599460 1299
1599470 1296
1599480 1292
1599490 1289
1599500 1285
1599510 1281
1599520 1278
1599530 1275
1599540 1271
1599550 1268
1599560 1265
1599570 1262
1599580 1259
1599590 1256
1599600 1254
1599610 1252
1599620 1251
1599630 1250
1599640 1250
1599650 1251
1599660 1252
1599670 1252
1599680 1251
1599690 1250
1599700 1250
1599710 1250
1599720 1249
1599730 1247
1599740 1243
1599750 1239
1599760 1234
1599770 1231
1599780 1227
1599790 1222
1599800 1218
1599810 1214
1599820 1211
1599830 1208
1599840 1205
1599850 1203
1599860 1199
1599870 1197
1599880 1195
1599890 1193
1599900 1193
1599910 1193
1599920 1192
1599930 1191
1599940 1191
1599950 1191
1599960 1193
1599970 1196
1599980 1199
1599990 1200
