1580000 1170
1580010 1173
1580020 1178
1580030 1182
1580040 1186
1580050 1190
1580060 1194
1580070 1197
1580080 1201
1580090 1205
1580100 1209
1580110 1213
1580120 1215
1580130 1217
1580140 1219
1580150 1221
1580160 1223
1580170 1226
1580180 1229
1580190 1233
1580200 1236
1580210 1239
1580220 1243
1580230 1247
1580240 1250
1580250 1254
1580260 1258
1580270 1262
1580280 1265
1580290 1269
1580300 1273
1580310 1277
1580320 1281
1580330 1284
1580340 1287
1580350 1289
1580360 1291
1580370 1292
1580380 1294
1580390 1295
1580400 1296
1580410 1298
1580420 1299
1580430 1302
1580440 1304
1580450 1307
1580460 1310
1580470 1313
1580480 1316
1580490 1319
1580500 1322
1580510 1324
1580520 1327
1580530 1330
1580540 1333
1580550 1336
1580560 1339
1580570 1342
1580580 1346
1580590 1348
1580600 1347
1580610 1344
1580620 1344
1580630 1348
1580640 1353
1580650 1358
1580660 1361
1580670 1362
1580680 1359
1580690 1354
1580700 1350
1580710 1347
1580720 1348
1580730 1351
1580740 1354
1580750 1356
1580760 1356
1580770 1356
1580780 1352
1580790 1350
1580800 1350
1580810 1353
1580820 1354
1580830 1356
1580840 1359
1580850 1362
1580860 1366
1580870 1371
1580880 1376
1580890 1379
1580900 1380
1580910 1378
1580920 1378
1580930 1380
1580940 1385
1580950 1390
1580960 1395
1580970 1399
1580980 1400
1580990 1400
1581000 1399
1581010 1396
1581020 1393
1581030 1388
1581040 1384
1581050 1380
1581060 1376
1581070 1373
1581080 1370
1581090 1367
1581100 1365
1581110 1363
1581120 1361
1581130 1359
1581140 1357
1581150 1354
1581160 1352
1581170 1350
1581180 1347
1581190 1344
1581200 1340
1581210 1337
1581220 1335
1581230 1332
1581240 1329
1581250 1325
1581260 1321
1581270 1318
1581280 1314
1581290 1311
1581300 1308
1581310 1306
1581320 1303
1581330 1300
1581340 1297
1581350 1294
1581360 1292
1581370 1289
1581380 1286
1581390 1282
1581400 1279
1581410 1276
1581420 1272
1581430 1268
1581440 1264
1581450 1260
1581460 1257
1581470 1254
1581480 1251
1581490 1246
1581500 1242
1581510 1239
1581520 1235
1581530 1233
1581540 1230
1581550 1228
1581560 1225
1581570 1224
1581580 1223
1581590 1223
1581600 1222
1581610 1220
1581620 1218
1581630 1216
1581640 1213
1581650 1209
1581660 1205
1581670 1200
1581680 1195
1581690 1191
1581700 1188
1581710 1185
1581720 1182
1581730 1179
1581740 1175
1581750 1172
1581760 1170
1581770 1167
1581780 1164
1581790 1161
1581800 1157
1581810 1152
1581820 1150
1581830 1149
1581840 1150
1581850 1150
1581860 1149
1581870 1146
1581880 1142
1581890 1138
1581900 1133
1581910 1129
1581920 1125
1581930 1121
1581940 1117
1581950 1114
1581960 1111
1581970 1108
1581980 1105
1581990 1102
1582000 1099
1582010 1096
1582020 1093
1582030 1089
1582040 1086
1582050 1082
1582060 1079
1582070 1076
1582080 1072
1582090 1069
1582100 1066
1582110 1063
1582120 1061
1582130 1060
1582140 1060
1582150 1059
1582160 1059
1582170 1058
1582180 1057
1582190 1057
1582200 1057
1582210 1056
1582220 1056
1582230 1055
1582240 1055
1582250 1055
1582260 1054
1582270 1054
1582280 1053
1582290 1053
1582300 1052
1582310 1051
1582320 1050
1582330 1050
1582340 1050
1582350 1050
1582360 1050
1582370 1050
1582380 1050
1582390 1049
1582400 1049
1582410 1049
1582420 1050
1582430 1050
1582440 1050
1582450 1050
1582460 1050
1582470 1050
1582480 1050
1582490 1050
1582500 1050
1582510 1049
1582520 1049
1582530 1049
1582540 1049
1582550 1049
1582560 1049
1582570 1049
1582580 1049
1582590 1049
1582600 1049
1582610 1049
1582620 1050
1582630 1050
1582640 1051
1582650 1053
1582660 1054
1582670 1054
1582680 1055
1582690 1055
1582700 1056
1582710 1057
1582720 1057
1582730 1058
1582740 1058
1582750 1059
1582760 1059
1582770 1060
1582780 1060
1582790 1061
1582800 1062
1582810 1063
1582820 1063
1582830 1063
1582840 1064
1582850 1065
1582860 1067
1582870 1068
1582880 1070
1582890 1072
1582900 1074
1582910 1076
1582920 1078
1582930 1080
1582940 1083
1582950 1085
1582960 1088
1582970 1090
1582980 1092
1582990 1094
1583000 1097
1583010 1098
1583020 1100
1583030 1101
1583040 1102
1583050 1103
1583060 1104
1583070 1106
1583080 1107
1583090 1109
1583100 1113
1583110 1117
1583120 1121
1583130 1124
1583140 1128
1583150 1132
1583160 1136
1583170 1139
1583180 1142
1583190 1145
1583200 1148
1583210 1151
1583220 1154
1583230 1156
1583240 1160
1583250 1163
1583260 1166
1583270 1170
1583280 1175
1583290 1180
1583300 1182
1583310 1183
1583320 1183
1583330 1181
1583340 1179
1583350 1176
1583360 1172
1583370 1169
1583380 1167
1583390 1164
1583400 1160
1583410 1157
1583420 1155
1583430 1153
1583440 1150
1583450 1148
1583460 1150
1583470 1152
1583480 1153
1583490 1152
1583500 1151
1583510 1149
1583520 1147
1583530 1145
1583540 1144
1583550 1144
1583560 1143
1583570 1142
1583580 1138
1583590 1137
1583600 1137
1583610 1139
1583620 1143
1583630 1146
1583640 1148
1583650 1150
1583660 1152
1583670 1155
1583680 1158
1583690 1161
1583700 1165
1583710 1168
1583720 1171
1583730 1174
1583740 1178
1583750 1180
1583760 1182
1583770 1184
1583780 1185
1583790 1186
1583800 1186
1583810 1186
1583820 1185
1583830 1183
1583840 1182
1583850 1181
1583860 1182
1583870 1184
1583880 1185
1583890 1186
1583900 1188
1583910 1192
1583920 1196
1583930 1199
1583940 1201
1583950 1202
1583960 1204
1583970 1207
1583980 1209
1583990 1210
1584000 1211
1584010 1211
1584020 1212
1584030 1213
1584040 1215
1584050 1216
1584060 1218
1584070 1220
1584080 1222
1584090 1224
1584100 1226
1584110 1230
1584120 1235
1584130 1241
1584140 1245
1584150 1247
1584160 1249
1584170 1251
1584180 1253
1584190 1255
1584200 1257
1584210 1259
1584220 1261
1584230 1263
1584240 1265
1584250 1267
1584260 1268
1584270 1270
1584280 1271
1584290 1272
1584300 1274
1584310 1277
1584320 1280
1584330 1283
1584340 1286
1584350 1289
1584360 1294
1584370 1299
1584380 1304
1584390 1310
1584400 1315
1584410 1319
1584420 1323
1584430 1327
1584440 1331
1584450 1335
1584460 1338
1584470 1341
1584480 1344
1584490 1347
1584500 1350
1584510 1353
1584520 1356
1584530 1358
1584540 1360
1584550 1363
1584560 1366
1584570 1369
1584580 1371
1584590 1373
1584600 1375
1584610 1377
1584620 1378
1584630 1379
1584640 1378
1584650 1377
1584660 1376
1584670 1375
1584680 1376
1584690 1376
1584700 1377
1584710 1378
1584720 1379
1584730 1381
1584740 1382
1584750 1383
1584760 1385
1584770 1386
1584780 1387
1584790 1389
1584800 1391
1584810 1392
1584820 1391
1584830 1390
1584840 1390
1584850 1389
1584860 1388
1584870 1387
1584880 1386
1584890 1386
1584900 1386
1584910 1387
1584920 1388
1584930 1389
1584940 1391
1584950 1392
1584960 1393
1584970 1394
1584980 1394
1584990 1394
1585000 1394
1585010 1394
1585020 1393
1585030 1392
1585040 1390
1585050 1388
1585060 1386
1585070 1383
1585080 1381
1585090 1379
1585100 1377
1585110 1376
1585120 1375
1585130 1374
1585140 1374
1585150 1373
1585160 1373
1585170 1372
1585180 1371
1585190 1371
1585200 1371
1585210 1372
1585220 1372
1585230 1373
1585240 1374
1585250 1376
1585260 1376
1585270 1376
1585280 1375
1585290 1375
1585300 1375
1585310 1375
1585320 1377
1585330 1377
1585340 1375
1585350 1372
1585360 1366
1585370 1361
1585380 1355
1585390 1349
1585400 1343
1585410 1338
1585420 1332
1585430 1326
1585440 1321
1585450 1315
1585460 1310
1585470 1304
1585480 1299
1585490 1293
1585500 1288
1585510 1283
1585520 1277
1585530 1272
1585540 1266
1585550 1261
1585560 1256
1585570 1250
1585580 1245
1585590 1240
1585600 1236
1585610 1231
1585620 1226
1585630 1221
1585640 1216
1585650 1211
1585660 1207
1585670 1202
1585680 1197
1585690 1193
1585700 1188
1585710 1184
1585720 1179
1585730 1174
1585740 1169
1585750 1162
1585760 1155
1585770 1148
1585780 1142
1585790 1136
1585800 1131
1585810 1128
1585820 1125
1585830 1124
1585840 1122
1585850 1119
1585860 1117
1585870 1115
1585880 1114
1585890 1113
1585900 1111
1585910 1110
1585920 1108
1585930 1107
1585940 1105
1585950 1103
1585960 1100
1585970 1096
1585980 1093
1585990 1089
1586000 1085
1586010 1081
1586020 1078
1586030 1074
1586040 1069
1586050 1064
1586060 1059
1586070 1054
1586080 1051
1586090 1048
1586100 1046
1586110 1044
1586120 1042
1586130 1039
1586140 1037
1586150 1034
1586160 1032
1586170 1030
1586180 1029
1586190 1028
1586200 1027
1586210 1026
1586220 1025
1586230 1023
1586240 1021
1586250 1019
1586260 1016
1586270 1014
1586280 1012
1586290 1010
1586300 1009
1586310 1007
1586320 1004
1586330 1003
1586340 1001
1586350 999
1586360 997
1586370 995
1586380 993
1586390 991
1586400 989
1586410 986
1586420 984
1586430 982
1586440 979
1586450 976
1586460 973
1586470 970
1586480 967
1586490 964
1586500 960
1586510 958
1586520 956
1586530 955
1586540 954
1586550 951
1586560 947
1586570 944
1586580 941
1586590 938
1586600 935
1586610 933
1586620 931
1586630 928
1586640 926
1586650 924
1586660 922
1586670 920
1586680 918
1586690 916
1586700 914
1586710 912
1586720 910
1586730 908
1586740 906
1586750 904
1586760 902
1586770 900
1586780 898
1586790 897
1586800 895
1586810 894
1586820 892
1586830 889
1586840 886
1586850 882
1586860 879
1586870 876
1586880 873
1586890 870
1586900 867
1586910 863
1586920 859
1586930 855
1586940 850
1586950 845
1586960 841
1586970 836
1586980 831
1586990 827
1587000 823
1587010 819
1587020 814
1587030 810
1587040 806
1587050 801
1587060 797
1587070 793
1587080 789
1587090 785
1587100 781
1587110 776
1587120 771
1587130 767
1587140 764
1587150 761
1587160 758
1587170 756
1587180 756
1587190 759
1587200 761
1587210 765
1587220 770
1587230 776
1587240 780
1587250 782
1587260 783
1587270 786
1587280 790
1587290 794
1587300 798
1587310 801
1587320 804
1587330 807
1587340 811
1587350 814
1587360 817
1587370 820
1587380 823
1587390 825
1587400 826
1587410 828
1587420 829
1587430 832
1587440 834
1587450 837
1587460 840
1587470 842
1587480 844
1587490 846
1587500 849
1587510 851
1587520 853
1587530 855
1587540 857
1587550 859
1587560 863
1587570 866
1587580 869
1587590 873
1587600 877
1587610 882
1587620 886
1587630 889
1587640 892
1587650 894
1587660 896
1587670 898
1587680 901
1587690 904
1587700 906
1587710 909
1587720 912
1587730 915
1587740 918
1587750 921
1587760 924
1587770 927
1587780 930
1587790 932
1587800 935
1587810 938
1587820 941
1587830 944
1587840 947
1587850 950
1587860 954
1587870 957
1587880 960
1587890 963
1587900 965
1587910 968
1587920 971
1587930 974
1587940 977
1587950 981
1587960 984
1587970 987
1587980 991
1587990 994
1588000 997
1588010 1000
1588020 1003
1588030 1006
1588040 1009
1588050 1012
1588060 1016
1588070 1019
1588080 1022
1588090 1025
1588100 1027
1588110 1030
1588120 1033
1588130 1037
1588140 1040
1588150 1043
1588160 1046
1588170 1049
1588180 1052
1588190 1055
1588200 1058
1588210 1062
1588220 1064
1588230 1067
1588240 1071
1588250 1074
1588260 1078
1588270 1081
1588280 1084
1588290 1087
1588300 1090
1588310 1093
1588320 1095
1588330 1097
1588340 1100
1588350 1103
1588360 1106
1588370 1110
1588380 1113
1588390 1117
1588400 1121
1588410 1124
1588420 1127
1588430 1129
1588440 1129
1588450 1129
1588460 1127
1588470 1125
1588480 1123
1588490 1121
1588500 1119
1588510 1117
1588520 1116
1588530 1114
1588540 1113
1588550 1111
1588560 1109
1588570 1107
1588580 1105
1588590 1103
1588600 1101
1588610 1098
1588620 1096
1588630 1094
1588640 1092
1588650 1089
1588660 1086
1588670 1083
1588680 1080
1588690 1080
1588700 1082
1588710 1083
1588720 1084
1588730 1083
1588740 1083
1588750 1082
1588760 1081
1588770 1081
1588780 1080
1588790 1079
1588800 1076
1588810 1072
1588820 1069
1588830 1067
1588840 1072
1588850 1076
1588860 1079
1588870 1080
1588880 1079
1588890 1078
1588900 1077
1588910 1076
1588920 1076
1588930 1076
1588940 1077
1588950 1080
1588960 1084
1588970 1089
1588980 1095
1588990 1101
1589000 1106
1589010 1113
1589020 1119
1589030 1124
1589040 1130
1589050 1136
1589060 1142
1589070 1147
1589080 1152
1589090 1155
1589100 1158
1589110 1160
1589120 1163
1589130 1164
1589140 1166
1589150 1168
1589160 1171
1589170 1173
1589180 1176
1589190 1180
1589200 1183
1589210 1185
1589220 1187
1589230 1189
1589240 1190
1589250 1191
1589260 1194
1589270 1196
1589280 1198
1589290 1201
1589300 1203
1589310 1205
1589320 1206
1589330 1206
1589340 1206
1589350 1205
1589360 1205
1589370 1205
1589380 1204
1589390 1204
1589400 1204
1589410 1203
1589420 1203
1589430 1203
1589440 1203
1589450 1204
1589460 1205
1589470 1206
1589480 1206
1589490 1206
1589500 1207
1589510 1207
1589520 1207
1589530 1207
1589540 1207
1589550 1207
1589560 1208
1589570 1209
1589580 1210
1589590 1212
1589600 1215
1589610 1217
1589620 1220
1589630 1224
1589640 1228
1589650 1232
1589660 1235
1589670 1237
1589680 1238
1589690 1237
1589700 1235
1589710 1233
1589720 1230
1589730 1226
1589740 1223
1589750 1220
1589760 1216
1589770 1212
1589780 1208
1589790 1204
1589800 1200
1589810 1195
1589820 1191
1589830 1186
1589840 1181
1589850 1177
1589860 1173
1589870 1168
1589880 1163
1589890 1160
1589900 1158
1589910 1158
1589920 1160
1589930 1163
1589940 1166
1589950 1168
1589960 1170
1589970 1171
1589980 1170
1589990 1168
1590000 1165
1590010 1160
1590020 1155
1590030 1151
1590040 1146
1590050 1141
1590060 1137
1590070 1133
1590080 1130
1590090 1126
1590100 1122
1590110 1117
1590120 1112
1590130 1109
1590140 1109
1590150 1110
1590160 1112
1590170 1112
1590180 1112
1590190 1111
1590200 1109
1590210 1107
1590220 1105
1590230 1103
1590240 1101
1590250 1099
1590260 1096
1590270 1094
1590280 1092
1590290 1090
1590300 1088
1590310 1085
1590320 1083
1590330 1080
1590340 1078
1590350 1076
1590360 1073
1590370 1070
1590380 1067
1590390 1064
1590400 1061
1590410 1058
1590420 1055
1590430 1053
1590440 1052
1590450 1051
1590460 1050
1590470 1049
1590480 1048
1590490 1047
1590500 1046
1590510 1044
1590520 1043
1590530 1041
1590540 1039
1590550 1037
1590560 1034
1590570 1031
1590580 1027
1590590 1024
1590600 1021
1590610 1019
1590620 1017
1590630 1015
1590640 1013
1590650 1012
1590660 1010
1590670 1008
1590680 1007
1590690 1005
1590700 1004
1590710 1003
1590720 1002
1590730 1000
1590740 1000
1590750 999
1590760 998
1590770 997
1590780 996
1590790 995
1590800 994
1590810 992
1590820 991
1590830 989
1590840 988
1590850 987
1590860 986
1590870 985
1590880 985
1590890 984
1590900 982
1590910 981
1590920 979
1590930 978
1590940 977
1590950 976
1590960 974
1590970 973
1590980 972
1590990 971
1591000 970
1591010 968
1591020 966
1591030 962
1591040 957
1591050 952
1591060 946
1591070 941
1591080 936
1591090 930
1591100 925
1591110 920
1591120 916
1591130 916
1591140 916
1591150 916
1591160 917
1591170 918
1591180 920
1591190 923
1591200 928
1591210 933
1591220 939
1591230 944
1591240 947
1591250 949
1591260 953
1591270 958
1591280 963
1591290 965
1591300 966
1591310 967
1591320 966
1591330 964
1591340 961
1591350 959
1591360 963
1591370 968
1591380 971
1591390 972
1591400 972
1591410 973
1591420 973
1591430 973
1591440 973
1591450 974
1591460 974
1591470 975
1591480 976
1591490 979
1591500 981
1591510 983
1591520 986
1591530 989
1591540 992
1591550 996
1591560 1000
1591570 1003
1591580 1007
1591590 1010
1591600 1013
1591610 1015
1591620 1017
1591630 1019
1591640 1021
1591650 1023
1591660 1025
1591670 1028
1591680 1030
1591690 1032
1591700 1034
1591710 1035
1591720 1036
1591730 1037
1591740 1037
1591750 1038
1591760 1038
1591770 1038
1591780 1039
1591790 1040
1591800 1040
1591810 1041
1591820 1042
1591830 1043
1591840 1044
1591850 1046
1591860 1048
1591870 1049
1591880 1051
1591890 1051
1591900 1052
1591910 1053
1591920 1053
1591930 1054
1591940 1055
1591950 1057
1591960 1059
1591970 1059
1591980 1059
1591990 1059
1592000 1057
1592010 1056
1592020 1055
1592030 1053
1592040 1052
1592050 1050
1592060 1050
1592070 1050
1592080 1050
1592090 1050
1592100 1050
1592110 1051
1592120 1053
1592130 1054
1592140 1054
1592150 1053
1592160 1051
1592170 1048
1592180 1044
1592190 1040
1592200 1037
1592210 1034
1592220 1030
1592230 1028
1592240 1026
1592250 1024
1592260 1022
1592270 1020
1592280 1019
1592290 1017
1592300 1015
1592310 1013
1592320 1012
1592330 1010
1592340 1010
1592350 1009
1592360 1010
1592370 1011
1592380 1012
1592390 1012
1592400 1012
1592410 1011
1592420 1009
1592430 1007
1592440 1003
1592450 999
1592460 995
1592470 991
1592480 987
1592490 983
1592500 979
1592510 975
1592520 974
1592530 973
1592540 974
1592550 974
1592560 974
1592570 973
1592580 972
1592590 971
1592600 970
1592610 969
1592620 967
1592630 965
1592640 962
1592650 957
1592660 952
1592670 947
1592680 942
1592690 937
1592700 933
1592710 929
1592720 925
1592730 921
1592740 918
1592750 916
1592760 916
1592770 917
1592780 917
1592790 918
1592800 919
1592810 921
1592820 922
1592830 925
1592840 927
1592850 929
1592860 931
1592870 932
1592880 930
1592890 928
1592900 926
1592910 923
1592920 922
1592930 922
1592940 923
1592950 923
1592960 922
1592970 922
1592980 921
1592990 920
1593000 919
1593010 917
1593020 914
1593030 912
1593040 908
1593050 904
1593060 898
1593070 892
1593080 885
1593090 879
1593100 871
1593110 867
1593120 866
1593130 871
1593140 875
1593150 877
1593160 876
1593170 874
1593180 873
1593190 871
1593200 872
1593210 873
1593220 873
1593230 873
1593240 871
1593250 867
1593260 863
1593270 861
1593280 860
1593290 859
1593300 858
1593310 857
1593320 857
1593330 854
1593340 851
1593350 848
1593360 845
1593370 841
1593380 837
1593390 832
1593400 825
1593410 817
1593420 810
1593430 809
1593440 811
1593450 815
1593460 820
1593470 825
1593480 829
1593490 834
1593500 838
1593510 842
1593520 845
1593530 847
1593540 849
1593550 851
1593560 852
1593570 853
1593580 856
1593590 858
1593600 861
1593610 863
1593620 864
1593630 864
1593640 863
1593650 861
1593660 860
1593670 859
1593680 861
1593690 863
1593700 864
1593710 864
1593720 863
1593730 862
1593740 860
1593750 860
1593760 861
1593770 863
1593780 864
1593790 864
1593800 862
1593810 859
1593820 857
1593830 857
1593840 858
1593850 859
1593860 859
1593870 859
1593880 859
1593890 859
1593900 859
1593910 858
1593920 857
1593930 855
1593940 852
1593950 848
1593960 843
1593970 843
1593980 844
1593990 847
1594000 849
1594010 849
1594020 848
1594030 845
1594040 844
1594050 842
1594060 838
1594070 834
1594080 830
1594090 829
1594100 829
1594110 828
1594120 823
1594130 825
1594140 829
1594150 833
1594160 832
1594170 832
1594180 833
1594190 837
1594200 838
1594210 839
1594220 836
1594230 834
1594240 835
1594250 837
1594260 840
1594270 841
1594280 840
1594290 837
1594300 835
1594310 832
1594320 828
1594330 828
1594340 830
1594350 836
1594360 839
1594370 840
1594380 839
1594390 836
1594400 834
1594410 831
1594420 830
1594430 831
1594440 834
1594450 837
1594460 840
1594470 842
1594480 843
1594490 844
1594500 844
1594510 845
1594520 846
1594530 847
1594540 847
1594550 847
1594560 847
1594570 847
1594580 847
1594590 848
1594600 849
1594610 850
1594620 852
1594630 853
1594640 853
1594650 854
1594660 855
1594670 855
1594680 855
1594690 855
1594700 854
1594710 853
1594720 852
1594730 852
1594740 853
1594750 855
1594760 857
1594770 858
1594780 859
1594790 860
1594800 861
1594810 863
1594820 865
1594830 867
1594840 869
1594850 871
1594860 873
1594870 875
1594880 877
1594890 880
1594900 883
1594910 886
1594920 888
1594930 890
1594940 892
1594950 893
1594960 895
1594970 897
1594980 899
1594990 901
1595000 903
1595010 904
1595020 905
1595030 906
1595040 906
1595050 907
1595060 907
1595070 903
1595080 898
1595090 893
1595100 888
1595110 885
1595120 882
1595130 881
1595140 879
1595150 878
1595160 876
1595170 877
1595180 878
1595190 879
1595200 879
1595210 878
1595220 877
1595230 875
1595240 874
1595250 873
1595260 872
1595270 873
1595280 874
1595290 873
1595300 872
1595310 871
1595320 870
1595330 867
1595340 864
1595350 860
1595360 855
1595370 851
1595380 847
1595390 844
1595400 840
1595410 836
1595420 832
1595430 828
1595440 824
1595450 821
1595460 817
1595470 813
1595480 809
1595490 806
1595500 802
1595510 799
1595520 796
1595530 794
1595540 792
1595550 790
1595560 788
1595570 786
1595580 784
1595590 782
1595600 780
1595610 778
1595620 776
1595630 774
1595640 772
1595650 769
1595660 767
1595670 765
1595680 762
1595690 760
1595700 759
1595710 758
1595720 757
1595730 757
1595740 754
1595750 750
1595760 746
1595770 742
1595780 740
1595790 737
1595800 734
1595810 729
1595820 723
1595830 716
1595840 710
1595850 703
1595860 698
1595870 694
1595880 692
1595890 691
1595900 692
1595910 698
1595920 705
1595930 712
1595940 717
1595950 722
1595960 726
1595970 732
1595980 737
1595990 742
1596000 745
1596010 748
1596020 750
1596030 751
1596040 753
1596050 755
1596060 757
1596070 758
1596080 760
1596090 761
1596100 763
1596110 765
1596120 767
1596130 769
1596140 771
1596150 773
1596160 774
1596170 776
1596180 777
1596190 778
1596200 780
1596210 781
1596220 782
1596230 783
1596240 784
1596250 786
1596260 788
1596270 791
1596280 794
1596290 797
1596300 799
1596310 802
1596320 805
1596330 808
1596340 811
1596350 815
1596360 818
1596370 821
1596380 825
1596390 829
1596400 832
1596410 836
1596420 840
1596430 844
1596440 848
1596450 851
1596460 854
1596470 858
1596480 861
1596490 865
1596500 868
1596510 872
1596520 875
1596530 879
1596540 883
1596550 888
1596560 893
1596570 897
1596580 902
1596590 906
1596600 910
1596610 915
1596620 920
1596630 925
1596640 929
1596650 934
1596660 939
1596670 943
1596680 943
1596690 943
1596700 944
1596710 945
1596720 947
1596730 949
1596740 950
1596750 951
1596760 952
1596770 953
1596780 955
1596790 956
1596800 958
1596810 959
1596820 959
1596830 958
1596840 959
1596850 960
1596860 962
1596870 964
1596880 966
1596890 969
1596900 971
1596910 974
1596920 977
1596930 980
1596940 984
1596950 987
1596960 989
1596970 993
1596980 996
1596990 1000
1597000 1003
1597010 1006
1597020 1009
1597030 1012
1597040 1015
1597050 1018
1597060 1020
1597070 1023
1597080 1026
1597090 1028
1597100 1031
1597110 1034
1597120 1037
1597130 1040
1597140 1042
1597150 1044
1597160 1045
1597170 1048
1597180 1051
1597190 1053
1597200 1056
1597210 1058
1597220 1060
1597230 1063
1597240 1065
1597250 1068
1597260 1070
1597270 1073
1597280 1076
1597290 1078
1597300 1081
1597310 1084
1597320 1086
1597330 1086
1597340 1086
1597350 1085
1597360 1083
1597370 1081
1597380 1079
1597390 1077
1597400 1074
1597410 1070
1597420 1066
1597430 1062
1597440 1059
1597450 1057
1597460 1055
1597470 1053
1597480 1052
1597490 1051
1597500 1052
1597510 1053
1597520 1055
1597530 1056
1597540 1057
1597550 1057
1597560 1057
1597570 1057
1597580 1057
1597590 1058
1597600 1059
1597610 1060
1597620 1059
1597630 1058
1597640 1057
1597650 1055
1597660 1053
1597670 1050
1597680 1048
1597690 1045
1597700 1044
1597710 1042
1597720 1040
1597730 1039
1597740 1038
1597750 1038
1597760 1037
1597770 1037
1597780 1036
1597790 1036
1597800 1036
1597810 1035
1597820 1035
1597830 1035
1597840 1034
1597850 1033
1597860 1033
1597870 1032
1597880 1031
1597890 1030
1597900 1029
1597910 1028
1597920 1027
1597930 1026
1597940 1026
1597950 1025
1597960 1024
1597970 1022
1597980 1020
1597990 1017
1598000 1014
1598010 1011
1598020 1009
1598030 1006
1598040 1003
1598050 1001
1598060 1002
1598070 1005
1598080 1010
1598090 1014
1598100 1018
1598110 1023
1598120 1027
1598130 1030
1598140 1034
1598150 1038
1598160 1042
1598170 1045
1598180 1048
1598190 1051
1598200 1053
1598210 1054
1598220 1054
1598230 1054
1598240 1052
1598250 1047
1598260 1043
1598270 1039
1598280 1034
1598290 1031
1598300 1028
1598310 1026
1598320 1022
1598330 1019
1598340 1014
1598350 1009
1598360 1003
1598370 999
1598380 995
1598390 993
1598400 990
1598410 988
1598420 985
1598430 982
1598440 978
1598450 976
1598460 974
1598470 972
1598480 968
1598490 965
1598500 961
1598510 958
1598520 956
1598530 954
1598540 952
1598550 949
1598560 947
1598570 945
1598580 943
1598590 942
1598600 940
1598610 937
1598620 934
1598630 931
1598640 928
1598650 925
1598660 922
1598670 919
1598680 916
1598690 913
1598700 910
1598710 908
1598720 906
1598730 902
1598740 899
1598750 896
1598760 892
1598770 888
1598780 885
1598790 881
1598800 877
1598810 872
1598820 868
1598830 862
1598840 857
1598850 851
1598860 845
1598870 838
1598880 832
1598890 826
1598900 824
1598910 826
1598920 831
1598930 836
1598940 841
1598950 846
1598960 851
1598970 858
1598980 864
1598990 870
1599000 874
1599010 878
1599020 882
1599030 886
1599040 890
1599050 894
1599060 897
1599070 900
1599080 902
1599090 904
1599100 905
1599110 907
1599120 907
1599130 907
1599140 907
1599150 907
1599160 906
1599170 906
1599180 905
1599190 904
1599200 904
1599210 903
1599220 902
1599230 901
1599240 900
1599250 899
1599260 898
1599270 897
1599280 895
1599290 894
1599300 892
1599310 889
1599320 887
1599330 885
1599340 883
1599350 881
1599360 880
1599370 878
1599380 876
1599390 873
1599400 871
1599410 870
1599420 867
1599430 865
1599440 862
1599450 860
1599460 858
1599470 855
1599480 852
1599490 848
1599500 845
1599510 842
1599520 839
1599530 835
1599540 832
1599550 827
1599560 821
1599570 814
1599580 808
1599590 801
1599600 794
1599610 789
1599620 787
1599630 787
1599640 788
1599650 787
1599660 784
1599670 781
1599680 778
1599690 774
1599700 773
1599710 772
1599720 770
1599730 769
1599740 767
1599750 765
1599760 763
1599770 762
1599780 760
1599790 759
1599800 758
1599810 758
1599820 758
1599830 758
1599840 758
1599850 757
1599860 757
1599870 758
1599880 758
1599890 759
1599900 759
1599910 760
1599920 760
1599930 760
1599940 760
1599950 761
1599960 762
1599970 765
1599980 768
1599990 773
