1580000 1164
1580010 1167
1580020 1171
1580030 1176
1580040 1181
1580050 1187
1580060 1193
1580070 1199
1580080 1205
1580090 1209
1580100 1214
1580110 1218
1580120 1224
1580130 1229
1580140 1234
1580150 1238
1580160 1240
1580170 1242
1580180 1243
1580190 1243
1580200 1244
1580210 1245
1580220 1246
1580230 1247
1580240 1248
1580250 1250
1580260 1251
1580270 1252
1580280 1254
1580290 1255
1580300 1257
1580310 1260
1580320 1262
1580330 1264
1580340 1267
1580350 1270
1580360 1272
1580370 1274
1580380 1274
1580390 1274
1580400 1275
1580410 1276
1580420 1277
1580430 1279
1580440 1279
1580450 1281
1580460 1282
1580470 1283
1580480 1285
1580490 1287
1580500 1289
1580510 1292
1580520 1295
1580530 1298
1580540 1302
1580550 1306
1580560 1310
1580570 1313
1580580 1317
1580590 1321
1580600 1325
1580610 1329
1580620 1333
1580630 1336
1580640 1340
1580650 1344
1580660 1348
1580670 1352
1580680 1356
1580690 1360
1580700 1365
1580710 1369
1580720 1373
1580730 1378
1580740 1382
1580750 1386
1580760 1390
1580770 1395
1580780 1399
1580790 1402
1580800 1406
1580810 1410
1580820 1414
1580830 1417
1580840 1421
1580850 1425
1580860 1428
1580870 1429
1580880 1430
1580890 1430
1580900 1430
1580910 1430
1580920 1430
1580930 1430
1580940 1431
1580950 1432
1580960 1432
1580970 1432
1580980 1432
1580990 1433
1581000 1433
1581010 1433
1581020 1434
1581030 1435
1581040 1435
1581050 1436
1581060 1437
1581070 1438
1581080 1439
1581090 1440
1581100 1440
1581110 1441
1581120 1441
1581130 1440
1581140 1439
1581150 1435
1581160 1430
1581170 1423
1581180 1418
1581190 1412
1581200 1407
1581210 1402
1581220 1397
1581230 1392
1581240 1388
1581250 1383
1581260 1379
1581270 1374
1581280 1370
1581290 1366
1581300 1361
1581310 1357
1581320 1353
1581330 1348
1581340 1344
1581350 1340
1581360 1335
1581370 1331
1581380 1327
1581390 1323
1581400 1319
1581410 1315
1581420 1311
1581430 1307
1581440 1304
1581450 1300
1581460 1297
1581470 1293
1581480 1290
1581490 1287
1581500 1283
1581510 1280
1581520 1276
1581530 1272
1581540 1269
1581550 1267
1581560 1266
1581570 1263
1581580 1259
1581590 1255
1581600 1252
1581610 1250
1581620 1247
1581630 1244
1581640 1241
1581650 1239
1581660 1236
1581670 1234
1581680 1231
1581690 1229
1581700 1226
1581710 1225
1581720 1224
1581730 1223
1581740 1221
1581750 1219
1581760 1218
1581770 1216
1581780 1214
1581790 1213
1581800 1212
1581810 1210
1581820 1209
1581830 1207
1581840 1206
1581850 1204
1581860 1203
1581870 1201
1581880 1200
1581890 1199
1581900 1197
1581910 1196
1581920 1195
1581930 1194
1581940 1193
1581950 1193
1581960 1192
1581970 1191
1581980 1190
1581990 1190
1582000 1189
1582010 1189
1582020 1189
1582030 1189
1582040 1189
1582050 1188
1582060 1187
1582070 1186
1582080 1185
1582090 1183
1582100 1182
1582110 1181
1582120 1179
1582130 1177
1582140 1175
1582150 1173
1582160 1171
1582170 1168
1582180 1166
1582190 1163
1582200 1160
1582210 1157
1582220 1153
1582230 1149
1582240 1146
1582250 1142
1582260 1139
1582270 1135
1582280 1132
1582290 1129
1582300 1126
1582310 1123
1582320 1120
1582330 1118
1582340 1117
1582350 1115
1582360 1113
1582370 1109
1582380 1105
1582390 1100
1582400 1096
1582410 1092
1582420 1089
1582430 1085
1582440 1082
1582450 1079
1582460 1077
1582470 1075
1582480 1073
1582490 1072
1582500 1069
1582510 1066
1582520 1063
1582530 1060
1582540 1057
1582550 1055
1582560 1053
1582570 1053
1582580 1053
1582590 1053
1582600 1053
1582610 1052
1582620 1050
1582630 1048
1582640 1047
1582650 1047
1582660 1045
1582670 1043
1582680 1040
1582690 1037
1582700 1033
1582710 1031
1582720 1028
1582730 1027
1582740 1026
1582750 1025
1582760 1025
1582770 1025
1582780 1025
1582790 1025
1582800 1026
1582810 1026
1582820 1025
1582830 1025
1582840 1025
1582850 1025
1582860 1025
1582870 1025
1582880 1025
1582890 1025
1582900 1025
1582910 1025
1582920 1025
1582930 1025
1582940 1026
1582950 1026
1582960 1026
1582970 1027
1582980 1027
1582990 1027
1583000 1028
1583010 1028
1583020 1029
1583030 1029
1583040 1029
1583050 1030
1583060 1030
1583070 1030
1583080 1030
1583090 1030
1583100 1030
1583110 1030
1583120 1030
1583130 1030
1583140 1030
1583150 1030
1583160 1030
1583170 1030
1583180 1030
1583190 1030
1583200 1030
1583210 1030
1583220 1030
1583230 1030
1583240 1030
1583250 1031
1583260 1031
1583270 1031
1583280 1031
1583290 1031
1583300 1032
1583310 1033
1583320 1035
1583330 1037
1583340 1040
1583350 1044
1583360 1048
1583370 1051
1583380 1055
1583390 1059
1583400 1061
1583410 1060
1583420 1060
1583430 1060
1583440 1059
1583450 1059
1583460 1060
1583470 1062
1583480 1062
1583490 1063
1583500 1065
1583510 1067
1583520 1070
1583530 1072
1583540 1075
1583550 1079
1583560 1082
1583570 1085
1583580 1089
1583590 1093
1583600 1097
1583610 1101
1583620 1106
1583630 1111
1583640 1116
1583650 1121
1583660 1127
1583670 1133
1583680 1139
1583690 1146
1583700 1152
1583710 1159
1583720 1166
1583730 1172
1583740 1177
1583750 1181
1583760 1184
1583770 1187
1583780 1190
1583790 1194
1583800 1197
1583810 1201
1583820 1204
1583830 1208
1583840 1211
1583850 1215
1583860 1218
1583870 1222
1583880 1226
1583890 1228
1583900 1228
1583910 1227
1583920 1224
1583930 1220
1583940 1216
1583950 1212
1583960 1208
1583970 1204
1583980 1201
1583990 1197
1584000 1192
1584010 1188
1584020 1184
1584030 1180
1584040 1177
1584050 1175
1584060 1173
1584070 1171
1584080 1169
1584090 1167
1584100 1164
1584110 1161
1584120 1159
1584130 1158
1584140 1156
1584150 1155
1584160 1154
1584170 1153
1584180 1152
1584190 1152
1584200 1151
1584210 1149
1584220 1145
1584230 1141
1584240 1139
1584250 1143
1584260 1147
1584270 1151
1584280 1154
1584290 1156
1584300 1157
1584310 1158
1584320 1159
1584330 1160
1584340 1160
1584350 1159
1584360 1159
1584370 1159
1584380 1160
1584390 1161
1584400 1162
1584410 1160
1584420 1157
1584430 1154
1584440 1152
1584450 1150
1584460 1149
1584470 1147
1584480 1148
1584490 1149
1584500 1151
1584510 1154
1584520 1156
1584530 1157
1584540 1159
1584550 1161
1584560 1164
1584570 1167
1584580 1172
1584590 1176
1584600 1180
1584610 1182
1584620 1183
1584630 1183
1584640 1181
1584650 1179
1584660 1176
1584670 1175
1584680 1174
1584690 1173
1584700 1174
1584710 1175
1584720 1178
1584730 1180
1584740 1182
1584750 1184
1584760 1185
1584770 1187
1584780 1189
1584790 1192
1584800 1195
1584810 1199
1584820 1202
1584830 1205
1584840 1209
1584850 1213
1584860 1216
1584870 1219
1584880 1222
1584890 1223
1584900 1224
1584910 1225
1584920 1226
1584930 1229
1584940 1232
1584950 1234
1584960 1237
1584970 1240
1584980 1243
1584990 1246
1585000 1249
1585010 1252
1585020 1256
1585030 1260
1585040 1264
1585050 1268
1585060 1272
1585070 1277
1585080 1281
1585090 1289
1585100 1296
1585110 1301
1585120 1300
1585130 1300
1585140 1299
1585150 1299
1585160 1298
1585170 1297
1585180 1296
1585190 1295
1585200 1294
1585210 1292
1585220 1290
1585230 1287
1585240 1284
1585250 1282
1585260 1278
1585270 1275
1585280 1272
1585290 1271
1585300 1272
1585310 1274
1585320 1275
1585330 1275
1585340 1275
1585350 1273
1585360 1272
1585370 1271
1585380 1269
1585390 1265
1585400 1261
1585410 1256
1585420 1251
1585430 1245
1585440 1240
1585450 1234
1585460 1228
1585470 1223
1585480 1217
1585490 1211
1585500 1205
1585510 1200
1585520 1194
1585530 1188
1585540 1183
1585550 1177
1585560 1172
1585570 1166
1585580 1161
1585590 1156
1585600 1151
1585610 1148
1585620 1145
1585630 1142
1585640 1139
1585650 1136
1585660 1133
1585670 1129
1585680 1126
1585690 1122
1585700 1119
1585710 1115
1585720 1112
1585730 1109
1585740 1106
1585750 1103
1585760 1102
1585770 1099
1585780 1097
1585790 1094
1585800 1091
1585810 1088
1585820 1084
1585830 1080
1585840 1075
1585850 1070
1585860 1066
1585870 1063
1585880 1061
1585890 1060
1585900 1058
1585910 1056
1585920 1055
1585930 1054
1585940 1052
1585950 1051
1585960 1049
1585970 1046
1585980 1042
1585990 1039
1586000 1038
1586010 1040
1586020 1044
1586030 1047
1586040 1050
1586050 1051
1586060 1052
1586070 1053
1586080 1055
1586090 1056
1586100 1057
1586110 1058
1586120 1058
1586130 1058
1586140 1058
1586150 1057
1586160 1056
1586170 1055
1586180 1053
1586190 1050
1586200 1047
1586210 1044
1586220 1040
1586230 1036
1586240 1032
1586250 1028
1586260 1023
1586270 1018
1586280 1015
1586290 1011
1586300 1007
1586310 1003
1586320 1000
1586330 996
1586340 992
1586350 988
1586360 984
1586370 980
1586380 976
1586390 972
1586400 967
1586410 964
1586420 960
1586430 955
1586440 951
1586450 946
1586460 942
1586470 938
1586480 935
1586490 932
1586500 930
1586510 927
1586520 925
1586530 922
1586540 919
1586550 916
1586560 913
1586570 911
1586580 908
1586590 905
1586600 903
1586610 900
1586620 898
1586630 896
1586640 894
1586650 892
1586660 890
1586670 887
1586680 884
1586690 881
1586700 878
1586710 875
1586720 872
1586730 870
1586740 867
1586750 864
1586760 862
1586770 860
1586780 858
1586790 856
1586800 854
1586810 852
1586820 850
1586830 849
1586840 847
1586850 846
1586860 844
1586870 843
1586880 841
1586890 839
1586900 838
1586910 837
1586920 835
1586930 834
1586940 833
1586950 832
1586960 831
1586970 829
1586980 828
1586990 824
1587000 821
1587010 819
1587020 817
1587030 814
1587040 811
1587050 809
1587060 806
1587070 803
1587080 801
1587090 799
1587100 797
1587110 794
1587120 792
1587130 790
1587140 788
1587150 785
1587160 782
1587170 779
1587180 776
1587190 773
1587200 770
1587210 766
1587220 763
1587230 760
1587240 757
1587250 754
1587260 752
1587270 749
1587280 746
1587290 744
1587300 742
1587310 741
1587320 741
1587330 741
1587340 740
1587350 739
1587360 737
1587370 737
1587380 738
1587390 740
1587400 741
1587410 743
1587420 746
1587430 749
1587440 753
1587450 758
1587460 763
1587470 768
1587480 773
1587490 778
1587500 782
1587510 787
1587520 792
1587530 797
1587540 803
1587550 809
1587560 815
1587570 821
1587580 827
1587590 832
1587600 835
1587610 837
1587620 839
1587630 840
1587640 842
1587650 844
1587660 848
1587670 853
1587680 858
1587690 862
1587700 866
1587710 870
1587720 873
1587730 877
1587740 880
1587750 883
1587760 885
1587770 888
1587780 890
1587790 892
1587800 895
1587810 897
1587820 899
1587830 901
1587840 903
1587850 905
1587860 908
1587870 911
1587880 914
1587890 917
1587900 920
1587910 923
1587920 926
1587930 928
1587940 929
1587950 931
1587960 932
1587970 933
1587980 933
1587990 932
1588000 931
1588010 931
1588020 931
1588030 931
1588040 932
1588050 933
1588060 934
1588070 934
1588080 935
1588090 935
1588100 935
1588110 935
1588120 935
1588130 934
1588140 934
1588150 934
1588160 934
1588170 933
1588180 933
1588190 932
1588200 931
1588210 931
1588220 930
1588230 930
1588240 929
1588250 928
1588260 927
1588270 926
1588280 924
1588290 923
1588300 922
1588310 921
1588320 920
1588330 919
1588340 917
1588350 915
1588360 915
1588370 915
1588380 915
1588390 916
1588400 916
1588410 914
1588420 911
1588430 905
1588440 899
1588450 896
1588460 894
1588470 900
1588480 905
1588490 910
1588500 914
1588510 918
1588520 922
1588530 928
1588540 932
1588550 935
1588560 936
1588570 935
1588580 933
1588590 932
1588600 931
1588610 931
1588620 931
1588630 931
1588640 932
1588650 934
1588660 935
1588670 936
1588680 938
1588690 940
1588700 941
1588710 943
1588720 945
1588730 946
1588740 948
1588750 950
1588760 952
1588770 953
1588780 954
1588790 956
1588800 957
1588810 958
1588820 958
1588830 957
1588840 956
1588850 956
1588860 957
1588870 959
1588880 962
1588890 965
1588900 968
1588910 970
1588920 972
1588930 974
1588940 975
1588950 977
1588960 979
1588970 980
1588980 982
1588990 984
1589000 985
1589010 987
1589020 989
1589030 991
1589040 993
1589050 994
1589060 995
1589070 996
1589080 998
1589090 1000
1589100 1002
1589110 1004
1589120 1007
1589130 1009
1589140 1011
1589150 1013
1589160 1015
1589170 1016
1589180 1018
1589190 1020
1589200 1022
1589210 1024
1589220 1026
1589230 1028
1589240 1030
1589250 1032
1589260 1033
1589270 1035
1589280 1037
1589290 1038
1589300 1040
1589310 1043
1589320 1046
1589330 1049
1589340 1053
1589350 1056
1589360 1059
1589370 1062
1589380 1064
1589390 1067
1589400 1069
1589410 1071
1589420 1074
1589430 1076
1589440 1078
1589450 1080
1589460 1082
1589470 1084
1589480 1086
1589490 1089
1589500 1091
1589510 1093
1589520 1095
1589530 1097
1589540 1099
1589550 1101
1589560 1104
1589570 1106
1589580 1109
1589590 1111
1589600 1114
1589610 1118
1589620 1121
1589630 1125
1589640 1128
1589650 1131
1589660 1134
1589670 1137
1589680 1140
1589690 1142
1589700 1146
1589710 1149
1589720 1154
1589730 1159
1589740 1164
1589750 1169
1589760 1174
1589770 1179
1589780 1184
1589790 1188
1589800 1193
1589810 1198
1589820 1203
1589830 1208
1589840 1212
1589850 1217
1589860 1223
1589870 1228
1589880 1233
1589890 1239
1589900 1243
1589910 1247
1589920 1247
1589930 1244
1589940 1240
1589950 1235
1589960 1230
1589970 1226
1589980 1221
1589990 1217
1590000 1214
1590010 1213
1590020 1213
1590030 1212
1590040 1208
1590050 1203
1590060 1197
1590070 1192
1590080 1185
1590090 1181
1590100 1177
1590110 1177
1590120 1177
1590130 1177
1590140 1177
1590150 1176
1590160 1173
1590170 1170
1590180 1167
1590190 1164
1590200 1161
1590210 1157
1590220 1153
1590230 1150
1590240 1148
1590250 1148
1590260 1148
1590270 1149
1590280 1149
1590290 1148
1590300 1147
1590310 1146
1590320 1144
1590330 1142
1590340 1140
1590350 1138
1590360 1137
1590370 1135
1590380 1133
1590390 1131
1590400 1129
1590410 1127
1590420 1125
1590430 1123
1590440 1120
1590450 1118
1590460 1117
1590470 1117
1590480 1116
1590490 1115
1590500 1115
1590510 1116
1590520 1117
1590530 1119
1590540 1120
1590550 1121
1590560 1121
1590570 1120
1590580 1118
1590590 1116
1590600 1114
1590610 1112
1590620 1111
1590630 1109
1590640 1107
1590650 1106
1590660 1104
1590670 1102
1590680 1100
1590690 1099
1590700 1097
1590710 1095
1590720 1093
1590730 1091
1590740 1089
1590750 1087
1590760 1085
1590770 1083
1590780 1081
1590790 1079
1590800 1078
1590810 1076
1590820 1075
1590830 1073
1590840 1071
1590850 1069
1590860 1067
1590870 1064
1590880 1062
1590890 1061
1590900 1059
1590910 1057
1590920 1055
1590930 1053
1590940 1051
1590950 1049
1590960 1047
1590970 1045
1590980 1042
1590990 1039
1591000 1036
1591010 1033
1591020 1031
1591030 1028
1591040 1026
1591050 1024
1591060 1023
1591070 1023
1591080 1024
1591090 1026
1591100 1027
1591110 1027
1591120 1026
1591130 1025
1591140 1025
1591150 1025
1591160 1025
1591170 1024
1591180 1023
1591190 1021
1591200 1020
1591210 1017
1591220 1015
1591230 1013
1591240 1010
1591250 1007
1591260 1004
1591270 1002
1591280 1000
1591290 998
1591300 996
1591310 994
1591320 992
1591330 990
1591340 987
1591350 985
1591360 983
1591370 981
1591380 979
1591390 977
1591400 974
1591410 972
1591420 970
1591430 967
1591440 965
1591450 964
1591460 962
1591470 962
1591480 962
1591490 962
1591500 961
1591510 960
1591520 958
1591530 955
1591540 953
1591550 952
1591560 948
1591570 947
1591580 947
1591590 947
1591600 948
1591610 949
1591620 950
1591630 949
1591640 949
1591650 949
1591660 948
1591670 949
1591680 949
1591690 949
1591700 950
1591710 950
1591720 950
1591730 950
1591740 949
1591750 949
1591760 948
1591770 948
1591780 947
1591790 946
1591800 945
1591810 945
1591820 943
1591830 941
1591840 937
1591850 935
1591860 935
1591870 935
1591880 936
1591890 936
1591900 935
1591910 934
1591920 931
1591930 929
1591940 927
1591950 925
1591960 922
1591970 919
1591980 916
1591990 913
1592000 910
1592010 907
1592020 902
1592030 896
1592040 891
1592050 888
1592060 886
1592070 885
1592080 885
1592090 886
1592100 886
1592110 888
1592120 888
1592130 888
1592140 888
1592150 888
1592160 888
1592170 887
1592180 887
1592190 886
1592200 884
1592210 884
1592220 884
1592230 884
1592240 883
1592250 881
1592260 879
1592270 878
1592280 877
1592290 877
1592300 877
1592310 877
1592320 878
1592330 879
1592340 881
1592350 884
1592360 888
1592370 891
1592380 895
1592390 898
1592400 900
1592410 902
1592420 903
1592430 904
1592440 907
1592450 910
1592460 913
1592470 915
1592480 917
1592490 918
1592500 919
1592510 920
1592520 920
1592530 920
1592540 920
1592550 920
1592560 920
1592570 919
1592580 917
1592590 916
1592600 916
1592610 916
1592620 918
1592630 920
1592640 923
1592650 926
1592660 930
1592670 934
1592680 936
1592690 937
1592700 936
1592710 936
1592720 935
1592730 935
1592740 936
1592750 937
1592760 937
1592770 937
1592780 937
1592790 937
1592800 937
1592810 938
1592820 939
1592830 940
1592840 941
1592850 941
1592860 942
1592870 942
1592880 943
1592890 943
1592900 943
1592910 942
1592920 939
1592930 937
1592940 936
1592950 935
1592960 934
1592970 933
1592980 932
1592990 932
1593000 932
1593010 932
1593020 933
1593030 935
1593040 937
1593050 939
1593060 940
1593070 941
1593080 940
1593090 941
1593100 942
1593110 943
1593120 944
1593130 946
1593140 946
1593150 947
1593160 947
1593170 949
1593180 950
1593190 950
1593200 951
1593210 952
1593220 953
1593230 954
1593240 956
1593250 957
1593260 958
1593270 958
1593280 958
1593290 958
1593300 958
1593310 958
1593320 958
1593330 957
1593340 957
1593350 957
1593360 957
1593370 957
1593380 957
1593390 957
1593400 956
1593410 953
1593420 950
1593430 947
1593440 944
1593450 941
1593460 939
1593470 937
1593480 935
1593490 933
1593500 932
1593510 931
1593520 929
1593530 925
1593540 921
1593550 916
1593560 911
1593570 908
1593580 905
1593590 904
1593600 903
1593610 903
1593620 905
1593630 907
1593640 909
1593650 910
1593660 911
1593670 911
1593680 910
1593690 908
1593700 906
1593710 904
1593720 902
1593730 900
1593740 899
1593750 897
1593760 897
1593770 898
1593780 899
1593790 900
1593800 901
1593810 901
1593820 900
1593830 897
1593840 893
1593850 889
1593860 887
1593870 885
1593880 884
1593890 883
1593900 883
1593910 883
1593920 884
1593930 886
1593940 888
1593950 891
1593960 893
1593970 896
1593980 896
1593990 896
1594000 895
1594010 894
1594020 894
1594030 894
1594040 894
1594050 895
1594060 897
1594070 899
1594080 900
1594090 901
1594100 902
1594110 902
1594120 903
1594130 904
1594140 904
1594150 904
1594160 903
1594170 901
1594180 898
1594190 896
1594200 894
1594210 893
1594220 892
1594230 893
1594240 894
1594250 894
1594260 893
1594270 891
1594280 890
1594290 888
1594300 886
1594310 885
1594320 885
1594330 884
1594340 884
1594350 883
1594360 883
1594370 881
1594380 881
1594390 880
1594400 880
1594410 880
1594420 880
1594430 880
1594440 880
1594450 879
1594460 879
1594470 877
1594480 875
1594490 873
1594500 873
1594510 873
1594520 873
1594530 873
1594540 872
1594550 871
1594560 870
1594570 869
1594580 867
1594590 860
1594600 855
1594610 850
1594620 845
1594630 841
1594640 836
1594650 832
1594660 827
1594670 823
1594680 818
1594690 814
1594700 810
1594710 806
1594720 802
1594730 797
1594740 792
1594750 787
1594760 782
1594770 777
1594780 771
1594790 766
1594800 761
1594810 757
1594820 753
1594830 748
1594840 744
1594850 740
1594860 738
1594870 737
1594880 737
1594890 737
1594900 736
1594910 734
1594920 732
1594930 730
1594940 728
1594950 726
1594960 723
1594970 721
1594980 719
1594990 718
1595000 717
1595010 717
1595020 716
1595030 715
1595040 714
1595050 711
1595060 708
1595070 705
1595080 702
1595090 700
1595100 699
1595110 699
1595120 699
1595130 699
1595140 699
1595150 700
1595160 701
1595170 701
1595180 700
1595190 700
1595200 700
1595210 700
1595220 699
1595230 699
1595240 700
1595250 701
1595260 701
1595270 702
1595280 704
1595290 706
1595300 708
1595310 710
1595320 711
1595330 711
1595340 711
1595350 711
1595360 711
1595370 710
1595380 708
1595390 707
1595400 706
1595410 705
1595420 702
1595430 698
1595440 696
1595450 695
1595460 695
1595470 694
1595480 693
1595490 692
1595500 690
1595510 689
1595520 688
1595530 687
1595540 686
1595550 686
1595560 686
1595570 686
1595580 688
1595590 689
1595600 690
1595610 690
1595620 690
1595630 690
1595640 691
1595650 691
1595660 691
1595670 691
1595680 692
1595690 693
1595700 694
1595710 695
1595720 695
1595730 694
1595740 693
1595750 689
1595760 685
1595770 680
1595780 676
1595790 672
1595800 668
1595810 665
1595820 664
1595830 664
1595840 664
1595850 664
1595860 664
1595870 664
1595880 664
1595890 663
1595900 662
1595910 661
1595920 661
1595930 662
1595940 663
1595950 666
1595960 669
1595970 673
1595980 676
1595990 678
1596000 680
1596010 682
1596020 685
1596030 687
1596040 689
1596050 691
1596060 695
1596070 699
1596080 703
1596090 707
1596100 711
1596110 715
1596120 720
1596130 725
1596140 730
1596150 733
1596160 735
1596170 737
1596180 736
1596190 735
1596200 732
1596210 729
1596220 728
1596230 730
1596240 734
1596250 739
1596260 744
1596270 748
1596280 752
1596290 755
1596300 753
1596310 751
1596320 751
1596330 752
1596340 752
1596350 753
1596360 755
1596370 756
1596380 756
1596390 755
1596400 756
1596410 759
1596420 762
1596430 763
1596440 764
1596450 765
1596460 766
1596470 766
1596480 766
1596490 766
1596500 763
1596510 762
1596520 761
1596530 766
1596540 771
1596550 775
1596560 779
1596570 784
1596580 788
1596590 792
1596600 796
1596610 800
1596620 803
1596630 807
1596640 810
1596650 814
1596660 818
1596670 821
1596680 825
1596690 829
1596700 832
1596710 836
1596720 838
1596730 840
1596740 841
1596750 843
1596760 845
1596770 847
1596780 848
1596790 850
1596800 852
1596810 853
1596820 855
1596830 856
1596840 858
1596850 859
1596860 859
1596870 860
1596880 861
1596890 862
1596900 864
1596910 865
1596920 866
1596930 867
1596940 868
1596950 869
1596960 870
1596970 872
1596980 874
1596990 876
1597000 879
1597010 881
1597020 882
1597030 883
1597040 884
1597050 885
1597060 887
1597070 889
1597080 892
1597090 894
1597100 896
1597110 898
1597120 900
1597130 901
1597140 903
1597150 906
1597160 908
1597170 910
1597180 912
1597190 912
1597200 911
1597210 910
1597220 909
1597230 908
1597240 907
1597250 905
1597260 904
1597270 903
1597280 901
1597290 900
1597300 899
1597310 896
1597320 894
1597330 890
1597340 888
1597350 884
1597360 881
1597370 876
1597380 872
1597390 867
1597400 864
1597410 860
1597420 855
1597430 850
1597440 845
1597450 840
1597460 836
1597470 834
1597480 832
1597490 831
1597500 829
1597510 827
1597520 825
1597530 827
1597540 830
1597550 833
1597560 834
1597570 835
1597580 835
1597590 839
1597600 844
1597610 850
1597620 854
1597630 856
1597640 856
1597650 856
1597660 857
1597670 856
1597680 854
1597690 848
1597700 842
1597710 836
1597720 830
1597730 824
1597740 818
1597750 813
1597760 813
1597770 817
1597780 824
1597790 831
1597800 837
1597810 844
1597820 850
1597830 855
1597840 860
1597850 861
1597860 863
1597870 864
1597880 864
1597890 862
1597900 860
1597910 858
1597920 855
1597930 851
1597940 848
1597950 846
1597960 845
1597970 844
1597980 847
1597990 851
1598000 856
1598010 859
1598020 861
1598030 864
1598040 866
1598050 869
1598060 871
1598070 874
1598080 876
1598090 878
1598100 880
1598110 884
1598120 889
1598130 894
1598140 898
1598150 902
1598160 904
1598170 906
1598180 908
1598190 911
1598200 914
1598210 917
1598220 919
1598230 921
1598240 921
1598250 921
1598260 921
1598270 921
1598280 921
1598290 921
1598300 920
1598310 920
1598320 919
1598330 919
1598340 919
1598350 919
1598360 918
1598370 916
1598380 914
1598390 912
1598400 911
1598410 911
1598420 910
1598430 910
1598440 910
1598450 909
1598460 907
1598470 906
1598480 905
1598490 905
1598500 905
1598510 905
1598520 905
1598530 904
1598540 902
1598550 900
1598560 897
1598570 893
1598580 890
1598590 887
1598600 883
1598610 880
1598620 877
1598630 873
1598640 870
1598650 867
1598660 863
1598670 859
1598680 855
1598690 852
1598700 849
1598710 845
1598720 842
1598730 840
1598740 838
1598750 838
1598760 837
1598770 837
1598780 837
1598790 836
1598800 836
1598810 835
1598820 834
1598830 833
1598840 831
1598850 830
1598860 828
1598870 826
1598880 824
1598890 822
1598900 820
1598910 818
1598920 816
1598930 813
1598940 811
1598950 808
1598960 806
1598970 803
1598980 801
1598990 798
1599000 796
1599010 793
1599020 791
1599030 789
1599040 787
1599050 784
1599060 781
1599070 779
1599080 776
1599090 774
1599100 772
1599110 769
1599120 767
1599130 766
1599140 765
1599150 764
1599160 763
1599170 761
1599180 758
1599190 754
1599200 749
1599210 746
1599220 742
1599230 739
1599240 736
1599250 734
1599260 732
1599270 730
1599280 728
1599290 727
1599300 726
1599310 726
1599320 726
1599330 726
1599340 725
1599350 725
1599360 724
1599370 723
1599380 722
1599390 722
1599400 720
1599410 719
1599420 718
1599430 722
1599440 726
1599450 731
1599460 734
1599470 737
1599480 740
1599490 743
1599500 746
1599510 750
1599520 754
1599530 759
1599540 764
1599550 768
1599560 773
1599570 778
1599580 783
1599590 787
1599600 791
1599610 796
1599620 800
1599630 805
1599640 809
1599650 812
1599660 815
1599670 817
1599680 820
1599690 821
1599700 821
1599710 821
1599720 821
1599730 821
1599740 821
1599750 821
1599760 821
1599770 821
1599780 822
1599790 822
1599800 821
1599810 820
1599820 818
1599830 816
1599840 816
1599850 814
1599860 812
1599870 811
1599880 810
1599890 809
1599900 808
1599910 805
1599920 803
1599930 801
1599940 801
1599950 801
1599960 802
1599970 804
1599980 805
1599990 806
