1580000 1147
1580010 1150
1580020 1152
1580030 1155
1580040 1157
1580050 1160
1580060 1162
1580070 1165
1580080 1167
1580090 1170
1580100 1173
1580110 1176
1580120 1178
1580130 1181
1580140 1184
1580150 1187
1580160 1190
1580170 1194
1580180 1198
1580190 1202
1580200 1206
1580210 1209
1580220 1213
1580230 1216
1580240 1220
1580250 1223
1580260 1225
1580270 1227
1580280 1229
1580290 1230
1580300 1232
1580310 1234
1580320 1236
1580330 1237
1580340 1238
1580350 1238
1580360 1239
1580370 1239
1580380 1239
1580390 1239
1580400 1239
1580410 1239
1580420 1239
1580430 1239
1580440 1240
1580450 1240
1580460 1241
1580470 1241
1580480 1242
1580490 1244
1580500 1247
1580510 1250
1580520 1252
1580530 1255
1580540 1257
1580550 1258
1580560 1259
1580570 1260
1580580 1261
1580590 1261
1580600 1261
1580610 1259
1580620 1255
1580630 1251
1580640 1246
1580650 1241
1580660 1236
1580670 1231
1580680 1226
1580690 1222
1580700 1219
1580710 1217
1580720 1214
1580730 1212
1580740 1209
1580750 1207
1580760 1204
1580770 1201
1580780 1197
1580790 1193
1580800 1189
1580810 1184
1580820 1180
1580830 1176
1580840 1173
1580850 1170
1580860 1168
1580870 1167
1580880 1164
1580890 1162
1580900 1158
1580910 1157
1580920 1155
1580930 1154
1580940 1152
1580950 1149
1580960 1146
1580970 1143
1580980 1140
1580990 1138
1581000 1137
1581010 1136
1581020 1134
1581030 1132
1581040 1130
1581050 1128
1581060 1127
1581070 1126
1581080 1123
1581090 1121
1581100 1118
1581110 1115
1581120 1114
1581130 1111
1581140 1108
1581150 1104
1581160 1100
1581170 1097
1581180 1093
1581190 1090
1581200 1087
1581210 1083
1581220 1080
1581230 1077
1581240 1074
1581250 1071
1581260 1068
1581270 1066
1581280 1063
1581290 1062
1581300 1060
1581310 1058
1581320 1056
1581330 1054
1581340 1053
1581350 1052
1581360 1051
1581370 1050
1581380 1050
1581390 1049
1581400 1048
1581410 1047
1581420 1046
1581430 1045
1581440 1044
1581450 1043
1581460 1043
1581470 1042
1581480 1042
1581490 1041
1581500 1041
1581510 1041
1581520 1041
1581530 1041
1581540 1041
1581550 1041
1581560 1041
1581570 1041
1581580 1041
1581590 1041
1581600 1040
1581610 1040
1581620 1040
1581630 1039
1581640 1039
1581650 1039
1581660 1040
1581670 1040
1581680 1040
1581690 1040
1581700 1040
1581710 1040
1581720 1041
1581730 1041
1581740 1042
1581750 1042
1581760 1042
1581770 1042
1581780 1042
1581790 1043
1581800 1045
1581810 1047
1581820 1049
1581830 1050
1581840 1050
1581850 1050
1581860 1050
1581870 1052
1581880 1053
1581890 1053
1581900 1053
1581910 1054
1581920 1055
1581930 1057
1581940 1058
1581950 1059
1581960 1058
1581970 1059
1581980 1060
1581990 1062
1582000 1063
1582010 1062
1582020 1060
1582030 1057
1582040 1053
1582050 1050
1582060 1047
1582070 1043
1582080 1040
1582090 1038
1582100 1036
1582110 1036
1582120 1036
1582130 1036
1582140 1036
1582150 1037
1582160 1039
1582170 1042
1582180 1044
1582190 1047
1582200 1051
1582210 1055
1582220 1059
1582230 1063
1582240 1067
1582250 1071
1582260 1075
1582270 1079
1582280 1083
1582290 1086
1582300 1090
1582310 1093
1582320 1097
1582330 1099
1582340 1100
1582350 1099
1582360 1097
1582370 1094
1582380 1091
1582390 1088
1582400 1084
1582410 1081
1582420 1078
1582430 1077
1582440 1075
1582450 1073
1582460 1070
1582470 1067
1582480 1065
1582490 1063
1582500 1060
1582510 1058
1582520 1055
1582530 1053
1582540 1051
1582550 1049
1582560 1048
1582570 1048
1582580 1048
1582590 1050
1582600 1051
1582610 1053
1582620 1054
1582630 1055
1582640 1055
1582650 1055
1582660 1055
1582670 1056
1582680 1059
1582690 1063
1582700 1068
1582710 1071
1582720 1074
1582730 1078
1582740 1082
1582750 1086
1582760 1091
1582770 1096
1582780 1101
1582790 1106
1582800 1111
1582810 1116
1582820 1121
1582830 1124
1582840 1125
1582850 1126
1582860 1126
1582870 1127
1582880 1128
1582890 1129
1582900 1131
1582910 1133
1582920 1136
1582930 1139
1582940 1141
1582950 1144
1582960 1146
1582970 1149
1582980 1151
1582990 1153
1583000 1154
1583010 1155
1583020 1155
1583030 1154
1583040 1152
1583050 1151
1583060 1152
1583070 1154
1583080 1156
1583090 1158
1583100 1159
1583110 1160
1583120 1161
1583130 1162
1583140 1162
1583150 1162
1583160 1160
1583170 1159
1583180 1156
1583190 1153
1583200 1150
1583210 1147
1583220 1144
1583230 1142
1583240 1140
1583250 1139
1583260 1138
1583270 1137
1583280 1136
1583290 1135
1583300 1133
1583310 1130
1583320 1130
1583330 1131
1583340 1133
1583350 1136
1583360 1138
1583370 1140
1583380 1143
1583390 1145
1583400 1147
1583410 1149
1583420 1151
1583430 1153
1583440 1153
1583450 1153
1583460 1154
1583470 1154
1583480 1154
1583490 1153
1583500 1153
1583510 1153
1583520 1152
1583530 1151
1583540 1150
1583550 1149
1583560 1148
1583570 1148
1583580 1147
1583590 1146
1583600 1147
1583610 1148
1583620 1149
1583630 1150
1583640 1150
1583650 1151
1583660 1151
1583670 1152
1583680 1152
1583690 1153
1583700 1152
1583710 1151
1583720 1150
1583730 1149
1583740 1147
1583750 1146
1583760 1145
1583770 1144
1583780 1142
1583790 1141
1583800 1139
1583810 1137
1583820 1135
1583830 1133
1583840 1132
1583850 1131
1583860 1129
1583870 1128
1583880 1127
1583890 1125
1583900 1124
1583910 1122
1583920 1121
1583930 1119
1583940 1117
1583950 1115
1583960 1113
1583970 1111
1583980 1109
1583990 1107
1584000 1105
1584010 1103
1584020 1101
1584030 1099
1584040 1097
1584050 1096
1584060 1095
1584070 1094
1584080 1093
1584090 1092
1584100 1092
1584110 1091
1584120 1090
1584130 1089
1584140 1088
1584150 1087
1584160 1087
1584170 1087
1584180 1086
1584190 1086
1584200 1085
1584210 1084
1584220 1083
1584230 1082
1584240 1082
1584250 1083
1584260 1085
1584270 1086
1584280 1088
1584290 1089
1584300 1090
1584310 1091
1584320 1092
1584330 1093
1584340 1093
1584350 1093
1584360 1092
1584370 1091
1584380 1089
1584390 1087
1584400 1085
1584410 1082
1584420 1080
1584430 1077
1584440 1074
1584450 1071
1584460 1069
1584470 1067
1584480 1065
1584490 1064
1584500 1062
1584510 1060
1584520 1058
1584530 1056
1584540 1054
1584550 1052
1584560 1051
1584570 1050
1584580 1049
1584590 1048
1584600 1047
1584610 1046
1584620 1044
1584630 1043
1584640 1040
1584650 1038
1584660 1035
1584670 1032
1584680 1029
1584690 1027
1584700 1024
1584710 1022
1584720 1020
1584730 1018
1584740 1016
1584750 1014
1584760 1012
1584770 1009
1584780 1007
1584790 1004
1584800 1002
1584810 999
1584820 997
1584830 997
1584840 997
1584850 997
1584860 997
1584870 996
1584880 995
1584890 993
1584900 991
1584910 990
1584920 989
1584930 989
1584940 988
1584950 988
1584960 988
1584970 989
1584980 989
1584990 989
1585000 989
1585010 989
1585020 989
1585030 989
1585040 989
1585050 989
1585060 988
1585070 988
1585080 988
1585090 988
1585100 988
1585110 988
1585120 987
1585130 986
1585140 986
1585150 986
1585160 986
1585170 986
1585180 986
1585190 985
1585200 984
1585210 983
1585220 982
1585230 982
1585240 982
1585250 983
1585260 983
1585270 983
1585280 982
1585290 982
1585300 982
1585310 982
1585320 982
1585330 982
1585340 982
1585350 982
1585360 982
1585370 982
1585380 982
1585390 982
1585400 981
1585410 981
1585420 981
1585430 980
1585440 981
1585450 981
1585460 981
1585470 981
1585480 981
1585490 981
1585500 980
1585510 980
1585520 980
1585530 980
1585540 979
1585550 977
1585560 973
1585570 969
1585580 965
1585590 961
1585600 956
1585610 953
1585620 950
1585630 949
1585640 947
1585650 945
1585660 943
1585670 941
1585680 938
1585690 936
1585700 933
1585710 931
1585720 929
1585730 927
1585740 926
1585750 924
1585760 923
1585770 921
1585780 919
1585790 916
1585800 913
1585810 910
1585820 907
1585830 904
1585840 903
1585850 901
1585860 900
1585870 898
1585880 894
1585890 890
1585900 887
1585910 884
1585920 882
1585930 878
1585940 875
1585950 874
1585960 873
1585970 872
1585980 873
1585990 874
1586000 876
1586010 878
1586020 880
1586030 881
1586040 884
1586050 886
1586060 888
1586070 892
1586080 896
1586090 901
1586100 905
1586110 907
1586120 906
1586130 908
1586140 910
1586150 915
1586160 916
1586170 916
1586180 916
1586190 917
1586200 919
1586210 921
1586220 924
1586230 927
1586240 930
1586250 931
1586260 932
1586270 933
1586280 933
1586290 933
1586300 934
1586310 934
1586320 935
1586330 935
1586340 935
1586350 936
1586360 936
1586370 936
1586380 937
1586390 938
1586400 939
1586410 940
1586420 941
1586430 942
1586440 944
1586450 945
1586460 946
1586470 947
1586480 948
1586490 948
1586500 948
1586510 949
1586520 949
1586530 949
1586540 949
1586550 950
1586560 950
1586570 951
1586580 951
1586590 952
1586600 953
1586610 954
1586620 955
1586630 956
1586640 957
1586650 958
1586660 958
1586670 959
1586680 959
1586690 959
1586700 960
1586710 961
1586720 961
1586730 960
1586740 958
1586750 957
1586760 956
1586770 955
1586780 954
1586790 954
1586800 953
1586810 952
1586820 951
1586830 950
1586840 949
1586850 949
1586860 948
1586870 947
1586880 946
1586890 944
1586900 944
1586910 944
1586920 944
1586930 945
1586940 945
1586950 945
1586960 946
1586970 945
1586980 944
1586990 942
1587000 939
1587010 936
1587020 934
1587030 934
1587040 934
1587050 936
1587060 938
1587070 940
1587080 943
1587090 945
1587100 946
1587110 946
1587120 945
1587130 945
1587140 945
1587150 945
1587160 945
1587170 945
1587180 945
1587190 945
1587200 946
1587210 947
1587220 948
1587230 948
1587240 949
1587250 950
1587260 951
1587270 952
1587280 953
1587290 955
1587300 956
1587310 957
1587320 958
1587330 958
1587340 959
1587350 960
1587360 961
1587370 961
1587380 962
1587390 963
1587400 964
1587410 966
1587420 968
1587430 971
1587440 974
1587450 977
1587460 979
1587470 981
1587480 984
1587490 986
1587500 988
1587510 991
1587520 994
1587530 997
1587540 999
1587550 997
1587560 990
1587570 975
1587580 962
1587590 950
1587600 941
1587610 930
1587620 921
1587630 913
1587640 896
1587650 882
1587660 872
1587670 867
1587680 859
1587690 848
1587700 832
1587710 818
1587720 806
1587730 799
1587740 794
1587750 789
1587760 784
1587770 778
1587780 773
1587790 767
1587800 761
1587810 756
1587820 750
1587830 744
1587840 737
1587850 731
1587860 728
1587870 724
1587880 718
1587890 710
1587900 704
1587910 698
1587920 693
1587930 688
1587940 685
1587950 682
1587960 682
1587970 684
1587980 687
1587990 694
1588000 704
1588010 715
1588020 728
1588030 742
1588040 755
1588050 766
1588060 773
1588070 779
1588080 782
1588090 786
1588100 790
1588110 794
1588120 799
1588130 806
1588140 813
1588150 820
1588160 825
1588170 829
1588180 834
1588190 838
1588200 841
1588210 844
1588220 844
1588230 844
1588240 844
1588250 842
1588260 839
1588270 835
1588280 830
1588290 826
1588300 822
1588310 819
1588320 817
1588330 813
1588340 809
1588350 801
1588360 793
1588370 786
1588380 780
1588390 775
1588400 769
1588410 764
1588420 759
1588430 755
1588440 750
1588450 746
1588460 741
1588470 733
1588480 725
1588490 718
1588500 713
1588510 707
1588520 701
1588530 696
1588540 690
1588550 683
1588560 677
1588570 672
1588580 666
1588590 661
1588600 656
1588610 651
1588620 646
1588630 640
1588640 635
1588650 631
1588660 627
1588670 624
1588680 622
1588690 619
1588700 614
1588710 610
1588720 606
1588730 604
1588740 601
1588750 598
1588760 596
1588770 595
1588780 594
1588790 593
1588800 593
1588810 593
1588820 593
1588830 594
1588840 595
1588850 595
1588860 595
1588870 594
1588880 593
1588890 591
1588900 590
1588910 590
1588920 589
1588930 589
1588940 589
1588950 590
1588960 591
1588970 592
1588980 592
1588990 593
1589000 594
1589010 595
1589020 596
1589030 597
1589040 598
1589050 599
1589060 601
1589070 605
1589080 609
1589090 612
1589100 614
1589110 613
1589120 615
1589130 616
1589140 617
1589150 618
1589160 620
1589170 621
1589180 620
1589190 617
1589200 616
1589210 620
1589220 625
1589230 629
1589240 632
1589250 634
1589260 634
1589270 635
1589280 637
1589290 639
1589300 642
1589310 646
1589320 650
1589330 654
1589340 657
1589350 658
1589360 658
1589370 657
1589380 657
1589390 658
1589400 659
1589410 660
1589420 661
1589430 661
1589440 662
1589450 661
1589460 659
1589470 654
1589480 652
1589490 653
1589500 659
1589510 664
1589520 670
1589530 675
1589540 677
1589550 676
1589560 673
1589570 669
1589580 666
1589590 665
1589600 669
1589610 673
1589620 678
1589630 683
1589640 687
1589650 690
1589660 694
1589670 696
1589680 698
1589690 699
1589700 700
1589710 702
1589720 704
1589730 706
1589740 706
1589750 706
1589760 705
1589770 708
1589780 712
1589790 717
1589800 722
1589810 726
1589820 727
1589830 729
1589840 733
1589850 737
1589860 741
1589870 745
1589880 748
1589890 749
1589900 749
1589910 750
1589920 754
1589930 758
1589940 762
1589950 764
1589960 768
1589970 773
1589980 778
1589990 779
1590000 778
1590010 778
1590020 780
1590030 782
1590040 784
1590050 786
1590060 788
1590070 791
1590080 794
1590090 798
1590100 800
1590110 803
1590120 805
1590130 807
1590140 809
1590150 811
1590160 813
1590170 816
1590180 818
1590190 821
1590200 824
1590210 827
1590220 829
1590230 832
1590240 835
1590250 838
1590260 841
1590270 844
1590280 846
1590290 849
1590300 851
1590310 854
1590320 857
1590330 860
1590340 863
1590350 866
1590360 868
1590370 871
1590380 874
1590390 877
1590400 879
1590410 882
1590420 885
1590430 888
1590440 890
1590450 892
1590460 894
1590470 896
1590480 898
1590490 900
1590500 902
1590510 905
1590520 908
1590530 911
1590540 915
1590550 919
1590560 922
1590570 925
1590580 928
1590590 931
1590600 933
1590610 934
1590620 935
1590630 936
1590640 937
1590650 937
1590660 938
1590670 941
1590680 944
1590690 946
1590700 947
1590710 947
1590720 946
1590730 948
1590740 951
1590750 956
1590760 962
1590770 968
1590780 973
1590790 978
1590800 982
1590810 987
1590820 991
1590830 994
1590840 998
1590850 1001
1590860 1006
1590870 1009
1590880 1013
1590890 1017
1590900 1022
1590910 1027
1590920 1029
1590930 1031
1590940 1034
1590950 1037
1590960 1043
1590970 1048
1590980 1053
1590990 1058
1591000 1064
1591010 1070
1591020 1076
1591030 1083
1591040 1090
1591050 1096
1591060 1101
1591070 1104
1591080 1102
1591090 1100
1591100 1100
1591110 1103
1591120 1110
1591130 1117
1591140 1124
1591150 1126
1591160 1124
1591170 1118
1591180 1113
1591190 1109
1591200 1106
1591210 1105
1591220 1106
1591230 1109
1591240 1114
1591250 1119
1591260 1126
1591270 1134
1591280 1143
1591290 1151
1591300 1157
1591310 1162
1591320 1168
1591330 1174
1591340 1180
1591350 1187
1591360 1194
1591370 1201
1591380 1209
1591390 1216
1591400 1222
1591410 1230
1591420 1237
1591430 1244
1591440 1250
1591450 1258
1591460 1268
1591470 1280
1591480 1287
1591490 1289
1591500 1284
1591510 1277
1591520 1270
1591530 1265
1591540 1266
1591550 1269
1591560 1273
1591570 1268
1591580 1263
1591590 1259
1591600 1260
1591610 1262
1591620 1266
1591630 1275
1591640 1285
1591650 1295
1591660 1306
1591670 1314
1591680 1319
1591690 1316
1591700 1312
1591710 1311
1591720 1314
1591730 1317
1591740 1320
1591750 1321
1591760 1322
1591770 1321
1591780 1319
1591790 1319
1591800 1327
1591810 1339
1591820 1361
1591830 1375
1591840 1386
1591850 1395
1591860 1404
1591870 1415
1591880 1427
1591890 1434
1591900 1439
1591910 1442
1591920 1440
1591930 1435
1591940 1427
1591950 1422
1591960 1421
1591970 1422
1591980 1422
1591990 1418
1592000 1412
1592010 1406
1592020 1401
1592030 1402
1592040 1409
1592050 1422
1592060 1431
1592070 1437
1592080 1441
1592090 1440
1592100 1438
1592110 1438
1592120 1439
1592130 1437
1592140 1433
1592150 1433
1592160 1435
1592170 1438
1592180 1440
1592190 1443
1592200 1447
1592210 1451
1592220 1446
1592230 1438
1592240 1438
1592250 1444
1592260 1451
1592270 1459
1592280 1461
1592290 1460
1592300 1457
1592310 1455
1592320 1454
1592330 1454
1592340 1450
1592350 1448
1592360 1448
1592370 1450
1592380 1454
1592390 1459
1592400 1463
1592410 1464
1592420 1465
1592430 1468
1592440 1471
1592450 1475
1592460 1479
1592470 1494
1592480 1506
1592490 1514
1592500 1514
1592510 1515
1592520 1515
1592530 1514
1592540 1513
1592550 1513
1592560 1515
1592570 1514
1592580 1513
1592590 1511
1592600 1511
1592610 1513
1592620 1517
1592630 1525
1592640 1533
1592650 1541
1592660 1551
1592670 1563
1592680 1575
1592690 1585
1592700 1597
1592710 1610
1592720 1626
1592730 1650
1592740 1674
1592750 1695
1592760 1716
1592770 1732
1592780 1744
1592790 1752
1592800 1760
1592810 1767
1592820 1770
1592830 1772
1592840 1772
1592850 1769
1592860 1765
1592870 1761
1592880 1758
1592890 1755
1592900 1753
1592910 1751
1592920 1748
1592930 1743
1592940 1739
1592950 1738
1592960 1734
1592970 1729
1592980 1723
1592990 1711
1593000 1698
1593010 1683
1593020 1675
1593030 1675
1593040 1684
1593050 1693
1593060 1701
1593070 1707
1593080 1710
1593090 1715
1593100 1721
1593110 1729
1593120 1736
1593130 1742
1593140 1746
1593150 1746
1593160 1745
1593170 1746
1593180 1753
1593190 1762
1593200 1772
1593210 1775
1593220 1781
1593230 1789
1593240 1789
1593250 1792
1593260 1798
1593270 1805
1593280 1810
1593290 1812
1593300 1813
1593310 1810
1593320 1807
1593330 1803
1593340 1802
1593350 1803
1593360 1804
1593370 1804
1593380 1806
1593390 1808
1593400 1812
1593410 1815
1593420 1820
1593430 1825
1593440 1826
1593450 1828
1593460 1830
1593470 1829
1593480 1828
1593490 1827
1593500 1826
1593510 1826
1593520 1824
1593530 1816
1593540 1812
1593550 1809
1593560 1804
1593570 1801
1593580 1798
1593590 1793
1593600 1785
1593610 1777
1593620 1771
1593630 1769
1593640 1764
1593650 1757
1593660 1751
1593670 1746
1593680 1743
1593690 1739
1593700 1735
1593710 1730
1593720 1727
1593730 1722
1593740 1717
1593750 1711
1593760 1705
1593770 1700
1593780 1695
1593790 1689
1593800 1682
1593810 1675
1593820 1668
1593830 1659
1593840 1651
1593850 1645
1593860 1640
1593870 1636
1593880 1629
1593890 1622
1593900 1614
1593910 1607
1593920 1601
1593930 1595
1593940 1589
1593950 1584
1593960 1579
1593970 1574
1593980 1569
1593990 1564
1594000 1560
1594010 1555
1594020 1550
1594030 1545
1594040 1541
1594050 1536
1594060 1532
1594070 1528
1594080 1523
1594090 1519
1594100 1515
1594110 1511
1594120 1506
1594130 1502
1594140 1498
1594150 1494
1594160 1490
1594170 1486
1594180 1482
1594190 1478
1594200 1474
1594210 1470
1594220 1467
1594230 1463
1594240 1459
1594250 1455
1594260 1451
1594270 1447
1594280 1444
1594290 1440
1594300 1436
1594310 1432
1594320 1428
1594330 1425
1594340 1420
1594350 1416
1594360 1412
1594370 1408
1594380 1404
1594390 1400
1594400 1396
1594410 1392
1594420 1387
1594430 1383
1594440 1378
1594450 1373
1594460 1369
1594470 1364
1594480 1360
1594490 1356
1594500 1351
1594510 1347
1594520 1343
1594530 1339
1594540 1335
1594550 1330
1594560 1326
1594570 1321
1594580 1317
1594590 1312
1594600 1308
1594610 1304
1594620 1300
1594630 1296
1594640 1293
1594650 1290
1594660 1287
1594670 1285
1594680 1282
1594690 1279
1594700 1276
1594710 1273
1594720 1270
1594730 1267
1594740 1265
1594750 1263
1594760 1260
1594770 1258
1594780 1256
1594790 1254
1594800 1252
1594810 1250
1594820 1248
1594830 1246
1594840 1244
1594850 1242
1594860 1239
1594870 1237
1594880 1234
1594890 1232
1594900 1229
1594910 1227
1594920 1224
1594930 1221
1594940 1218
1594950 1215
1594960 1213
1594970 1210
1594980 1208
1594990 1205
1595000 1203
1595010 1200
1595020 1198
1595030 1196
1595040 1194
1595050 1191
1595060 1189
1595070 1187
1595080 1184
1595090 1182
1595100 1180
1595110 1178
1595120 1176
1595130 1173
1595140 1171
1595150 1169
1595160 1166
1595170 1164
1595180 1162
1595190 1159
1595200 1157
1595210 1154
1595220 1151
1595230 1149
1595240 1146
1595250 1144
1595260 1141
1595270 1139
1595280 1137
1595290 1135
1595300 1133
1595310 1131
1595320 1129
1595330 1127
1595340 1124
1595350 1122
1595360 1119
1595370 1116
1595380 1114
1595390 1111
1595400 1108
1595410 1106
1595420 1103
1595430 1101
1595440 1098
1595450 1096
1595460 1093
1595470 1091
1595480 1089
1595490 1087
1595500 1085
1595510 1083
1595520 1080
1595530 1078
1595540 1077
1595550 1075
1595560 1073
1595570 1072
1595580 1071
1595590 1070
1595600 1068
1595610 1067
1595620 1066
1595630 1064
1595640 1063
1595650 1061
1595660 1060
1595670 1059
1595680 1059
1595690 1058
1595700 1057
1595710 1056
1595720 1055
1595730 1054
1595740 1054
1595750 1053
1595760 1052
1595770 1052
1595780 1051
1595790 1050
1595800 1049
1595810 1049
1595820 1048
1595830 1046
1595840 1045
1595850 1042
1595860 1039
1595870 1036
1595880 1033
1595890 1030
1595900 1027
1595910 1024
1595920 1020
1595930 1017
1595940 1014
1595950 1011
1595960 1008
1595970 1004
1595980 1001
1595990 997
1596000 992
1596010 991
1596020 988
1596030 985
1596040 981
1596050 977
1596060 974
1596070 972
1596080 970
1596090 968
1596100 965
1596110 963
1596120 961
1596130 959
1596140 957
1596150 955
1596160 953
1596170 949
1596180 945
1596190 941
1596200 937
1596210 933
1596220 929
1596230 925
1596240 922
1596250 919
1596260 917
1596270 916
1596280 914
1596290 913
1596300 910
1596310 908
1596320 907
1596330 905
1596340 904
1596350 902
1596360 901
1596370 899
1596380 898
1596390 895
1596400 894
1596410 892
1596420 890
1596430 887
1596440 885
1596450 883
1596460 880
1596470 878
1596480 876
1596490 874
1596500 874
1596510 875
1596520 876
1596530 876
1596540 876
1596550 876
1596560 876
1596570 875
1596580 875
1596590 875
1596600 874
1596610 872
1596620 870
1596630 867
1596640 865
1596650 864
1596660 862
1596670 860
1596680 858
1596690 858
1596700 859
1596710 859
1596720 860
1596730 860
1596740 861
1596750 860
1596760 861
1596770 862
1596780 862
1596790 857
1596800 852
1596810 848
1596820 851
1596830 855
1596840 860
1596850 859
1596860 859
1596870 858
1596880 859
1596890 856
1596900 853
1596910 848
1596920 843
1596930 840
1596940 838
1596950 837
1596960 834
1596970 830
1596980 824
1596990 819
1597000 814
1597010 809
1597020 806
1597030 803
1597040 794
1597050 788
1597060 783
1597070 773
1597080 762
1597090 753
1597100 748
1597110 744
1597120 740
1597130 734
1597140 730
1597150 726
1597160 722
1597170 718
1597180 714
1597190 711
1597200 707
1597210 703
1597220 698
1597230 693
1597240 689
1597250 685
1597260 681
1597270 677
1597280 672
1597290 668
1597300 665
1597310 661
1597320 657
1597330 653
1597340 649
1597350 646
1597360 641
1597370 637
1597380 631
1597390 626
1597400 620
1597410 615
1597420 610
1597430 605
1597440 600
1597450 597
1597460 593
1597470 589
1597480 585
1597490 582
1597500 581
1597510 580
1597520 581
1597530 583
1597540 584
1597550 585
1597560 587
1597570 589
1597580 592
1597590 597
1597600 600
1597610 601
1597620 603
1597630 605
1597640 607
1597650 609
1597660 611
1597670 613
1597680 615
1597690 617
1597700 619
1597710 620
1597720 621
1597730 623
1597740 624
1597750 626
1597760 627
1597770 629
1597780 630
1597790 631
1597800 633
1597810 634
1597820 636
1597830 638
1597840 640
1597850 642
1597860 644
1597870 646
1597880 647
1597890 649
1597900 650
1597910 652
1597920 656
1597930 660
1597940 665
1597950 669
1597960 672
1597970 675
1597980 679
1597990 682
1598000 686
1598010 690
1598020 693
1598030 696
1598040 698
1598050 700
1598060 702
1598070 704
1598080 706
1598090 707
1598100 709
1598110 711
1598120 713
1598130 717
1598140 721
1598150 726
1598160 731
1598170 735
1598180 739
1598190 743
1598200 748
1598210 753
1598220 757
1598230 759
1598240 760
1598250 762
1598260 763
1598270 764
1598280 765
1598290 767
1598300 769
1598310 771
1598320 773
1598330 775
1598340 777
1598350 780
1598360 784
1598370 788
1598380 792
1598390 796
1598400 799
1598410 803
1598420 806
1598430 809
1598440 812
1598450 815
1598460 818
1598470 819
1598480 820
1598490 821
1598500 821
1598510 823
1598520 826
1598530 830
1598540 834
1598550 838
1598560 842
1598570 845
1598580 849
1598590 855
1598600 860
1598610 866
1598620 874
1598630 882
1598640 891
1598650 899
1598660 904
1598670 910
1598680 915
1598690 919
1598700 922
1598710 921
1598720 925
1598730 929
1598740 935
1598750 941
1598760 945
1598770 949
1598780 952
1598790 956
1598800 960
1598810 964
1598820 968
1598830 971
1598840 975
1598850 978
1598860 980
1598870 982
1598880 983
1598890 984
1598900 984
1598910 985
1598920 986
1598930 988
1598940 991
1598950 991
1598960 989
1598970 985
1598980 983
1598990 983
1599000 984
1599010 985
1599020 986
1599030 987
1599040 988
1599050 990
1599060 991
1599070 991
1599080 992
1599090 993
1599100 995
1599110 1000
1599120 1004
1599130 1006
1599140 1011
1599150 1017
1599160 1021
1599170 1023
1599180 1025
1599190 1028
1599200 1032
1599210 1035
1599220 1038
1599230 1038
1599240 1036
1599250 1035
1599260 1035
1599270 1037
1599280 1039
1599290 1042
1599300 1043
1599310 1044
1599320 1044
1599330 1049
1599340 1054
1599350 1059
1599360 1060
1599370 1061
1599380 1062
1599390 1065
1599400 1068
1599410 1072
1599420 1075
1599430 1077
1599440 1077
1599450 1075
1599460 1075
1599470 1077
1599480 1080
1599490 1083
1599500 1085
1599510 1088
1599520 1091
1599530 1094
1599540 1097
1599550 1101
1599560 1107
1599570 1113
1599580 1119
1599590 1121
1599600 1121
1599610 1121
1599620 1120
1599630 1118
1599640 1117
1599650 1115
1599660 1114
1599670 1114
1599680 1116
1599690 1119
1599700 1121
1599710 1123
1599720 1125
1599730 1127
1599740 1130
1599750 1133
1599760 1135
1599770 1138
1599780 1141
1599790 1143
1599800 1146
1599810 1148
1599820 1151
1599830 1153
1599840 1155
1599850 1155
1599860 1155
1599870 1154
1599880 1153
1599890 1152
1599900 1150
1599910 1149
1599920 1147
1599930 1145
1599940 1143
1599950 1141
1599960 1139
1599970 1138
1599980 1137
1599990 1136
