1580000 1124
1580010 1125
1580020 1126
1580030 1128
1580040 1130
1580050 1132
1580060 1134
1580070 1135
1580080 1137
1580090 1138
1580100 1140
1580110 1141
1580120 1142
1580130 1142
1580140 1143
1580150 1144
1580160 1145
1580170 1145
1580180 1145
1580190 1146
1580200 1146
1580210 1147
1580220 1148
1580230 1148
1580240 1149
1580250 1150
1580260 1152
1580270 1154
1580280 1156
1580290 1159
1580300 1160
1580310 1161
1580320 1160
1580330 1160
1580340 1159
1580350 1159
1580360 1163
1580370 1167
1580380 1170
1580390 1172
1580400 1174
1580410 1177
1580420 1181
1580430 1185
1580440 1189
1580450 1193
1580460 1198
1580470 1202
1580480 1207
1580490 1212
1580500 1215
1580510 1218
1580520 1220
1580530 1221
1580540 1223
1580550 1224
1580560 1226
1580570 1229
1580580 1230
1580590 1232
1580600 1233
1580610 1234
1580620 1235
1580630 1236
1580640 1236
1580650 1237
1580660 1237
1580670 1238
1580680 1238
1580690 1238
1580700 1238
1580710 1238
1580720 1237
1580730 1236
1580740 1235
1580750 1233
1580760 1231
1580770 1229
1580780 1225
1580790 1219
1580800 1212
1580810 1207
1580820 1203
1580830 1199
1580840 1195
1580850 1192
1580860 1189
1580870 1185
1580880 1182
1580890 1179
1580900 1175
1580910 1170
1580920 1165
1580930 1160
1580940 1155
1580950 1150
1580960 1145
1580970 1140
1580980 1136
1580990 1132
1581000 1128
1581010 1125
1581020 1123
1581030 1121
1581040 1118
1581050 1116
1581060 1112
1581070 1109
1581080 1106
1581090 1102
1581100 1099
1581110 1097
1581120 1094
1581130 1092
1581140 1089
1581150 1086
1581160 1084
1581170 1081
1581180 1078
1581190 1075
1581200 1073
1581210 1070
1581220 1068
1581230 1067
1581240 1066
1581250 1064
1581260 1063
1581270 1061
1581280 1059
1581290 1057
1581300 1056
1581310 1055
1581320 1053
1581330 1052
1581340 1051
1581350 1050
1581360 1049
1581370 1048
1581380 1047
1581390 1046
1581400 1045
1581410 1044
1581420 1043
1581430 1042
1581440 1042
1581450 1041
1581460 1041
1581470 1040
1581480 1040
1581490 1040
1581500 1040
1581510 1040
1581520 1041
1581530 1043
1581540 1044
1581550 1047
1581560 1050
1581570 1053
1581580 1053
1581590 1054
1581600 1056
1581610 1058
1581620 1059
1581630 1060
1581640 1061
1581650 1062
1581660 1063
1581670 1065
1581680 1068
1581690 1070
1581700 1071
1581710 1073
1581720 1074
1581730 1075
1581740 1076
1581750 1077
1581760 1078
1581770 1079
1581780 1080
1581790 1081
1581800 1082
1581810 1083
1581820 1084
1581830 1085
1581840 1086
1581850 1088
1581860 1091
1581870 1094
1581880 1098
1581890 1101
1581900 1104
1581910 1106
1581920 1106
1581930 1104
1581940 1101
1581950 1098
1581960 1095
1581970 1094
1581980 1092
1581990 1091
1582000 1087
1582010 1082
1582020 1077
1582030 1072
1582040 1067
1582050 1063
1582060 1058
1582070 1054
1582080 1053
1582090 1053
1582100 1055
1582110 1058
1582120 1061
1582130 1063
1582140 1066
1582150 1069
1582160 1072
1582170 1076
1582180 1079
1582190 1083
1582200 1086
1582210 1090
1582220 1093
1582230 1096
1582240 1099
1582250 1102
1582260 1106
1582270 1109
1582280 1112
1582290 1116
1582300 1119
1582310 1122
1582320 1125
1582330 1128
1582340 1131
1582350 1133
1582360 1135
1582370 1135
1582380 1135
1582390 1131
1582400 1128
1582410 1124
1582420 1120
1582430 1116
1582440 1113
1582450 1109
1582460 1106
1582470 1103
1582480 1099
1582490 1097
1582500 1094
1582510 1091
1582520 1088
1582530 1086
1582540 1084
1582550 1082
1582560 1080
1582570 1080
1582580 1083
1582590 1088
1582600 1093
1582610 1097
1582620 1100
1582630 1104
1582640 1107
1582650 1110
1582660 1112
1582670 1113
1582680 1114
1582690 1114
1582700 1114
1582710 1114
1582720 1114
1582730 1114
1582740 1114
1582750 1115
1582760 1116
1582770 1118
1582780 1119
1582790 1120
1582800 1121
1582810 1122
1582820 1123
1582830 1124
1582840 1125
1582850 1125
1582860 1126
1582870 1126
1582880 1128
1582890 1131
1582900 1133
1582910 1135
1582920 1137
1582930 1139
1582940 1140
1582950 1142
1582960 1144
1582970 1145
1582980 1147
1582990 1149
1583000 1151
1583010 1154
1583020 1156
1583030 1158
1583040 1161
1583050 1164
1583060 1166
1583070 1167
1583080 1168
1583090 1170
1583100 1171
1583110 1171
1583120 1171
1583130 1171
1583140 1172
1583150 1172
1583160 1172
1583170 1172
1583180 1172
1583190 1171
1583200 1171
1583210 1170
1583220 1170
1583230 1169
1583240 1169
1583250 1169
1583260 1169
1583270 1168
1583280 1168
1583290 1168
1583300 1168
1583310 1168
1583320 1168
1583330 1168
1583340 1168
1583350 1167
1583360 1167
1583370 1167
1583380 1168
1583390 1168
1583400 1169
1583410 1169
1583420 1170
1583430 1170
1583440 1171
1583450 1171
1583460 1171
1583470 1170
1583480 1170
1583490 1169
1583500 1168
1583510 1168
1583520 1168
1583530 1168
1583540 1168
1583550 1167
1583560 1166
1583570 1164
1583580 1163
1583590 1162
1583600 1161
1583610 1160
1583620 1158
1583630 1156
1583640 1154
1583650 1150
1583660 1146
1583670 1142
1583680 1137
1583690 1132
1583700 1128
1583710 1123
1583720 1119
1583730 1115
1583740 1111
1583750 1108
1583760 1104
1583770 1101
1583780 1098
1583790 1095
1583800 1092
1583810 1089
1583820 1086
1583830 1083
1583840 1081
1583850 1079
1583860 1077
1583870 1075
1583880 1073
1583890 1071
1583900 1069
1583910 1068
1583920 1066
1583930 1065
1583940 1063
1583950 1062
1583960 1061
1583970 1061
1583980 1060
1583990 1060
1584000 1060
1584010 1059
1584020 1058
1584030 1056
1584040 1055
1584050 1053
1584060 1051
1584070 1049
1584080 1047
1584090 1046
1584100 1045
1584110 1044
1584120 1044
1584130 1043
1584140 1043
1584150 1042
1584160 1042
1584170 1042
1584180 1042
1584190 1042
1584200 1042
1584210 1042
1584220 1041
1584230 1041
1584240 1040
1584250 1040
1584260 1039
1584270 1039
1584280 1039
1584290 1039
1584300 1039
1584310 1039
1584320 1039
1584330 1038
1584340 1038
1584350 1038
1584360 1038
1584370 1037
1584380 1037
1584390 1037
1584400 1037
1584410 1037
1584420 1038
1584430 1038
1584440 1039
1584450 1040
1584460 1040
1584470 1040
1584480 1038
1584490 1035
1584500 1032
1584510 1029
1584520 1026
1584530 1023
1584540 1020
1584550 1019
1584560 1017
1584570 1015
1584580 1013
1584590 1011
1584600 1009
1584610 1007
1584620 1005
1584630 1002
1584640 1001
1584650 1000
1584660 998
1584670 996
1584680 995
1584690 994
1584700 994
1584710 993
1584720 993
1584730 993
1584740 992
1584750 992
1584760 993
1584770 993
1584780 993
1584790 993
1584800 993
1584810 993
1584820 992
1584830 991
1584840 990
1584850 990
1584860 990
1584870 989
1584880 989
1584890 989
1584900 989
1584910 989
1584920 989
1584930 989
1584940 989
1584950 989
1584960 989
1584970 988
1584980 988
1584990 987
1585000 987
1585010 986
1585020 986
1585030 986
1585040 987
1585050 987
1585060 987
1585070 986
1585080 986
1585090 985
1585100 985
1585110 985
1585120 985
1585130 985
1585140 985
1585150 985
1585160 984
1585170 984
1585180 985
1585190 985
1585200 986
1585210 985
1585220 985
1585230 984
1585240 982
1585250 982
1585260 982
1585270 982
1585280 983
1585290 985
1585300 986
1585310 987
1585320 987
1585330 985
1585340 984
1585350 984
1585360 983
1585370 983
1585380 982
1585390 982
1585400 982
1585410 982
1585420 982
1585430 981
1585440 979
1585450 974
1585460 968
1585470 963
1585480 957
1585490 953
1585500 949
1585510 946
1585520 944
1585530 943
1585540 943
1585550 941
1585560 939
1585570 937
1585580 936
1585590 934
1585600 930
1585610 927
1585620 924
1585630 921
1585640 920
1585650 918
1585660 917
1585670 916
1585680 914
1585690 911
1585700 908
1585710 905
1585720 902
1585730 900
1585740 898
1585750 897
1585760 894
1585770 889
1585780 886
1585790 884
1585800 883
1585810 883
1585820 883
1585830 884
1585840 885
1585850 887
1585860 890
1585870 893
1585880 896
1585890 898
1585900 900
1585910 901
1585920 901
1585930 902
1585940 904
1585950 907
1585960 912
1585970 915
1585980 918
1585990 921
1586000 925
1586010 927
1586020 929
1586030 931
1586040 933
1586050 936
1586060 938
1586070 939
1586080 939
1586090 939
1586100 939
1586110 939
1586120 940
1586130 940
1586140 941
1586150 941
1586160 942
1586170 944
1586180 945
1586190 946
1586200 947
1586210 948
1586220 951
1586230 954
1586240 957
1586250 959
1586260 960
1586270 961
1586280 962
1586290 963
1586300 964
1586310 965
1586320 967
1586330 968
1586340 969
1586350 971
1586360 973
1586370 975
1586380 977
1586390 980
1586400 982
1586410 985
1586420 987
1586430 989
1586440 989
1586450 990
1586460 990
1586470 991
1586480 993
1586490 994
1586500 996
1586510 997
1586520 998
1586530 1000
1586540 1002
1586550 1003
1586560 1005
1586570 1007
1586580 1008
1586590 1009
1586600 1011
1586610 1013
1586620 1016
1586630 1019
1586640 1022
1586650 1024
1586660 1026
1586670 1028
1586680 1028
1586690 1027
1586700 1025
1586710 1023
1586720 1020
1586730 1017
1586740 1014
1586750 1011
1586760 1008
1586770 1005
1586780 1002
1586790 998
1586800 995
1586810 992
1586820 989
1586830 987
1586840 985
1586850 984
1586860 982
1586870 981
1586880 979
1586890 977
1586900 975
1586910 972
1586920 970
1586930 968
1586940 966
1586950 964
1586960 961
1586970 958
1586980 956
1586990 955
1587000 954
1587010 954
1587020 953
1587030 955
1587040 957
1587050 959
1587060 962
1587070 965
1587080 968
1587090 969
1587100 970
1587110 970
1587120 970
1587130 970
1587140 969
1587150 970
1587160 970
1587170 971
1587180 972
1587190 972
1587200 971
1587210 970
1587220 968
1587230 966
1587240 964
1587250 962
1587260 960
1587270 959
1587280 957
1587290 956
1587300 955
1587310 954
1587320 953
1587330 953
1587340 953
1587350 955
1587360 957
1587370 959
1587380 960
1587390 960
1587400 960
1587410 961
1587420 963
1587430 966
1587440 967
1587450 969
1587460 970
1587470 970
1587480 969
1587490 965
1587500 960
1587510 953
1587520 949
1587530 947
1587540 948
1587550 947
1587560 942
1587570 931
1587580 921
1587590 913
1587600 907
1587610 896
1587620 885
1587630 874
1587640 867
1587650 860
1587660 852
1587670 840
1587680 825
1587690 811
1587700 802
1587710 790
1587720 777
1587730 764
1587740 757
1587750 751
1587760 746
1587770 741
1587780 735
1587790 730
1587800 726
1587810 722
1587820 718
1587830 710
1587840 704
1587850 699
1587860 693
1587870 686
1587880 679
1587890 672
1587900 668
1587910 666
1587920 667
1587930 672
1587940 677
1587950 683
1587960 688
1587970 693
1587980 698
1587990 703
1588000 708
1588010 713
1588020 718
1588030 724
1588040 730
1588050 736
1588060 742
1588070 748
1588080 754
1588090 758
1588100 761
1588110 764
1588120 768
1588130 773
1588140 778
1588150 782
1588160 783
1588170 783
1588180 780
1588190 775
1588200 769
1588210 761
1588220 754
1588230 747
1588240 738
1588250 728
1588260 725
1588270 725
1588280 727
1588290 728
1588300 729
1588310 730
1588320 732
1588330 734
1588340 736
1588350 735
1588360 734
1588370 733
1588380 733
1588390 733
1588400 732
1588410 728
1588420 721
1588430 713
1588440 705
1588450 696
1588460 686
1588470 673
1588480 655
1588490 642
1588500 634
1588510 629
1588520 623
1588530 617
1588540 614
1588550 612
1588560 610
1588570 606
1588580 603
1588590 601
1588600 601
1588610 604
1588620 607
1588630 609
1588640 611
1588650 616
1588660 621
1588670 626
1588680 631
1588690 636
1588700 641
1588710 644
1588720 647
1588730 652
1588740 657
1588750 662
1588760 665
1588770 670
1588780 673
1588790 676
1588800 675
1588810 672
1588820 670
1588830 669
1588840 670
1588850 673
1588860 679
1588870 682
1588880 683
1588890 683
1588900 683
1588910 682
1588920 679
1588930 680
1588940 678
1588950 675
1588960 675
1588970 675
1588980 674
1588990 671
1589000 670
1589010 671
1589020 673
1589030 675
1589040 679
1589050 684
1589060 689
1589070 696
1589080 703
1589090 708
1589100 710
1589110 710
1589120 710
1589130 708
1589140 707
1589150 706
1589160 705
1589170 703
1589180 697
1589190 699
1589200 702
1589210 706
1589220 708
1589230 709
1589240 709
1589250 711
1589260 711
1589270 710
1589280 711
1589290 714
1589300 718
1589310 723
1589320 729
1589330 735
1589340 739
1589350 743
1589360 750
1589370 757
1589380 759
1589390 758
1589400 758
1589410 762
1589420 767
1589430 771
1589440 773
1589450 773
1589460 774
1589470 776
1589480 779
1589490 782
1589500 786
1589510 788
1589520 786
1589530 782
1589540 775
1589550 770
1589560 765
1589570 764
1589580 761
1589590 759
1589600 757
1589610 759
1589620 762
1589630 767
1589640 772
1589650 776
1589660 779
1589670 780
1589680 781
1589690 781
1589700 782
1589710 781
1589720 781
1589730 781
1589740 782
1589750 784
1589760 787
1589770 792
1589780 797
1589790 802
1589800 808
1589810 812
1589820 816
1589830 818
1589840 820
1589850 823
1589860 826
1589870 829
1589880 831
1589890 833
1589900 833
1589910 834
1589920 834
1589930 836
1589940 837
1589950 839
1589960 841
1589970 843
1589980 844
1589990 845
1590000 847
1590010 849
1590020 850
1590030 852
1590040 854
1590050 855
1590060 857
1590070 859
1590080 861
1590090 862
1590100 863
1590110 865
1590120 868
1590130 870
1590140 873
1590150 876
1590160 878
1590170 881
1590180 883
1590190 886
1590200 889
1590210 892
1590220 893
1590230 895
1590240 896
1590250 897
1590260 899
1590270 900
1590280 902
1590290 904
1590300 906
1590310 909
1590320 911
1590330 914
1590340 916
1590350 920
1590360 923
1590370 927
1590380 931
1590390 935
1590400 939
1590410 943
1590420 946
1590430 950
1590440 954
1590450 959
1590460 963
1590470 966
1590480 970
1590490 974
1590500 978
1590510 981
1590520 983
1590530 986
1590540 989
1590550 993
1590560 997
1590570 1002
1590580 1005
1590590 1007
1590600 1011
1590610 1016
1590620 1022
1590630 1028
1590640 1027
1590650 1025
1590660 1022
1590670 1027
1590680 1037
1590690 1048
1590700 1056
1590710 1062
1590720 1067
1590730 1072
1590740 1073
1590750 1075
1590760 1077
1590770 1082
1590780 1087
1590790 1090
1590800 1094
1590810 1098
1590820 1103
1590830 1111
1590840 1113
1590850 1111
1590860 1103
1590870 1098
1590880 1097
1590890 1106
1590900 1114
1590910 1121
1590920 1127
1590930 1133
1590940 1140
1590950 1146
1590960 1155
1590970 1162
1590980 1167
1590990 1168
1591000 1170
1591010 1173
1591020 1178
1591030 1182
1591040 1187
1591050 1192
1591060 1199
1591070 1206
1591080 1214
1591090 1225
1591100 1235
1591110 1244
1591120 1250
1591130 1258
1591140 1266
1591150 1273
1591160 1288
1591170 1305
1591180 1320
1591190 1328
1591200 1333
1591210 1338
1591220 1343
1591230 1348
1591240 1352
1591250 1356
1591260 1354
1591270 1349
1591280 1336
1591290 1324
1591300 1313
1591310 1308
1591320 1307
1591330 1308
1591340 1311
1591350 1317
1591360 1325
1591370 1332
1591380 1334
1591390 1337
1591400 1341
1591410 1343
1591420 1342
1591430 1338
1591440 1329
1591450 1330
1591460 1337
1591470 1349
1591480 1355
1591490 1358
1591500 1356
1591510 1354
1591520 1355
1591530 1358
1591540 1362
1591550 1373
1591560 1388
1591570 1407
1591580 1420
1591590 1432
1591600 1448
1591610 1464
1591620 1479
1591630 1491
1591640 1501
1591650 1510
1591660 1517
1591670 1524
1591680 1532
1591690 1540
1591700 1546
1591710 1547
1591720 1545
1591730 1541
1591740 1541
1591750 1542
1591760 1545
1591770 1550
1591780 1554
1591790 1559
1591800 1562
1591810 1565
1591820 1567
1591830 1570
1591840 1574
1591850 1578
1591860 1582
1591870 1586
1591880 1590
1591890 1594
1591900 1596
1591910 1599
1591920 1602
1591930 1602
1591940 1601
1591950 1598
1591960 1598
1591970 1597
1591980 1597
1591990 1600
1592000 1602
1592010 1605
1592020 1610
1592030 1618
1592040 1628
1592050 1637
1592060 1647
1592070 1654
1592080 1656
1592090 1654
1592100 1650
1592110 1646
1592120 1645
1592130 1643
1592140 1640
1592150 1641
1592160 1644
1592170 1649
1592180 1657
1592190 1664
1592200 1670
1592210 1676
1592220 1679
1592230 1682
1592240 1683
1592250 1685
1592260 1687
1592270 1688
1592280 1689
1592290 1692
1592300 1695
1592310 1697
1592320 1698
1592330 1698
1592340 1698
1592350 1698
1592360 1698
1592370 1697
1592380 1697
1592390 1696
1592400 1696
1592410 1696
1592420 1696
1592430 1696
1592440 1697
1592450 1698
1592460 1699
1592470 1700
1592480 1701
1592490 1703
1592500 1705
1592510 1706
1592520 1707
1592530 1709
1592540 1710
1592550 1711
1592560 1712
1592570 1715
1592580 1719
1592590 1722
1592600 1723
1592610 1724
1592620 1726
1592630 1727
1592640 1727
1592650 1727
1592660 1726
1592670 1726
1592680 1726
1592690 1726
1592700 1727
1592710 1727
1592720 1727
1592730 1727
1592740 1727
1592750 1728
1592760 1728
1592770 1729
1592780 1729
1592790 1730
1592800 1730
1592810 1730
1592820 1731
1592830 1731
1592840 1731
1592850 1731
1592860 1732
1592870 1733
1592880 1734
1592890 1734
1592900 1735
1592910 1736
1592920 1736
1592930 1738
1592940 1739
1592950 1740
1592960 1741
1592970 1741
1592980 1741
1592990 1742
1593000 1743
1593010 1743
1593020 1745
1593030 1745
1593040 1746
1593050 1747
1593060 1748
1593070 1749
1593080 1750
1593090 1752
1593100 1753
1593110 1754
1593120 1754
1593130 1755
1593140 1757
1593150 1757
1593160 1759
1593170 1760
1593180 1761
1593190 1762
1593200 1764
1593210 1765
1593220 1767
1593230 1768
1593240 1769
1593250 1770
1593260 1771
1593270 1772
1593280 1774
1593290 1775
1593300 1777
1593310 1778
1593320 1779
1593330 1781
1593340 1783
1593350 1784
1593360 1786
1593370 1788
1593380 1789
1593390 1791
1593400 1792
1593410 1793
1593420 1794
1593430 1795
1593440 1796
1593450 1796
1593460 1797
1593470 1798
1593480 1798
1593490 1799
1593500 1800
1593510 1800
1593520 1800
1593530 1800
1593540 1799
1593550 1795
1593560 1788
1593570 1778
1593580 1769
1593590 1760
1593600 1750
1593610 1742
1593620 1734
1593630 1726
1593640 1719
1593650 1714
1593660 1708
1593670 1702
1593680 1697
1593690 1692
1593700 1686
1593710 1681
1593720 1676
1593730 1671
1593740 1665
1593750 1660
1593760 1654
1593770 1649
1593780 1645
1593790 1639
1593800 1634
1593810 1629
1593820 1623
1593830 1618
1593840 1613
1593850 1608
1593860 1603
1593870 1599
1593880 1594
1593890 1589
1593900 1585
1593910 1580
1593920 1575
1593930 1570
1593940 1566
1593950 1561
1593960 1557
1593970 1552
1593980 1548
1593990 1544
1594000 1540
1594010 1536
1594020 1532
1594030 1527
1594040 1523
1594050 1519
1594060 1515
1594070 1511
1594080 1507
1594090 1503
1594100 1499
1594110 1495
1594120 1491
1594130 1488
1594140 1484
1594150 1480
1594160 1477
1594170 1475
1594180 1472
1594190 1469
1594200 1466
1594210 1462
1594220 1459
1594230 1456
1594240 1452
1594250 1448
1594260 1444
1594270 1440
1594280 1437
1594290 1434
1594300 1432
1594310 1429
1594320 1426
1594330 1423
1594340 1420
1594350 1417
1594360 1414
1594370 1411
1594380 1407
1594390 1404
1594400 1401
1594410 1397
1594420 1394
1594430 1390
1594440 1387
1594450 1384
1594460 1381
1594470 1377
1594480 1374
1594490 1372
1594500 1370
1594510 1367
1594520 1365
1594530 1362
1594540 1360
1594550 1358
1594560 1355
1594570 1353
1594580 1351
1594590 1348
1594600 1346
1594610 1343
1594620 1341
1594630 1338
1594640 1336
1594650 1333
1594660 1331
1594670 1329
1594680 1327
1594690 1324
1594700 1322
1594710 1320
1594720 1317
1594730 1315
1594740 1312
1594750 1310
1594760 1307
1594770 1305
1594780 1302
1594790 1300
1594800 1297
1594810 1295
1594820 1293
1594830 1290
1594840 1288
1594850 1285
1594860 1282
1594870 1279
1594880 1276
1594890 1274
1594900 1271
1594910 1268
1594920 1265
1594930 1262
1594940 1259
1594950 1257
1594960 1255
1594970 1253
1594980 1250
1594990 1248
1595000 1245
1595010 1242
1595020 1239
1595030 1236
1595040 1234
1595050 1231
1595060 1228
1595070 1226
1595080 1223
1595090 1221
1595100 1218
1595110 1215
1595120 1213
1595130 1210
1595140 1207
1595150 1204
1595160 1202
1595170 1199
1595180 1197
1595190 1195
1595200 1194
1595210 1192
1595220 1191
1595230 1189
1595240 1188
1595250 1186
1595260 1184
1595270 1182
1595280 1180
1595290 1178
1595300 1176
1595310 1174
1595320 1172
1595330 1169
1595340 1167
1595350 1165
1595360 1163
1595370 1160
1595380 1158
1595390 1155
1595400 1153
1595410 1152
1595420 1150
1595430 1148
1595440 1147
1595450 1145
1595460 1144
1595470 1142
1595480 1141
1595490 1139
1595500 1138
1595510 1137
1595520 1135
1595530 1134
1595540 1132
1595550 1131
1595560 1129
1595570 1127
1595580 1124
1595590 1121
1595600 1117
1595610 1114
1595620 1112
1595630 1111
1595640 1109
1595650 1108
1595660 1106
1595670 1104
1595680 1102
1595690 1099
1595700 1097
1595710 1095
1595720 1094
1595730 1093
1595740 1092
1595750 1091
1595760 1090
1595770 1088
1595780 1086
1595790 1085
1595800 1083
1595810 1081
1595820 1079
1595830 1077
1595840 1075
1595850 1073
1595860 1072
1595870 1070
1595880 1067
1595890 1065
1595900 1061
1595910 1057
1595920 1051
1595930 1045
1595940 1037
1595950 1025
1595960 1015
1595970 1005
1595980 989
1595990 980
1596000 973
1596010 969
1596020 964
1596030 958
1596040 952
1596050 947
1596060 944
1596070 942
1596080 940
1596090 939
1596100 937
1596110 934
1596120 932
1596130 930
1596140 927
1596150 925
1596160 923
1596170 920
1596180 912
1596190 906
1596200 901
1596210 898
1596220 895
1596230 893
1596240 889
1596250 885
1596260 882
1596270 880
1596280 877
1596290 875
1596300 873
1596310 870
1596320 867
1596330 863
1596340 859
1596350 855
1596360 851
1596370 848
1596380 846
1596390 843
1596400 840
1596410 837
1596420 834
1596430 832
1596440 830
1596450 829
1596460 828
1596470 828
1596480 827
1596490 825
1596500 825
1596510 826
1596520 827
1596530 827
1596540 827
1596550 827
1596560 826
1596570 827
1596580 828
1596590 830
1596600 830
1596610 829
1596620 827
1596630 824
1596640 820
1596650 817
1596660 814
1596670 811
1596680 807
1596690 803
1596700 799
1596710 795
1596720 791
1596730 786
1596740 782
1596750 778
1596760 774
1596770 771
1596780 769
1596790 766
1596800 764
1596810 762
1596820 760
1596830 759
1596840 758
1596850 756
1596860 755
1596870 753
1596880 752
1596890 750
1596900 747
1596910 745
1596920 741
1596930 738
1596940 735
1596950 733
1596960 730
1596970 726
1596980 723
1596990 720
1597000 717
1597010 714
1597020 711
1597030 709
1597040 706
1597050 702
1597060 698
1597070 694
1597080 691
1597090 689
1597100 689
1597110 688
1597120 687
1597130 685
1597140 684
1597150 682
1597160 679
1597170 676
1597180 672
1597190 668
1597200 665
1597210 662
1597220 658
1597230 655
1597240 652
1597250 649
1597260 645
1597270 641
1597280 635
1597290 629
1597300 624
1597310 620
1597320 618
1597330 616
1597340 614
1597350 611
1597360 608
1597370 606
1597380 605
1597390 604
1597400 603
1597410 602
1597420 601
1597430 601
1597440 600
1597450 599
1597460 599
1597470 597
1597480 595
1597490 591
1597500 586
1597510 583
1597520 582
1597530 582
1597540 583
1597550 583
1597560 584
1597570 584
1597580 586
1597590 587
1597600 589
1597610 591
1597620 593
1597630 596
1597640 600
1597650 603
1597660 607
1597670 610
1597680 612
1597690 614
1597700 616
1597710 617
1597720 618
1597730 619
1597740 620
1597750 620
1597760 621
1597770 622
1597780 623
1597790 625
1597800 627
1597810 630
1597820 633
1597830 637
1597840 642
1597850 646
1597860 650
1597870 654
1597880 657
1597890 659
1597900 661
1597910 664
1597920 667
1597930 671
1597940 674
1597950 678
1597960 683
1597970 687
1597980 690
1597990 694
1598000 697
1598010 701
1598020 705
1598030 709
1598040 712
1598050 715
1598060 718
1598070 722
1598080 726
1598090 729
1598100 732
1598110 733
1598120 735
1598130 738
1598140 742
1598150 746
1598160 749
1598170 753
1598180 755
1598190 758
1598200 762
1598210 766
1598220 769
1598230 772
1598240 774
1598250 776
1598260 778
1598270 780
1598280 783
1598290 786
1598300 790
1598310 794
1598320 798
1598330 800
1598340 803
1598350 806
1598360 808
1598370 810
1598380 813
1598390 815
1598400 816
1598410 817
1598420 817
1598430 818
1598440 820
1598450 823
1598460 826
1598470 829
1598480 832
1598490 834
1598500 836
1598510 838
1598520 839
1598530 841
1598540 842
1598550 843
1598560 844
1598570 846
1598580 847
1598590 849
1598600 852
1598610 854
1598620 857
1598630 859
1598640 861
1598650 863
1598660 865
1598670 867
1598680 869
1598690 872
1598700 874
1598710 877
1598720 880
1598730 882
1598740 885
1598750 888
1598760 891
1598770 893
1598780 895
1598790 897
1598800 897
1598810 897
1598820 896
1598830 895
1598840 895
1598850 896
1598860 898
1598870 900
1598880 900
1598890 900
1598900 900
1598910 900
1598920 900
1598930 902
1598940 904
1598950 906
1598960 908
1598970 909
1598980 910
1598990 911
1599000 913
1599010 914
1599020 916
1599030 918
1599040 919
1599050 922
1599060 926
1599070 930
1599080 934
1599090 939
1599100 944
1599110 949
1599120 953
1599130 957
1599140 960
1599150 964
1599160 967
1599170 968
1599180 968
1599190 968
1599200 967
1599210 966
1599220 965
1599230 965
1599240 965
1599250 965
1599260 966
1599270 966
1599280 966
1599290 967
1599300 968
1599310 969
1599320 970
1599330 972
1599340 974
1599350 977
1599360 981
1599370 984
1599380 988
1599390 993
1599400 1000
1599410 1005
1599420 1010
1599430 1011
1599440 1012
1599450 1012
1599460 1012
1599470 1014
1599480 1017
1599490 1022
1599500 1026
1599510 1030
1599520 1033
1599530 1035
1599540 1037
1599550 1039
1599560 1042
1599570 1044
1599580 1046
1599590 1048
1599600 1049
1599610 1050
1599620 1049
1599630 1049
1599640 1049
1599650 1049
1599660 1051
1599670 1053
1599680 1056
1599690 1059
1599700 1061
1599710 1064
1599720 1066
1599730 1068
1599740 1070
1599750 1072
1599760 1073
1599770 1074
1599780 1074
1599790 1074
1599800 1073
1599810 1072
1599820 1071
1599830 1071
1599840 1073
1599850 1076
1599860 1076
1599870 1074
1599880 1067
1599890 1064
1599900 1063
1599910 1064
1599920 1060
1599930 1056
1599940 1051
1599950 1048
1599960 1047
1599970 1047
1599980 1049
1599990 1052
