1580000 1245
1580010 1245
1580020 1245
1580030 1244
1580040 1244
1580050 1243
1580060 1243
1580070 1242
1580080 1241
1580090 1240
1580100 1239
1580110 1239
1580120 1239
1580130 1238
1580140 1237
1580150 1236
1580160 1235
1580170 1234
1580180 1233
1580190 1232
1580200 1232
1580210 1231
1580220 1233
1580230 1234
1580240 1235
1580250 1234
1580260 1231
1580270 1228
1580280 1225
1580290 1222
1580300 1219
1580310 1216
1580320 1214
1580330 1213
1580340 1211
1580350 1211
1580360 1210
1580370 1208
1580380 1207
1580390 1207
1580400 1207
1580410 1208
1580420 1207
1580430 1206
1580440 1205
1580450 1206
1580460 1206
1580470 1207
1580480 1207
1580490 1206
1580500 1204
1580510 1203
1580520 1201
1580530 1198
1580540 1194
1580550 1190
1580560 1187
1580570 1184
1580580 1180
1580590 1177
1580600 1175
1580610 1175
1580620 1175
1580630 1176
1580640 1176
1580650 1176
1580660 1176
1580670 1175
1580680 1174
1580690 1171
1580700 1168
1580710 1165
1580720 1162
1580730 1158
1580740 1154
1580750 1150
1580760 1147
1580770 1142
1580780 1139
1580790 1139
1580800 1141
1580810 1141
1580820 1142
1580830 1141
1580840 1141
1580850 1142
1580860 1142
1580870 1143
1580880 1144
1580890 1147
1580900 1147
1580910 1146
1580920 1144
1580930 1141
1580940 1138
1580950 1136
1580960 1134
1580970 1133
1580980 1132
1580990 1131
1581000 1130
1581010 1128
1581020 1125
1581030 1123
1581040 1120
1581050 1116
1581060 1113
1581070 1110
1581080 1108
1581090 1105
1581100 1102
1581110 1100
1581120 1099
1581130 1097
1581140 1095
1581150 1093
1581160 1092
1581170 1092
1581180 1091
1581190 1090
1581200 1089
1581210 1087
1581220 1085
1581230 1082
1581240 1080
1581250 1078
1581260 1077
1581270 1076
1581280 1075
1581290 1074
1581300 1073
1581310 1071
1581320 1071
1581330 1070
1581340 1069
1581350 1069
1581360 1068
1581370 1068
1581380 1068
1581390 1067
1581400 1066
1581410 1066
1581420 1065
1581430 1065
1581440 1065
1581450 1064
1581460 1064
1581470 1064
1581480 1063
1581490 1062
1581500 1062
1581510 1061
1581520 1061
1581530 1060
1581540 1060
1581550 1059
1581560 1059
1581570 1058
1581580 1057
1581590 1057
1581600 1056
1581610 1056
1581620 1055
1581630 1054
1581640 1054
1581650 1053
1581660 1053
1581670 1052
1581680 1051
1581690 1051
1581700 1050
1581710 1050
1581720 1050
1581730 1049
1581740 1049
1581750 1048
1581760 1048
1581770 1048
1581780 1047
1581790 1047
1581800 1046
1581810 1046
1581820 1045
1581830 1045
1581840 1044
1581850 1044
1581860 1043
1581870 1043
1581880 1042
1581890 1042
1581900 1042
1581910 1041
1581920 1041
1581930 1040
1581940 1040
1581950 1039
1581960 1039
1581970 1039
1581980 1038
1581990 1038
1582000 1037
1582010 1037
1582020 1037
1582030 1036
1582040 1035
1582050 1035
1582060 1034
1582070 1034
1582080 1033
1582090 1032
1582100 1032
1582110 1031
1582120 1031
1582130 1030
1582140 1030
1582150 1030
1582160 1029
1582170 1029
1582180 1028
1582190 1028
1582200 1027
1582210 1027
1582220 1026
1582230 1026
1582240 1025
1582250 1025
1582260 1024
1582270 1024
1582280 1023
1582290 1023
1582300 1022
1582310 1022
1582320 1021
1582330 1021
1582340 1020
1582350 1020
1582360 1019
1582370 1019
1582380 1018
1582390 1018
1582400 1017
1582410 1017
1582420 1017
1582430 1016
1582440 1016
1582450 1015
1582460 1015
1582470 1014
1582480 1014
1582490 1014
1582500 1014
1582510 1013
1582520 1012
1582530 1012
1582540 1011
1582550 1011
1582560 1010
1582570 1009
1582580 1009
1582590 1009
1582600 1009
1582610 1009
1582620 1009
1582630 1009
1582640 1009
1582650 1009
1582660 1009
1582670 1008
1582680 1008
1582690 1008
1582700 1009
1582710 1010
1582720 1012
1582730 1016
1582740 1019
1582750 1022
1582760 1024
1582770 1027
1582780 1030
1582790 1033
1582800 1037
1582810 1040
1582820 1043
1582830 1047
1582840 1050
1582850 1053
1582860 1056
1582870 1060
1582880 1063
1582890 1067
1582900 1070
1582910 1072
1582920 1072
1582930 1070
1582940 1068
1582950 1065
1582960 1062
1582970 1060
1582980 1057
1582990 1055
1583000 1054
1583010 1054
1583020 1053
1583030 1052
1583040 1052
1583050 1051
1583060 1050
1583070 1049
1583080 1047
1583090 1046
1583100 1044
1583110 1043
1583120 1041
1583130 1040
1583140 1039
1583150 1038
1583160 1036
1583170 1034
1583180 1033
1583190 1031
1583200 1029
1583210 1028
1583220 1027
1583230 1027
1583240 1027
1583250 1026
1583260 1024
1583270 1021
1583280 1025
1583290 1030
1583300 1035
1583310 1039
1583320 1043
1583330 1046
1583340 1049
1583350 1050
1583360 1051
1583370 1051
1583380 1051
1583390 1051
1583400 1051
1583410 1051
1583420 1050
1583430 1050
1583440 1049
1583450 1048
1583460 1047
1583470 1046
1583480 1046
1583490 1046
1583500 1045
1583510 1044
1583520 1043
1583530 1041
1583540 1040
1583550 1038
1583560 1034
1583570 1029
1583580 1028
1583590 1032
1583600 1036
1583610 1039
1583620 1042
1583630 1045
1583640 1048
1583650 1051
1583660 1054
1583670 1057
1583680 1059
1583690 1060
1583700 1061
1583710 1061
1583720 1061
1583730 1060
1583740 1059
1583750 1057
1583760 1055
1583770 1052
1583780 1050
1583790 1047
1583800 1044
1583810 1041
1583820 1038
1583830 1035
1583840 1033
1583850 1030
1583860 1028
1583870 1027
1583880 1025
1583890 1025
1583900 1025
1583910 1027
1583920 1028
1583930 1029
1583940 1030
1583950 1031
1583960 1033
1583970 1034
1583980 1035
1583990 1037
1584000 1039
1584010 1040
1584020 1040
1584030 1040
1584040 1041
1584050 1041
1584060 1041
1584070 1040
1584080 1039
1584090 1036
1584100 1032
1584110 1029
1584120 1025
1584130 1022
1584140 1019
1584150 1015
1584160 1012
1584170 1009
1584180 1007
1584190 1004
1584200 1002
1584210 1000
1584220 998
1584230 996
1584240 995
1584250 994
1584260 994
1584270 993
1584280 993
1584290 993
1584300 993
1584310 993
1584320 993
1584330 993
1584340 992
1584350 992
1584360 991
1584370 990
1584380 990
1584390 989
1584400 988
1584410 988
1584420 987
1584430 987
1584440 987
1584450 986
1584460 986
1584470 985
1584480 985
1584490 984
1584500 984
1584510 983
1584520 982
1584530 982
1584540 982
1584550 981
1584560 981
1584570 981
1584580 981
1584590 980
1584600 980
1584610 980
1584620 980
1584630 980
1584640 979
1584650 979
1584660 979
1584670 979
1584680 978
1584690 978
1584700 978
1584710 978
1584720 978
1584730 977
1584740 977
1584750 976
1584760 976
1584770 976
1584780 976
1584790 976
1584800 975
1584810 975
1584820 975
1584830 975
1584840 975
1584850 974
1584860 974
1584870 974
1584880 974
1584890 974
1584900 973
1584910 973
1584920 973
1584930 972
1584940 971
1584950 970
1584960 968
1584970 967
1584980 965
1584990 963
1585000 962
1585010 960
1585020 959
1585030 957
1585040 956
1585050 955
1585060 955
1585070 955
1585080 955
1585090 956
1585100 956
1585110 956
1585120 956
1585130 956
1585140 956
1585150 955
1585160 955
1585170 955
1585180 955
1585190 954
1585200 954
1585210 953
1585220 953
1585230 952
1585240 952
1585250 951
1585260 950
1585270 950
1585280 949
1585290 949
1585300 948
1585310 948
1585320 947
1585330 947
1585340 946
1585350 944
1585360 941
1585370 939
1585380 938
1585390 937
1585400 938
1585410 939
1585420 940
1585430 941
1585440 941
1585450 940
1585460 939
1585470 939
1585480 939
1585490 938
1585500 936
1585510 934
1585520 932
1585530 930
1585540 930
1585550 929
1585560 928
1585570 929
1585580 929
1585590 927
1585600 923
1585610 918
1585620 913
1585630 909
1585640 906
1585650 905
1585660 905
1585670 905
1585680 905
1585690 906
1585700 906
1585710 906
1585720 906
1585730 907
1585740 908
1585750 910
1585760 911
1585770 912
1585780 912
1585790 912
1585800 912
1585810 912
1585820 911
1585830 911
1585840 910
1585850 909
1585860 907
1585870 906
1585880 905
1585890 904
1585900 903
1585910 901
1585920 900
1585930 899
1585940 898
1585950 896
1585960 893
1585970 891
1585980 889
1585990 887
1586000 886
1586010 884
1586020 882
1586030 880
1586040 879
1586050 880
1586060 883
1586070 887
1586080 892
1586090 895
1586100 896
1586110 893
1586120 890
1586130 888
1586140 886
1586150 885
1586160 886
1586170 887
1586180 888
1586190 889
1586200 889
1586210 890
1586220 890
1586230 891
1586240 891
1586250 890
1586260 888
1586270 883
1586280 880
1586290 876
1586300 874
1586310 874
1586320 874
1586330 873
1586340 870
1586350 867
1586360 863
1586370 861
1586380 858
1586390 855
1586400 852
1586410 852
1586420 852
1586430 852
1586440 853
1586450 853
1586460 855
1586470 857
1586480 860
1586490 863
1586500 864
1586510 865
1586520 865
1586530 865
1586540 864
1586550 864
1586560 863
1586570 860
1586580 857
1586590 855
1586600 852
1586610 850
1586620 850
1586630 848
1586640 847
1586650 846
1586660 846
1586670 846
1586680 847
1586690 848
1586700 849
1586710 850
1586720 851
1586730 851
1586740 851
1586750 851
1586760 851
1586770 851
1586780 849
1586790 847
1586800 845
1586810 843
1586820 841
1586830 839
1586840 838
1586850 837
1586860 836
1586870 835
1586880 835
1586890 835
1586900 834
1586910 834
1586920 834
1586930 833
1586940 832
1586950 832
1586960 831
1586970 831
1586980 830
1586990 830
1587000 830
1587010 830
1587020 829
1587030 829
1587040 829
1587050 828
1587060 828
1587070 829
1587080 828
1587090 827
1587100 827
1587110 827
1587120 826
1587130 826
1587140 824
1587150 823
1587160 822
1587170 821
1587180 821
1587190 820
1587200 820
1587210 820
1587220 819
1587230 818
1587240 817
1587250 816
1587260 815
1587270 813
1587280 812
1587290 811
1587300 810
1587310 810
1587320 809
1587330 808
1587340 807
1587350 807
1587360 807
1587370 807
1587380 807
1587390 808
1587400 809
1587410 810
1587420 811
1587430 812
1587440 812
1587450 812
1587460 811
1587470 810
1587480 809
1587490 806
1587500 806
1587510 807
1587520 810
1587530 811
1587540 813
1587550 815
1587560 819
1587570 821
1587580 821
1587590 817
1587600 817
1587610 820
1587620 825
1587630 827
1587640 827
1587650 826
1587660 824
1587670 823
1587680 822
1587690 821
1587700 819
1587710 816
1587720 812
1587730 811
1587740 810
1587750 808
1587760 809
1587770 809
1587780 810
1587790 812
1587800 814
1587810 817
1587820 817
1587830 818
1587840 818
1587850 820
1587860 822
1587870 826
1587880 830
1587890 834
1587900 839
1587910 844
1587920 849
1587930 851
1587940 851
1587950 849
1587960 846
1587970 843
1587980 841
1587990 839
1588000 837
1588010 833
1588020 830
1588030 826
1588040 822
1588050 818
1588060 815
1588070 812
1588080 811
1588090 810
1588100 810
1588110 808
1588120 806
1588130 803
1588140 802
1588150 804
1588160 808
1588170 813
1588180 816
1588190 817
1588200 818
1588210 821
1588220 823
1588230 825
1588240 825
1588250 825
1588260 826
1588270 826
1588280 826
1588290 827
1588300 827
1588310 827
1588320 828
1588330 830
1588340 832
1588350 835
1588360 837
1588370 839
1588380 839
1588390 840
1588400 839
1588410 838
1588420 836
1588430 834
1588440 831
1588450 828
1588460 825
1588470 821
1588480 819
1588490 818
1588500 817
1588510 816
1588520 815
1588530 817
1588540 820
1588550 823
1588560 823
1588570 823
1588580 821
1588590 820
1588600 817
1588610 813
1588620 808
1588630 803
1588640 798
1588650 796
1588660 794
1588670 794
1588680 796
1588690 799
1588700 799
1588710 798
1588720 795
1588730 792
1588740 791
1588750 792
1588760 793
1588770 794
1588780 795
1588790 795
1588800 796
1588810 796
1588820 795
1588830 792
1588840 788
1588850 785
1588860 783
1588870 782
1588880 783
1588890 785
1588900 786
1588910 787
1588920 787
1588930 787
1588940 786
1588950 783
1588960 779
1588970 774
1588980 769
1588990 765
1589000 761
1589010 757
1589020 754
1589030 752
1589040 749
1589050 746
1589060 745
1589070 744
1589080 745
1589090 746
1589100 747
1589110 746
1589120 745
1589130 744
1589140 741
1589150 739
1589160 737
1589170 734
1589180 732
1589190 729
1589200 726
1589210 725
1589220 725
1589230 723
1589240 720
1589250 717
1589260 714
1589270 711
1589280 707
1589290 701
1589300 695
1589310 691
1589320 687
1589330 682
1589340 673
1589350 662
1589360 650
1589370 645
1589380 643
1589390 644
1589400 642
1589410 637
1589420 630
1589430 624
1589440 621
1589450 622
1589460 625
1589470 628
1589480 633
1589490 638
1589500 638
1589510 636
1589520 632
1589530 630
1589540 628
1589550 626
1589560 625
1589570 626
1589580 629
1589590 632
1589600 630
1589610 626
1589620 621
1589630 616
1589640 609
1589650 599
1589660 591
1589670 584
1589680 578
1589690 577
1589700 576
1589710 575
1589720 574
1589730 574
1589740 574
1589750 575
1589760 576
1589770 579
1589780 585
1589790 591
1589800 596
1589810 601
1589820 606
1589830 610
1589840 614
1589850 616
1589860 617
1589870 618
1589880 621
1589890 625
1589900 630
1589910 633
1589920 630
1589930 625
1589940 619
1589950 619
1589960 618
1589970 618
1589980 619
1589990 624
1590000 632
1590010 640
1590020 641
1590030 638
1590040 635
1590050 632
1590060 630
1590070 632
1590080 637
1590090 643
1590100 648
1590110 654
1590120 659
1590130 665
1590140 671
1590150 677
1590160 684
1590170 692
1590180 697
1590190 698
1590200 693
1590210 688
1590220 684
1590230 683
1590240 685
1590250 687
1590260 687
1590270 690
1590280 692
1590290 694
1590300 699
1590310 703
1590320 707
1590330 711
1590340 714
1590350 718
1590360 722
1590370 725
1590380 729
1590390 733
1590400 736
1590410 738
1590420 738
1590430 737
1590440 739
1590450 744
1590460 746
1590470 746
1590480 745
1590490 746
1590500 747
1590510 747
1590520 745
1590530 738
1590540 734
1590550 736
1590560 737
1590570 737
1590580 737
1590590 739
1590600 743
1590610 748
1590620 751
1590630 752
1590640 753
1590650 756
1590660 762
1590670 768
1590680 774
1590690 779
1590700 785
1590710 793
1590720 799
1590730 805
1590740 809
1590750 810
1590760 812
1590770 813
1590780 815
1590790 816
1590800 817
1590810 818
1590820 824
1590830 830
1590840 836
1590850 840
1590860 845
1590870 849
1590880 853
1590890 856
1590900 859
1590910 861
1590920 863
1590930 865
1590940 868
1590950 871
1590960 875
1590970 878
1590980 880
1590990 882
1591000 883
1591010 886
1591020 889
1591030 894
1591040 898
1591050 901
1591060 903
1591070 904
1591080 905
1591090 908
1591100 912
1591110 915
1591120 919
1591130 924
1591140 932
1591150 939
1591160 947
1591170 953
1591180 959
1591190 964
1591200 969
1591210 975
1591220 980
1591230 986
1591240 991
1591250 996
1591260 1001
1591270 1007
1591280 1009
1591290 1008
1591300 1004
1591310 1000
1591320 996
1591330 993
1591340 991
1591350 990
1591360 994
1591370 998
1591380 1001
1591390 1000
1591400 996
1591410 992
1591420 992
1591430 998
1591440 1004
1591450 1010
1591460 1014
1591470 1020
1591480 1026
1591490 1033
1591500 1037
1591510 1038
1591520 1039
1591530 1039
1591540 1038
1591550 1038
1591560 1037
1591570 1036
1591580 1032
1591590 1034
1591600 1038
1591610 1044
1591620 1051
1591630 1058
1591640 1062
1591650 1061
1591660 1060
1591670 1059
1591680 1060
1591690 1065
1591700 1071
1591710 1076
1591720 1082
1591730 1088
1591740 1094
1591750 1095
1591760 1094
1591770 1092
1591780 1089
1591790 1087
1591800 1086
1591810 1085
1591820 1088
1591830 1092
1591840 1098
1591850 1103
1591860 1108
1591870 1112
1591880 1115
1591890 1119
1591900 1123
1591910 1130
1591920 1133
1591930 1135
1591940 1134
1591950 1133
1591960 1131
1591970 1129
1591980 1129
1591990 1130
1592000 1129
1592010 1129
1592020 1130
1592030 1135
1592040 1137
1592050 1140
1592060 1142
1592070 1143
1592080 1144
1592090 1144
1592100 1143
1592110 1143
1592120 1143
1592130 1145
1592140 1150
1592150 1154
1592160 1158
1592170 1162
1592180 1165
1592190 1167
1592200 1170
1592210 1173
1592220 1178
1592230 1183
1592240 1187
1592250 1192
1592260 1196
1592270 1199
1592280 1203
1592290 1208
1592300 1213
1592310 1217
1592320 1223
1592330 1229
1592340 1235
1592350 1240
1592360 1244
1592370 1248
1592380 1252
1592390 1257
1592400 1262
1592410 1267
1592420 1273
1592430 1283
1592440 1291
1592450 1298
1592460 1304
1592470 1309
1592480 1314
1592490 1320
1592500 1326
1592510 1331
1592520 1336
1592530 1341
1592540 1345
1592550 1350
1592560 1353
1592570 1357
1592580 1361
1592590 1365
1592600 1370
1592610 1374
1592620 1378
1592630 1382
1592640 1385
1592650 1388
1592660 1391
1592670 1393
1592680 1394
1592690 1392
1592700 1390
1592710 1389
1592720 1388
1592730 1384
1592740 1379
1592750 1377
1592760 1376
1592770 1376
1592780 1380
1592790 1387
1592800 1394
1592810 1398
1592820 1402
1592830 1404
1592840 1405
1592850 1405
1592860 1402
1592870 1394
1592880 1390
1592890 1388
1592900 1389
1592910 1387
1592920 1387
1592930 1389
1592940 1389
1592950 1388
1592960 1387
1592970 1384
1592980 1382
1592990 1383
1593000 1392
1593010 1400
1593020 1407
1593030 1413
1593040 1418
1593050 1423
1593060 1428
1593070 1429
1593080 1429
1593090 1429
1593100 1431
1593110 1429
1593120 1426
1593130 1422
1593140 1423
1593150 1424
1593160 1424
1593170 1423
1593180 1423
1593190 1426
1593200 1430
1593210 1434
1593220 1438
1593230 1439
1593240 1438
1593250 1435
1593260 1436
1593270 1437
1593280 1437
1593290 1438
1593300 1440
1593310 1441
1593320 1439
1593330 1434
1593340 1429
1593350 1425
1593360 1425
1593370 1428
1593380 1433
1593390 1439
1593400 1444
1593410 1448
1593420 1451
1593430 1454
1593440 1458
1593450 1462
1593460 1467
1593470 1472
1593480 1476
1593490 1482
1593500 1486
1593510 1490
1593520 1491
1593530 1492
1593540 1494
1593550 1503
1593560 1511
1593570 1518
1593580 1518
1593590 1517
1593600 1517
1593610 1520
1593620 1525
1593630 1530
1593640 1535
1593650 1542
1593660 1547
1593670 1548
1593680 1546
1593690 1548
1593700 1552
1593710 1561
1593720 1572
1593730 1583
1593740 1592
1593750 1597
1593760 1600
1593770 1603
1593780 1607
1593790 1610
1593800 1614
1593810 1617
1593820 1619
1593830 1619
1593840 1613
1593850 1607
1593860 1601
1593870 1596
1593880 1591
1593890 1586
1593900 1582
1593910 1577
1593920 1572
1593930 1567
1593940 1563
1593950 1558
1593960 1553
1593970 1549
1593980 1544
1593990 1540
1594000 1536
1594010 1531
1594020 1527
1594030 1523
1594040 1519
1594050 1514
1594060 1510
1594070 1506
1594080 1502
1594090 1498
1594100 1494
1594110 1490
1594120 1486
1594130 1482
1594140 1478
1594150 1474
1594160 1470
1594170 1466
1594180 1462
1594190 1458
1594200 1454
1594210 1450
1594220 1446
1594230 1442
1594240 1438
1594250 1434
1594260 1430
1594270 1426
1594280 1422
1594290 1418
1594300 1414
1594310 1411
1594320 1407
1594330 1402
1594340 1399
1594350 1395
1594360 1391
1594370 1387
1594380 1383
1594390 1380
1594400 1376
1594410 1372
1594420 1368
1594430 1364
1594440 1360
1594450 1356
1594460 1351
1594470 1347
1594480 1344
1594490 1340
1594500 1336
1594510 1332
1594520 1326
1594530 1320
1594540 1313
1594550 1308
1594560 1303
1594570 1298
1594580 1293
1594590 1287
1594600 1282
1594610 1276
1594620 1270
1594630 1265
1594640 1260
1594650 1256
1594660 1252
1594670 1248
1594680 1244
1594690 1241
1594700 1238
1594710 1235
1594720 1232
1594730 1228
1594740 1225
1594750 1222
1594760 1219
1594770 1217
1594780 1214
1594790 1211
1594800 1209
1594810 1206
1594820 1203
1594830 1200
1594840 1197
1594850 1194
1594860 1191
1594870 1188
1594880 1185
1594890 1181
1594900 1178
1594910 1175
1594920 1171
1594930 1168
1594940 1164
1594950 1160
1594960 1157
1594970 1153
1594980 1150
1594990 1146
1595000 1143
1595010 1139
1595020 1136
1595030 1132
1595040 1129
1595050 1126
1595060 1123
1595070 1120
1595080 1117
1595090 1114
1595100 1111
1595110 1108
1595120 1105
1595130 1102
1595140 1099
1595150 1096
1595160 1094
1595170 1091
1595180 1089
1595190 1086
1595200 1084
1595210 1081
1595220 1079
1595230 1076
1595240 1074
1595250 1071
1595260 1069
1595270 1066
1595280 1064
1595290 1062
1595300 1059
1595310 1057
1595320 1054
1595330 1052
1595340 1049
1595350 1047
1595360 1044
1595370 1042
1595380 1039
1595390 1037
1595400 1035
1595410 1032
1595420 1030
1595430 1029
1595440 1027
1595450 1026
1595460 1025
1595470 1024
1595480 1024
1595490 1023
1595500 1022
1595510 1021
1595520 1018
1595530 1016
1595540 1012
1595550 1009
1595560 1005
1595570 1001
1595580 997
1595590 993
1595600 989
1595610 988
1595620 987
1595630 986
1595640 985
1595650 984
1595660 982
1595670 981
1595680 980
1595690 980
1595700 979
1595710 978
1595720 978
1595730 977
1595740 977
1595750 978
1595760 978
1595770 979
1595780 978
1595790 976
1595800 975
1595810 973
1595820 973
1595830 973
1595840 973
1595850 973
1595860 973
1595870 973
1595880 971
1595890 969
1595900 967
1595910 964
1595920 962
1595930 960
1595940 958
1595950 956
1595960 954
1595970 952
1595980 949
1595990 946
1596000 943
1596010 941
1596020 941
1596030 942
1596040 942
1596050 942
1596060 941
1596070 939
1596080 938
1596090 936
1596100 934
1596110 932
1596120 930
1596130 929
1596140 926
1596150 924
1596160 922
1596170 920
1596180 917
1596190 913
1596200 909
1596210 906
1596220 902
1596230 899
1596240 895
1596250 892
1596260 889
1596270 885
1596280 882
1596290 878
1596300 875
1596310 872
1596320 868
1596330 865
1596340 862
1596350 859
1596360 855
1596370 851
1596380 848
1596390 845
1596400 841
1596410 838
1596420 834
1596430 831
1596440 827
1596450 824
1596460 821
1596470 817
1596480 814
1596490 812
1596500 810
1596510 806
1596520 804
1596530 802
1596540 799
1596550 797
1596560 796
1596570 794
1596580 792
1596590 791
1596600 791
1596610 790
1596620 788
1596630 785
1596640 780
1596650 777
1596660 774
1596670 771
1596680 768
1596690 765
1596700 762
1596710 760
1596720 758
1596730 756
1596740 754
1596750 752
1596760 750
1596770 747
1596780 745
1596790 745
1596800 747
1596810 748
1596820 748
1596830 748
1596840 748
1596850 747
1596860 746
1596870 745
1596880 746
1596890 747
1596900 748
1596910 749
1596920 750
1596930 749
1596940 750
1596950 751
1596960 753
1596970 754
1596980 756
1596990 757
1597000 758
1597010 759
1597020 760
1597030 761
1597040 760
1597050 759
1597060 754
1597070 749
1597080 744
1597090 741
1597100 737
1597110 733
1597120 728
1597130 724
1597140 719
1597150 712
1597160 706
1597170 701
1597180 698
1597190 695
1597200 692
1597210 690
1597220 687
1597230 685
1597240 683
1597250 681
1597260 680
1597270 677
1597280 672
1597290 667
1597300 662
1597310 657
1597320 652
1597330 647
1597340 645
1597350 643
1597360 642
1597370 641
1597380 638
1597390 635
1597400 631
1597410 626
1597420 620
1597430 614
1597440 607
1597450 601
1597460 595
1597470 588
1597480 582
1597490 576
1597500 570
1597510 568
1597520 568
1597530 570
1597540 577
1597550 584
1597560 590
1597570 596
1597580 601
1597590 606
1597600 612
1597610 617
1597620 622
1597630 628
1597640 634
1597650 639
1597660 645
1597670 651
1597680 659
1597690 670
1597700 686
1597710 698
1597720 707
1597730 715
1597740 719
1597750 722
1597760 723
1597770 726
1597780 729
1597790 732
1597800 736
1597810 739
1597820 743
1597830 746
1597840 749
1597850 754
1597860 758
1597870 763
1597880 766
1597890 770
1597900 773
1597910 776
1597920 777
1597930 778
1597940 778
1597950 778
1597960 779
1597970 778
1597980 778
1597990 778
1598000 777
1598010 776
1598020 774
1598030 773
1598040 771
1598050 769
1598060 769
1598070 770
1598080 771
1598090 772
1598100 774
1598110 777
1598120 778
1598130 777
1598140 774
1598150 771
1598160 768
1598170 765
1598180 761
1598190 759
1598200 757
1598210 756
1598220 756
1598230 758
1598240 760
1598250 763
1598260 765
1598270 767
1598280 770
1598290 772
1598300 775
1598310 777
1598320 780
1598330 782
1598340 785
1598350 787
1598360 790
1598370 792
1598380 795
1598390 798
1598400 801
1598410 804
1598420 807
1598430 810
1598440 813
1598450 815
1598460 818
1598470 822
1598480 826
1598490 830
1598500 834
1598510 839
1598520 843
1598530 848
1598540 852
1598550 857
1598560 861
1598570 866
1598580 870
1598590 875
1598600 879
1598610 884
1598620 889
1598630 895
1598640 902
1598650 919
1598660 938
1598670 955
1598680 969
1598690 979
1598700 983
1598710 991
1598720 998
1598730 1004
1598740 1008
1598750 1006
1598760 1000
1598770 1002
1598780 1010
1598790 1021
1598800 1034
1598810 1049
1598820 1063
1598830 1074
1598840 1082
1598850 1088
1598860 1092
1598870 1095
1598880 1097
1598890 1101
1598900 1105
1598910 1110
1598920 1115
1598930 1120
1598940 1125
1598950 1131
1598960 1138
1598970 1148
1598980 1159
1598990 1167
1599000 1176
1599010 1182
1599020 1184
1599030 1189
1599040 1197
1599050 1206
1599060 1216
1599070 1226
1599080 1235
1599090 1240
1599100 1243
1599110 1246
1599120 1249
1599130 1250
1599140 1250
1599150 1250
1599160 1251
1599170 1253
1599180 1256
1599190 1258
1599200 1260
1599210 1259
1599220 1257
1599230 1254
1599240 1251
1599250 1248
1599260 1246
1599270 1244
1599280 1243
1599290 1245
1599300 1248
1599310 1253
1599320 1258
1599330 1262
1599340 1263
1599350 1264
1599360 1264
1599370 1263
1599380 1262
1599390 1260
1599400 1257
1599410 1254
1599420 1251
1599430 1249
1599440 1248
1599450 1246
1599460 1245
1599470 1244
1599480 1242
1599490 1239
1599500 1236
1599510 1234
1599520 1235
1599530 1236
1599540 1239
1599550 1243
1599560 1247
1599570 1251
1599580 1255
1599590 1258
1599600 1261
1599610 1262
1599620 1263
1599630 1265
1599640 1268
1599650 1270
1599660 1273
1599670 1277
1599680 1282
1599690 1287
1599700 1291
1599710 1294
1599720 1296
1599730 1297
1599740 1298
1599750 1299
1599760 1299
1599770 1299
1599780 1299
1599790 1300
1599800 1301
1599810 1302
1599820 1303
1599830 1305
1599840 1307
1599850 1309
1599860 1311
1599870 1312
1599880 1313
1599890 1314
1599900 1315
1599910 1315
1599920 1315
1599930 1314
1599940 1313
1599950 1313
1599960 1311
1599970 1310
1599980 1309
1599990 1307
