1580000 1436
1580010 1436
1580020 1438
1580030 1443
1580040 1446
1580050 1445
1580060 1441
1580070 1436
1580080 1433
1580090 1433
1580100 1434
1580110 1434
1580120 1430
1580130 1428
1580140 1426
1580150 1423
1580160 1420
1580170 1416
1580180 1413
1580190 1412
1580200 1411
1580210 1412
1580220 1413
1580230 1414
1580240 1414
1580250 1413
1580260 1412
1580270 1409
1580280 1407
1580290 1404
1580300 1401
1580310 1397
1580320 1394
1580330 1391
1580340 1388
1580350 1386
1580360 1383
1580370 1381
1580380 1379
1580390 1377
1580400 1374
1580410 1372
1580420 1370
1580430 1369
1580440 1367
1580450 1366
1580460 1364
1580470 1363
1580480 1362
1580490 1361
1580500 1360
1580510 1359
1580520 1357
1580530 1355
1580540 1351
1580550 1348
1580560 1345
1580570 1342
1580580 1338
1580590 1335
1580600 1331
1580610 1326
1580620 1322
1580630 1318
1580640 1312
1580650 1307
1580660 1301
1580670 1295
1580680 1290
1580690 1285
1580700 1280
1580710 1275
1580720 1270
1580730 1266
1580740 1263
1580750 1260
1580760 1257
1580770 1254
1580780 1251
1580790 1248
1580800 1245
1580810 1242
1580820 1240
1580830 1238
1580840 1236
1580850 1234
1580860 1232
1580870 1230
1580880 1229
1580890 1228
1580900 1227
1580910 1225
1580920 1222
1580930 1219
1580940 1216
1580950 1215
1580960 1214
1580970 1211
1580980 1207
1580990 1203
1581000 1200
1581010 1197
1581020 1195
1581030 1195
1581040 1196
1581050 1199
1581060 1202
1581070 1202
1581080 1200
1581090 1196
1581100 1192
1581110 1187
1581120 1183
1581130 1181
1581140 1181
1581150 1182
1581160 1184
1581170 1185
1581180 1184
1581190 1181
1581200 1178
1581210 1174
1581220 1170
1581230 1167
1581240 1165
1581250 1163
1581260 1160
1581270 1157
1581280 1154
1581290 1152
1581300 1150
1581310 1148
1581320 1145
1581330 1143
1581340 1140
1581350 1137
1581360 1135
1581370 1132
1581380 1130
1581390 1128
1581400 1126
1581410 1124
1581420 1122
1581430 1120
1581440 1118
1581450 1116
1581460 1114
1581470 1112
1581480 1110
1581490 1109
1581500 1107
1581510 1105
1581520 1104
1581530 1102
1581540 1101
1581550 1099
1581560 1098
1581570 1097
1581580 1097
1581590 1096
1581600 1096
1581610 1096
1581620 1097
1581630 1098
1581640 1099
1581650 1100
1581660 1101
1581670 1102
1581680 1103
1581690 1104
1581700 1104
1581710 1105
1581720 1105
1581730 1106
1581740 1107
1581750 1107
1581760 1108
1581770 1109
1581780 1110
1581790 1111
1581800 1112
1581810 1112
1581820 1113
1581830 1114
1581840 1114
1581850 1114
1581860 1115
1581870 1117
1581880 1119
1581890 1123
1581900 1124
1581910 1123
1581920 1123
1581930 1123
1581940 1124
1581950 1125
1581960 1126
1581970 1128
1581980 1130
1581990 1132
1582000 1133
1582010 1135
1582020 1137
1582030 1140
1582040 1144
1582050 1148
1582060 1153
1582070 1157
1582080 1161
1582090 1163
1582100 1163
1582110 1163
1582120 1162
1582130 1160
1582140 1158
1582150 1156
1582160 1153
1582170 1152
1582180 1151
1582190 1153
1582200 1156
1582210 1158
1582220 1160
1582230 1162
1582240 1163
1582250 1164
1582260 1163
1582270 1161
1582280 1158
1582290 1155
1582300 1154
1582310 1153
1582320 1153
1582330 1153
1582340 1153
1582350 1153
1582360 1153
1582370 1154
1582380 1154
1582390 1155
1582400 1156
1582410 1157
1582420 1158
1582430 1158
1582440 1160
1582450 1161
1582460 1163
1582470 1165
1582480 1167
1582490 1168
1582500 1170
1582510 1172
1582520 1173
1582530 1172
1582540 1171
1582550 1169
1582560 1167
1582570 1163
1582580 1158
1582590 1153
1582600 1149
1582610 1148
1582620 1146
1582630 1146
1582640 1147
1582650 1150
1582660 1153
1582670 1156
1582680 1156
1582690 1155
1582700 1150
1582710 1146
1582720 1142
1582730 1138
1582740 1136
1582750 1135
1582760 1134
1582770 1134
1582780 1135
1582790 1136
1582800 1137
1582810 1136
1582820 1135
1582830 1133
1582840 1133
1582850 1132
1582860 1131
1582870 1129
1582880 1127
1582890 1125
1582900 1123
1582910 1120
1582920 1118
1582930 1117
1582940 1115
1582950 1113
1582960 1111
1582970 1109
1582980 1109
1582990 1110
1583000 1113
1583010 1116
1583020 1118
1583030 1120
1583040 1123
1583050 1126
1583060 1128
1583070 1130
1583080 1131
1583090 1133
1583100 1135
1583110 1137
1583120 1138
1583130 1140
1583140 1142
1583150 1144
1583160 1146
1583170 1147
1583180 1148
1583190 1149
1583200 1150
1583210 1151
1583220 1152
1583230 1153
1583240 1153
1583250 1154
1583260 1155
1583270 1157
1583280 1161
1583290 1165
1583300 1169
1583310 1174
1583320 1177
1583330 1180
1583340 1181
1583350 1182
1583360 1183
1583370 1185
1583380 1186
1583390 1186
1583400 1186
1583410 1187
1583420 1189
1583430 1192
1583440 1195
1583450 1197
1583460 1198
1583470 1200
1583480 1203
1583490 1205
1583500 1207
1583510 1209
1583520 1210
1583530 1211
1583540 1211
1583550 1212
1583560 1213
1583570 1214
1583580 1216
1583590 1218
1583600 1218
1583610 1218
1583620 1217
1583630 1217
1583640 1217
1583650 1217
1583660 1217
1583670 1215
1583680 1212
1583690 1209
1583700 1206
1583710 1203
1583720 1202
1583730 1204
1583740 1207
1583750 1211
1583760 1213
1583770 1216
1583780 1217
1583790 1219
1583800 1220
1583810 1221
1583820 1223
1583830 1224
1583840 1225
1583850 1227
1583860 1228
1583870 1229
1583880 1230
1583890 1231
1583900 1231
1583910 1231
1583920 1230
1583930 1230
1583940 1229
1583950 1229
1583960 1226
1583970 1223
1583980 1219
1583990 1215
1584000 1211
1584010 1208
1584020 1206
1584030 1203
1584040 1201
1584050 1199
1584060 1199
1584070 1199
1584080 1199
1584090 1198
1584100 1196
1584110 1194
1584120 1194
1584130 1196
1584140 1198
1584150 1200
1584160 1202
1584170 1203
1584180 1202
1584190 1204
1584200 1207
1584210 1210
1584220 1211
1584230 1211
1584240 1210
1584250 1209
1584260 1208
1584270 1207
1584280 1206
1584290 1205
1584300 1204
1584310 1203
1584320 1201
1584330 1199
1584340 1198
1584350 1198
1584360 1198
1584370 1198
1584380 1199
1584390 1200
1584400 1201
1584410 1203
1584420 1205
1584430 1207
1584440 1209
1584450 1211
1584460 1213
1584470 1214
1584480 1214
1584490 1214
1584500 1214
1584510 1214
1584520 1213
1584530 1212
1584540 1211
1584550 1210
1584560 1209
1584570 1208
1584580 1207
1584590 1206
1584600 1204
1584610 1202
1584620 1199
1584630 1197
1584640 1194
1584650 1191
1584660 1187
1584670 1184
1584680 1181
1584690 1178
1584700 1174
1584710 1171
1584720 1168
1584730 1165
1584740 1162
1584750 1159
1584760 1156
1584770 1152
1584780 1149
1584790 1145
1584800 1140
1584810 1135
1584820 1130
1584830 1125
1584840 1121
1584850 1117
1584860 1114
1584870 1112
1584880 1110
1584890 1107
1584900 1102
1584910 1098
1584920 1095
1584930 1099
1584940 1104
1584950 1111
1584960 1112
1584970 1111
1584980 1111
1584990 1113
1585000 1115
1585010 1117
1585020 1119
1585030 1121
1585040 1122
1585050 1123
1585060 1126
1585070 1129
1585080 1131
1585090 1131
1585100 1130
1585110 1129
1585120 1127
1585130 1126
1585140 1125
1585150 1123
1585160 1123
1585170 1125
1585180 1130
1585190 1136
1585200 1140
1585210 1143
1585220 1145
1585230 1147
1585240 1149
1585250 1149
1585260 1150
1585270 1150
1585280 1150
1585290 1150
1585300 1149
1585310 1148
1585320 1151
1585330 1155
1585340 1160
1585350 1164
1585360 1167
1585370 1169
1585380 1171
1585390 1174
1585400 1177
1585410 1179
1585420 1181
1585430 1184
1585440 1187
1585450 1190
1585460 1192
1585470 1194
1585480 1197
1585490 1199
1585500 1201
1585510 1205
1585520 1208
1585530 1212
1585540 1215
1585550 1218
1585560 1220
1585570 1223
1585580 1225
1585590 1228
1585600 1230
1585610 1232
1585620 1233
1585630 1234
1585640 1235
1585650 1236
1585660 1237
1585670 1238
1585680 1240
1585690 1241
1585700 1243
1585710 1242
1585720 1241
1585730 1237
1585740 1236
1585750 1236
1585760 1237
1585770 1239
1585780 1242
1585790 1247
1585800 1249
1585810 1249
1585820 1249
1585830 1250
1585840 1251
1585850 1253
1585860 1253
1585870 1254
1585880 1255
1585890 1257
1585900 1259
1585910 1262
1585920 1266
1585930 1271
1585940 1276
1585950 1283
1585960 1289
1585970 1292
1585980 1291
1585990 1287
1586000 1283
1586010 1279
1586020 1275
1586030 1270
1586040 1265
1586050 1260
1586060 1256
1586070 1252
1586080 1247
1586090 1243
1586100 1239
1586110 1235
1586120 1231
1586130 1227
1586140 1222
1586150 1218
1586160 1214
1586170 1210
1586180 1206
1586190 1201
1586200 1196
1586210 1191
1586220 1186
1586230 1181
1586240 1175
1586250 1169
1586260 1164
1586270 1160
1586280 1159
1586290 1158
1586300 1158
1586310 1158
1586320 1158
1586330 1158
1586340 1159
1586350 1158
1586360 1158
1586370 1156
1586380 1155
1586390 1153
1586400 1152
1586410 1150
1586420 1148
1586430 1146
1586440 1148
1586450 1151
1586460 1155
1586470 1158
1586480 1157
1586490 1155
1586500 1152
1586510 1149
1586520 1147
1586530 1145
1586540 1147
1586550 1148
1586560 1149
1586570 1148
1586580 1148
1586590 1149
1586600 1153
1586610 1157
1586620 1161
1586630 1165
1586640 1168
1586650 1169
1586660 1168
1586670 1166
1586680 1164
1586690 1162
1586700 1160
1586710 1160
1586720 1162
1586730 1165
1586740 1167
1586750 1170
1586760 1172
1586770 1174
1586780 1176
1586790 1178
1586800 1181
1586810 1183
1586820 1186
1586830 1188
1586840 1190
1586850 1192
1586860 1195
1586870 1198
1586880 1200
1586890 1203
1586900 1207
1586910 1210
1586920 1212
1586930 1214
1586940 1215
1586950 1217
1586960 1218
1586970 1218
1586980 1218
1586990 1220
1587000 1222
1587010 1224
1587020 1227
1587030 1230
1587040 1232
1587050 1235
1587060 1236
1587070 1235
1587080 1231
1587090 1229
1587100 1228
1587110 1230
1587120 1233
1587130 1234
1587140 1234
1587150 1230
1587160 1227
1587170 1226
1587180 1229
1587190 1234
1587200 1237
1587210 1238
1587220 1238
1587230 1237
1587240 1237
1587250 1237
1587260 1238
1587270 1239
1587280 1239
1587290 1236
1587300 1232
1587310 1228
1587320 1225
1587330 1222
1587340 1222
1587350 1225
1587360 1229
1587370 1233
1587380 1235
1587390 1236
1587400 1236
1587410 1236
1587420 1236
1587430 1236
1587440 1235
1587450 1234
1587460 1232
1587470 1228
1587480 1224
1587490 1222
1587500 1224
1587510 1227
1587520 1230
1587530 1233
1587540 1235
1587550 1235
1587560 1235
1587570 1236
1587580 1238
1587590 1240
1587600 1241
1587610 1241
1587620 1237
1587630 1224
1587640 1211
1587650 1201
1587660 1198
1587670 1199
1587680 1201
1587690 1203
1587700 1207
1587710 1210
1587720 1212
1587730 1213
1587740 1214
1587750 1217
1587760 1220
1587770 1224
1587780 1228
1587790 1230
1587800 1230
1587810 1230
1587820 1228
1587830 1220
1587840 1213
1587850 1209
1587860 1205
1587870 1202
1587880 1201
1587890 1201
1587900 1197
1587910 1190
1587920 1181
1587930 1178
1587940 1176
1587950 1175
1587960 1173
1587970 1171
1587980 1172
1587990 1171
1588000 1169
1588010 1168
1588020 1167
1588030 1166
1588040 1165
1588050 1164
1588060 1165
1588070 1165
1588080 1165
1588090 1166
1588100 1166
1588110 1166
1588120 1166
1588130 1166
1588140 1166
1588150 1166
1588160 1168
1588170 1170
1588180 1172
1588190 1174
1588200 1175
1588210 1177
1588220 1179
1588230 1180
1588240 1181
1588250 1183
1588260 1185
1588270 1187
1588280 1189
1588290 1190
1588300 1192
1588310 1194
1588320 1196
1588330 1199
1588340 1201
1588350 1204
1588360 1206
1588370 1209
1588380 1212
1588390 1215
1588400 1218
1588410 1221
1588420 1225
1588430 1229
1588440 1233
1588450 1237
1588460 1241
1588470 1245
1588480 1248
1588490 1251
1588500 1253
1588510 1256
1588520 1258
1588530 1259
1588540 1261
1588550 1264
1588560 1267
1588570 1269
1588580 1272
1588590 1274
1588600 1277
1588610 1279
1588620 1282
1588630 1282
1588640 1279
1588650 1275
1588660 1268
1588670 1260
1588680 1253
1588690 1247
1588700 1242
1588710 1238
1588720 1235
1588730 1231
1588740 1227
1588750 1222
1588760 1217
1588770 1211
1588780 1205
1588790 1200
1588800 1195
1588810 1189
1588820 1184
1588830 1179
1588840 1173
1588850 1168
1588860 1163
1588870 1158
1588880 1152
1588890 1146
1588900 1140
1588910 1134
1588920 1126
1588930 1111
1588940 1091
1588950 1075
1588960 1043
1588970 1012
1588980 1008
1588990 1006
1589000 1006
1589010 1005
1589020 1007
1589030 1009
1589040 1011
1589050 1010
1589060 1004
1589070 995
1589080 987
1589090 982
1589100 978
1589110 983
1589120 986
1589130 989
1589140 992
1589150 993
1589160 995
1589170 999
1589180 1001
1589190 1001
1589200 999
1589210 997
1589220 997
1589230 997
1589240 997
1589250 994
1589260 988
1589270 980
1589280 974
1589290 969
1589300 967
1589310 968
1589320 968
1589330 968
1589340 966
1589350 965
1589360 963
1589370 961
1589380 958
1589390 954
1589400 948
1589410 935
1589420 920
1589430 904
1589440 879
1589450 854
1589460 831
1589470 823
1589480 816
1589490 811
1589500 807
1589510 802
1589520 797
1589530 792
1589540 786
1589550 781
1589560 776
1589570 770
1589580 765
1589590 760
1589600 755
1589610 750
1589620 745
1589630 741
1589640 736
1589650 732
1589660 728
1589670 725
1589680 722
1589690 718
1589700 715
1589710 712
1589720 709
1589730 707
1589740 704
1589750 701
1589760 697
1589770 694
1589780 691
1589790 688
1589800 685
1589810 682
1589820 680
1589830 677
1589840 674
1589850 672
1589860 669
1589870 667
1589880 664
1589890 662
1589900 660
1589910 657
1589920 654
1589930 652
1589940 651
1589950 648
1589960 646
1589970 643
1589980 639
1589990 636
1590000 633
1590010 631
1590020 628
1590030 626
1590040 624
1590050 621
1590060 619
1590070 617
1590080 615
1590090 613
1590100 611
1590110 609
1590120 607
1590130 604
1590140 602
1590150 600
1590160 598
1590170 596
1590180 594
1590190 592
1590200 590
1590210 588
1590220 585
1590230 582
1590240 576
1590250 570
1590260 563
1590270 558
1590280 555
1590290 553
1590300 555
1590310 556
1590320 558
1590330 559
1590340 560
1590350 560
1590360 561
1590370 562
1590380 563
1590390 563
1590400 564
1590410 564
1590420 564
1590430 566
1590440 566
1590450 567
1590460 567
1590470 569
1590480 572
1590490 575
1590500 582
1590510 587
1590520 592
1590530 594
1590540 595
1590550 596
1590560 598
1590570 600
1590580 603
1590590 606
1590600 608
1590610 608
1590620 606
1590630 603
1590640 600
1590650 598
1590660 596
1590670 597
1590680 598
1590690 598
1590700 597
1590710 596
1590720 596
1590730 597
1590740 599
1590750 603
1590760 605
1590770 608
1590780 610
1590790 611
1590800 614
1590810 616
1590820 620
1590830 623
1590840 626
1590850 629
1590860 631
1590870 633
1590880 634
1590890 636
1590900 637
1590910 638
1590920 639
1590930 640
1590940 641
1590950 642
1590960 643
1590970 644
1590980 647
1590990 649
1591000 650
1591010 651
1591020 650
1591030 648
1591040 645
1591050 643
1591060 641
1591070 640
1591080 642
1591090 645
1591100 649
1591110 652
1591120 655
1591130 659
1591140 664
1591150 669
1591160 673
1591170 677
1591180 679
1591190 680
1591200 683
1591210 688
1591220 693
1591230 699
1591240 705
1591250 709
1591260 711
1591270 711
1591280 711
1591290 709
1591300 707
1591310 705
1591320 702
1591330 700
1591340 697
1591350 696
1591360 697
1591370 698
1591380 700
1591390 702
1591400 702
1591410 703
1591420 704
1591430 706
1591440 710
1591450 714
1591460 720
1591470 728
1591480 734
1591490 739
1591500 745
1591510 751
1591520 757
1591530 762
1591540 767
1591550 772
1591560 777
1591570 780
1591580 783
1591590 788
1591600 790
1591610 792
1591620 795
1591630 800
1591640 804
1591650 810
1591660 814
1591670 818
1591680 821
1591690 823
1591700 826
1591710 831
1591720 839
1591730 845
1591740 850
1591750 856
1591760 862
1591770 868
1591780 875
1591790 880
1591800 882
1591810 879
1591820 874
1591830 873
1591840 875
1591850 884
1591860 888
1591870 889
1591880 889
1591890 892
1591900 897
1591910 904
1591920 911
1591930 918
1591940 925
1591950 931
1591960 937
1591970 941
1591980 942
1591990 942
1592000 942
1592010 943
1592020 943
1592030 944
1592040 943
1592050 942
1592060 941
1592070 941
1592080 941
1592090 942
1592100 941
1592110 940
1592120 938
1592130 933
1592140 924
1592150 911
1592160 895
1592170 885
1592180 879
1592190 875
1592200 874
1592210 870
1592220 867
1592230 868
1592240 870
1592250 869
1592260 866
1592270 862
1592280 858
1592290 853
1592300 846
1592310 837
1592320 826
1592330 815
1592340 809
1592350 807
1592360 805
1592370 804
1592380 805
1592390 807
1592400 814
1592410 820
1592420 825
1592430 829
1592440 833
1592450 836
1592460 837
1592470 837
1592480 837
1592490 840
1592500 837
1592510 832
1592520 827
1592530 831
1592540 836
1592550 841
1592560 845
1592570 848
1592580 851
1592590 855
1592600 857
1592610 857
1592620 858
1592630 861
1592640 864
1592650 867
1592660 862
1592670 857
1592680 857
1592690 856
1592700 854
1592710 850
1592720 842
1592730 837
1592740 835
1592750 840
1592760 844
1592770 848
1592780 852
1592790 857
1592800 863
1592810 871
1592820 875
1592830 880
1592840 886
1592850 892
1592860 901
1592870 912
1592880 919
1592890 922
1592900 924
1592910 926
1592920 930
1592930 934
1592940 939
1592950 945
1592960 953
1592970 962
1592980 968
1592990 974
1593000 981
1593010 988
1593020 995
1593030 1003
1593040 1007
1593050 1012
1593060 1018
1593070 1025
1593080 1032
1593090 1040
1593100 1048
1593110 1056
1593120 1068
1593130 1083
1593140 1089
1593150 1094
1593160 1099
1593170 1103
1593180 1108
1593190 1113
1593200 1114
1593210 1112
1593220 1110
1593230 1112
1593240 1115
1593250 1120
1593260 1126
1593270 1134
1593280 1140
1593290 1145
1593300 1149
1593310 1154
1593320 1161
1593330 1169
1593340 1175
1593350 1181
1593360 1187
1593370 1194
1593380 1201
1593390 1208
1593400 1216
1593410 1225
1593420 1233
1593430 1241
1593440 1250
1593450 1259
1593460 1266
1593470 1273
1593480 1281
1593490 1286
1593500 1290
1593510 1295
1593520 1300
1593530 1304
1593540 1309
1593550 1314
1593560 1319
1593570 1323
1593580 1328
1593590 1333
1593600 1338
1593610 1343
1593620 1347
1593630 1352
1593640 1357
1593650 1362
1593660 1367
1593670 1372
1593680 1377
1593690 1382
1593700 1386
1593710 1389
1593720 1389
1593730 1386
1593740 1383
1593750 1379
1593760 1374
1593770 1368
1593780 1363
1593790 1358
1593800 1353
1593810 1349
1593820 1345
1593830 1341
1593840 1337
1593850 1333
1593860 1329
1593870 1325
1593880 1322
1593890 1320
1593900 1318
1593910 1314
1593920 1309
1593930 1303
1593940 1299
1593950 1295
1593960 1291
1593970 1287
1593980 1282
1593990 1277
1594000 1271
1594010 1267
1594020 1262
1594030 1258
1594040 1254
1594050 1251
1594060 1247
1594070 1243
1594080 1239
1594090 1235
1594100 1231
1594110 1226
1594120 1220
1594130 1215
1594140 1211
1594150 1206
1594160 1201
1594170 1196
1594180 1191
1594190 1186
1594200 1180
1594210 1174
1594220 1168
1594230 1162
1594240 1157
1594250 1151
1594260 1146
1594270 1140
1594280 1135
1594290 1129
1594300 1124
1594310 1120
1594320 1116
1594330 1114
1594340 1109
1594350 1104
1594360 1095
1594370 1087
1594380 1080
1594390 1074
1594400 1073
1594410 1076
1594420 1082
1594430 1086
1594440 1089
1594450 1092
1594460 1092
1594470 1092
1594480 1092
1594490 1092
1594500 1090
1594510 1088
1594520 1089
1594530 1092
1594540 1095
1594550 1099
1594560 1102
1594570 1105
1594580 1107
1594590 1109
1594600 1111
1594610 1113
1594620 1114
1594630 1116
1594640 1117
1594650 1118
1594660 1119
1594670 1120
1594680 1122
1594690 1123
1594700 1123
1594710 1123
1594720 1123
1594730 1124
1594740 1126
1594750 1129
1594760 1132
1594770 1136
1594780 1139
1594790 1141
1594800 1144
1594810 1146
1594820 1148
1594830 1150
1594840 1153
1594850 1156
1594860 1160
1594870 1164
1594880 1168
1594890 1172
1594900 1176
1594910 1180
1594920 1182
1594930 1183
1594940 1183
1594950 1182
1594960 1182
1594970 1179
1594980 1178
1594990 1178
1595000 1179
1595010 1179
1595020 1179
1595030 1179
1595040 1180
1595050 1180
1595060 1180
1595070 1178
1595080 1176
1595090 1172
1595100 1168
1595110 1164
1595120 1159
1595130 1155
1595140 1151
1595150 1147
1595160 1142
1595170 1138
1595180 1134
1595190 1130
1595200 1126
1595210 1122
1595220 1119
1595230 1116
1595240 1112
1595250 1109
1595260 1106
1595270 1104
1595280 1101
1595290 1098
1595300 1095
1595310 1091
1595320 1087
1595330 1083
1595340 1079
1595350 1074
1595360 1070
1595370 1065
1595380 1061
1595390 1058
1595400 1055
1595410 1053
1595420 1054
1595430 1054
1595440 1055
1595450 1054
1595460 1052
1595470 1051
1595480 1049
1595490 1049
1595500 1051
1595510 1053
1595520 1053
1595530 1051
1595540 1048
1595550 1045
1595560 1043
1595570 1041
1595580 1038
1595590 1035
1595600 1032
1595610 1030
1595620 1028
1595630 1025
1595640 1022
1595650 1020
1595660 1018
1595670 1017
1595680 1015
1595690 1015
1595700 1015
1595710 1015
1595720 1014
1595730 1014
1595740 1015
1595750 1016
1595760 1016
1595770 1013
1595780 1010
1595790 1007
1595800 1004
1595810 1000
1595820 996
1595830 992
1595840 987
1595850 982
1595860 977
1595870 972
1595880 968
1595890 965
1595900 962
1595910 961
1595920 959
1595930 957
1595940 952
1595950 946
1595960 939
1595970 934
1595980 932
1595990 931
1596000 932
1596010 931
1596020 930
1596030 928
1596040 925
1596050 922
1596060 919
1596070 915
1596080 910
1596090 904
1596100 899
1596110 891
1596120 883
1596130 873
1596140 865
1596150 857
1596160 850
1596170 840
1596180 830
1596190 825
1596200 819
1596210 813
1596220 807
1596230 803
1596240 800
1596250 797
1596260 793
1596270 790
1596280 787
1596290 786
1596300 784
1596310 785
1596320 789
1596330 788
1596340 783
1596350 776
1596360 773
1596370 774
1596380 779
1596390 780
1596400 778
1596410 774
1596420 770
1596430 768
1596440 765
1596450 763
1596460 765
1596470 769
1596480 774
1596490 777
1596500 779
1596510 779
1596520 777
1596530 774
1596540 772
1596550 769
1596560 766
1596570 762
1596580 759
1596590 751
1596600 742
1596610 734
1596620 726
1596630 718
1596640 709
1596650 701
1596660 695
1596670 690
1596680 686
1596690 682
1596700 679
1596710 677
1596720 678
1596730 680
1596740 685
1596750 686
1596760 685
1596770 678
1596780 671
1596790 666
1596800 665
1596810 659
1596820 653
1596830 648
1596840 648
1596850 645
1596860 640
1596870 633
1596880 626
1596890 621
1596900 616
1596910 611
1596920 605
1596930 600
1596940 594
1596950 589
1596960 585
1596970 580
1596980 575
1596990 570
1597000 567
1597010 565
1597020 563
1597030 560
1597040 558
1597050 556
1597060 555
1597070 554
1597080 554
1597090 553
1597100 552
1597110 552
1597120 553
1597130 555
1597140 557
1597150 559
1597160 564
1597170 570
1597180 577
1597190 585
1597200 587
1597210 587
1597220 585
1597230 583
1597240 580
1597250 578
1597260 579
1597270 580
1597280 581
1597290 584
1597300 588
1597310 592
1597320 597
1597330 601
1597340 606
1597350 610
1597360 614
1597370 619
1597380 623
1597390 627
1597400 631
1597410 635
1597420 640
1597430 645
1597440 650
1597450 655
1597460 659
1597470 664
1597480 667
1597490 671
1597500 674
1597510 678
1597520 681
1597530 685
1597540 689
1597550 694
1597560 697
1597570 701
1597580 703
1597590 705
1597600 707
1597610 709
1597620 712
1597630 715
1597640 717
1597650 720
1597660 722
1597670 725
1597680 727
1597690 730
1597700 733
1597710 736
1597720 740
1597730 743
1597740 746
1597750 749
1597760 752
1597770 756
1597780 759
1597790 763
1597800 766
1597810 769
1597820 773
1597830 776
1597840 779
1597850 783
1597860 786
1597870 789
1597880 793
1597890 796
1597900 799
1597910 803
1597920 806
1597930 810
1597940 813
1597950 817
1597960 823
1597970 828
1597980 832
1597990 834
1598000 836
1598010 838
1598020 839
1598030 839
1598040 839
1598050 839
1598060 838
1598070 837
1598080 838
1598090 839
1598100 842
1598110 844
1598120 847
1598130 849
1598140 851
1598150 852
1598160 856
1598170 859
1598180 863
1598190 867
1598200 871
1598210 875
1598220 878
1598230 881
1598240 883
1598250 885
1598260 889
1598270 892
1598280 896
1598290 900
1598300 904
1598310 907
1598320 911
1598330 915
1598340 918
1598350 921
1598360 924
1598370 926
1598380 929
1598390 931
1598400 933
1598410 936
1598420 938
1598430 941
1598440 943
1598450 946
1598460 949
1598470 952
1598480 954
1598490 957
1598500 960
1598510 963
1598520 966
1598530 969
1598540 973
1598550 976
1598560 980
1598570 983
1598580 987
1598590 992
1598600 996
1598610 1000
1598620 1005
1598630 1010
1598640 1014
1598650 1019
1598660 1024
1598670 1028
1598680 1033
1598690 1037
1598700 1041
1598710 1046
1598720 1050
1598730 1054
1598740 1058
1598750 1062
1598760 1065
1598770 1069
1598780 1073
1598790 1077
1598800 1080
1598810 1084
1598820 1088
1598830 1091
1598840 1095
1598850 1098
1598860 1102
1598870 1105
1598880 1108
1598890 1112
1598900 1115
1598910 1118
1598920 1122
1598930 1125
1598940 1128
1598950 1131
1598960 1134
1598970 1138
1598980 1141
1598990 1144
1599000 1147
1599010 1150
1599020 1153
1599030 1156
1599040 1159
1599050 1162
1599060 1166
1599070 1169
1599080 1172
1599090 1175
1599100 1178
1599110 1182
1599120 1185
1599130 1189
1599140 1193
1599150 1197
1599160 1200
1599170 1204
1599180 1208
1599190 1212
1599200 1216
1599210 1220
1599220 1224
1599230 1228
1599240 1232
1599250 1237
1599260 1241
1599270 1245
1599280 1249
1599290 1251
1599300 1254
1599310 1258
1599320 1261
1599330 1265
1599340 1268
1599350 1271
1599360 1274
1599370 1277
1599380 1280
1599390 1284
1599400 1287
1599410 1291
1599420 1295
1599430 1299
1599440 1303
1599450 1306
1599460 1310
1599470 1313
1599480 1318
1599490 1321
1599500 1325
1599510 1328
1599520 1331
1599530 1334
1599540 1338
1599550 1341
1599560 1345
1599570 1349
1599580 1353
1599590 1357
1599600 1361
1599610 1364
1599620 1366
1599630 1367
1599640 1369
1599650 1373
1599660 1378
1599670 1385
1599680 1392
1599690 1399
1599700 1404
1599710 1409
1599720 1415
1599730 1420
1599740 1426
1599750 1432
1599760 1438
1599770 1444
1599780 1451
1599790 1460
1599800 1469
1599810 1473
1599820 1476
1599830 1477
1599840 1479
1599850 1481
1599860 1485
1599870 1490
1599880 1496
1599890 1502
1599900 1507
1599910 1513
1599920 1520
1599930 1527
1599940 1538
1599950 1551
1599960 1567
1599970 1578
1599980 1585
1599990 1588
