1580000 584
1580010 585
1580020 586
1580030 587
1580040 588
1580050 588
1580060 588
1580070 587
1580080 587
1580090 586
1580100 584
1580110 583
1580120 583
1580130 584
1580140 584
1580150 584
1580160 584
1580170 584
1580180 584
1580190 584
1580200 585
1580210 585
1580220 585
1580230 585
1580240 584
1580250 584
1580260 584
1580270 585
1580280 585
1580290 586
1580300 586
1580310 587
1580320 587
1580330 588
1580340 588
1580350 588
1580360 588
1580370 589
1580380 589
1580390 588
1580400 588
1580410 588
1580420 588
1580430 587
1580440 586
1580450 583
1580460 579
1580470 575
1580480 571
1580490 567
1580500 563
1580510 560
1580520 563
1580530 566
1580540 569
1580550 572
1580560 574
1580570 577
1580580 579
1580590 580
1580600 582
1580610 584
1580620 585
1580630 586
1580640 586
1580650 586
1580660 585
1580670 584
1580680 583
1580690 582
1580700 582
1580710 582
1580720 581
1580730 581
1580740 580
1580750 578
1580760 576
1580770 576
1580780 576
1580790 575
1580800 571
1580810 566
1580820 561
1580830 556
1580840 551
1580850 547
1580860 543
1580870 541
1580880 540
1580890 540
1580900 540
1580910 540
1580920 540
1580930 540
1580940 540
1580950 538
1580960 535
1580970 533
1580980 536
1580990 541
1581000 548
1581010 554
1581020 560
1581030 565
1581040 570
1581050 575
1581060 580
1581070 583
1581080 585
1581090 585
1581100 585
1581110 586
1581120 586
1581130 587
1581140 587
1581150 587
1581160 587
1581170 588
1581180 588
1581190 588
1581200 587
1581210 587
1581220 586
1581230 585
1581240 584
1581250 585
1581260 587
1581270 589
1581280 590
1581290 590
1581300 591
1581310 592
1581320 593
1581330 593
1581340 593
1581350 592
1581360 592
1581370 593
1581380 593
1581390 592
1581400 589
1581410 584
1581420 581
1581430 579
1581440 579
1581450 584
1581460 589
1581470 596
1581480 602
1581490 606
1581500 609
1581510 610
1581520 611
1581530 612
1581540 612
1581550 613
1581560 613
1581570 614
1581580 614
1581590 614
1581600 614
1581610 614
1581620 615
1581630 616
1581640 617
1581650 618
1581660 618
1581670 618
1581680 619
1581690 619
1581700 620
1581710 621
1581720 622
1581730 622
1581740 623
1581750 623
1581760 623
1581770 623
1581780 623
1581790 623
1581800 623
1581810 622
1581820 622
1581830 621
1581840 620
1581850 619
1581860 618
1581870 617
1581880 616
1581890 615
1581900 615
1581910 615
1581920 614
1581930 614
1581940 614
1581950 615
1581960 616
1581970 616
1581980 616
1581990 616
1582000 615
1582010 615
1582020 614
1582030 613
1582040 612
1582050 610
1582060 608
1582070 605
1582080 603
1582090 600
1582100 599
1582110 599
1582120 599
1582130 601
1582140 602
1582150 603
1582160 604
1582170 605
1582180 605
1582190 604
1582200 603
1582210 602
1582220 601
1582230 600
1582240 600
1582250 600
1582260 600
1582270 601
1582280 602
1582290 603
1582300 604
1582310 605
1582320 606
1582330 607
1582340 608
1582350 608
1582360 609
1582370 609
1582380 609
1582390 609
1582400 608
1582410 607
1582420 605
1582430 605
1582440 606
1582450 608
1582460 610
1582470 613
1582480 614
1582490 615
1582500 616
1582510 616
1582520 616
1582530 616
1582540 616
1582550 617
1582560 617
1582570 619
1582580 620
1582590 620
1582600 620
1582610 620
1582620 620
1582630 621
1582640 624
1582650 626
1582660 629
1582670 630
1582680 631
1582690 632
1582700 633
1582710 634
1582720 634
1582730 634
1582740 634
1582750 635
1582760 635
1582770 636
1582780 637
1582790 637
1582800 637
1582810 637
1582820 637
1582830 638
1582840 638
1582850 638
1582860 639
1582870 638
1582880 637
1582890 636
1582900 635
1582910 633
1582920 630
1582930 627
1582940 626
1582950 628
1582960 632
1582970 634
1582980 636
1582990 637
1583000 638
1583010 639
1583020 639
1583030 639
1583040 639
1583050 639
1583060 637
1583070 635
1583080 632
1583090 629
1583100 626
1583110 623
1583120 625
1583130 629
1583140 633
1583150 638
1583160 642
1583170 645
1583180 647
1583190 648
1583200 649
1583210 649
1583220 649
1583230 649
1583240 649
1583250 649
1583260 649
1583270 648
1583280 648
1583290 648
1583300 647
1583310 647
1583320 647
1583330 648
1583340 648
1583350 647
1583360 647
1583370 646
1583380 646
1583390 647
1583400 648
1583410 649
1583420 651
1583430 654
1583440 659
1583450 663
1583460 668
1583470 673
1583480 678
1583490 682
1583500 687
1583510 689
1583520 691
1583530 692
1583540 693
1583550 693
1583560 694
1583570 694
1583580 694
1583590 694
1583600 695
1583610 696
1583620 697
1583630 699
1583640 699
1583650 700
1583660 700
1583670 701
1583680 703
1583690 704
1583700 704
1583710 705
1583720 705
1583730 705
1583740 705
1583750 705
1583760 705
1583770 706
1583780 707
1583790 708
1583800 708
1583810 707
1583820 708
1583830 708
1583840 708
1583850 708
1583860 709
1583870 709
1583880 709
1583890 709
1583900 709
1583910 709
1583920 709
1583930 709
1583940 709
1583950 710
1583960 710
1583970 710
1583980 710
1583990 710
1584000 710
1584010 710
1584020 710
1584030 709
1584040 709
1584050 707
1584060 706
1584070 704
1584080 703
1584090 703
1584100 702
1584110 702
1584120 702
1584130 701
1584140 700
1584150 699
1584160 698
1584170 697
1584180 696
1584190 695
1584200 694
1584210 693
1584220 693
1584230 692
1584240 691
1584250 691
1584260 690
1584270 689
1584280 689
1584290 689
1584300 690
1584310 689
1584320 688
1584330 687
1584340 685
1584350 682
1584360 680
1584370 679
1584380 678
1584390 677
1584400 677
1584410 676
1584420 675
1584430 675
1584440 677
1584450 679
1584460 680
1584470 682
1584480 683
1584490 682
1584500 681
1584510 680
1584520 680
1584530 680
1584540 681
1584550 683
1584560 685
1584570 685
1584580 684
1584590 683
1584600 681
1584610 680
1584620 680
1584630 682
1584640 683
1584650 684
1584660 684
1584670 685
1584680 686
1584690 686
1584700 686
1584710 688
1584720 690
1584730 692
1584740 693
1584750 694
1584760 694
1584770 696
1584780 697
1584790 699
1584800 701
1584810 702
1584820 703
1584830 704
1584840 706
1584850 707
1584860 707
1584870 707
1584880 708
1584890 709
1584900 711
1584910 714
1584920 716
1584930 717
1584940 719
1584950 720
1584960 721
1584970 723
1584980 724
1584990 726
1585000 726
1585010 727
1585020 726
1585030 725
1585040 723
1585050 722
1585060 721
1585070 722
1585080 725
1585090 728
1585100 731
1585110 733
1585120 734
1585130 735
1585140 735
1585150 736
1585160 736
1585170 736
1585180 735
1585190 734
1585200 733
1585210 732
1585220 731
1585230 730
1585240 728
1585250 730
1585260 732
1585270 734
1585280 736
1585290 737
1585300 737
1585310 738
1585320 739
1585330 739
1585340 739
1585350 740
1585360 740
1585370 738
1585380 733
1585390 729
1585400 727
1585410 731
1585420 735
1585430 740
1585440 743
1585450 747
1585460 751
1585470 756
1585480 759
1585490 760
1585500 762
1585510 763
1585520 764
1585530 765
1585540 767
1585550 768
1585560 770
1585570 772
1585580 773
1585590 775
1585600 778
1585610 780
1585620 781
1585630 781
1585640 780
1585650 779
1585660 778
1585670 780
1585680 782
1585690 786
1585700 789
1585710 792
1585720 794
1585730 797
1585740 799
1585750 800
1585760 801
1585770 802
1585780 803
1585790 803
1585800 804
1585810 805
1585820 805
1585830 807
1585840 808
1585850 810
1585860 813
1585870 816
1585880 819
1585890 820
1585900 821
1585910 822
1585920 825
1585930 828
1585940 830
1585950 832
1585960 833
1585970 834
1585980 835
1585990 835
1586000 835
1586010 834
1586020 833
1586030 832
1586040 831
1586050 830
1586060 830
1586070 830
1586080 830
1586090 830
1586100 829
1586110 828
1586120 828
1586130 827
1586140 826
1586150 825
1586160 824
1586170 823
1586180 823
1586190 823
1586200 823
1586210 823
1586220 823
1586230 823
1586240 824
1586250 824
1586260 823
1586270 821
1586280 818
1586290 815
1586300 813
1586310 811
1586320 810
1586330 809
1586340 809
1586350 809
1586360 810
1586370 811
1586380 812
1586390 813
1586400 814
1586410 816
1586420 819
1586430 822
1586440 826
1586450 828
1586460 829
1586470 828
1586480 828
1586490 828
1586500 828
1586510 828
1586520 828
1586530 829
1586540 830
1586550 832
1586560 834
1586570 835
1586580 837
1586590 838
1586600 838
1586610 839
1586620 840
1586630 841
1586640 842
1586650 843
1586660 844
1586670 843
1586680 843
1586690 842
1586700 841
1586710 841
1586720 840
1586730 840
1586740 840
1586750 840
1586760 840
1586770 840
1586780 840
1586790 841
1586800 840
1586810 840
1586820 839
1586830 837
1586840 835
1586850 833
1586860 833
1586870 834
1586880 835
1586890 837
1586900 839
1586910 840
1586920 841
1586930 841
1586940 840
1586950 840
1586960 839
1586970 839
1586980 839
1586990 838
1587000 837
1587010 835
1587020 833
1587030 830
1587040 826
1587050 825
1587060 823
1587070 822
1587080 822
1587090 821
1587100 821
1587110 822
1587120 822
1587130 822
1587140 822
1587150 822
1587160 821
1587170 821
1587180 821
1587190 820
1587200 820
1587210 818
1587220 817
1587230 816
1587240 815
1587250 814
1587260 814
1587270 814
1587280 814
1587290 815
1587300 815
1587310 815
1587320 816
1587330 816
1587340 816
1587350 816
1587360 816
1587370 815
1587380 815
1587390 815
1587400 814
1587410 813
1587420 812
1587430 812
1587440 811
1587450 810
1587460 808
1587470 805
1587480 803
1587490 802
1587500 802
1587510 802
1587520 804
1587530 805
1587540 805
1587550 805
1587560 805
1587570 805
1587580 804
1587590 804
1587600 804
1587610 804
1587620 803
1587630 801
1587640 800
1587650 800
1587660 803
1587670 804
1587680 805
1587690 805
1587700 804
1587710 803
1587720 802
1587730 801
1587740 800
1587750 799
1587760 799
1587770 799
1587780 798
1587790 796
1587800 795
1587810 794
1587820 793
1587830 793
1587840 792
1587850 792
1587860 792
1587870 792
1587880 790
1587890 787
1587900 784
1587910 781
1587920 778
1587930 776
1587940 774
1587950 772
1587960 771
1587970 769
1587980 767
1587990 764
1588000 760
1588010 754
1588020 749
1588030 744
1588040 739
1588050 735
1588060 731
1588070 726
1588080 722
1588090 718
1588100 715
1588110 710
1588120 707
1588130 705
1588140 702
1588150 700
1588160 697
1588170 694
1588180 690
1588190 686
1588200 682
1588210 680
1588220 679
1588230 678
1588240 677
1588250 675
1588260 673
1588270 671
1588280 669
1588290 668
1588300 668
1588310 670
1588320 672
1588330 673
1588340 673
1588350 672
1588360 671
1588370 670
1588380 669
1588390 668
1588400 667
1588410 666
1588420 664
1588430 661
1588440 659
1588450 658
1588460 657
1588470 657
1588480 657
1588490 657
1588500 656
1588510 654
1588520 653
1588530 653
1588540 653
1588550 652
1588560 649
1588570 645
1588580 642
1588590 638
1588600 634
1588610 631
1588620 628
1588630 625
1588640 623
1588650 621
1588660 619
1588670 617
1588680 614
1588690 615
1588700 616
1588710 617
1588720 614
1588730 612
1588740 609
1588750 607
1588760 605
1588770 603
1588780 601
1588790 599
1588800 596
1588810 594
1588820 592
1588830 590
1588840 588
1588850 585
1588860 583
1588870 580
1588880 578
1588890 577
1588900 575
1588910 572
1588920 569
1588930 566
1588940 563
1588950 560
1588960 557
1588970 555
1588980 553
1588990 551
1589000 549
1589010 548
1589020 548
1589030 548
1589040 548
1589050 547
1589060 545
1589070 543
1589080 541
1589090 539
1589100 538
1589110 537
1589120 536
1589130 535
1589140 535
1589150 534
1589160 534
1589170 533
1589180 533
1589190 532
1589200 531
1589210 530
1589220 530
1589230 529
1589240 528
1589250 527
1589260 526
1589270 526
1589280 525
1589290 524
1589300 523
1589310 522
1589320 521
1589330 521
1589340 520
1589350 519
1589360 519
1589370 518
1589380 518
1589390 517
1589400 516
1589410 516
1589420 515
1589430 514
1589440 514
1589450 513
1589460 512
1589470 512
1589480 511
1589490 510
1589500 510
1589510 509
1589520 509
1589530 508
1589540 508
1589550 507
1589560 506
1589570 506
1589580 505
1589590 504
1589600 504
1589610 503
1589620 503
1589630 503
1589640 503
1589650 503
1589660 504
1589670 504
1589680 503
1589690 503
1589700 502
1589710 501
1589720 501
1589730 501
1589740 501
1589750 501
1589760 501
1589770 501
1589780 500
1589790 500
1589800 500
1589810 499
1589820 499
1589830 499
1589840 499
1589850 499
1589860 498
1589870 498
1589880 497
1589890 497
1589900 496
1589910 496
1589920 496
1589930 495
1589940 495
1589950 495
1589960 495
1589970 495
1589980 494
1589990 493
1590000 492
1590010 489
1590020 487
1590030 485
1590040 485
1590050 485
1590060 485
1590070 485
1590080 485
1590090 484
1590100 483
1590110 483
1590120 484
1590130 484
1590140 485
1590150 486
1590160 486
1590170 486
1590180 487
1590190 487
1590200 487
1590210 487
1590220 487
1590230 487
1590240 487
1590250 487
1590260 487
1590270 486
1590280 486
1590290 486
1590300 486
1590310 485
1590320 485
1590330 485
1590340 485
1590350 485
1590360 485
1590370 485
1590380 485
1590390 485
1590400 485
1590410 485
1590420 485
1590430 485
1590440 484
1590450 484
1590460 484
1590470 484
1590480 484
1590490 484
1590500 484
1590510 485
1590520 485
1590530 485
1590540 485
1590550 485
1590560 485
1590570 485
1590580 485
1590590 485
1590600 485
1590610 485
1590620 485
1590630 485
1590640 485
1590650 485
1590660 485
1590670 485
1590680 486
1590690 486
1590700 486
1590710 486
1590720 486
1590730 486
1590740 486
1590750 485
1590760 485
1590770 485
1590780 485
1590790 485
1590800 485
1590810 485
1590820 485
1590830 485
1590840 485
1590850 485
1590860 485
1590870 484
1590880 483
1590890 482
1590900 481
1590910 481
1590920 481
1590930 481
1590940 481
1590950 481
1590960 482
1590970 483
1590980 483
1590990 484
1591000 485
1591010 485
1591020 485
1591030 485
1591040 486
1591050 486
1591060 486
1591070 485
1591080 483
1591090 479
1591100 475
1591110 472
1591120 470
1591130 469
1591140 470
1591150 471
1591160 474
1591170 475
1591180 476
1591190 476
1591200 476
1591210 476
1591220 476
1591230 476
1591240 476
1591250 476
1591260 476
1591270 476
1591280 476
1591290 476
1591300 476
1591310 476
1591320 476
1591330 476
1591340 476
1591350 476
1591360 476
1591370 476
1591380 476
1591390 476
1591400 476
1591410 476
1591420 476
1591430 476
1591440 476
1591450 476
1591460 476
1591470 476
1591480 476
1591490 476
1591500 476
1591510 477
1591520 478
1591530 479
1591540 479
1591550 479
1591560 479
1591570 479
1591580 479
1591590 479
1591600 479
1591610 479
1591620 478
1591630 478
1591640 478
1591650 479
1591660 479
1591670 479
1591680 480
1591690 480
1591700 480
1591710 480
1591720 480
1591730 480
1591740 480
1591750 480
1591760 480
1591770 481
1591780 483
1591790 485
1591800 487
1591810 487
1591820 487
1591830 488
1591840 488
1591850 488
1591860 488
1591870 489
1591880 489
1591890 489
1591900 489
1591910 490
1591920 491
1591930 492
1591940 494
1591950 496
1591960 498
1591970 499
1591980 502
1591990 504
1592000 506
1592010 509
1592020 512
1592030 515
1592040 519
1592050 522
1592060 526
1592070 529
1592080 532
1592090 534
1592100 536
1592110 538
1592120 540
1592130 542
1592140 544
1592150 545
1592160 546
1592170 548
1592180 549
1592190 550
1592200 551
1592210 549
1592220 546
1592230 542
1592240 538
1592250 534
1592260 530
1592270 527
1592280 523
1592290 520
1592300 518
1592310 515
1592320 512
1592330 510
1592340 509
1592350 509
1592360 510
1592370 510
1592380 510
1592390 510
1592400 511
1592410 511
1592420 510
1592430 510
1592440 510
1592450 510
1592460 510
1592470 510
1592480 510
1592490 510
1592500 509
1592510 509
1592520 509
1592530 509
1592540 509
1592550 510
1592560 510
1592570 509
1592580 509
1592590 509
1592600 509
1592610 508
1592620 508
1592630 507
1592640 507
1592650 506
1592660 506
1592670 505
1592680 505
1592690 504
1592700 504
1592710 503
1592720 503
1592730 503
1592740 502
1592750 501
1592760 501
1592770 501
1592780 500
1592790 500
1592800 499
1592810 499
1592820 498
1592830 498
1592840 498
1592850 498
1592860 498
1592870 498
1592880 498
1592890 498
1592900 498
1592910 498
1592920 498
1592930 498
1592940 498
1592950 498
1592960 498
1592970 498
1592980 498
1592990 498
1593000 498
1593010 499
1593020 499
1593030 499
1593040 499
1593050 500
1593060 500
1593070 500
1593080 499
1593090 499
1593100 499
1593110 499
1593120 500
1593130 501
1593140 501
1593150 501
1593160 501
1593170 501
1593180 501
1593190 501
1593200 501
1593210 501
1593220 502
1593230 502
1593240 503
1593250 503
1593260 503
1593270 503
1593280 503
1593290 503
1593300 504
1593310 504
1593320 504
1593330 505
1593340 505
1593350 504
1593360 504
1593370 504
1593380 505
1593390 504
1593400 504
1593410 504
1593420 504
1593430 504
1593440 504
1593450 504
1593460 503
1593470 503
1593480 503
1593490 503
1593500 502
1593510 502
1593520 502
1593530 502
1593540 503
1593550 503
1593560 503
1593570 503
1593580 503
1593590 503
1593600 503
1593610 503
1593620 504
1593630 504
1593640 504
1593650 505
1593660 505
1593670 505
1593680 506
1593690 506
1593700 506
1593710 506
1593720 506
1593730 506
1593740 506
1593750 505
1593760 505
1593770 505
1593780 505
1593790 505
1593800 505
1593810 504
1593820 504
1593830 504
1593840 503
1593850 503
1593860 504
1593870 504
1593880 503
1593890 503
1593900 502
1593910 502
1593920 502
1593930 502
1593940 501
1593950 501
1593960 501
1593970 501
1593980 501
1593990 501
1594000 501
1594010 501
1594020 501
1594030 502
1594040 502
1594050 502
1594060 503
1594070 503
1594080 504
1594090 505
1594100 505
1594110 506
1594120 506
1594130 507
1594140 507
1594150 507
1594160 507
1594170 507
1594180 507
1594190 508
1594200 510
1594210 511
1594220 512
1594230 513
1594240 513
1594250 514
1594260 514
1594270 514
1594280 514
1594290 514
1594300 513
1594310 512
1594320 512
1594330 512
1594340 512
1594350 512
1594360 512
1594370 512
1594380 512
1594390 512
1594400 513
1594410 514
1594420 514
1594430 513
1594440 511
1594450 510
1594460 508
1594470 506
1594480 507
1594490 507
1594500 506
1594510 504
1594520 504
1594530 504
1594540 504
1594550 502
1594560 500
1594570 498
1594580 497
1594590 497
1594600 496
1594610 495
1594620 493
1594630 491
1594640 491
1594650 490
1594660 490
1594670 491
1594680 492
1594690 492
1594700 493
1594710 493
1594720 493
1594730 493
1594740 495
1594750 495
1594760 496
1594770 497
1594780 497
1594790 498
1594800 495
1594810 491
1594820 487
1594830 483
1594840 480
1594850 477
1594860 477
1594870 475
1594880 474
1594890 473
1594900 471
1594910 470
1594920 469
1594930 470
1594940 471
1594950 472
1594960 474
1594970 476
1594980 477
1594990 479
1595000 481
1595010 484
1595020 488
1595030 491
1595040 494
1595050 496
1595060 498
1595070 499
1595080 499
1595090 500
1595100 501
1595110 504
1595120 505
1595130 506
1595140 507
1595150 508
1595160 509
1595170 509
1595180 510
1595190 510
1595200 510
1595210 511
1595220 511
1595230 511
1595240 512
1595250 512
1595260 513
1595270 513
1595280 514
1595290 514
1595300 515
1595310 516
1595320 516
1595330 518
1595340 520
1595350 520
1595360 521
1595370 521
1595380 523
1595390 525
1595400 527
1595410 530
1595420 532
1595430 534
1595440 537
1595450 539
1595460 542
1595470 544
1595480 547
1595490 549
1595500 553
1595510 557
1595520 561
1595530 564
1595540 567
1595550 570
1595560 571
1595570 572
1595580 574
1595590 577
1595600 579
1595610 582
1595620 585
1595630 589
1595640 593
1595650 597
1595660 601
1595670 605
1595680 609
1595690 612
1595700 613
1595710 615
1595720 618
1595730 620
1595740 625
1595750 630
1595760 638
1595770 643
1595780 649
1595790 655
1595800 664
1595810 669
1595820 672
1595830 676
1595840 679
1595850 681
1595860 683
1595870 685
1595880 686
1595890 689
1595900 693
1595910 696
1595920 697
1595930 699
1595940 702
1595950 705
1595960 709
1595970 713
1595980 717
1595990 720
1596000 724
1596010 728
1596020 731
1596030 734
1596040 737
1596050 740
1596060 743
1596070 745
1596080 748
1596090 751
1596100 754
1596110 757
1596120 759
1596130 761
1596140 763
1596150 765
1596160 767
1596170 769
1596180 772
1596190 774
1596200 776
1596210 778
1596220 780
1596230 782
1596240 785
1596250 787
1596260 790
1596270 792
1596280 795
1596290 797
1596300 799
1596310 801
1596320 803
1596330 805
1596340 807
1596350 809
1596360 811
1596370 812
1596380 814
1596390 815
1596400 817
1596410 819
1596420 821
1596430 824
1596440 825
1596450 827
1596460 828
1596470 830
1596480 831
1596490 833
1596500 834
1596510 836
1596520 837
1596530 838
1596540 840
1596550 841
1596560 843
1596570 844
1596580 845
1596590 847
1596600 848
1596610 850
1596620 851
1596630 853
1596640 855
1596650 859
1596660 862
1596670 865
1596680 867
1596690 868
1596700 869
1596710 871
1596720 874
1596730 877
1596740 880
1596750 882
1596760 882
1596770 883
1596780 885
1596790 887
1596800 890
1596810 892
1596820 894
1596830 897
1596840 900
1596850 903
1596860 906
1596870 908
1596880 911
1596890 913
1596900 915
1596910 918
1596920 921
1596930 924
1596940 927
1596950 929
1596960 932
1596970 934
1596980 937
1596990 938
1597000 940
1597010 942
1597020 945
1597030 947
1597040 948
1597050 947
1597060 946
1597070 945
1597080 947
1597090 950
1597100 953
1597110 956
1597120 958
1597130 960
1597140 962
1597150 963
1597160 963
1597170 962
1597180 961
1597190 961
1597200 961
1597210 962
1597220 962
1597230 962
1597240 963
1597250 965
1597260 967
1597270 969
1597280 971
1597290 972
1597300 972
1597310 972
1597320 971
1597330 970
1597340 972
1597350 974
1597360 976
1597370 979
1597380 982
1597390 984
1597400 986
1597410 987
1597420 987
1597430 987
1597440 987
1597450 987
1597460 987
1597470 988
1597480 990
1597490 992
1597500 995
1597510 998
1597520 1001
1597530 1004
1597540 1008
1597550 1011
1597560 1014
1597570 1018
1597580 1021
1597590 1025
1597600 1027
1597610 1030
1597620 1033
1597630 1035
1597640 1037
1597650 1039
1597660 1040
1597670 1041
1597680 1041
1597690 1042
1597700 1044
1597710 1046
1597720 1048
1597730 1050
1597740 1053
1597750 1055
1597760 1058
1597770 1061
1597780 1063
1597790 1066
1597800 1070
1597810 1073
1597820 1077
1597830 1080
1597840 1082
1597850 1083
1597860 1085
1597870 1086
1597880 1087
1597890 1088
1597900 1089
1597910 1090
1597920 1092
1597930 1094
1597940 1096
1597950 1098
1597960 1101
1597970 1103
1597980 1105
1597990 1107
1598000 1108
1598010 1109
1598020 1111
1598030 1114
1598040 1117
1598050 1120
1598060 1123
1598070 1127
1598080 1130
1598090 1133
1598100 1136
1598110 1138
1598120 1141
1598130 1144
1598140 1148
1598150 1151
1598160 1154
1598170 1157
1598180 1161
1598190 1164
1598200 1167
1598210 1169
1598220 1170
1598230 1171
1598240 1170
1598250 1169
1598260 1168
1598270 1166
1598280 1165
1598290 1164
1598300 1164
1598310 1164
1598320 1164
1598330 1164
1598340 1164
1598350 1164
1598360 1164
1598370 1163
1598380 1164
1598390 1164
1598400 1164
1598410 1163
1598420 1163
1598430 1163
1598440 1164
1598450 1165
1598460 1167
1598470 1168
1598480 1171
1598490 1174
1598500 1177
1598510 1180
1598520 1184
1598530 1187
1598540 1190
1598550 1193
1598560 1197
1598570 1200
1598580 1204
1598590 1208
1598600 1211
1598610 1214
1598620 1217
1598630 1220
1598640 1223
1598650 1225
1598660 1227
1598670 1228
1598680 1230
1598690 1233
1598700 1236
1598710 1239
1598720 1241
1598730 1243
1598740 1244
1598750 1246
1598760 1246
1598770 1247
1598780 1248
1598790 1249
1598800 1250
1598810 1251
1598820 1252
1598830 1254
1598840 1257
1598850 1259
1598860 1262
1598870 1266
1598880 1269
1598890 1271
1598900 1273
1598910 1274
1598920 1274
1598930 1273
1598940 1272
1598950 1271
1598960 1269
1598970 1267
1598980 1264
1598990 1261
1599000 1258
1599010 1255
1599020 1252
1599030 1249
1599040 1247
1599050 1245
1599060 1242
1599070 1239
1599080 1234
1599090 1230
1599100 1226
1599110 1221
1599120 1218
1599130 1215
1599140 1213
1599150 1211
1599160 1208
1599170 1205
1599180 1202
1599190 1198
1599200 1195
1599210 1193
1599220 1190
1599230 1188
1599240 1186
1599250 1183
1599260 1179
1599270 1173
1599280 1162
1599290 1150
1599300 1140
1599310 1137
1599320 1136
1599330 1137
1599340 1138
1599350 1140
1599360 1142
1599370 1145
1599380 1147
1599390 1147
1599400 1144
1599410 1141
1599420 1138
1599430 1136
1599440 1133
1599450 1131
1599460 1129
1599470 1126
1599480 1124
1599490 1123
1599500 1122
1599510 1121
1599520 1120
1599530 1118
1599540 1117
1599550 1115
1599560 1113
1599570 1109
1599580 1106
1599590 1103
1599600 1101
1599610 1100
1599620 1099
1599630 1098
1599640 1096
1599650 1094
1599660 1092
1599670 1089
1599680 1087
1599690 1085
1599700 1084
1599710 1082
1599720 1081
1599730 1080
1599740 1079
1599750 1076
1599760 1073
1599770 1069
1599780 1066
1599790 1062
1599800 1059
1599810 1057
1599820 1056
1599830 1055
1599840 1053
1599850 1051
1599860 1049
1599870 1048
1599880 1046
1599890 1044
1599900 1043
1599910 1041
1599920 1039
1599930 1037
1599940 1035
1599950 1034
1599960 1033
1599970 1032
1599980 1030
1599990 1029
