1580000 631
1580010 636
1580020 639
1580030 642
1580040 644
1580050 644
1580060 644
1580070 643
1580080 642
1580090 641
1580100 640
1580110 638
1580120 637
1580130 636
1580140 636
1580150 635
1580160 635
1580170 635
1580180 634
1580190 634
1580200 634
1580210 634
1580220 635
1580230 635
1580240 635
1580250 633
1580260 630
1580270 625
1580280 622
1580290 622
1580300 625
1580310 629
1580320 632
1580330 634
1580340 634
1580350 634
1580360 634
1580370 634
1580380 634
1580390 633
1580400 633
1580410 633
1580420 633
1580430 633
1580440 633
1580450 631
1580460 629
1580470 625
1580480 623
1580490 624
1580500 627
1580510 630
1580520 632
1580530 634
1580540 634
1580550 634
1580560 635
1580570 635
1580580 635
1580590 634
1580600 634
1580610 634
1580620 634
1580630 635
1580640 635
1580650 635
1580660 635
1580670 634
1580680 633
1580690 631
1580700 627
1580710 623
1580720 618
1580730 613
1580740 608
1580750 603
1580760 598
1580770 595
1580780 592
1580790 592
1580800 592
1580810 592
1580820 592
1580830 591
1580840 590
1580850 587
1580860 585
1580870 586
1580880 589
1580890 593
1580900 596
1580910 599
1580920 603
1580930 607
1580940 612
1580950 617
1580960 622
1580970 626
1580980 631
1580990 634
1581000 635
1581010 633
1581020 630
1581030 627
1581040 625
1581050 627
1581060 632
1581070 637
1581080 641
1581090 645
1581100 648
1581110 652
1581120 655
1581130 658
1581140 659
1581150 660
1581160 661
1581170 663
1581180 665
1581190 666
1581200 668
1581210 670
1581220 672
1581230 673
1581240 675
1581250 676
1581260 678
1581270 680
1581280 681
1581290 683
1581300 684
1581310 685
1581320 687
1581330 688
1581340 690
1581350 691
1581360 692
1581370 693
1581380 693
1581390 693
1581400 693
1581410 693
1581420 692
1581430 691
1581440 691
1581450 691
1581460 691
1581470 691
1581480 691
1581490 692
1581500 693
1581510 694
1581520 695
1581530 696
1581540 697
1581550 697
1581560 698
1581570 698
1581580 699
1581590 699
1581600 700
1581610 700
1581620 700
1581630 700
1581640 700
1581650 701
1581660 701
1581670 702
1581680 702
1581690 703
1581700 703
1581710 704
1581720 706
1581730 705
1581740 705
1581750 703
1581760 704
1581770 705
1581780 706
1581790 707
1581800 707
1581810 707
1581820 706
1581830 705
1581840 705
1581850 706
1581860 706
1581870 707
1581880 707
1581890 707
1581900 708
1581910 709
1581920 710
1581930 710
1581940 711
1581950 712
1581960 713
1581970 714
1581980 715
1581990 716
1582000 717
1582010 717
1582020 717
1582030 718
1582040 719
1582050 720
1582060 721
1582070 722
1582080 723
1582090 723
1582100 723
1582110 722
1582120 723
1582130 724
1582140 725
1582150 726
1582160 727
1582170 728
1582180 729
1582190 730
1582200 730
1582210 731
1582220 731
1582230 731
1582240 731
1582250 731
1582260 731
1582270 731
1582280 733
1582290 734
1582300 734
1582310 734
1582320 734
1582330 732
1582340 731
1582350 730
1582360 730
1582370 731
1582380 734
1582390 737
1582400 738
1582410 740
1582420 741
1582430 742
1582440 743
1582450 744
1582460 744
1582470 745
1582480 745
1582490 746
1582500 747
1582510 747
1582520 747
1582530 748
1582540 749
1582550 749
1582560 749
1582570 750
1582580 750
1582590 752
1582600 753
1582610 753
1582620 754
1582630 753
1582640 752
1582650 752
1582660 752
1582670 753
1582680 754
1582690 754
1582700 753
1582710 752
1582720 750
1582730 748
1582740 746
1582750 747
1582760 746
1582770 746
1582780 745
1582790 745
1582800 744
1582810 744
1582820 744
1582830 745
1582840 745
1582850 748
1582860 751
1582870 754
1582880 756
1582890 757
1582900 757
1582910 755
1582920 754
1582930 753
1582940 754
1582950 756
1582960 756
1582970 754
1582980 751
1582990 749
1583000 748
1583010 748
1583020 749
1583030 749
1583040 751
1583050 753
1583060 754
1583070 753
1583080 751
1583090 749
1583100 747
1583110 745
1583120 745
1583130 747
1583140 749
1583150 751
1583160 752
1583170 753
1583180 754
1583190 755
1583200 756
1583210 757
1583220 760
1583230 763
1583240 765
1583250 766
1583260 767
1583270 767
1583280 767
1583290 766
1583300 765
1583310 765
1583320 766
1583330 767
1583340 767
1583350 766
1583360 766
1583370 766
1583380 766
1583390 766
1583400 764
1583410 760
1583420 756
1583430 752
1583440 748
1583450 744
1583460 741
1583470 741
1583480 742
1583490 746
1583500 748
1583510 751
1583520 754
1583530 758
1583540 761
1583550 764
1583560 768
1583570 771
1583580 775
1583590 779
1583600 783
1583610 786
1583620 787
1583630 788
1583640 789
1583650 789
1583660 789
1583670 789
1583680 789
1583690 789
1583700 789
1583710 789
1583720 789
1583730 790
1583740 790
1583750 791
1583760 791
1583770 792
1583780 792
1583790 793
1583800 793
1583810 793
1583820 792
1583830 791
1583840 790
1583850 789
1583860 789
1583870 789
1583880 790
1583890 791
1583900 791
1583910 792
1583920 793
1583930 795
1583940 797
1583950 799
1583960 801
1583970 803
1583980 804
1583990 805
1584000 805
1584010 806
1584020 807
1584030 808
1584040 809
1584050 810
1584060 810
1584070 811
1584080 811
1584090 811
1584100 812
1584110 813
1584120 814
1584130 815
1584140 814
1584150 814
1584160 814
1584170 814
1584180 814
1584190 814
1584200 814
1584210 814
1584220 815
1584230 815
1584240 815
1584250 815
1584260 815
1584270 814
1584280 812
1584290 809
1584300 808
1584310 807
1584320 807
1584330 809
1584340 811
1584350 812
1584360 812
1584370 813
1584380 813
1584390 813
1584400 813
1584410 814
1584420 814
1584430 814
1584440 815
1584450 815
1584460 816
1584470 816
1584480 817
1584490 819
1584500 820
1584510 822
1584520 823
1584530 823
1584540 823
1584550 822
1584560 822
1584570 822
1584580 823
1584590 824
1584600 825
1584610 826
1584620 827
1584630 827
1584640 828
1584650 828
1584660 829
1584670 830
1584680 831
1584690 832
1584700 833
1584710 836
1584720 840
1584730 844
1584740 847
1584750 850
1584760 854
1584770 857
1584780 859
1584790 860
1584800 861
1584810 862
1584820 861
1584830 860
1584840 859
1584850 861
1584860 863
1584870 866
1584880 869
1584890 871
1584900 874
1584910 875
1584920 876
1584930 876
1584940 877
1584950 878
1584960 879
1584970 879
1584980 880
1584990 880
1585000 881
1585010 881
1585020 882
1585030 882
1585040 882
1585050 882
1585060 882
1585070 883
1585080 885
1585090 887
1585100 891
1585110 894
1585120 897
1585130 900
1585140 902
1585150 903
1585160 904
1585170 906
1585180 908
1585190 910
1585200 910
1585210 910
1585220 910
1585230 909
1585240 909
1585250 908
1585260 906
1585270 905
1585280 903
1585290 901
1585300 899
1585310 898
1585320 898
1585330 899
1585340 900
1585350 901
1585360 902
1585370 902
1585380 902
1585390 902
1585400 902
1585410 902
1585420 901
1585430 900
1585440 899
1585450 897
1585460 895
1585470 895
1585480 895
1585490 898
1585500 900
1585510 902
1585520 903
1585530 901
1585540 899
1585550 896
1585560 895
1585570 893
1585580 892
1585590 893
1585600 896
1585610 899
1585620 903
1585630 906
1585640 909
1585650 909
1585660 909
1585670 909
1585680 909
1585690 909
1585700 909
1585710 909
1585720 909
1585730 909
1585740 909
1585750 909
1585760 908
1585770 905
1585780 904
1585790 903
1585800 903
1585810 903
1585820 904
1585830 907
1585840 911
1585850 913
1585860 915
1585870 916
1585880 917
1585890 918
1585900 920
1585910 920
1585920 921
1585930 922
1585940 922
1585950 923
1585960 924
1585970 925
1585980 926
1585990 925
1586000 924
1586010 921
1586020 920
1586030 919
1586040 922
1586050 926
1586060 930
1586070 932
1586080 933
1586090 933
1586100 934
1586110 935
1586120 935
1586130 935
1586140 933
1586150 930
1586160 928
1586170 929
1586180 930
1586190 933
1586200 936
1586210 939
1586220 940
1586230 940
1586240 940
1586250 939
1586260 938
1586270 937
1586280 935
1586290 932
1586300 930
1586310 930
1586320 932
1586330 934
1586340 935
1586350 933
1586360 930
1586370 926
1586380 923
1586390 919
1586400 918
1586410 918
1586420 920
1586430 924
1586440 928
1586450 932
1586460 936
1586470 940
1586480 943
1586490 944
1586500 943
1586510 943
1586520 942
1586530 943
1586540 943
1586550 943
1586560 944
1586570 944
1586580 945
1586590 945
1586600 946
1586610 946
1586620 946
1586630 946
1586640 946
1586650 947
1586660 947
1586670 948
1586680 949
1586690 951
1586700 952
1586710 953
1586720 954
1586730 955
1586740 955
1586750 956
1586760 956
1586770 956
1586780 957
1586790 956
1586800 956
1586810 955
1586820 954
1586830 953
1586840 952
1586850 952
1586860 951
1586870 950
1586880 949
1586890 948
1586900 946
1586910 945
1586920 944
1586930 943
1586940 943
1586950 942
1586960 942
1586970 941
1586980 940
1586990 939
1587000 938
1587010 938
1587020 938
1587030 938
1587040 938
1587050 938
1587060 938
1587070 939
1587080 940
1587090 941
1587100 942
1587110 943
1587120 944
1587130 944
1587140 945
1587150 945
1587160 945
1587170 945
1587180 945
1587190 945
1587200 945
1587210 945
1587220 945
1587230 945
1587240 944
1587250 943
1587260 943
1587270 943
1587280 942
1587290 942
1587300 942
1587310 942
1587320 942
1587330 941
1587340 940
1587350 937
1587360 936
1587370 935
1587380 936
1587390 936
1587400 936
1587410 935
1587420 934
1587430 933
1587440 931
1587450 929
1587460 928
1587470 927
1587480 927
1587490 927
1587500 928
1587510 930
1587520 933
1587530 936
1587540 940
1587550 942
1587560 944
1587570 946
1587580 947
1587590 948
1587600 948
1587610 949
1587620 949
1587630 949
1587640 949
1587650 950
1587660 950
1587670 951
1587680 951
1587690 951
1587700 950
1587710 949
1587720 947
1587730 945
1587740 944
1587750 942
1587760 940
1587770 938
1587780 937
1587790 935
1587800 934
1587810 934
1587820 933
1587830 933
1587840 933
1587850 933
1587860 935
1587870 935
1587880 935
1587890 936
1587900 935
1587910 935
1587920 935
1587930 935
1587940 936
1587950 937
1587960 937
1587970 938
1587980 938
1587990 937
1588000 938
1588010 938
1588020 939
1588030 940
1588040 940
1588050 940
1588060 939
1588070 938
1588080 937
1588090 935
1588100 930
1588110 924
1588120 916
1588130 908
1588140 901
1588150 894
1588160 887
1588170 879
1588180 872
1588190 867
1588200 863
1588210 859
1588220 853
1588230 849
1588240 845
1588250 842
1588260 835
1588270 828
1588280 822
1588290 817
1588300 812
1588310 808
1588320 803
1588330 799
1588340 794
1588350 790
1588360 786
1588370 782
1588380 778
1588390 774
1588400 771
1588410 768
1588420 766
1588430 762
1588440 759
1588450 755
1588460 750
1588470 746
1588480 742
1588490 739
1588500 735
1588510 732
1588520 728
1588530 724
1588540 721
1588550 717
1588560 714
1588570 710
1588580 707
1588590 704
1588600 701
1588610 697
1588620 693
1588630 690
1588640 684
1588650 680
1588660 677
1588670 677
1588680 676
1588690 674
1588700 672
1588710 671
1588720 671
1588730 673
1588740 674
1588750 674
1588760 675
1588770 673
1588780 671
1588790 668
1588800 666
1588810 664
1588820 663
1588830 661
1588840 660
1588850 659
1588860 659
1588870 658
1588880 657
1588890 656
1588900 654
1588910 653
1588920 651
1588930 651
1588940 650
1588950 648
1588960 645
1588970 642
1588980 639
1588990 635
1589000 630
1589010 625
1589020 620
1589030 617
1589040 614
1589050 611
1589060 611
1589070 611
1589080 611
1589090 609
1589100 609
1589110 609
1589120 609
1589130 609
1589140 608
1589150 608
1589160 608
1589170 607
1589180 606
1589190 605
1589200 605
1589210 604
1589220 603
1589230 602
1589240 601
1589250 599
1589260 597
1589270 597
1589280 601
1589290 603
1589300 607
1589310 611
1589320 616
1589330 621
1589340 624
1589350 626
1589360 627
1589370 626
1589380 625
1589390 623
1589400 621
1589410 620
1589420 619
1589430 618
1589440 616
1589450 615
1589460 614
1589470 614
1589480 613
1589490 612
1589500 611
1589510 609
1589520 608
1589530 607
1589540 606
1589550 605
1589560 604
1589570 603
1589580 601
1589590 599
1589600 597
1589610 592
1589620 589
1589630 585
1589640 584
1589650 582
1589660 581
1589670 580
1589680 579
1589690 578
1589700 577
1589710 576
1589720 575
1589730 574
1589740 573
1589750 572
1589760 572
1589770 571
1589780 570
1589790 569
1589800 568
1589810 566
1589820 564
1589830 561
1589840 559
1589850 558
1589860 557
1589870 556
1589880 555
1589890 554
1589900 555
1589910 555
1589920 555
1589930 556
1589940 557
1589950 557
1589960 557
1589970 557
1589980 556
1589990 556
1590000 555
1590010 555
1590020 554
1590030 553
1590040 553
1590050 552
1590060 552
1590070 552
1590080 551
1590090 551
1590100 550
1590110 549
1590120 548
1590130 548
1590140 547
1590150 547
1590160 546
1590170 546
1590180 545
1590190 544
1590200 543
1590210 542
1590220 542
1590230 541
1590240 541
1590250 540
1590260 540
1590270 539
1590280 539
1590290 538
1590300 537
1590310 536
1590320 535
1590330 534
1590340 533
1590350 533
1590360 532
1590370 531
1590380 530
1590390 530
1590400 529
1590410 528
1590420 528
1590430 527
1590440 526
1590450 525
1590460 524
1590470 524
1590480 523
1590490 522
1590500 521
1590510 520
1590520 520
1590530 519
1590540 518
1590550 518
1590560 517
1590570 517
1590580 516
1590590 515
1590600 515
1590610 515
1590620 515
1590630 514
1590640 514
1590650 514
1590660 514
1590670 514
1590680 513
1590690 513
1590700 513
1590710 513
1590720 513
1590730 513
1590740 513
1590750 514
1590760 514
1590770 513
1590780 512
1590790 511
1590800 511
1590810 510
1590820 509
1590830 508
1590840 507
1590850 507
1590860 506
1590870 505
1590880 503
1590890 502
1590900 501
1590910 500
1590920 500
1590930 501
1590940 502
1590950 503
1590960 503
1590970 503
1590980 503
1590990 503
1591000 503
1591010 502
1591020 497
1591030 492
1591040 487
1591050 483
1591060 480
1591070 479
1591080 479
1591090 478
1591100 477
1591110 476
1591120 478
1591130 478
1591140 479
1591150 479
1591160 480
1591170 481
1591180 481
1591190 482
1591200 482
1591210 481
1591220 481
1591230 481
1591240 480
1591250 480
1591260 481
1591270 483
1591280 484
1591290 486
1591300 487
1591310 487
1591320 487
1591330 488
1591340 488
1591350 488
1591360 488
1591370 488
1591380 488
1591390 488
1591400 489
1591410 489
1591420 489
1591430 489
1591440 490
1591450 490
1591460 491
1591470 492
1591480 494
1591490 496
1591500 499
1591510 503
1591520 508
1591530 513
1591540 515
1591550 516
1591560 517
1591570 517
1591580 518
1591590 519
1591600 521
1591610 522
1591620 523
1591630 524
1591640 524
1591650 525
1591660 526
1591670 527
1591680 528
1591690 529
1591700 530
1591710 532
1591720 533
1591730 534
1591740 536
1591750 537
1591760 538
1591770 539
1591780 541
1591790 543
1591800 544
1591810 545
1591820 546
1591830 545
1591840 544
1591850 542
1591860 541
1591870 541
1591880 541
1591890 543
1591900 544
1591910 546
1591920 547
1591930 549
1591940 550
1591950 551
1591960 551
1591970 552
1591980 554
1591990 556
1592000 558
1592010 561
1592020 564
1592030 567
1592040 570
1592050 573
1592060 576
1592070 578
1592080 578
1592090 577
1592100 576
1592110 575
1592120 576
1592130 578
1592140 581
1592150 585
1592160 589
1592170 593
1592180 597
1592190 601
1592200 603
1592210 603
1592220 600
1592230 597
1592240 593
1592250 590
1592260 587
1592270 584
1592280 580
1592290 577
1592300 573
1592310 570
1592320 568
1592330 567
1592340 566
1592350 566
1592360 566
1592370 566
1592380 565
1592390 565
1592400 564
1592410 563
1592420 562
1592430 561
1592440 561
1592450 561
1592460 561
1592470 561
1592480 561
1592490 562
1592500 562
1592510 562
1592520 563
1592530 563
1592540 564
1592550 564
1592560 564
1592570 564
1592580 564
1592590 564
1592600 564
1592610 564
1592620 564
1592630 565
1592640 566
1592650 568
1592660 569
1592670 570
1592680 570
1592690 568
1592700 565
1592710 563
1592720 561
1592730 560
1592740 559
1592750 559
1592760 561
1592770 563
1592780 566
1592790 567
1592800 567
1592810 566
1592820 565
1592830 565
1592840 565
1592850 566
1592860 568
1592870 570
1592880 573
1592890 575
1592900 576
1592910 575
1592920 574
1592930 574
1592940 574
1592950 574
1592960 573
1592970 571
1592980 570
1592990 568
1593000 567
1593010 567
1593020 566
1593030 566
1593040 565
1593050 565
1593060 564
1593070 563
1593080 563
1593090 562
1593100 562
1593110 562
1593120 562
1593130 562
1593140 561
1593150 563
1593160 564
1593170 566
1593180 567
1593190 567
1593200 567
1593210 567
1593220 567
1593230 567
1593240 567
1593250 567
1593260 567
1593270 567
1593280 567
1593290 567
1593300 567
1593310 566
1593320 566
1593330 565
1593340 565
1593350 565
1593360 566
1593370 566
1593380 565
1593390 565
1593400 566
1593410 567
1593420 568
1593430 568
1593440 569
1593450 569
1593460 571
1593470 571
1593480 573
1593490 574
1593500 575
1593510 575
1593520 575
1593530 574
1593540 575
1593550 574
1593560 572
1593570 571
1593580 571
1593590 573
1593600 574
1593610 574
1593620 575
1593630 576
1593640 577
1593650 578
1593660 579
1593670 580
1593680 581
1593690 582
1593700 583
1593710 583
1593720 583
1593730 583
1593740 582
1593750 581
1593760 579
1593770 578
1593780 578
1593790 577
1593800 577
1593810 577
1593820 578
1593830 579
1593840 579
1593850 579
1593860 577
1593870 575
1593880 573
1593890 572
1593900 572
1593910 571
1593920 571
1593930 572
1593940 572
1593950 572
1593960 572
1593970 572
1593980 572
1593990 572
1594000 571
1594010 570
1594020 569
1594030 568
1594040 566
1594050 565
1594060 563
1594070 561
1594080 561
1594090 561
1594100 563
1594110 562
1594120 561
1594130 560
1594140 558
1594150 557
1594160 556
1594170 555
1594180 555
1594190 555
1594200 555
1594210 555
1594220 555
1594230 554
1594240 554
1594250 553
1594260 553
1594270 552
1594280 552
1594290 553
1594300 556
1594310 558
1594320 560
1594330 563
1594340 564
1594350 566
1594360 568
1594370 569
1594380 570
1594390 571
1594400 570
1594410 569
1594420 568
1594430 568
1594440 568
1594450 568
1594460 567
1594470 565
1594480 563
1594490 560
1594500 557
1594510 555
1594520 554
1594530 551
1594540 549
1594550 548
1594560 548
1594570 547
1594580 547
1594590 546
1594600 544
1594610 543
1594620 542
1594630 540
1594640 539
1594650 538
1594660 537
1594670 536
1594680 535
1594690 534
1594700 532
1594710 531
1594720 531
1594730 531
1594740 532
1594750 532
1594760 533
1594770 535
1594780 536
1594790 537
1594800 538
1594810 537
1594820 538
1594830 539
1594840 540
1594850 538
1594860 537
1594870 536
1594880 535
1594890 534
1594900 533
1594910 532
1594920 530
1594930 529
1594940 528
1594950 527
1594960 527
1594970 526
1594980 526
1594990 526
1595000 526
1595010 527
1595020 529
1595030 531
1595040 533
1595050 534
1595060 535
1595070 535
1595080 535
1595090 534
1595100 531
1595110 527
1595120 523
1595130 519
1595140 515
1595150 511
1595160 509
1595170 506
1595180 504
1595190 502
1595200 500
1595210 499
1595220 498
1595230 496
1595240 493
1595250 490
1595260 487
1595270 488
1595280 490
1595290 493
1595300 498
1595310 503
1595320 509
1595330 516
1595340 523
1595350 529
1595360 536
1595370 541
1595380 545
1595390 547
1595400 548
1595410 550
1595420 552
1595430 553
1595440 554
1595450 556
1595460 558
1595470 561
1595480 564
1595490 567
1595500 570
1595510 574
1595520 578
1595530 582
1595540 586
1595550 590
1595560 594
1595570 598
1595580 602
1595590 606
1595600 610
1595610 615
1595620 619
1595630 623
1595640 628
1595650 632
1595660 637
1595670 641
1595680 646
1595690 650
1595700 655
1595710 660
1595720 665
1595730 671
1595740 676
1595750 682
1595760 687
1595770 693
1595780 698
1595790 704
1595800 711
1595810 718
1595820 725
1595830 735
1595840 748
1595850 763
1595860 774
1595870 779
1595880 782
1595890 785
1595900 788
1595910 788
1595920 789
1595930 789
1595940 790
1595950 791
1595960 792
1595970 793
1595980 796
1595990 799
1596000 803
1596010 805
1596020 807
1596030 807
1596040 809
1596050 810
1596060 811
1596070 813
1596080 815
1596090 818
1596100 821
1596110 824
1596120 827
1596130 831
1596140 835
1596150 839
1596160 843
1596170 848
1596180 852
1596190 855
1596200 855
1596210 855
1596220 856
1596230 857
1596240 858
1596250 860
1596260 863
1596270 865
1596280 867
1596290 867
1596300 868
1596310 869
1596320 869
1596330 870
1596340 871
1596350 871
1596360 872
1596370 873
1596380 874
1596390 875
1596400 875
1596410 875
1596420 874
1596430 874
1596440 874
1596450 875
1596460 876
1596470 876
1596480 877
1596490 877
1596500 876
1596510 876
1596520 875
1596530 875
1596540 874
1596550 874
1596560 874
1596570 874
1596580 874
1596590 874
1596600 874
1596610 874
1596620 875
1596630 877
1596640 878
1596650 880
1596660 881
1596670 882
1596680 884
1596690 885
1596700 887
1596710 888
1596720 890
1596730 892
1596740 893
1596750 894
1596760 895
1596770 896
1596780 896
1596790 896
1596800 896
1596810 895
1596820 895
1596830 894
1596840 894
1596850 893
1596860 892
1596870 892
1596880 892
1596890 892
1596900 894
1596910 896
1596920 898
1596930 901
1596940 903
1596950 905
1596960 907
1596970 910
1596980 912
1596990 915
1597000 918
1597010 920
1597020 923
1597030 925
1597040 927
1597050 929
1597060 932
1597070 934
1597080 937
1597090 939
1597100 941
1597110 943
1597120 946
1597130 949
1597140 951
1597150 954
1597160 956
1597170 958
1597180 960
1597190 963
1597200 966
1597210 970
1597220 973
1597230 976
1597240 979
1597250 981
1597260 982
1597270 984
1597280 986
1597290 987
1597300 989
1597310 991
1597320 993
1597330 994
1597340 997
1597350 999
1597360 1001
1597370 1004
1597380 1006
1597390 1008
1597400 1011
1597410 1013
1597420 1015
1597430 1019
1597440 1022
1597450 1026
1597460 1030
1597470 1033
1597480 1037
1597490 1040
1597500 1044
1597510 1047
1597520 1051
1597530 1054
1597540 1058
1597550 1061
1597560 1064
1597570 1067
1597580 1070
1597590 1073
1597600 1076
1597610 1080
1597620 1084
1597630 1087
1597640 1091
1597650 1095
1597660 1099
1597670 1103
1597680 1107
1597690 1111
1597700 1115
1597710 1119
1597720 1123
1597730 1126
1597740 1130
1597750 1134
1597760 1138
1597770 1142
1597780 1147
1597790 1151
1597800 1155
1597810 1160
1597820 1164
1597830 1169
1597840 1173
1597850 1178
1597860 1182
1597870 1187
1597880 1191
1597890 1195
1597900 1200
1597910 1205
1597920 1209
1597930 1214
1597940 1219
1597950 1224
1597960 1228
1597970 1233
1597980 1238
1597990 1242
1598000 1247
1598010 1252
1598020 1256
1598030 1261
1598040 1266
1598050 1271
1598060 1276
1598070 1282
1598080 1287
1598090 1292
1598100 1297
1598110 1302
1598120 1307
1598130 1311
1598140 1316
1598150 1321
1598160 1326
1598170 1330
1598180 1335
1598190 1339
1598200 1343
1598210 1347
1598220 1351
1598230 1355
1598240 1360
1598250 1364
1598260 1368
1598270 1372
1598280 1376
1598290 1380
1598300 1385
1598310 1389
1598320 1393
1598330 1397
1598340 1401
1598350 1406
1598360 1410
1598370 1414
1598380 1417
1598390 1421
1598400 1424
1598410 1426
1598420 1428
1598430 1429
1598440 1430
1598450 1431
1598460 1432
1598470 1433
1598480 1434
1598490 1434
1598500 1435
1598510 1436
1598520 1436
1598530 1437
1598540 1438
1598550 1438
1598560 1439
1598570 1440
1598580 1440
1598590 1441
1598600 1441
1598610 1442
1598620 1442
1598630 1443
1598640 1443
1598650 1444
1598660 1445
1598670 1445
1598680 1446
1598690 1447
1598700 1448
1598710 1448
1598720 1449
1598730 1450
1598740 1451
1598750 1452
1598760 1453
1598770 1453
1598780 1454
1598790 1455
1598800 1455
1598810 1455
1598820 1453
1598830 1451
1598840 1447
1598850 1443
1598860 1438
1598870 1434
1598880 1429
1598890 1424
1598900 1419
1598910 1414
1598920 1408
1598930 1402
1598940 1397
1598950 1392
1598960 1387
1598970 1382
1598980 1378
1598990 1373
1599000 1368
1599010 1364
1599020 1360
1599030 1355
1599040 1351
1599050 1346
1599060 1342
1599070 1337
1599080 1333
1599090 1330
1599100 1326
1599110 1322
1599120 1318
1599130 1314
1599140 1310
1599150 1306
1599160 1303
1599170 1299
1599180 1295
1599190 1292
1599200 1288
1599210 1285
1599220 1281
1599230 1278
1599240 1274
1599250 1271
1599260 1268
1599270 1264
1599280 1261
1599290 1258
1599300 1255
1599310 1251
1599320 1248
1599330 1245
1599340 1242
1599350 1239
1599360 1236
1599370 1233
1599380 1230
1599390 1227
1599400 1224
1599410 1221
1599420 1218
1599430 1215
1599440 1213
1599450 1210
1599460 1208
1599470 1205
1599480 1203
1599490 1201
1599500 1198
1599510 1196
1599520 1194
1599530 1193
1599540 1191
1599550 1190
1599560 1189
1599570 1189
1599580 1190
1599590 1192
1599600 1193
1599610 1195
1599620 1196
1599630 1197
1599640 1197
1599650 1197
1599660 1197
1599670 1198
1599680 1198
1599690 1199
1599700 1199
1599710 1199
1599720 1199
1599730 1198
1599740 1197
1599750 1196
1599760 1195
1599770 1194
1599780 1192
1599790 1191
1599800 1189
1599810 1188
1599820 1187
1599830 1186
1599840 1186
1599850 1186
1599860 1186
1599870 1186
1599880 1186
1599890 1187
1599900 1187
1599910 1187
1599920 1187
1599930 1187
1599940 1187
1599950 1187
1599960 1186
1599970 1186
1599980 1186
1599990 1186
