1580000 443
1580010 443
1580020 443
1580030 443
1580040 443
1580050 443
1580060 443
1580070 443
1580080 443
1580090 443
1580100 443
1580110 443
1580120 443
1580130 443
1580140 443
1580150 443
1580160 443
1580170 443
1580180 443
1580190 443
1580200 443
1580210 442
1580220 443
1580230 443
1580240 443
1580250 443
1580260 442
1580270 442
1580280 443
1580290 443
1580300 442
1580310 442
1580320 442
1580330 442
1580340 442
1580350 442
1580360 442
1580370 442
1580380 442
1580390 442
1580400 442
1580410 442
1580420 442
1580430 442
1580440 442
1580450 442
1580460 442
1580470 441
1580480 441
1580490 441
1580500 441
1580510 441
1580520 441
1580530 441
1580540 441
1580550 441
1580560 441
1580570 441
1580580 441
1580590 441
1580600 441
1580610 441
1580620 441
1580630 441
1580640 440
1580650 440
1580660 439
1580670 439
1580680 439
1580690 438
1580700 438
1580710 438
1580720 437
1580730 437
1580740 437
1580750 437
1580760 437
1580770 437
1580780 437
1580790 437
1580800 437
1580810 437
1580820 438
1580830 438
1580840 438
1580850 438
1580860 438
1580870 439
1580880 439
1580890 439
1580900 439
1580910 439
1580920 439
1580930 439
1580940 439
1580950 439
1580960 439
1580970 439
1580980 439
1580990 439
1581000 439
1581010 439
1581020 439
1581030 439
1581040 439
1581050 439
1581060 439
1581070 439
1581080 439
1581090 439
1581100 438
1581110 438
1581120 438
1581130 438
1581140 439
1581150 439
1581160 439
1581170 439
1581180 439
1581190 439
1581200 439
1581210 440
1581220 440
1581230 440
1581240 440
1581250 439
1581260 439
1581270 439
1581280 439
1581290 439
1581300 439
1581310 439
1581320 439
1581330 439
1581340 439
1581350 439
1581360 439
1581370 439
1581380 439
1581390 439
1581400 439
1581410 439
1581420 439
1581430 439
1581440 439
1581450 439
1581460 438
1581470 438
1581480 438
1581490 438
1581500 438
1581510 438
1581520 438
1581530 438
1581540 438
1581550 438
1581560 438
1581570 438
1581580 438
1581590 438
1581600 438
1581610 438
1581620 438
1581630 438
1581640 438
1581650 438
1581660 438
1581670 438
1581680 438
1581690 438
1581700 438
1581710 438
1581720 438
1581730 438
1581740 438
1581750 438
1581760 438
1581770 438
1581780 438
1581790 438
1581800 438
1581810 438
1581820 438
1581830 438
1581840 438
1581850 437
1581860 437
1581870 437
1581880 437
1581890 437
1581900 437
1581910 437
1581920 438
1581930 438
1581940 439
1581950 438
1581960 437
1581970 436
1581980 436
1581990 436
1582000 436
1582010 436
1582020 436
1582030 436
1582040 436
1582050 436
1582060 436
1582070 436
1582080 436
1582090 436
1582100 436
1582110 436
1582120 437
1582130 438
1582140 439
1582150 440
1582160 440
1582170 440
1582180 441
1582190 441
1582200 440
1582210 441
1582220 441
1582230 441
1582240 441
1582250 441
1582260 441
1582270 441
1582280 441
1582290 441
1582300 441
1582310 441
1582320 441
1582330 441
1582340 441
1582350 441
1582360 441
1582370 441
1582380 441
1582390 441
1582400 441
1582410 441
1582420 441
1582430 441
1582440 441
1582450 441
1582460 440
1582470 440
1582480 440
1582490 440
1582500 440
1582510 440
1582520 440
1582530 440
1582540 440
1582550 440
1582560 440
1582570 440
1582580 440
1582590 440
1582600 440
1582610 440
1582620 439
1582630 439
1582640 439
1582650 439
1582660 439
1582670 439
1582680 439
1582690 439
1582700 439
1582710 439
1582720 439
1582730 439
1582740 439
1582750 439
1582760 439
1582770 439
1582780 439
1582790 440
1582800 440
1582810 440
1582820 440
1582830 440
1582840 440
1582850 440
1582860 440
1582870 439
1582880 439
1582890 439
1582900 439
1582910 439
1582920 439
1582930 440
1582940 440
1582950 440
1582960 440
1582970 440
1582980 440
1582990 440
1583000 440
1583010 440
1583020 440
1583030 440
1583040 440
1583050 440
1583060 440
1583070 440
1583080 440
1583090 440
1583100 440
1583110 440
1583120 440
1583130 440
1583140 440
1583150 440
1583160 440
1583170 440
1583180 440
1583190 440
1583200 440
1583210 440
1583220 440
1583230 440
1583240 440
1583250 440
1583260 440
1583270 440
1583280 440
1583290 440
1583300 440
1583310 440
1583320 440
1583330 440
1583340 440
1583350 440
1583360 440
1583370 440
1583380 440
1583390 440
1583400 440
1583410 440
1583420 440
1583430 439
1583440 439
1583450 439
1583460 439
1583470 439
1583480 439
1583490 439
1583500 439
1583510 439
1583520 439
1583530 439
1583540 439
1583550 439
1583560 439
1583570 439
1583580 439
1583590 439
1583600 439
1583610 439
1583620 439
1583630 439
1583640 439
1583650 439
1583660 439
1583670 439
1583680 439
1583690 439
1583700 439
1583710 439
1583720 439
1583730 439
1583740 439
1583750 438
1583760 438
1583770 438
1583780 438
1583790 438
1583800 438
1583810 438
1583820 438
1583830 438
1583840 438
1583850 438
1583860 439
1583870 439
1583880 439
1583890 439
1583900 439
1583910 439
1583920 439
1583930 439
1583940 439
1583950 439
1583960 439
1583970 439
1583980 439
1583990 439
1584000 438
1584010 438
1584020 438
1584030 438
1584040 438
1584050 438
1584060 438
1584070 438
1584080 438
1584090 438
1584100 438
1584110 438
1584120 438
1584130 438
1584140 438
1584150 438
1584160 439
1584170 439
1584180 439
1584190 439
1584200 439
1584210 439
1584220 439
1584230 439
1584240 439
1584250 439
1584260 439
1584270 439
1584280 439
1584290 439
1584300 439
1584310 439
1584320 439
1584330 439
1584340 439
1584350 439
1584360 439
1584370 439
1584380 439
1584390 439
1584400 439
1584410 439
1584420 439
1584430 439
1584440 439
1584450 439
1584460 439
1584470 439
1584480 439
1584490 439
1584500 439
1584510 439
1584520 439
1584530 439
1584540 439
1584550 439
1584560 439
1584570 439
1584580 439
1584590 439
1584600 439
1584610 439
1584620 439
1584630 439
1584640 439
1584650 439
1584660 439
1584670 439
1584680 439
1584690 439
1584700 439
1584710 439
1584720 439
1584730 439
1584740 439
1584750 439
1584760 439
1584770 439
1584780 439
1584790 439
1584800 439
1584810 439
1584820 439
1584830 440
1584840 440
1584850 440
1584860 440
1584870 440
1584880 440
1584890 440
1584900 440
1584910 440
1584920 440
1584930 440
1584940 440
1584950 441
1584960 441
1584970 442
1584980 442
1584990 442
1585000 442
1585010 442
1585020 441
1585030 441
1585040 442
1585050 442
1585060 442
1585070 442
1585080 442
1585090 442
1585100 443
1585110 443
1585120 443
1585130 443
1585140 443
1585150 444
1585160 444
1585170 444
1585180 444
1585190 444
1585200 444
1585210 444
1585220 444
1585230 444
1585240 444
1585250 444
1585260 444
1585270 444
1585280 444
1585290 444
1585300 444
1585310 444
1585320 444
1585330 444
1585340 444
1585350 444
1585360 444
1585370 444
1585380 444
1585390 444
1585400 444
1585410 444
1585420 444
1585430 444
1585440 443
1585450 443
1585460 443
1585470 443
1585480 443
1585490 443
1585500 443
1585510 442
1585520 442
1585530 442
1585540 442
1585550 441
1585560 441
1585570 441
1585580 441
1585590 441
1585600 441
1585610 440
1585620 440
1585630 440
1585640 440
1585650 439
1585660 439
1585670 439
1585680 439
1585690 439
1585700 439
1585710 438
1585720 438
1585730 438
1585740 438
1585750 438
1585760 438
1585770 438
1585780 438
1585790 438
1585800 438
1585810 438
1585820 438
1585830 438
1585840 438
1585850 438
1585860 438
1585870 438
1585880 438
1585890 438
1585900 438
1585910 438
1585920 438
1585930 438
1585940 438
1585950 438
1585960 439
1585970 440
1585980 440
1585990 439
1586000 438
1586010 438
1586020 437
1586030 437
1586040 437
1586050 438
1586060 439
1586070 439
1586080 439
1586090 439
1586100 439
1586110 439
1586120 439
1586130 440
1586140 440
1586150 440
1586160 440
1586170 441
1586180 441
1586190 441
1586200 441
1586210 441
1586220 441
1586230 441
1586240 441
1586250 441
1586260 441
1586270 441
1586280 441
1586290 441
1586300 441
1586310 441
1586320 441
1586330 441
1586340 442
1586350 442
1586360 442
1586370 442
1586380 443
1586390 443
1586400 443
1586410 443
1586420 442
1586430 443
1586440 443
1586450 443
1586460 443
1586470 443
1586480 443
1586490 443
1586500 443
1586510 443
1586520 443
1586530 443
1586540 443
1586550 443
1586560 443
1586570 444
1586580 444
1586590 444
1586600 444
1586610 444
1586620 444
1586630 444
1586640 444
1586650 444
1586660 444
1586670 444
1586680 444
1586690 445
1586700 445
1586710 445
1586720 446
1586730 446
1586740 447
1586750 447
1586760 448
1586770 448
1586780 448
1586790 448
1586800 448
1586810 447
1586820 447
1586830 447
1586840 446
1586850 446
1586860 446
1586870 446
1586880 446
1586890 446
1586900 446
1586910 446
1586920 446
1586930 446
1586940 446
1586950 446
1586960 446
1586970 446
1586980 447
1586990 447
1587000 447
1587010 448
1587020 448
1587030 449
1587040 449
1587050 449
1587060 449
1587070 449
1587080 449
1587090 449
1587100 449
1587110 448
1587120 448
1587130 448
1587140 448
1587150 448
1587160 447
1587170 447
1587180 447
1587190 447
1587200 447
1587210 447
1587220 447
1587230 447
1587240 446
1587250 446
1587260 446
1587270 446
1587280 446
1587290 445
1587300 445
1587310 445
1587320 445
1587330 445
1587340 445
1587350 445
1587360 445
1587370 445
1587380 446
1587390 445
1587400 445
1587410 445
1587420 445
1587430 445
1587440 446
1587450 446
1587460 446
1587470 446
1587480 446
1587490 446
1587500 446
1587510 447
1587520 447
1587530 447
1587540 447
1587550 447
1587560 447
1587570 447
1587580 447
1587590 448
1587600 448
1587610 448
1587620 448
1587630 448
1587640 448
1587650 448
1587660 448
1587670 448
1587680 448
1587690 448
1587700 448
1587710 448
1587720 448
1587730 448
1587740 448
1587750 448
1587760 448
1587770 447
1587780 447
1587790 447
1587800 447
1587810 447
1587820 447
1587830 446
1587840 446
1587850 446
1587860 446
1587870 446
1587880 446
1587890 445
1587900 445
1587910 445
1587920 445
1587930 445
1587940 445
1587950 444
1587960 444
1587970 444
1587980 444
1587990 444
1588000 444
1588010 444
1588020 443
1588030 443
1588040 442
1588050 442
1588060 442
1588070 442
1588080 442
1588090 442
1588100 442
1588110 442
1588120 442
1588130 441
1588140 441
1588150 442
1588160 442
1588170 442
1588180 442
1588190 442
1588200 443
1588210 443
1588220 443
1588230 443
1588240 443
1588250 443
1588260 443
1588270 443
1588280 442
1588290 442
1588300 442
1588310 442
1588320 442
1588330 442
1588340 442
1588350 442
1588360 442
1588370 443
1588380 443
1588390 443
1588400 443
1588410 443
1588420 443
1588430 443
1588440 443
1588450 444
1588460 444
1588470 445
1588480 445
1588490 445
1588500 444
1588510 444
1588520 444
1588530 444
1588540 444
1588550 443
1588560 443
1588570 444
1588580 445
1588590 445
1588600 444
1588610 444
1588620 444
1588630 444
1588640 444
1588650 444
1588660 444
1588670 444
1588680 444
1588690 444
1588700 444
1588710 445
1588720 445
1588730 445
1588740 445
1588750 445
1588760 446
1588770 448
1588780 449
1588790 451
1588800 451
1588810 451
1588820 451
1588830 451
1588840 451
1588850 451
1588860 451
1588870 452
1588880 452
1588890 452
1588900 452
1588910 452
1588920 453
1588930 453
1588940 453
1588950 453
1588960 453
1588970 453
1588980 453
1588990 454
1589000 454
1589010 453
1589020 452
1589030 452
1589040 451
1589050 450
1589060 450
1589070 450
1589080 449
1589090 449
1589100 448
1589110 447
1589120 446
1589130 445
1589140 445
1589150 444
1589160 443
1589170 442
1589180 442
1589190 441
1589200 440
1589210 439
1589220 439
1589230 438
1589240 438
1589250 439
1589260 439
1589270 439
1589280 441
1589290 445
1589300 450
1589310 453
1589320 453
1589330 453
1589340 453
1589350 453
1589360 453
1589370 453
1589380 453
1589390 453
1589400 453
1589410 453
1589420 453
1589430 453
1589440 454
1589450 454
1589460 454
1589470 454
1589480 454
1589490 454
1589500 454
1589510 454
1589520 454
1589530 454
1589540 454
1589550 454
1589560 454
1589570 454
1589580 454
1589590 455
1589600 455
1589610 455
1589620 455
1589630 455
1589640 455
1589650 455
1589660 455
1589670 455
1589680 455
1589690 455
1589700 455
1589710 455
1589720 455
1589730 455
1589740 455
1589750 455
1589760 455
1589770 455
1589780 456
1589790 456
1589800 456
1589810 456
1589820 457
1589830 457
1589840 457
1589850 457
1589860 457
1589870 457
1589880 457
1589890 457
1589900 457
1589910 457
1589920 457
1589930 458
1589940 458
1589950 458
1589960 458
1589970 458
1589980 458
1589990 458
1590000 458
1590010 458
1590020 458
1590030 458
1590040 458
1590050 458
1590060 458
1590070 458
1590080 458
1590090 458
1590100 458
1590110 458
1590120 457
1590130 457
1590140 457
1590150 457
1590160 457
1590170 457
1590180 457
1590190 457
1590200 457
1590210 457
1590220 457
1590230 457
1590240 457
1590250 457
1590260 457
1590270 457
1590280 457
1590290 457
1590300 457
1590310 457
1590320 457
1590330 457
1590340 457
1590350 457
1590360 456
1590370 456
1590380 456
1590390 456
1590400 456
1590410 457
1590420 457
1590430 457
1590440 456
1590450 457
1590460 457
1590470 458
1590480 458
1590490 458
1590500 458
1590510 458
1590520 458
1590530 458
1590540 458
1590550 459
1590560 459
1590570 459
1590580 459
1590590 459
1590600 460
1590610 460
1590620 460
1590630 460
1590640 460
1590650 460
1590660 460
1590670 460
1590680 460
1590690 460
1590700 460
1590710 460
1590720 459
1590730 459
1590740 458
1590750 456
1590760 456
1590770 457
1590780 459
1590790 459
1590800 459
1590810 459
1590820 459
1590830 459
1590840 458
1590850 458
1590860 458
1590870 459
1590880 459
1590890 459
1590900 459
1590910 459
1590920 459
1590930 460
1590940 460
1590950 460
1590960 460
1590970 460
1590980 460
1590990 460
1591000 460
1591010 459
1591020 459
1591030 459
1591040 459
1591050 459
1591060 459
1591070 459
1591080 459
1591090 459
1591100 459
1591110 459
1591120 459
1591130 459
1591140 459
1591150 459
1591160 459
1591170 459
1591180 459
1591190 459
1591200 459
1591210 459
1591220 459
1591230 459
1591240 459
1591250 459
1591260 459
1591270 459
1591280 459
1591290 459
1591300 459
1591310 459
1591320 459
1591330 459
1591340 459
1591350 459
1591360 459
1591370 459
1591380 459
1591390 458
1591400 458
1591410 458
1591420 458
1591430 457
1591440 457
1591450 457
1591460 457
1591470 457
1591480 457
1591490 457
1591500 457
1591510 457
1591520 457
1591530 457
1591540 458
1591550 457
1591560 457
1591570 457
1591580 457
1591590 457
1591600 457
1591610 457
1591620 457
1591630 457
1591640 456
1591650 455
1591660 455
1591670 455
1591680 455
1591690 455
1591700 454
1591710 453
1591720 451
1591730 451
1591740 451
1591750 451
1591760 451
1591770 451
1591780 450
1591790 450
1591800 449
1591810 448
1591820 448
1591830 449
1591840 450
1591850 450
1591860 450
1591870 450
1591880 450
1591890 450
1591900 450
1591910 450
1591920 450
1591930 450
1591940 450
1591950 450
1591960 450
1591970 450
1591980 450
1591990 449
1592000 449
1592010 449
1592020 449
1592030 449
1592040 449
1592050 449
1592060 448
1592070 448
1592080 448
1592090 448
1592100 448
1592110 449
1592120 449
1592130 449
1592140 448
1592150 448
1592160 448
1592170 449
1592180 452
1592190 454
1592200 456
1592210 456
1592220 456
1592230 455
1592240 455
1592250 455
1592260 455
1592270 455
1592280 455
1592290 455
1592300 455
1592310 455
1592320 455
1592330 455
1592340 455
1592350 455
1592360 455
1592370 454
1592380 454
1592390 454
1592400 455
1592410 454
1592420 454
1592430 454
1592440 454
1592450 454
1592460 454
1592470 454
1592480 454
1592490 453
1592500 453
1592510 453
1592520 453
1592530 453
1592540 453
1592550 453
1592560 453
1592570 453
1592580 453
1592590 453
1592600 453
1592610 453
1592620 453
1592630 453
1592640 453
1592650 453
1592660 453
1592670 453
1592680 453
1592690 453
1592700 453
1592710 453
1592720 453
1592730 453
1592740 453
1592750 453
1592760 453
1592770 453
1592780 453
1592790 453
1592800 453
1592810 453
1592820 453
1592830 453
1592840 453
1592850 453
1592860 453
1592870 453
1592880 454
1592890 454
1592900 454
1592910 454
1592920 455
1592930 455
1592940 455
1592950 455
1592960 455
1592970 455
1592980 455
1592990 455
1593000 455
1593010 455
1593020 455
1593030 455
1593040 455
1593050 455
1593060 456
1593070 456
1593080 456
1593090 456
1593100 456
1593110 456
1593120 456
1593130 456
1593140 456
1593150 456
1593160 456
1593170 457
1593180 457
1593190 457
1593200 457
1593210 457
1593220 457
1593230 457
1593240 457
1593250 457
1593260 458
1593270 458
1593280 458
1593290 458
1593300 458
1593310 458
1593320 458
1593330 458
1593340 458
1593350 458
1593360 459
1593370 459
1593380 459
1593390 459
1593400 459
1593410 459
1593420 460
1593430 460
1593440 460
1593450 460
1593460 460
1593470 460
1593480 460
1593490 460
1593500 460
1593510 461
1593520 461
1593530 461
1593540 461
1593550 461
1593560 461
1593570 461
1593580 462
1593590 462
1593600 462
1593610 462
1593620 462
1593630 462
1593640 462
1593650 462
1593660 462
1593670 462
1593680 463
1593690 463
1593700 463
1593710 463
1593720 463
1593730 463
1593740 463
1593750 463
1593760 463
1593770 463
1593780 463
1593790 464
1593800 464
1593810 464
1593820 464
1593830 463
1593840 462
1593850 459
1593860 456
1593870 455
1593880 455
1593890 455
1593900 455
1593910 455
1593920 454
1593930 454
1593940 454
1593950 453
1593960 453
1593970 452
1593980 451
1593990 451
1594000 451
1594010 451
1594020 451
1594030 451
1594040 451
1594050 451
1594060 451
1594070 450
1594080 448
1594090 447
1594100 447
1594110 446
1594120 446
1594130 446
1594140 447
1594150 447
1594160 447
1594170 447
1594180 447
1594190 447
1594200 446
1594210 445
1594220 444
1594230 444
1594240 444
1594250 444
1594260 445
1594270 445
1594280 444
1594290 443
1594300 443
1594310 444
1594320 444
1594330 444
1594340 445
1594350 445
1594360 445
1594370 445
1594380 445
1594390 445
1594400 446
1594410 447
1594420 447
1594430 447
1594440 447
1594450 447
1594460 447
1594470 446
1594480 446
1594490 447
1594500 447
1594510 447
1594520 447
1594530 447
1594540 448
1594550 448
1594560 448
1594570 449
1594580 450
1594590 453
1594600 456
1594610 460
1594620 460
1594630 460
1594640 460
1594650 460
1594660 460
1594670 460
1594680 460
1594690 460
1594700 460
1594710 460
1594720 461
1594730 462
1594740 463
1594750 463
1594760 463
1594770 463
1594780 463
1594790 463
1594800 463
1594810 463
1594820 463
1594830 463
1594840 463
1594850 464
1594860 465
1594870 465
1594880 466
1594890 466
1594900 465
1594910 465
1594920 465
1594930 465
1594940 465
1594950 465
1594960 465
1594970 465
1594980 465
1594990 465
1595000 464
1595010 464
1595020 464
1595030 464
1595040 464
1595050 464
1595060 464
1595070 465
1595080 465
1595090 465
1595100 465
1595110 466
1595120 466
1595130 467
1595140 467
1595150 467
1595160 468
1595170 468
1595180 468
1595190 468
1595200 469
1595210 469
1595220 469
1595230 469
1595240 470
1595250 470
1595260 470
1595270 470
1595280 470
1595290 471
1595300 473
1595310 474
1595320 475
1595330 477
1595340 477
1595350 478
1595360 479
1595370 480
1595380 481
1595390 481
1595400 482
1595410 483
1595420 484
1595430 486
1595440 487
1595450 488
1595460 489
1595470 491
1595480 492
1595490 493
1595500 494
1595510 495
1595520 496
1595530 497
1595540 498
1595550 500
1595560 501
1595570 502
1595580 503
1595590 505
1595600 507
1595610 509
1595620 509
1595630 510
1595640 510
1595650 511
1595660 512
1595670 513
1595680 514
1595690 514
1595700 515
1595710 515
1595720 516
1595730 516
1595740 517
1595750 517
1595760 518
1595770 518
1595780 519
1595790 520
1595800 521
1595810 521
1595820 523
1595830 524
1595840 525
1595850 526
1595860 528
1595870 530
1595880 532
1595890 534
1595900 536
1595910 538
1595920 540
1595930 542
1595940 543
1595950 545
1595960 546
1595970 548
1595980 550
1595990 551
1596000 553
1596010 554
1596020 555
1596030 556
1596040 558
1596050 559
1596060 560
1596070 562
1596080 564
1596090 566
1596100 567
1596110 569
1596120 570
1596130 572
1596140 574
1596150 576
1596160 578
1596170 580
1596180 581
1596190 583
1596200 584
1596210 586
1596220 587
1596230 588
1596240 589
1596250 591
1596260 592
1596270 593
1596280 594
1596290 595
1596300 596
1596310 597
1596320 598
1596330 598
1596340 599
1596350 600
1596360 601
1596370 602
1596380 603
1596390 604
1596400 605
1596410 606
1596420 607
1596430 608
1596440 609
1596450 611
1596460 613
1596470 615
1596480 617
1596490 618
1596500 619
1596510 620
1596520 621
1596530 622
1596540 623
1596550 624
1596560 625
1596570 625
1596580 626
1596590 627
1596600 628
1596610 629
1596620 630
1596630 631
1596640 632
1596650 636
1596660 638
1596670 641
1596680 639
1596690 638
1596700 636
1596710 636
1596720 636
1596730 636
1596740 636
1596750 638
1596760 639
1596770 640
1596780 641
1596790 642
1596800 645
1596810 647
1596820 651
1596830 655
1596840 659
1596850 663
1596860 668
1596870 672
1596880 678
1596890 684
1596900 690
1596910 693
1596920 692
1596930 687
1596940 681
1596950 675
1596960 669
1596970 665
1596980 661
1596990 657
1597000 655
1597010 656
1597020 658
1597030 663
1597040 667
1597050 671
1597060 675
1597070 678
1597080 683
1597090 687
1597100 683
1597110 678
1597120 672
1597130 666
1597140 660
1597150 654
1597160 648
1597170 644
1597180 640
1597190 634
1597200 629
1597210 626
1597220 628
1597230 634
1597240 639
1597250 643
1597260 647
1597270 650
1597280 653
1597290 656
1597300 659
1597310 663
1597320 667
1597330 672
1597340 676
1597350 680
1597360 684
1597370 688
1597380 691
1597390 693
1597400 692
1597410 688
1597420 683
1597430 679
1597440 674
1597450 670
1597460 664
1597470 659
1597480 653
1597490 648
1597500 645
1597510 642
1597520 641
1597530 642
1597540 647
1597550 653
1597560 659
1597570 665
1597580 673
1597590 681
1597600 689
1597610 692
1597620 693
1597630 693
1597640 691
1597650 691
1597660 694
1597670 700
1597680 704
1597690 707
1597700 710
1597710 715
1597720 720
1597730 726
1597740 727
1597750 724
1597760 719
1597770 716
1597780 712
1597790 709
1597800 705
1597810 699
1597820 692
1597830 684
1597840 674
1597850 668
1597860 664
1597870 658
1597880 652
1597890 649
1597900 651
1597910 655
1597920 658
1597930 662
1597940 669
1597950 679
1597960 692
1597970 699
1597980 703
1597990 706
1598000 707
1598010 710
1598020 713
1598030 718
1598040 723
1598050 726
1598060 720
1598070 714
1598080 708
1598090 702
1598100 698
1598110 694
1598120 689
1598130 688
1598140 689
1598150 692
1598160 697
1598170 699
1598180 699
1598190 693
1598200 689
1598210 685
1598220 685
1598230 687
1598240 690
1598250 694
1598260 700
1598270 706
1598280 711
1598290 714
1598300 715
1598310 713
1598320 709
1598330 706
1598340 701
1598350 698
1598360 696
1598370 694
1598380 691
1598390 685
1598400 679
1598410 673
1598420 667
1598430 661
1598440 656
1598450 651
1598460 647
1598470 645
1598480 643
1598490 642
1598500 640
1598510 638
1598520 636
1598530 634
1598540 632
1598550 629
1598560 627
1598570 624
1598580 626
1598590 628
1598600 630
1598610 630
1598620 631
1598630 633
1598640 634
1598650 634
1598660 635
1598670 635
1598680 636
1598690 637
1598700 640
1598710 644
1598720 649
1598730 655
1598740 660
1598750 661
1598760 659
1598770 656
1598780 655
1598790 655
1598800 655
1598810 656
1598820 657
1598830 660
1598840 662
1598850 663
1598860 663
1598870 662
1598880 662
1598890 661
1598900 662
1598910 662
1598920 662
1598930 662
1598940 662
1598950 663
1598960 666
1598970 669
1598980 672
1598990 674
1599000 671
1599010 670
1599020 671
1599030 675
1599040 679
1599050 684
1599060 683
1599070 679
1599080 674
1599090 667
1599100 660
1599110 654
1599120 653
1599130 652
1599140 653
1599150 655
1599160 656
1599170 657
1599180 657
1599190 659
1599200 658
1599210 656
1599220 653
1599230 652
1599240 651
1599250 651
1599260 652
1599270 655
1599280 657
1599290 658
1599300 658
1599310 657
1599320 657
1599330 657
1599340 658
1599350 657
1599360 657
1599370 657
1599380 655
1599390 652
1599400 651
1599410 650
1599420 651
1599430 651
1599440 650
1599450 647
1599460 646
1599470 646
1599480 649
1599490 653
1599500 657
1599510 663
1599520 668
1599530 673
1599540 672
1599550 670
1599560 666
1599570 662
1599580 657
1599590 653
1599600 648
1599610 645
1599620 642
1599630 639
1599640 634
1599650 629
1599660 624
1599670 620
1599680 617
1599690 614
1599700 612
1599710 610
1599720 608
1599730 606
1599740 604
1599750 603
1599760 603
1599770 604
1599780 603
1599790 602
1599800 603
1599810 605
1599820 607
1599830 610
1599840 613
1599850 617
1599860 621
1599870 625
1599880 629
1599890 634
1599900 638
1599910 643
1599920 647
1599930 651
1599940 656
1599950 660
1599960 665
1599970 669
1599980 674
1599990 678
