1580000 721
1580010 724
1580020 726
1580030 727
1580040 727
1580050 727
1580060 729
1580070 730
1580080 731
1580090 731
1580100 731
1580110 731
1580120 731
1580130 729
1580140 727
1580150 724
1580160 723
1580170 724
1580180 728
1580190 730
1580200 732
1580210 734
1580220 736
1580230 737
1580240 738
1580250 739
1580260 739
1580270 739
1580280 739
1580290 739
1580300 739
1580310 740
1580320 739
1580330 739
1580340 739
1580350 738
1580360 737
1580370 736
1580380 736
1580390 735
1580400 734
1580410 734
1580420 733
1580430 733
1580440 732
1580450 732
1580460 732
1580470 731
1580480 730
1580490 729
1580500 728
1580510 728
1580520 727
1580530 727
1580540 726
1580550 725
1580560 724
1580570 723
1580580 722
1580590 720
1580600 718
1580610 716
1580620 715
1580630 714
1580640 713
1580650 711
1580660 710
1580670 709
1580680 707
1580690 705
1580700 704
1580710 702
1580720 701
1580730 699
1580740 698
1580750 697
1580760 697
1580770 696
1580780 696
1580790 695
1580800 695
1580810 695
1580820 694
1580830 694
1580840 694
1580850 693
1580860 693
1580870 693
1580880 692
1580890 691
1580900 690
1580910 690
1580920 689
1580930 689
1580940 689
1580950 689
1580960 689
1580970 689
1580980 688
1580990 688
1581000 687
1581010 686
1581020 685
1581030 684
1581040 684
1581050 684
1581060 684
1581070 684
1581080 683
1581090 683
1581100 683
1581110 683
1581120 683
1581130 683
1581140 683
1581150 683
1581160 683
1581170 682
1581180 682
1581190 682
1581200 682
1581210 681
1581220 681
1581230 681
1581240 682
1581250 681
1581260 681
1581270 681
1581280 681
1581290 681
1581300 681
1581310 681
1581320 680
1581330 679
1581340 674
1581350 669
1581360 665
1581370 664
1581380 665
1581390 667
1581400 669
1581410 670
1581420 671
1581430 671
1581440 672
1581450 673
1581460 673
1581470 674
1581480 674
1581490 674
1581500 673
1581510 672
1581520 671
1581530 670
1581540 669
1581550 669
1581560 668
1581570 668
1581580 668
1581590 668
1581600 668
1581610 667
1581620 667
1581630 667
1581640 666
1581650 665
1581660 665
1581670 665
1581680 664
1581690 664
1581700 663
1581710 662
1581720 662
1581730 661
1581740 660
1581750 659
1581760 656
1581770 652
1581780 648
1581790 644
1581800 643
1581810 642
1581820 643
1581830 643
1581840 643
1581850 644
1581860 644
1581870 644
1581880 644
1581890 643
1581900 642
1581910 640
1581920 639
1581930 638
1581940 637
1581950 636
1581960 635
1581970 633
1581980 632
1581990 630
1582000 629
1582010 627
1582020 626
1582030 624
1582040 623
1582050 621
1582060 620
1582070 619
1582080 618
1582090 617
1582100 617
1582110 618
1582120 618
1582130 618
1582140 618
1582150 617
1582160 616
1582170 614
1582180 613
1582190 612
1582200 610
1582210 609
1582220 607
1582230 606
1582240 605
1582250 603
1582260 602
1582270 602
1582280 601
1582290 600
1582300 599
1582310 599
1582320 600
1582330 600
1582340 600
1582350 600
1582360 599
1582370 599
1582380 599
1582390 599
1582400 599
1582410 599
1582420 599
1582430 599
1582440 599
1582450 599
1582460 600
1582470 600
1582480 600
1582490 600
1582500 599
1582510 599
1582520 599
1582530 600
1582540 600
1582550 601
1582560 601
1582570 602
1582580 602
1582590 602
1582600 603
1582610 603
1582620 603
1582630 603
1582640 603
1582650 604
1582660 604
1582670 603
1582680 603
1582690 603
1582700 602
1582710 602
1582720 602
1582730 601
1582740 600
1582750 600
1582760 599
1582770 599
1582780 599
1582790 599
1582800 598
1582810 598
1582820 598
1582830 598
1582840 598
1582850 597
1582860 596
1582870 595
1582880 594
1582890 593
1582900 592
1582910 592
1582920 592
1582930 591
1582940 591
1582950 591
1582960 591
1582970 591
1582980 591
1582990 591
1583000 591
1583010 592
1583020 592
1583030 592
1583040 592
1583050 591
1583060 591
1583070 590
1583080 590
1583090 589
1583100 588
1583110 588
1583120 587
1583130 586
1583140 586
1583150 586
1583160 586
1583170 586
1583180 586
1583190 586
1583200 586
1583210 586
1583220 587
1583230 587
1583240 587
1583250 588
1583260 587
1583270 587
1583280 587
1583290 587
1583300 587
1583310 587
1583320 587
1583330 588
1583340 588
1583350 588
1583360 588
1583370 588
1583380 589
1583390 589
1583400 589
1583410 590
1583420 590
1583430 590
1583440 590
1583450 590
1583460 590
1583470 590
1583480 589
1583490 589
1583500 589
1583510 588
1583520 588
1583530 587
1583540 587
1583550 586
1583560 585
1583570 585
1583580 584
1583590 584
1583600 583
1583610 582
1583620 582
1583630 581
1583640 581
1583650 580
1583660 579
1583670 578
1583680 578
1583690 577
1583700 576
1583710 575
1583720 575
1583730 574
1583740 574
1583750 573
1583760 572
1583770 571
1583780 570
1583790 570
1583800 569
1583810 568
1583820 568
1583830 567
1583840 567
1583850 567
1583860 567
1583870 567
1583880 568
1583890 568
1583900 567
1583910 566
1583920 566
1583930 565
1583940 564
1583950 564
1583960 564
1583970 564
1583980 564
1583990 564
1584000 564
1584010 564
1584020 564
1584030 564
1584040 564
1584050 565
1584060 566
1584070 568
1584080 571
1584090 573
1584100 576
1584110 577
1584120 578
1584130 579
1584140 579
1584150 579
1584160 579
1584170 579
1584180 580
1584190 580
1584200 581
1584210 581
1584220 582
1584230 582
1584240 583
1584250 583
1584260 583
1584270 583
1584280 583
1584290 583
1584300 583
1584310 583
1584320 583
1584330 584
1584340 584
1584350 584
1584360 583
1584370 582
1584380 581
1584390 579
1584400 578
1584410 577
1584420 577
1584430 577
1584440 577
1584450 577
1584460 577
1584470 578
1584480 578
1584490 579
1584500 580
1584510 581
1584520 582
1584530 582
1584540 582
1584550 582
1584560 582
1584570 582
1584580 582
1584590 582
1584600 582
1584610 581
1584620 581
1584630 581
1584640 581
1584650 581
1584660 581
1584670 581
1584680 580
1584690 580
1584700 579
1584710 577
1584720 577
1584730 577
1584740 577
1584750 578
1584760 579
1584770 580
1584780 580
1584790 580
1584800 580
1584810 581
1584820 581
1584830 582
1584840 582
1584850 583
1584860 583
1584870 583
1584880 583
1584890 582
1584900 580
1584910 580
1584920 579
1584930 579
1584940 579
1584950 579
1584960 579
1584970 579
1584980 579
1584990 579
1585000 579
1585010 579
1585020 579
1585030 579
1585040 579
1585050 579
1585060 579
1585070 579
1585080 579
1585090 579
1585100 578
1585110 574
1585120 568
1585130 564
1585140 561
1585150 559
1585160 557
1585170 555
1585180 554
1585190 552
1585200 551
1585210 551
1585220 550
1585230 550
1585240 550
1585250 550
1585260 551
1585270 551
1585280 551
1585290 552
1585300 553
1585310 554
1585320 555
1585330 556
1585340 556
1585350 557
1585360 558
1585370 558
1585380 559
1585390 560
1585400 561
1585410 562
1585420 563
1585430 565
1585440 566
1585450 567
1585460 568
1585470 569
1585480 570
1585490 571
1585500 573
1585510 574
1585520 575
1585530 575
1585540 576
1585550 576
1585560 577
1585570 578
1585580 578
1585590 579
1585600 580
1585610 580
1585620 580
1585630 580
1585640 580
1585650 580
1585660 580
1585670 581
1585680 581
1585690 581
1585700 580
1585710 580
1585720 580
1585730 580
1585740 580
1585750 579
1585760 579
1585770 579
1585780 579
1585790 578
1585800 578
1585810 578
1585820 577
1585830 577
1585840 577
1585850 576
1585860 576
1585870 576
1585880 575
1585890 575
1585900 574
1585910 573
1585920 573
1585930 572
1585940 572
1585950 572
1585960 571
1585970 571
1585980 571
1585990 570
1586000 570
1586010 570
1586020 570
1586030 570
1586040 570
1586050 570
1586060 570
1586070 570
1586080 570
1586090 570
1586100 571
1586110 571
1586120 570
1586130 569
1586140 568
1586150 567
1586160 566
1586170 566
1586180 566
1586190 566
1586200 565
1586210 564
1586220 563
1586230 562
1586240 561
1586250 560
1586260 559
1586270 558
1586280 558
1586290 557
1586300 557
1586310 557
1586320 557
1586330 557
1586340 557
1586350 557
1586360 557
1586370 557
1586380 558
1586390 558
1586400 558
1586410 558
1586420 558
1586430 559
1586440 559
1586450 559
1586460 559
1586470 560
1586480 560
1586490 560
1586500 560
1586510 560
1586520 560
1586530 559
1586540 559
1586550 559
1586560 559
1586570 558
1586580 557
1586590 557
1586600 557
1586610 557
1586620 557
1586630 557
1586640 557
1586650 556
1586660 556
1586670 556
1586680 556
1586690 556
1586700 556
1586710 556
1586720 556
1586730 557
1586740 557
1586750 558
1586760 559
1586770 560
1586780 562
1586790 563
1586800 564
1586810 566
1586820 567
1586830 568
1586840 569
1586850 569
1586860 570
1586870 571
1586880 572
1586890 573
1586900 574
1586910 574
1586920 574
1586930 574
1586940 574
1586950 573
1586960 573
1586970 573
1586980 573
1586990 573
1587000 572
1587010 572
1587020 571
1587030 570
1587040 570
1587050 569
1587060 569
1587070 568
1587080 567
1587090 566
1587100 565
1587110 564
1587120 563
1587130 562
1587140 561
1587150 560
1587160 559
1587170 558
1587180 557
1587190 556
1587200 554
1587210 554
1587220 553
1587230 552
1587240 551
1587250 551
1587260 550
1587270 549
1587280 548
1587290 547
1587300 546
1587310 545
1587320 544
1587330 543
1587340 542
1587350 542
1587360 542
1587370 542
1587380 542
1587390 543
1587400 543
1587410 545
1587420 546
1587430 547
1587440 548
1587450 549
1587460 551
1587470 554
1587480 556
1587490 559
1587500 561
1587510 562
1587520 562
1587530 562
1587540 562
1587550 561
1587560 561
1587570 561
1587580 561
1587590 561
1587600 562
1587610 562
1587620 562
1587630 562
1587640 561
1587650 560
1587660 559
1587670 559
1587680 559
1587690 559
1587700 559
1587710 559
1587720 560
1587730 560
1587740 560
1587750 560
1587760 559
1587770 559
1587780 559
1587790 559
1587800 559
1587810 559
1587820 558
1587830 558
1587840 558
1587850 558
1587860 558
1587870 557
1587880 557
1587890 558
1587900 558
1587910 559
1587920 559
1587930 559
1587940 559
1587950 560
1587960 560
1587970 560
1587980 561
1587990 561
1588000 561
1588010 561
1588020 561
1588030 560
1588040 560
1588050 559
1588060 559
1588070 559
1588080 559
1588090 559
1588100 559
1588110 559
1588120 560
1588130 561
1588140 562
1588150 564
1588160 566
1588170 567
1588180 569
1588190 571
1588200 572
1588210 573
1588220 573
1588230 574
1588240 575
1588250 575
1588260 576
1588270 576
1588280 576
1588290 576
1588300 577
1588310 577
1588320 577
1588330 577
1588340 576
1588350 576
1588360 575
1588370 575
1588380 575
1588390 575
1588400 575
1588410 575
1588420 576
1588430 577
1588440 577
1588450 578
1588460 578
1588470 578
1588480 577
1588490 576
1588500 575
1588510 574
1588520 573
1588530 573
1588540 572
1588550 572
1588560 572
1588570 572
1588580 572
1588590 572
1588600 572
1588610 573
1588620 573
1588630 574
1588640 575
1588650 576
1588660 575
1588670 573
1588680 571
1588690 567
1588700 564
1588710 562
1588720 560
1588730 559
1588740 558
1588750 557
1588760 556
1588770 555
1588780 554
1588790 554
1588800 553
1588810 552
1588820 551
1588830 550
1588840 549
1588850 548
1588860 547
1588870 546
1588880 545
1588890 545
1588900 544
1588910 544
1588920 543
1588930 543
1588940 543
1588950 543
1588960 543
1588970 543
1588980 543
1588990 544
1589000 545
1589010 546
1589020 547
1589030 549
1589040 551
1589050 552
1589060 553
1589070 554
1589080 554
1589090 554
1589100 554
1589110 554
1589120 553
1589130 552
1589140 552
1589150 551
1589160 550
1589170 549
1589180 548
1589190 546
1589200 544
1589210 544
1589220 545
1589230 546
1589240 546
1589250 545
1589260 544
1589270 542
1589280 540
1589290 539
1589300 537
1589310 536
1589320 536
1589330 535
1589340 534
1589350 534
1589360 533
1589370 533
1589380 533
1589390 532
1589400 532
1589410 532
1589420 533
1589430 533
1589440 534
1589450 534
1589460 534
1589470 534
1589480 533
1589490 532
1589500 532
1589510 531
1589520 530
1589530 530
1589540 529
1589550 529
1589560 529
1589570 529
1589580 529
1589590 528
1589600 529
1589610 529
1589620 530
1589630 531
1589640 533
1589650 534
1589660 536
1589670 536
1589680 537
1589690 537
1589700 536
1589710 536
1589720 536
1589730 535
1589740 535
1589750 534
1589760 533
1589770 533
1589780 532
1589790 531
1589800 529
1589810 528
1589820 527
1589830 526
1589840 525
1589850 525
1589860 524
1589870 523
1589880 523
1589890 522
1589900 521
1589910 520
1589920 519
1589930 519
1589940 518
1589950 517
1589960 516
1589970 515
1589980 514
1589990 512
1590000 509
1590010 505
1590020 502
1590030 501
1590040 504
1590050 508
1590060 510
1590070 512
1590080 512
1590090 511
1590100 510
1590110 510
1590120 509
1590130 508
1590140 507
1590150 506
1590160 505
1590170 504
1590180 504
1590190 504
1590200 504
1590210 503
1590220 502
1590230 502
1590240 502
1590250 502
1590260 502
1590270 502
1590280 502
1590290 502
1590300 502
1590310 502
1590320 502
1590330 502
1590340 502
1590350 502
1590360 502
1590370 500
1590380 498
1590390 495
1590400 491
1590410 486
1590420 483
1590430 479
1590440 481
1590450 484
1590460 487
1590470 486
1590480 484
1590490 480
1590500 477
1590510 473
1590520 469
1590530 465
1590540 464
1590550 465
1590560 469
1590570 473
1590580 478
1590590 482
1590600 487
1590610 492
1590620 496
1590630 499
1590640 501
1590650 501
1590660 501
1590670 501
1590680 501
1590690 501
1590700 501
1590710 501
1590720 502
1590730 502
1590740 502
1590750 502
1590760 502
1590770 502
1590780 502
1590790 503
1590800 503
1590810 503
1590820 503
1590830 503
1590840 504
1590850 504
1590860 504
1590870 504
1590880 504
1590890 505
1590900 506
1590910 506
1590920 507
1590930 507
1590940 508
1590950 508
1590960 509
1590970 510
1590980 511
1590990 512
1591000 512
1591010 513
1591020 514
1591030 516
1591040 516
1591050 517
1591060 518
1591070 520
1591080 521
1591090 522
1591100 523
1591110 523
1591120 524
1591130 525
1591140 526
1591150 527
1591160 529
1591170 530
1591180 531
1591190 531
1591200 532
1591210 532
1591220 533
1591230 534
1591240 535
1591250 536
1591260 538
1591270 541
1591280 543
1591290 544
1591300 546
1591310 548
1591320 550
1591330 551
1591340 551
1591350 552
1591360 552
1591370 552
1591380 553
1591390 553
1591400 554
1591410 555
1591420 557
1591430 558
1591440 560
1591450 561
1591460 562
1591470 563
1591480 564
1591490 565
1591500 566
1591510 567
1591520 567
1591530 567
1591540 568
1591550 568
1591560 568
1591570 570
1591580 571
1591590 573
1591600 574
1591610 575
1591620 576
1591630 577
1591640 578
1591650 579
1591660 580
1591670 581
1591680 582
1591690 583
1591700 584
1591710 585
1591720 586
1591730 587
1591740 588
1591750 589
1591760 591
1591770 592
1591780 593
1591790 593
1591800 594
1591810 594
1591820 595
1591830 595
1591840 595
1591850 595
1591860 595
1591870 595
1591880 595
1591890 595
1591900 595
1591910 596
1591920 597
1591930 597
1591940 598
1591950 599
1591960 600
1591970 602
1591980 603
1591990 605
1592000 608
1592010 610
1592020 611
1592030 612
1592040 612
1592050 612
1592060 612
1592070 611
1592080 610
1592090 609
1592100 608
1592110 608
1592120 609
1592130 610
1592140 612
1592150 614
1592160 616
1592170 617
1592180 618
1592190 619
1592200 619
1592210 620
1592220 620
1592230 622
1592240 623
1592250 623
1592260 624
1592270 624
1592280 625
1592290 624
1592300 624
1592310 625
1592320 626
1592330 627
1592340 628
1592350 629
1592360 630
1592370 631
1592380 631
1592390 632
1592400 632
1592410 633
1592420 634
1592430 635
1592440 636
1592450 637
1592460 637
1592470 638
1592480 639
1592490 640
1592500 640
1592510 641
1592520 641
1592530 641
1592540 641
1592550 642
1592560 642
1592570 642
1592580 642
1592590 642
1592600 642
1592610 642
1592620 643
1592630 643
1592640 643
1592650 643
1592660 643
1592670 643
1592680 643
1592690 643
1592700 643
1592710 643
1592720 642
1592730 642
1592740 642
1592750 642
1592760 642
1592770 641
1592780 641
1592790 641
1592800 641
1592810 641
1592820 640
1592830 639
1592840 638
1592850 638
1592860 638
1592870 637
1592880 635
1592890 632
1592900 630
1592910 630
1592920 631
1592930 631
1592940 631
1592950 631
1592960 630
1592970 632
1592980 633
1592990 633
1593000 632
1593010 630
1593020 629
1593030 628
1593040 627
1593050 626
1593060 624
1593070 624
1593080 623
1593090 621
1593100 617
1593110 613
1593120 609
1593130 607
1593140 606
1593150 606
1593160 606
1593170 604
1593180 602
1593190 600
1593200 599
1593210 598
1593220 598
1593230 597
1593240 597
1593250 597
1593260 598
1593270 599
1593280 600
1593290 600
1593300 601
1593310 602
1593320 602
1593330 601
1593340 600
1593350 599
1593360 597
1593370 596
1593380 595
1593390 595
1593400 595
1593410 595
1593420 595
1593430 595
1593440 596
1593450 596
1593460 597
1593470 597
1593480 598
1593490 599
1593500 599
1593510 599
1593520 599
1593530 600
1593540 600
1593550 600
1593560 601
1593570 601
1593580 602
1593590 603
1593600 603
1593610 604
1593620 604
1593630 604
1593640 604
1593650 604
1593660 605
1593670 605
1593680 605
1593690 606
1593700 608
1593710 610
1593720 612
1593730 613
1593740 614
1593750 615
1593760 615
1593770 616
1593780 616
1593790 617
1593800 617
1593810 616
1593820 615
1593830 614
1593840 617
1593850 619
1593860 621
1593870 621
1593880 622
1593890 622
1593900 623
1593910 623
1593920 623
1593930 622
1593940 621
1593950 622
1593960 626
1593970 630
1593980 633
1593990 636
1594000 637
1594010 638
1594020 639
1594030 640
1594040 641
1594050 641
1594060 641
1594070 641
1594080 641
1594090 640
1594100 639
1594110 639
1594120 638
1594130 637
1594140 635
1594150 633
1594160 631
1594170 629
1594180 627
1594190 625
1594200 623
1594210 622
1594220 620
1594230 619
1594240 617
1594250 616
1594260 614
1594270 613
1594280 612
1594290 611
1594300 610
1594310 609
1594320 609
1594330 608
1594340 608
1594350 607
1594360 607
1594370 606
1594380 604
1594390 604
1594400 604
1594410 603
1594420 603
1594430 603
1594440 604
1594450 604
1594460 604
1594470 604
1594480 605
1594490 605
1594500 605
1594510 606
1594520 606
1594530 605
1594540 605
1594550 605
1594560 605
1594570 605
1594580 604
1594590 604
1594600 603
1594610 601
1594620 600
1594630 599
1594640 599
1594650 600
1594660 601
1594670 602
1594680 602
1594690 603
1594700 604
1594710 605
1594720 607
1594730 609
1594740 609
1594750 609
1594760 609
1594770 609
1594780 609
1594790 609
1594800 609
1594810 609
1594820 609
1594830 610
1594840 610
1594850 610
1594860 610
1594870 610
1594880 610
1594890 610
1594900 610
1594910 610
1594920 611
1594930 611
1594940 612
1594950 612
1594960 613
1594970 613
1594980 613
1594990 614
1595000 614
1595010 614
1595020 615
1595030 615
1595040 615
1595050 615
1595060 615
1595070 615
1595080 614
1595090 614
1595100 613
1595110 613
1595120 612
1595130 612
1595140 612
1595150 612
1595160 612
1595170 612
1595180 613
1595190 613
1595200 613
1595210 613
1595220 612
1595230 612
1595240 611
1595250 609
1595260 608
1595270 607
1595280 606
1595290 606
1595300 606
1595310 607
1595320 610
1595330 612
1595340 614
1595350 615
1595360 617
1595370 619
1595380 621
1595390 622
1595400 623
1595410 623
1595420 623
1595430 624
1595440 625
1595450 626
1595460 626
1595470 626
1595480 626
1595490 626
1595500 627
1595510 627
1595520 627
1595530 627
1595540 627
1595550 627
1595560 627
1595570 627
1595580 627
1595590 627
1595600 627
1595610 628
1595620 628
1595630 628
1595640 628
1595650 628
1595660 627
1595670 628
1595680 628
1595690 629
1595700 630
1595710 631
1595720 633
1595730 634
1595740 637
1595750 639
1595760 641
1595770 643
1595780 644
1595790 645
1595800 645
1595810 644
1595820 643
1595830 641
1595840 639
1595850 636
1595860 634
1595870 632
1595880 629
1595890 627
1595900 626
1595910 623
1595920 620
1595930 617
1595940 615
1595950 613
1595960 612
1595970 612
1595980 613
1595990 613
1596000 615
1596010 617
1596020 618
1596030 619
1596040 619
1596050 620
1596060 620
1596070 621
1596080 621
1596090 622
1596100 623
1596110 624
1596120 624
1596130 625
1596140 626
1596150 626
1596160 627
1596170 627
1596180 627
1596190 627
1596200 628
1596210 628
1596220 628
1596230 627
1596240 627
1596250 622
1596260 616
1596270 607
1596280 596
1596290 587
1596300 580
1596310 574
1596320 569
1596330 564
1596340 560
1596350 557
1596360 556
1596370 559
1596380 564
1596390 571
1596400 580
1596410 594
1596420 601
1596430 605
1596440 606
1596450 609
1596460 611
1596470 613
1596480 614
1596490 615
1596500 616
1596510 616
1596520 616
1596530 616
1596540 614
1596550 612
1596560 610
1596570 608
1596580 607
1596590 607
1596600 606
1596610 605
1596620 603
1596630 602
1596640 601
1596650 601
1596660 601
1596670 601
1596680 602
1596690 602
1596700 602
1596710 602
1596720 602
1596730 602
1596740 603
1596750 604
1596760 604
1596770 606
1596780 607
1596790 610
1596800 613
1596810 615
1596820 617
1596830 618
1596840 619
1596850 619
1596860 619
1596870 618
1596880 618
1596890 618
1596900 618
1596910 618
1596920 618
1596930 617
1596940 615
1596950 614
1596960 613
1596970 611
1596980 610
1596990 608
1597000 607
1597010 606
1597020 605
1597030 604
1597040 603
1597050 603
1597060 603
1597070 603
1597080 604
1597090 604
1597100 604
1597110 603
1597120 602
1597130 602
1597140 602
1597150 603
1597160 605
1597170 608
1597180 611
1597190 613
1597200 616
1597210 618
1597220 621
1597230 625
1597240 629
1597250 633
1597260 637
1597270 641
1597280 645
1597290 649
1597300 653
1597310 658
1597320 662
1597330 665
1597340 667
1597350 668
1597360 670
1597370 671
1597380 672
1597390 674
1597400 674
1597410 675
1597420 675
1597430 676
1597440 676
1597450 676
1597460 675
1597470 675
1597480 674
1597490 673
1597500 672
1597510 672
1597520 672
1597530 673
1597540 674
1597550 675
1597560 677
1597570 678
1597580 677
1597590 676
1597600 677
1597610 678
1597620 681
1597630 683
1597640 684
1597650 684
1597660 685
1597670 686
1597680 687
1597690 688
1597700 690
1597710 691
1597720 692
1597730 693
1597740 694
1597750 695
1597760 696
1597770 696
1597780 695
1597790 691
1597800 689
1597810 688
1597820 689
1597830 691
1597840 696
1597850 700
1597860 703
1597870 704
1597880 705
1597890 707
1597900 708
1597910 709
1597920 711
1597930 713
1597940 714
1597950 716
1597960 718
1597970 719
1597980 720
1597990 721
1598000 721
1598010 720
1598020 719
1598030 717
1598040 716
1598050 715
1598060 714
1598070 713
1598080 711
1598090 710
1598100 708
1598110 707
1598120 706
1598130 704
1598140 704
1598150 703
1598160 703
1598170 703
1598180 705
1598190 706
1598200 707
1598210 708
1598220 709
1598230 710
1598240 711
1598250 711
1598260 712
1598270 712
1598280 713
1598290 713
1598300 713
1598310 713
1598320 712
1598330 712
1598340 711
1598350 711
1598360 710
1598370 710
1598380 709
1598390 708
1598400 707
1598410 706
1598420 705
1598430 704
1598440 703
1598450 702
1598460 702
1598470 701
1598480 701
1598490 700
1598500 700
1598510 699
1598520 699
1598530 699
1598540 698
1598550 698
1598560 698
1598570 697
1598580 696
1598590 693
1598600 691
1598610 689
1598620 688
1598630 687
1598640 686
1598650 685
1598660 683
1598670 681
1598680 679
1598690 676
1598700 673
1598710 670
1598720 667
1598730 665
1598740 663
1598750 662
1598760 661
1598770 660
1598780 658
1598790 657
1598800 657
1598810 656
1598820 656
1598830 655
1598840 654
1598850 652
1598860 650
1598870 648
1598880 646
1598890 644
1598900 642
1598910 640
1598920 638
1598930 636
1598940 633
1598950 630
1598960 628
1598970 624
1598980 624
1598990 625
1599000 626
1599010 627
1599020 628
1599030 628
1599040 629
1599050 630
1599060 632
1599070 634
1599080 637
1599090 640
1599100 643
1599110 647
1599120 651
1599130 655
1599140 659
1599150 663
1599160 667
1599170 669
1599180 672
1599190 676
1599200 680
1599210 685
1599220 689
1599230 694
1599240 699
1599250 703
1599260 707
1599270 711
1599280 714
1599290 718
1599300 720
1599310 721
1599320 722
1599330 724
1599340 727
1599350 730
1599360 734
1599370 736
1599380 738
1599390 740
1599400 740
1599410 739
1599420 738
1599430 737
1599440 735
1599450 733
1599460 730
1599470 727
1599480 725
1599490 724
1599500 724
1599510 725
1599520 725
1599530 725
1599540 724
1599550 724
1599560 723
1599570 721
1599580 720
1599590 719
1599600 718
1599610 717
1599620 716
1599630 716
1599640 715
1599650 713
1599660 711
1599670 709
1599680 706
1599690 703
1599700 701
1599710 698
1599720 697
1599730 696
1599740 696
1599750 696
1599760 696
1599770 695
1599780 693
1599790 691
1599800 689
1599810 687
1599820 685
1599830 684
1599840 683
1599850 682
1599860 682
1599870 682
1599880 683
1599890 682
1599900 681
1599910 677
1599920 674
1599930 670
1599940 668
1599950 665
1599960 663
1599970 660
1599980 656
1599990 653
