1580000 808
1580010 807
1580020 806
1580030 805
1580040 802
1580050 799
1580060 796
1580070 793
1580080 790
1580090 788
1580100 786
1580110 784
1580120 782
1580130 779
1580140 775
1580150 772
1580160 768
1580170 765
1580180 762
1580190 758
1580200 755
1580210 752
1580220 750
1580230 748
1580240 746
1580250 745
1580260 744
1580270 742
1580280 741
1580290 740
1580300 739
1580310 738
1580320 738
1580330 737
1580340 737
1580350 736
1580360 735
1580370 735
1580380 734
1580390 734
1580400 733
1580410 731
1580420 729
1580430 729
1580440 728
1580450 728
1580460 727
1580470 725
1580480 724
1580490 723
1580500 721
1580510 719
1580520 716
1580530 714
1580540 712
1580550 710
1580560 709
1580570 707
1580580 705
1580590 703
1580600 701
1580610 700
1580620 699
1580630 698
1580640 697
1580650 696
1580660 695
1580670 693
1580680 692
1580690 690
1580700 688
1580710 686
1580720 683
1580730 681
1580740 680
1580750 679
1580760 678
1580770 677
1580780 677
1580790 676
1580800 676
1580810 676
1580820 676
1580830 677
1580840 677
1580850 677
1580860 676
1580870 675
1580880 674
1580890 673
1580900 672
1580910 671
1580920 670
1580930 669
1580940 667
1580950 666
1580960 665
1580970 664
1580980 663
1580990 662
1581000 661
1581010 660
1581020 658
1581030 657
1581040 657
1581050 658
1581060 660
1581070 661
1581080 663
1581090 665
1581100 667
1581110 669
1581120 670
1581130 670
1581140 669
1581150 666
1581160 661
1581170 658
1581180 657
1581190 661
1581200 664
1581210 668
1581220 672
1581230 673
1581240 672
1581250 671
1581260 670
1581270 670
1581280 669
1581290 668
1581300 667
1581310 665
1581320 664
1581330 663
1581340 662
1581350 661
1581360 661
1581370 661
1581380 661
1581390 662
1581400 662
1581410 663
1581420 664
1581430 664
1581440 665
1581450 666
1581460 666
1581470 667
1581480 669
1581490 670
1581500 670
1581510 671
1581520 671
1581530 671
1581540 672
1581550 673
1581560 673
1581570 674
1581580 675
1581590 675
1581600 676
1581610 677
1581620 678
1581630 679
1581640 679
1581650 680
1581660 681
1581670 682
1581680 683
1581690 684
1581700 685
1581710 686
1581720 686
1581730 687
1581740 688
1581750 689
1581760 690
1581770 690
1581780 691
1581790 691
1581800 692
1581810 693
1581820 694
1581830 695
1581840 696
1581850 697
1581860 698
1581870 699
1581880 700
1581890 701
1581900 702
1581910 702
1581920 703
1581930 703
1581940 703
1581950 703
1581960 702
1581970 702
1581980 701
1581990 701
1582000 700
1582010 700
1582020 700
1582030 700
1582040 701
1582050 701
1582060 702
1582070 703
1582080 704
1582090 705
1582100 705
1582110 706
1582120 707
1582130 708
1582140 709
1582150 711
1582160 712
1582170 713
1582180 714
1582190 715
1582200 715
1582210 716
1582220 716
1582230 717
1582240 717
1582250 717
1582260 716
1582270 716
1582280 714
1582290 712
1582300 710
1582310 709
1582320 707
1582330 706
1582340 706
1582350 705
1582360 705
1582370 704
1582380 703
1582390 703
1582400 702
1582410 700
1582420 699
1582430 698
1582440 697
1582450 696
1582460 696
1582470 695
1582480 693
1582490 691
1582500 689
1582510 688
1582520 687
1582530 686
1582540 685
1582550 685
1582560 685
1582570 684
1582580 683
1582590 683
1582600 682
1582610 680
1582620 679
1582630 679
1582640 681
1582650 683
1582660 684
1582670 683
1582680 683
1582690 684
1582700 685
1582710 686
1582720 686
1582730 686
1582740 687
1582750 687
1582760 688
1582770 689
1582780 691
1582790 692
1582800 694
1582810 695
1582820 696
1582830 698
1582840 698
1582850 699
1582860 699
1582870 700
1582880 700
1582890 701
1582900 702
1582910 703
1582920 704
1582930 705
1582940 706
1582950 707
1582960 709
1582970 710
1582980 711
1582990 713
1583000 714
1583010 715
1583020 716
1583030 717
1583040 718
1583050 717
1583060 717
1583070 716
1583080 714
1583090 713
1583100 712
1583110 712
1583120 711
1583130 712
1583140 713
1583150 716
1583160 718
1583170 719
1583180 720
1583190 721
1583200 722
1583210 723
1583220 724
1583230 726
1583240 727
1583250 728
1583260 728
1583270 728
1583280 729
1583290 729
1583300 729
1583310 729
1583320 729
1583330 729
1583340 729
1583350 729
1583360 729
1583370 729
1583380 729
1583390 730
1583400 730
1583410 730
1583420 729
1583430 729
1583440 729
1583450 728
1583460 728
1583470 727
1583480 727
1583490 727
1583500 727
1583510 727
1583520 728
1583530 728
1583540 728
1583550 729
1583560 729
1583570 729
1583580 729
1583590 728
1583600 727
1583610 727
1583620 726
1583630 726
1583640 725
1583650 724
1583660 722
1583670 720
1583680 718
1583690 717
1583700 715
1583710 713
1583720 712
1583730 710
1583740 709
1583750 708
1583760 707
1583770 706
1583780 705
1583790 704
1583800 703
1583810 702
1583820 701
1583830 700
1583840 699
1583850 699
1583860 698
1583870 697
1583880 696
1583890 695
1583900 694
1583910 693
1583920 692
1583930 691
1583940 690
1583950 689
1583960 688
1583970 688
1583980 687
1583990 686
1584000 685
1584010 685
1584020 685
1584030 685
1584040 685
1584050 685
1584060 685
1584070 684
1584080 684
1584090 683
1584100 683
1584110 683
1584120 683
1584130 683
1584140 684
1584150 684
1584160 684
1584170 685
1584180 685
1584190 686
1584200 686
1584210 686
1584220 686
1584230 685
1584240 684
1584250 683
1584260 682
1584270 682
1584280 682
1584290 682
1584300 682
1584310 682
1584320 682
1584330 682
1584340 682
1584350 682
1584360 682
1584370 682
1584380 682
1584390 682
1584400 682
1584410 681
1584420 681
1584430 681
1584440 680
1584450 680
1584460 679
1584470 678
1584480 677
1584490 677
1584500 676
1584510 675
1584520 675
1584530 673
1584540 672
1584550 670
1584560 670
1584570 670
1584580 671
1584590 671
1584600 671
1584610 670
1584620 670
1584630 670
1584640 669
1584650 669
1584660 668
1584670 667
1584680 666
1584690 665
1584700 664
1584710 663
1584720 662
1584730 661
1584740 660
1584750 659
1584760 658
1584770 656
1584780 653
1584790 651
1584800 649
1584810 646
1584820 643
1584830 641
1584840 638
1584850 635
1584860 632
1584870 629
1584880 626
1584890 624
1584900 622
1584910 621
1584920 620
1584930 619
1584940 619
1584950 619
1584960 618
1584970 617
1584980 616
1584990 615
1585000 614
1585010 613
1585020 612
1585030 611
1585040 610
1585050 610
1585060 609
1585070 609
1585080 608
1585090 608
1585100 608
1585110 607
1585120 607
1585130 606
1585140 605
1585150 604
1585160 604
1585170 603
1585180 602
1585190 602
1585200 601
1585210 600
1585220 598
1585230 597
1585240 596
1585250 594
1585260 593
1585270 592
1585280 591
1585290 590
1585300 589
1585310 588
1585320 587
1585330 586
1585340 586
1585350 585
1585360 585
1585370 585
1585380 584
1585390 584
1585400 583
1585410 582
1585420 581
1585430 580
1585440 580
1585450 579
1585460 578
1585470 577
1585480 576
1585490 574
1585500 572
1585510 570
1585520 568
1585530 565
1585540 563
1585550 562
1585560 562
1585570 561
1585580 561
1585590 560
1585600 560
1585610 561
1585620 562
1585630 563
1585640 563
1585650 562
1585660 562
1585670 560
1585680 559
1585690 558
1585700 557
1585710 556
1585720 554
1585730 553
1585740 551
1585750 548
1585760 544
1585770 541
1585780 539
1585790 536
1585800 534
1585810 534
1585820 535
1585830 537
1585840 537
1585850 538
1585860 537
1585870 537
1585880 536
1585890 535
1585900 534
1585910 532
1585920 531
1585930 531
1585940 529
1585950 528
1585960 528
1585970 528
1585980 527
1585990 527
1586000 527
1586010 526
1586020 526
1586030 526
1586040 525
1586050 525
1586060 524
1586070 524
1586080 524
1586090 523
1586100 523
1586110 523
1586120 522
1586130 522
1586140 522
1586150 522
1586160 521
1586170 521
1586180 520
1586190 520
1586200 520
1586210 520
1586220 519
1586230 519
1586240 518
1586250 518
1586260 518
1586270 518
1586280 518
1586290 517
1586300 516
1586310 515
1586320 515
1586330 515
1586340 515
1586350 515
1586360 515
1586370 515
1586380 514
1586390 513
1586400 512
1586410 511
1586420 511
1586430 511
1586440 511
1586450 510
1586460 510
1586470 510
1586480 510
1586490 510
1586500 510
1586510 510
1586520 509
1586530 509
1586540 509
1586550 509
1586560 509
1586570 509
1586580 509
1586590 509
1586600 509
1586610 508
1586620 509
1586630 509
1586640 509
1586650 509
1586660 509
1586670 508
1586680 508
1586690 508
1586700 508
1586710 508
1586720 508
1586730 508
1586740 508
1586750 508
1586760 508
1586770 508
1586780 508
1586790 508
1586800 508
1586810 509
1586820 509
1586830 509
1586840 510
1586850 511
1586860 511
1586870 512
1586880 514
1586890 515
1586900 516
1586910 516
1586920 516
1586930 516
1586940 516
1586950 516
1586960 516
1586970 518
1586980 520
1586990 522
1587000 524
1587010 527
1587020 530
1587030 531
1587040 530
1587050 529
1587060 528
1587070 528
1587080 528
1587090 527
1587100 526
1587110 525
1587120 526
1587130 527
1587140 528
1587150 528
1587160 528
1587170 528
1587180 528
1587190 529
1587200 530
1587210 532
1587220 533
1587230 534
1587240 534
1587250 534
1587260 535
1587270 535
1587280 536
1587290 537
1587300 538
1587310 540
1587320 541
1587330 541
1587340 541
1587350 540
1587360 539
1587370 541
1587380 544
1587390 549
1587400 552
1587410 554
1587420 554
1587430 555
1587440 555
1587450 555
1587460 556
1587470 556
1587480 556
1587490 557
1587500 557
1587510 557
1587520 557
1587530 557
1587540 556
1587550 556
1587560 556
1587570 556
1587580 555
1587590 555
1587600 554
1587610 554
1587620 553
1587630 553
1587640 553
1587650 553
1587660 553
1587670 553
1587680 553
1587690 553
1587700 553
1587710 552
1587720 552
1587730 551
1587740 550
1587750 549
1587760 548
1587770 547
1587780 547
1587790 547
1587800 547
1587810 547
1587820 547
1587830 547
1587840 547
1587850 547
1587860 547
1587870 548
1587880 548
1587890 548
1587900 548
1587910 548
1587920 548
1587930 548
1587940 548
1587950 548
1587960 548
1587970 548
1587980 548
1587990 548
1588000 548
1588010 548
1588020 547
1588030 547
1588040 547
1588050 546
1588060 546
1588070 546
1588080 546
1588090 546
1588100 545
1588110 545
1588120 545
1588130 545
1588140 544
1588150 544
1588160 544
1588170 544
1588180 544
1588190 544
1588200 543
1588210 543
1588220 543
1588230 543
1588240 543
1588250 543
1588260 544
1588270 544
1588280 544
1588290 544
1588300 544
1588310 544
1588320 544
1588330 544
1588340 544
1588350 544
1588360 544
1588370 545
1588380 545
1588390 545
1588400 545
1588410 545
1588420 545
1588430 545
1588440 545
1588450 545
1588460 545
1588470 545
1588480 544
1588490 544
1588500 543
1588510 543
1588520 542
1588530 542
1588540 541
1588550 541
1588560 540
1588570 540
1588580 540
1588590 540
1588600 540
1588610 540
1588620 539
1588630 539
1588640 539
1588650 539
1588660 539
1588670 539
1588680 539
1588690 539
1588700 538
1588710 538
1588720 538
1588730 538
1588740 537
1588750 537
1588760 536
1588770 536
1588780 536
1588790 535
1588800 534
1588810 534
1588820 533
1588830 533
1588840 533
1588850 534
1588860 534
1588870 534
1588880 534
1588890 534
1588900 534
1588910 533
1588920 533
1588930 532
1588940 532
1588950 531
1588960 531
1588970 530
1588980 530
1588990 530
1589000 530
1589010 530
1589020 530
1589030 530
1589040 530
1589050 530
1589060 531
1589070 531
1589080 531
1589090 531
1589100 532
1589110 532
1589120 532
1589130 532
1589140 533
1589150 533
1589160 533
1589170 533
1589180 534
1589190 534
1589200 535
1589210 537
1589220 538
1589230 538
1589240 538
1589250 538
1589260 537
1589270 537
1589280 537
1589290 537
1589300 538
1589310 538
1589320 539
1589330 540
1589340 542
1589350 544
1589360 545
1589370 547
1589380 549
1589390 550
1589400 552
1589410 553
1589420 555
1589430 556
1589440 557
1589450 557
1589460 557
1589470 556
1589480 557
1589490 558
1589500 559
1589510 560
1589520 562
1589530 563
1589540 565
1589550 566
1589560 566
1589570 566
1589580 567
1589590 566
1589600 566
1589610 566
1589620 566
1589630 565
1589640 564
1589650 563
1589660 563
1589670 562
1589680 561
1589690 560
1589700 559
1589710 557
1589720 556
1589730 555
1589740 553
1589750 551
1589760 548
1589770 546
1589780 544
1589790 542
1589800 541
1589810 541
1589820 540
1589830 539
1589840 538
1589850 537
1589860 536
1589870 536
1589880 535
1589890 535
1589900 534
1589910 534
1589920 534
1589930 533
1589940 533
1589950 533
1589960 533
1589970 533
1589980 533
1589990 532
1590000 531
1590010 531
1590020 531
1590030 531
1590040 530
1590050 530
1590060 530
1590070 530
1590080 529
1590090 529
1590100 528
1590110 527
1590120 527
1590130 526
1590140 525
1590150 525
1590160 524
1590170 524
1590180 524
1590190 523
1590200 523
1590210 523
1590220 522
1590230 522
1590240 522
1590250 521
1590260 520
1590270 520
1590280 520
1590290 520
1590300 520
1590310 520
1590320 520
1590330 520
1590340 520
1590350 520
1590360 521
1590370 522
1590380 523
1590390 524
1590400 525
1590410 525
1590420 526
1590430 526
1590440 526
1590450 527
1590460 527
1590470 528
1590480 528
1590490 529
1590500 530
1590510 531
1590520 532
1590530 533
1590540 533
1590550 534
1590560 535
1590570 537
1590580 538
1590590 539
1590600 539
1590610 540
1590620 540
1590630 540
1590640 541
1590650 541
1590660 541
1590670 541
1590680 541
1590690 541
1590700 541
1590710 540
1590720 540
1590730 539
1590740 539
1590750 538
1590760 536
1590770 535
1590780 534
1590790 533
1590800 532
1590810 532
1590820 531
1590830 531
1590840 530
1590850 530
1590860 530
1590870 529
1590880 529
1590890 530
1590900 530
1590910 531
1590920 532
1590930 534
1590940 536
1590950 538
1590960 541
1590970 543
1590980 546
1590990 548
1591000 549
1591010 551
1591020 552
1591030 553
1591040 554
1591050 556
1591060 557
1591070 559
1591080 560
1591090 562
1591100 564
1591110 565
1591120 566
1591130 566
1591140 566
1591150 567
1591160 568
1591170 570
1591180 571
1591190 572
1591200 573
1591210 573
1591220 573
1591230 574
1591240 574
1591250 575
1591260 575
1591270 576
1591280 576
1591290 577
1591300 578
1591310 579
1591320 580
1591330 580
1591340 581
1591350 582
1591360 582
1591370 582
1591380 583
1591390 583
1591400 584
1591410 584
1591420 585
1591430 586
1591440 587
1591450 588
1591460 589
1591470 590
1591480 591
1591490 592
1591500 594
1591510 595
1591520 597
1591530 598
1591540 599
1591550 600
1591560 601
1591570 601
1591580 601
1591590 602
1591600 603
1591610 605
1591620 608
1591630 610
1591640 611
1591650 612
1591660 613
1591670 614
1591680 616
1591690 618
1591700 620
1591710 622
1591720 623
1591730 623
1591740 623
1591750 622
1591760 621
1591770 620
1591780 620
1591790 622
1591800 623
1591810 624
1591820 625
1591830 626
1591840 627
1591850 628
1591860 630
1591870 631
1591880 633
1591890 636
1591900 638
1591910 640
1591920 642
1591930 642
1591940 642
1591950 641
1591960 641
1591970 641
1591980 641
1591990 640
1592000 639
1592010 637
1592020 635
1592030 634
1592040 635
1592050 636
1592060 637
1592070 639
1592080 641
1592090 644
1592100 648
1592110 651
1592120 654
1592130 657
1592140 658
1592150 658
1592160 658
1592170 657
1592180 656
1592190 656
1592200 657
1592210 660
1592220 662
1592230 665
1592240 667
1592250 669
1592260 671
1592270 674
1592280 676
1592290 678
1592300 678
1592310 678
1592320 678
1592330 680
1592340 681
1592350 683
1592360 685
1592370 687
1592380 689
1592390 691
1592400 693
1592410 696
1592420 698
1592430 700
1592440 702
1592450 703
1592460 704
1592470 705
1592480 706
1592490 708
1592500 709
1592510 711
1592520 712
1592530 714
1592540 716
1592550 718
1592560 720
1592570 721
1592580 722
1592590 723
1592600 724
1592610 725
1592620 726
1592630 727
1592640 728
1592650 729
1592660 731
1592670 732
1592680 733
1592690 734
1592700 734
1592710 734
1592720 733
1592730 733
1592740 732
1592750 731
1592760 730
1592770 729
1592780 728
1592790 726
1592800 725
1592810 724
1592820 722
1592830 721
1592840 721
1592850 720
1592860 720
1592870 720
1592880 719
1592890 719
1592900 719
1592910 719
1592920 719
1592930 719
1592940 719
1592950 718
1592960 718
1592970 717
1592980 717
1592990 716
1593000 716
1593010 716
1593020 716
1593030 715
1593040 715
1593050 715
1593060 715
1593070 716
1593080 715
1593090 715
1593100 714
1593110 712
1593120 710
1593130 709
1593140 709
1593150 708
1593160 708
1593170 708
1593180 707
1593190 706
1593200 705
1593210 705
1593220 705
1593230 704
1593240 703
1593250 703
1593260 702
1593270 702
1593280 702
1593290 702
1593300 702
1593310 701
1593320 701
1593330 701
1593340 701
1593350 700
1593360 700
1593370 700
1593380 700
1593390 699
1593400 699
1593410 699
1593420 699
1593430 698
1593440 698
1593450 697
1593460 697
1593470 696
1593480 695
1593490 693
1593500 692
1593510 691
1593520 691
1593530 690
1593540 690
1593550 689
1593560 688
1593570 689
1593580 691
1593590 692
1593600 693
1593610 693
1593620 694
1593630 694
1593640 694
1593650 695
1593660 695
1593670 696
1593680 696
1593690 696
1593700 696
1593710 696
1593720 697
1593730 697
1593740 697
1593750 697
1593760 697
1593770 697
1593780 697
1593790 697
1593800 698
1593810 698
1593820 698
1593830 699
1593840 699
1593850 699
1593860 699
1593870 699
1593880 699
1593890 700
1593900 700
1593910 700
1593920 700
1593930 700
1593940 700
1593950 701
1593960 701
1593970 701
1593980 701
1593990 701
1594000 702
1594010 703
1594020 704
1594030 705
1594040 706
1594050 707
1594060 708
1594070 709
1594080 710
1594090 710
1594100 710
1594110 710
1594120 711
1594130 711
1594140 711
1594150 712
1594160 712
1594170 712
1594180 712
1594190 712
1594200 712
1594210 712
1594220 713
1594230 713
1594240 713
1594250 713
1594260 713
1594270 714
1594280 714
1594290 715
1594300 717
1594310 718
1594320 719
1594330 720
1594340 720
1594350 720
1594360 720
1594370 720
1594380 719
1594390 719
1594400 719
1594410 718
1594420 718
1594430 717
1594440 717
1594450 716
1594460 716
1594470 716
1594480 717
1594490 717
1594500 718
1594510 718
1594520 717
1594530 717
1594540 716
1594550 716
1594560 715
1594570 715
1594580 714
1594590 713
1594600 712
1594610 711
1594620 711
1594630 710
1594640 710
1594650 709
1594660 709
1594670 709
1594680 709
1594690 708
1594700 708
1594710 708
1594720 708
1594730 708
1594740 707
1594750 707
1594760 707
1594770 707
1594780 707
1594790 706
1594800 706
1594810 705
1594820 705
1594830 705
1594840 704
1594850 703
1594860 703
1594870 702
1594880 701
1594890 701
1594900 701
1594910 701
1594920 700
1594930 699
1594940 698
1594950 697
1594960 697
1594970 696
1594980 695
1594990 695
1595000 694
1595010 694
1595020 693
1595030 693
1595040 692
1595050 691
1595060 691
1595070 690
1595080 690
1595090 689
1595100 689
1595110 690
1595120 690
1595130 691
1595140 691
1595150 692
1595160 692
1595170 691
1595180 691
1595190 689
1595200 687
1595210 685
1595220 684
1595230 683
1595240 683
1595250 682
1595260 682
1595270 682
1595280 682
1595290 681
1595300 681
1595310 681
1595320 681
1595330 680
1595340 680
1595350 680
1595360 681
1595370 681
1595380 681
1595390 681
1595400 681
1595410 681
1595420 681
1595430 681
1595440 680
1595450 680
1595460 679
1595470 679
1595480 678
1595490 677
1595500 677
1595510 678
1595520 678
1595530 678
1595540 677
1595550 676
1595560 676
1595570 676
1595580 675
1595590 675
1595600 674
1595610 676
1595620 677
1595630 678
1595640 678
1595650 678
1595660 677
1595670 676
1595680 674
1595690 672
1595700 670
1595710 670
1595720 670
1595730 671
1595740 672
1595750 672
1595760 672
1595770 673
1595780 673
1595790 672
1595800 672
1595810 672
1595820 672
1595830 671
1595840 670
1595850 669
1595860 668
1595870 667
1595880 666
1595890 665
1595900 665
1595910 664
1595920 664
1595930 663
1595940 663
1595950 664
1595960 664
1595970 664
1595980 664
1595990 664
1596000 664
1596010 664
1596020 664
1596030 664
1596040 664
1596050 663
1596060 663
1596070 662
1596080 661
1596090 661
1596100 660
1596110 660
1596120 660
1596130 660
1596140 659
1596150 659
1596160 658
1596170 658
1596180 658
1596190 657
1596200 657
1596210 657
1596220 656
1596230 656
1596240 656
1596250 655
1596260 655
1596270 655
1596280 655
1596290 655
1596300 655
1596310 654
1596320 654
1596330 654
1596340 654
1596350 653
1596360 653
1596370 653
1596380 652
1596390 652
1596400 652
1596410 652
1596420 652
1596430 652
1596440 652
1596450 652
1596460 652
1596470 652
1596480 652
1596490 652
1596500 652
1596510 652
1596520 653
1596530 653
1596540 653
1596550 653
1596560 653
1596570 653
1596580 653
1596590 653
1596600 653
1596610 653
1596620 654
1596630 654
1596640 654
1596650 654
1596660 655
1596670 655
1596680 655
1596690 655
1596700 656
1596710 656
1596720 656
1596730 657
1596740 657
1596750 657
1596760 658
1596770 658
1596780 658
1596790 659
1596800 660
1596810 661
1596820 663
1596830 664
1596840 666
1596850 668
1596860 671
1596870 673
1596880 675
1596890 678
1596900 681
1596910 683
1596920 685
1596930 687
1596940 690
1596950 692
1596960 695
1596970 698
1596980 701
1596990 702
1597000 703
1597010 702
1597020 702
1597030 702
1597040 702
1597050 702
1597060 702
1597070 701
1597080 701
1597090 701
1597100 702
1597110 702
1597120 702
1597130 703
1597140 704
1597150 704
1597160 705
1597170 707
1597180 709
1597190 711
1597200 713
1597210 714
1597220 716
1597230 719
1597240 722
1597250 724
1597260 725
1597270 726
1597280 726
1597290 726
1597300 726
1597310 725
1597320 725
1597330 725
1597340 725
1597350 725
1597360 725
1597370 726
1597380 727
1597390 729
1597400 730
1597410 731
1597420 733
1597430 734
1597440 735
1597450 736
1597460 737
1597470 738
1597480 739
1597490 741
1597500 742
1597510 742
1597520 743
1597530 744
1597540 745
1597550 746
1597560 747
1597570 749
1597580 750
1597590 751
1597600 752
1597610 754
1597620 755
1597630 757
1597640 758
1597650 760
1597660 762
1597670 765
1597680 767
1597690 770
1597700 774
1597710 777
1597720 780
1597730 784
1597740 787
1597750 790
1597760 793
1597770 795
1597780 796
1597790 798
1597800 798
1597810 799
1597820 798
1597830 798
1597840 797
1597850 797
1597860 796
1597870 796
1597880 795
1597890 795
1597900 796
1597910 796
1597920 796
1597930 795
1597940 795
1597950 794
1597960 794
1597970 793
1597980 792
1597990 790
1598000 789
1598010 788
1598020 787
1598030 786
1598040 786
1598050 786
1598060 786
1598070 786
1598080 785
1598090 783
1598100 780
1598110 778
1598120 775
1598130 773
1598140 773
1598150 773
1598160 774
1598170 775
1598180 777
1598190 779
1598200 781
1598210 784
1598220 787
1598230 790
1598240 793
1598250 795
1598260 797
1598270 798
1598280 798
1598290 799
1598300 800
1598310 801
1598320 802
1598330 802
1598340 803
1598350 803
1598360 804
1598370 804
1598380 805
1598390 805
1598400 804
1598410 804
1598420 804
1598430 803
1598440 803
1598450 802
1598460 801
1598470 801
1598480 800
1598490 799
1598500 798
1598510 798
1598520 797
1598530 797
1598540 796
1598550 796
1598560 796
1598570 796
1598580 796
1598590 796
1598600 796
1598610 796
1598620 796
1598630 796
1598640 796
1598650 795
1598660 796
1598670 796
1598680 797
1598690 798
1598700 799
1598710 801
1598720 803
1598730 804
1598740 806
1598750 809
1598760 811
1598770 814
1598780 817
1598790 819
1598800 821
1598810 822
1598820 824
1598830 825
1598840 826
1598850 828
1598860 829
1598870 830
1598880 832
1598890 833
1598900 834
1598910 834
1598920 834
1598930 833
1598940 832
1598950 831
1598960 831
1598970 830
1598980 830
1598990 830
1599000 831
1599010 832
1599020 832
1599030 833
1599040 834
1599050 834
1599060 835
1599070 835
1599080 837
1599090 839
1599100 840
1599110 841
1599120 841
1599130 841
1599140 841
1599150 842
1599160 842
1599170 842
1599180 842
1599190 842
1599200 842
1599210 842
1599220 841
1599230 840
1599240 839
1599250 838
1599260 837
1599270 837
1599280 837
1599290 838
1599300 837
1599310 837
1599320 836
1599330 834
1599340 832
1599350 830
1599360 829
1599370 827
1599380 826
1599390 824
1599400 821
1599410 819
1599420 816
1599430 814
1599440 811
1599450 810
1599460 807
1599470 805
1599480 803
1599490 801
1599500 799
1599510 797
1599520 795
1599530 793
1599540 791
1599550 788
1599560 786
1599570 784
1599580 783
1599590 782
1599600 781
1599610 781
1599620 781
1599630 781
1599640 782
1599650 782
1599660 782
1599670 782
1599680 782
1599690 783
1599700 783
1599710 783
1599720 784
1599730 785
1599740 787
1599750 789
1599760 791
1599770 794
1599780 795
1599790 797
1599800 798
1599810 800
1599820 801
1599830 802
1599840 803
1599850 804
1599860 805
1599870 806
1599880 806
1599890 807
1599900 808
1599910 809
1599920 809
1599930 810
1599940 811
1599950 811
1599960 812
1599970 812
1599980 813
1599990 813
