1580000 814
1580010 814
1580020 814
1580030 814
1580040 813
1580050 813
1580060 813
1580070 813
1580080 812
1580090 812
1580100 811
1580110 810
1580120 810
1580130 809
1580140 808
1580150 807
1580160 805
1580170 802
1580180 799
1580190 795
1580200 792
1580210 789
1580220 787
1580230 785
1580240 784
1580250 783
1580260 781
1580270 780
1580280 779
1580290 779
1580300 777
1580310 776
1580320 775
1580330 775
1580340 775
1580350 774
1580360 774
1580370 772
1580380 770
1580390 768
1580400 766
1580410 764
1580420 762
1580430 761
1580440 759
1580450 757
1580460 756
1580470 754
1580480 753
1580490 751
1580500 750
1580510 748
1580520 747
1580530 746
1580540 746
1580550 746
1580560 745
1580570 744
1580580 742
1580590 742
1580600 741
1580610 741
1580620 740
1580630 739
1580640 738
1580650 736
1580660 735
1580670 734
1580680 734
1580690 733
1580700 732
1580710 731
1580720 730
1580730 730
1580740 730
1580750 729
1580760 729
1580770 728
1580780 728
1580790 727
1580800 726
1580810 725
1580820 723
1580830 722
1580840 721
1580850 721
1580860 720
1580870 719
1580880 719
1580890 718
1580900 717
1580910 716
1580920 714
1580930 714
1580940 713
1580950 712
1580960 712
1580970 711
1580980 711
1580990 710
1581000 710
1581010 709
1581020 708
1581030 706
1581040 705
1581050 704
1581060 703
1581070 702
1581080 702
1581090 702
1581100 701
1581110 699
1581120 697
1581130 696
1581140 695
1581150 694
1581160 693
1581170 691
1581180 690
1581190 688
1581200 686
1581210 684
1581220 683
1581230 682
1581240 680
1581250 679
1581260 677
1581270 675
1581280 673
1581290 671
1581300 669
1581310 668
1581320 666
1581330 665
1581340 663
1581350 661
1581360 658
1581370 655
1581380 652
1581390 649
1581400 646
1581410 642
1581420 638
1581430 638
1581440 638
1581450 641
1581460 644
1581470 647
1581480 650
1581490 653
1581500 656
1581510 658
1581520 660
1581530 661
1581540 662
1581550 663
1581560 663
1581570 663
1581580 663
1581590 664
1581600 664
1581610 664
1581620 664
1581630 665
1581640 665
1581650 665
1581660 665
1581670 665
1581680 665
1581690 665
1581700 665
1581710 665
1581720 665
1581730 664
1581740 664
1581750 664
1581760 663
1581770 663
1581780 664
1581790 664
1581800 664
1581810 664
1581820 664
1581830 664
1581840 663
1581850 662
1581860 662
1581870 661
1581880 661
1581890 661
1581900 661
1581910 661
1581920 661
1581930 661
1581940 662
1581950 662
1581960 663
1581970 663
1581980 663
1581990 664
1582000 664
1582010 664
1582020 664
1582030 664
1582040 664
1582050 664
1582060 664
1582070 664
1582080 664
1582090 663
1582100 663
1582110 663
1582120 663
1582130 663
1582140 663
1582150 663
1582160 663
1582170 663
1582180 663
1582190 663
1582200 663
1582210 663
1582220 663
1582230 664
1582240 665
1582250 667
1582260 667
1582270 667
1582280 667
1582290 667
1582300 666
1582310 665
1582320 665
1582330 665
1582340 665
1582350 665
1582360 664
1582370 664
1582380 663
1582390 663
1582400 663
1582410 664
1582420 664
1582430 663
1582440 662
1582450 661
1582460 661
1582470 661
1582480 661
1582490 661
1582500 660
1582510 660
1582520 660
1582530 659
1582540 659
1582550 657
1582560 656
1582570 654
1582580 651
1582590 649
1582600 647
1582610 643
1582620 641
1582630 641
1582640 644
1582650 647
1582660 650
1582670 652
1582680 655
1582690 657
1582700 658
1582710 654
1582720 652
1582730 651
1582740 653
1582750 655
1582760 658
1582770 661
1582780 663
1582790 665
1582800 666
1582810 667
1582820 668
1582830 669
1582840 669
1582850 669
1582860 668
1582870 668
1582880 668
1582890 669
1582900 670
1582910 671
1582920 671
1582930 672
1582940 672
1582950 673
1582960 673
1582970 673
1582980 674
1582990 675
1583000 675
1583010 675
1583020 675
1583030 675
1583040 674
1583050 674
1583060 673
1583070 673
1583080 673
1583090 672
1583100 672
1583110 672
1583120 673
1583130 674
1583140 674
1583150 672
1583160 668
1583170 665
1583180 661
1583190 663
1583200 667
1583210 671
1583220 673
1583230 674
1583240 673
1583250 672
1583260 672
1583270 672
1583280 674
1583290 675
1583300 675
1583310 676
1583320 676
1583330 677
1583340 678
1583350 679
1583360 679
1583370 679
1583380 679
1583390 679
1583400 678
1583410 679
1583420 679
1583430 679
1583440 680
1583450 680
1583460 680
1583470 680
1583480 680
1583490 680
1583500 680
1583510 680
1583520 680
1583530 680
1583540 679
1583550 679
1583560 678
1583570 677
1583580 677
1583590 676
1583600 676
1583610 675
1583620 674
1583630 674
1583640 673
1583650 672
1583660 671
1583670 670
1583680 669
1583690 668
1583700 667
1583710 667
1583720 666
1583730 665
1583740 664
1583750 663
1583760 663
1583770 662
1583780 661
1583790 661
1583800 660
1583810 660
1583820 660
1583830 659
1583840 659
1583850 659
1583860 658
1583870 658
1583880 657
1583890 657
1583900 656
1583910 656
1583920 656
1583930 656
1583940 656
1583950 655
1583960 655
1583970 655
1583980 655
1583990 654
1584000 654
1584010 654
1584020 653
1584030 653
1584040 652
1584050 651
1584060 650
1584070 650
1584080 650
1584090 651
1584100 651
1584110 651
1584120 650
1584130 650
1584140 650
1584150 650
1584160 650
1584170 649
1584180 649
1584190 649
1584200 648
1584210 648
1584220 648
1584230 648
1584240 648
1584250 647
1584260 647
1584270 647
1584280 647
1584290 648
1584300 648
1584310 649
1584320 649
1584330 649
1584340 649
1584350 648
1584360 647
1584370 646
1584380 646
1584390 645
1584400 644
1584410 643
1584420 642
1584430 641
1584440 640
1584450 639
1584460 638
1584470 637
1584480 636
1584490 635
1584500 633
1584510 632
1584520 630
1584530 628
1584540 625
1584550 623
1584560 622
1584570 621
1584580 620
1584590 619
1584600 619
1584610 618
1584620 618
1584630 618
1584640 617
1584650 617
1584660 617
1584670 616
1584680 616
1584690 615
1584700 615
1584710 614
1584720 613
1584730 612
1584740 611
1584750 610
1584760 609
1584770 608
1584780 607
1584790 606
1584800 605
1584810 603
1584820 602
1584830 601
1584840 600
1584850 600
1584860 599
1584870 599
1584880 598
1584890 597
1584900 597
1584910 596
1584920 595
1584930 595
1584940 594
1584950 593
1584960 593
1584970 592
1584980 591
1584990 591
1585000 590
1585010 589
1585020 589
1585030 588
1585040 587
1585050 587
1585060 587
1585070 586
1585080 585
1585090 585
1585100 584
1585110 584
1585120 584
1585130 585
1585140 585
1585150 585
1585160 584
1585170 584
1585180 583
1585190 582
1585200 582
1585210 581
1585220 581
1585230 581
1585240 580
1585250 580
1585260 580
1585270 580
1585280 579
1585290 579
1585300 578
1585310 577
1585320 576
1585330 576
1585340 575
1585350 574
1585360 573
1585370 573
1585380 572
1585390 571
1585400 570
1585410 567
1585420 564
1585430 562
1585440 559
1585450 556
1585460 552
1585470 551
1585480 550
1585490 549
1585500 548
1585510 548
1585520 547
1585530 547
1585540 546
1585550 546
1585560 545
1585570 545
1585580 545
1585590 545
1585600 544
1585610 544
1585620 543
1585630 543
1585640 542
1585650 541
1585660 539
1585670 538
1585680 537
1585690 536
1585700 535
1585710 534
1585720 532
1585730 531
1585740 529
1585750 528
1585760 527
1585770 526
1585780 525
1585790 525
1585800 525
1585810 524
1585820 524
1585830 524
1585840 523
1585850 523
1585860 523
1585870 523
1585880 522
1585890 522
1585900 522
1585910 521
1585920 520
1585930 520
1585940 519
1585950 519
1585960 519
1585970 519
1585980 519
1585990 518
1586000 518
1586010 518
1586020 518
1586030 518
1586040 518
1586050 517
1586060 517
1586070 517
1586080 517
1586090 517
1586100 516
1586110 516
1586120 516
1586130 516
1586140 516
1586150 516
1586160 515
1586170 515
1586180 515
1586190 514
1586200 514
1586210 514
1586220 514
1586230 514
1586240 514
1586250 514
1586260 514
1586270 513
1586280 513
1586290 513
1586300 513
1586310 513
1586320 513
1586330 513
1586340 513
1586350 513
1586360 513
1586370 513
1586380 513
1586390 513
1586400 512
1586410 512
1586420 512
1586430 512
1586440 512
1586450 512
1586460 512
1586470 512
1586480 512
1586490 513
1586500 514
1586510 515
1586520 515
1586530 515
1586540 515
1586550 514
1586560 514
1586570 514
1586580 514
1586590 514
1586600 514
1586610 514
1586620 515
1586630 516
1586640 517
1586650 518
1586660 520
1586670 522
1586680 524
1586690 526
1586700 527
1586710 529
1586720 530
1586730 530
1586740 532
1586750 533
1586760 535
1586770 538
1586780 540
1586790 542
1586800 544
1586810 546
1586820 547
1586830 548
1586840 548
1586850 548
1586860 547
1586870 548
1586880 551
1586890 554
1586900 556
1586910 557
1586920 558
1586930 559
1586940 560
1586950 561
1586960 562
1586970 563
1586980 564
1586990 565
1587000 565
1587010 566
1587020 568
1587030 569
1587040 570
1587050 570
1587060 570
1587070 570
1587080 570
1587090 569
1587100 569
1587110 568
1587120 568
1587130 567
1587140 567
1587150 567
1587160 567
1587170 567
1587180 567
1587190 567
1587200 566
1587210 566
1587220 566
1587230 566
1587240 566
1587250 566
1587260 565
1587270 565
1587280 564
1587290 564
1587300 564
1587310 564
1587320 564
1587330 564
1587340 565
1587350 565
1587360 565
1587370 566
1587380 566
1587390 566
1587400 567
1587410 567
1587420 567
1587430 568
1587440 568
1587450 568
1587460 569
1587470 568
1587480 568
1587490 567
1587500 566
1587510 566
1587520 565
1587530 565
1587540 565
1587550 565
1587560 564
1587570 564
1587580 564
1587590 564
1587600 564
1587610 565
1587620 565
1587630 565
1587640 566
1587650 566
1587660 566
1587670 566
1587680 566
1587690 566
1587700 566
1587710 566
1587720 565
1587730 565
1587740 565
1587750 565
1587760 565
1587770 565
1587780 565
1587790 565
1587800 565
1587810 565
1587820 565
1587830 564
1587840 563
1587850 562
1587860 560
1587870 558
1587880 557
1587890 557
1587900 557
1587910 558
1587920 558
1587930 558
1587940 558
1587950 558
1587960 557
1587970 554
1587980 553
1587990 552
1588000 551
1588010 551
1588020 550
1588030 550
1588040 550
1588050 550
1588060 549
1588070 548
1588080 548
1588090 547
1588100 547
1588110 547
1588120 547
1588130 547
1588140 546
1588150 546
1588160 546
1588170 546
1588180 546
1588190 546
1588200 547
1588210 547
1588220 547
1588230 547
1588240 547
1588250 548
1588260 548
1588270 549
1588280 549
1588290 550
1588300 551
1588310 552
1588320 552
1588330 553
1588340 553
1588350 554
1588360 554
1588370 553
1588380 553
1588390 553
1588400 553
1588410 554
1588420 555
1588430 555
1588440 555
1588450 555
1588460 554
1588470 553
1588480 551
1588490 549
1588500 548
1588510 548
1588520 548
1588530 548
1588540 548
1588550 548
1588560 547
1588570 547
1588580 546
1588590 545
1588600 545
1588610 545
1588620 544
1588630 544
1588640 543
1588650 542
1588660 541
1588670 541
1588680 541
1588690 540
1588700 540
1588710 541
1588720 541
1588730 542
1588740 544
1588750 545
1588760 546
1588770 546
1588780 546
1588790 546
1588800 545
1588810 544
1588820 544
1588830 543
1588840 543
1588850 542
1588860 542
1588870 542
1588880 541
1588890 540
1588900 538
1588910 537
1588920 537
1588930 537
1588940 537
1588950 537
1588960 538
1588970 538
1588980 539
1588990 539
1589000 539
1589010 539
1589020 539
1589030 539
1589040 540
1589050 540
1589060 541
1589070 542
1589080 543
1589090 544
1589100 546
1589110 547
1589120 549
1589130 549
1589140 550
1589150 551
1589160 552
1589170 553
1589180 555
1589190 556
1589200 557
1589210 558
1589220 560
1589230 561
1589240 563
1589250 563
1589260 563
1589270 564
1589280 565
1589290 565
1589300 566
1589310 565
1589320 564
1589330 563
1589340 561
1589350 558
1589360 556
1589370 555
1589380 555
1589390 557
1589400 559
1589410 561
1589420 563
1589430 565
1589440 565
1589450 566
1589460 566
1589470 566
1589480 566
1589490 566
1589500 566
1589510 566
1589520 566
1589530 565
1589540 565
1589550 564
1589560 562
1589570 560
1589580 558
1589590 557
1589600 556
1589610 555
1589620 555
1589630 555
1589640 556
1589650 556
1589660 557
1589670 557
1589680 558
1589690 559
1589700 559
1589710 559
1589720 558
1589730 556
1589740 554
1589750 551
1589760 550
1589770 548
1589780 547
1589790 546
1589800 546
1589810 547
1589820 547
1589830 549
1589840 550
1589850 551
1589860 552
1589870 550
1589880 549
1589890 548
1589900 546
1589910 545
1589920 544
1589930 542
1589940 541
1589950 540
1589960 540
1589970 539
1589980 539
1589990 538
1590000 537
1590010 536
1590020 535
1590030 533
1590040 532
1590050 531
1590060 530
1590070 529
1590080 528
1590090 527
1590100 527
1590110 526
1590120 526
1590130 525
1590140 524
1590150 524
1590160 523
1590170 523
1590180 522
1590190 521
1590200 521
1590210 521
1590220 521
1590230 521
1590240 521
1590250 521
1590260 522
1590270 523
1590280 524
1590290 525
1590300 526
1590310 528
1590320 528
1590330 529
1590340 530
1590350 531
1590360 532
1590370 533
1590380 534
1590390 535
1590400 536
1590410 537
1590420 537
1590430 538
1590440 538
1590450 538
1590460 537
1590470 536
1590480 534
1590490 533
1590500 531
1590510 531
1590520 530
1590530 530
1590540 530
1590550 530
1590560 531
1590570 532
1590580 532
1590590 533
1590600 533
1590610 534
1590620 534
1590630 535
1590640 535
1590650 535
1590660 536
1590670 536
1590680 537
1590690 537
1590700 537
1590710 538
1590720 539
1590730 539
1590740 540
1590750 542
1590760 544
1590770 544
1590780 544
1590790 544
1590800 545
1590810 545
1590820 546
1590830 546
1590840 546
1590850 546
1590860 546
1590870 546
1590880 546
1590890 546
1590900 545
1590910 545
1590920 543
1590930 543
1590940 542
1590950 541
1590960 538
1590970 536
1590980 536
1590990 537
1591000 537
1591010 538
1591020 538
1591030 539
1591040 539
1591050 540
1591060 540
1591070 541
1591080 542
1591090 544
1591100 546
1591110 548
1591120 549
1591130 551
1591140 553
1591150 554
1591160 555
1591170 557
1591180 558
1591190 559
1591200 561
1591210 562
1591220 564
1591230 565
1591240 567
1591250 568
1591260 570
1591270 571
1591280 573
1591290 575
1591300 577
1591310 579
1591320 580
1591330 581
1591340 582
1591350 583
1591360 584
1591370 585
1591380 586
1591390 587
1591400 587
1591410 588
1591420 589
1591430 590
1591440 591
1591450 591
1591460 592
1591470 592
1591480 593
1591490 593
1591500 594
1591510 594
1591520 594
1591530 594
1591540 592
1591550 591
1591560 589
1591570 588
1591580 588
1591590 589
1591600 590
1591610 590
1591620 590
1591630 590
1591640 590
1591650 590
1591660 590
1591670 590
1591680 590
1591690 589
1591700 588
1591710 587
1591720 586
1591730 586
1591740 586
1591750 587
1591760 588
1591770 588
1591780 589
1591790 589
1591800 590
1591810 591
1591820 592
1591830 593
1591840 596
1591850 599
1591860 602
1591870 605
1591880 606
1591890 608
1591900 608
1591910 609
1591920 609
1591930 610
1591940 610
1591950 611
1591960 613
1591970 615
1591980 616
1591990 618
1592000 619
1592010 620
1592020 622
1592030 623
1592040 624
1592050 624
1592060 625
1592070 627
1592080 629
1592090 631
1592100 633
1592110 635
1592120 637
1592130 639
1592140 641
1592150 642
1592160 644
1592170 645
1592180 646
1592190 647
1592200 649
1592210 651
1592220 653
1592230 655
1592240 658
1592250 659
1592260 661
1592270 662
1592280 663
1592290 664
1592300 665
1592310 666
1592320 667
1592330 668
1592340 668
1592350 669
1592360 670
1592370 671
1592380 672
1592390 674
1592400 675
1592410 676
1592420 677
1592430 678
1592440 679
1592450 680
1592460 680
1592470 681
1592480 681
1592490 682
1592500 683
1592510 684
1592520 685
1592530 686
1592540 688
1592550 689
1592560 691
1592570 693
1592580 695
1592590 696
1592600 698
1592610 700
1592620 702
1592630 704
1592640 705
1592650 707
1592660 708
1592670 710
1592680 711
1592690 712
1592700 713
1592710 714
1592720 715
1592730 715
1592740 716
1592750 716
1592760 716
1592770 716
1592780 715
1592790 715
1592800 714
1592810 714
1592820 713
1592830 713
1592840 712
1592850 711
1592860 710
1592870 709
1592880 708
1592890 708
1592900 708
1592910 708
1592920 708
1592930 708
1592940 707
1592950 707
1592960 707
1592970 706
1592980 706
1592990 706
1593000 706
1593010 706
1593020 707
1593030 708
1593040 708
1593050 709
1593060 710
1593070 711
1593080 712
1593090 713
1593100 713
1593110 714
1593120 714
1593130 714
1593140 713
1593150 713
1593160 712
1593170 712
1593180 712
1593190 712
1593200 711
1593210 710
1593220 709
1593230 708
1593240 706
1593250 704
1593260 702
1593270 700
1593280 698
1593290 696
1593300 693
1593310 690
1593320 689
1593330 688
1593340 688
1593350 687
1593360 686
1593370 685
1593380 685
1593390 684
1593400 683
1593410 682
1593420 680
1593430 678
1593440 677
1593450 675
1593460 673
1593470 672
1593480 672
1593490 673
1593500 674
1593510 675
1593520 676
1593530 677
1593540 679
1593550 680
1593560 681
1593570 681
1593580 682
1593590 683
1593600 684
1593610 685
1593620 685
1593630 686
1593640 686
1593650 687
1593660 688
1593670 688
1593680 689
1593690 689
1593700 689
1593710 689
1593720 690
1593730 690
1593740 691
1593750 691
1593760 691
1593770 692
1593780 692
1593790 692
1593800 693
1593810 694
1593820 695
1593830 695
1593840 696
1593850 697
1593860 698
1593870 699
1593880 699
1593890 700
1593900 701
1593910 701
1593920 702
1593930 702
1593940 703
1593950 704
1593960 704
1593970 706
1593980 706
1593990 707
1594000 707
1594010 707
1594020 707
1594030 708
1594040 708
1594050 709
1594060 710
1594070 711
1594080 712
1594090 712
1594100 713
1594110 714
1594120 714
1594130 714
1594140 715
1594150 716
1594160 717
1594170 718
1594180 720
1594190 722
1594200 723
1594210 725
1594220 728
1594230 730
1594240 732
1594250 734
1594260 736
1594270 738
1594280 740
1594290 742
1594300 745
1594310 748
1594320 751
1594330 754
1594340 756
1594350 759
1594360 761
1594370 763
1594380 765
1594390 768
1594400 770
1594410 771
1594420 773
1594430 775
1594440 776
1594450 777
1594460 778
1594470 779
1594480 780
1594490 781
1594500 782
1594510 783
1594520 783
1594530 783
1594540 784
1594550 784
1594560 784
1594570 784
1594580 783
1594590 782
1594600 781
1594610 780
1594620 780
1594630 778
1594640 777
1594650 776
1594660 777
1594670 778
1594680 779
1594690 780
1594700 780
1594710 781
1594720 782
1594730 782
1594740 782
1594750 781
1594760 781
1594770 780
1594780 780
1594790 780
1594800 779
1594810 779
1594820 778
1594830 777
1594840 777
1594850 776
1594860 774
1594870 771
1594880 769
1594890 766
1594900 765
1594910 762
1594920 758
1594930 754
1594940 750
1594950 746
1594960 742
1594970 738
1594980 734
1594990 730
1595000 727
1595010 725
1595020 723
1595030 721
1595040 720
1595050 719
1595060 718
1595070 718
1595080 717
1595090 716
1595100 715
1595110 713
1595120 711
1595130 710
1595140 709
1595150 708
1595160 708
1595170 710
1595180 712
1595190 715
1595200 717
1595210 720
1595220 723
1595230 725
1595240 727
1595250 729
1595260 731
1595270 733
1595280 735
1595290 737
1595300 739
1595310 740
1595320 741
1595330 742
1595340 742
1595350 743
1595360 743
1595370 743
1595380 743
1595390 744
1595400 744
1595410 744
1595420 744
1595430 744
1595440 743
1595450 743
1595460 743
1595470 744
1595480 744
1595490 745
1595500 746
1595510 748
1595520 750
1595530 752
1595540 754
1595550 756
1595560 757
1595570 757
1595580 755
1595590 751
1595600 747
1595610 743
1595620 740
1595630 737
1595640 735
1595650 732
1595660 730
1595670 728
1595680 726
1595690 724
1595700 723
1595710 723
1595720 722
1595730 721
1595740 719
1595750 718
1595760 716
1595770 716
1595780 715
1595790 714
1595800 714
1595810 713
1595820 713
1595830 712
1595840 711
1595850 711
1595860 710
1595870 708
1595880 706
1595890 704
1595900 704
1595910 702
1595920 701
1595930 700
1595940 699
1595950 699
1595960 698
1595970 698
1595980 698
1595990 698
1596000 698
1596010 697
1596020 696
1596030 694
1596040 692
1596050 690
1596060 688
1596070 684
1596080 681
1596090 678
1596100 675
1596110 672
1596120 669
1596130 666
1596140 663
1596150 661
1596160 659
1596170 657
1596180 656
1596190 655
1596200 655
1596210 654
1596220 654
1596230 654
1596240 654
1596250 654
1596260 654
1596270 654
1596280 653
1596290 653
1596300 653
1596310 653
1596320 653
1596330 652
1596340 652
1596350 652
1596360 652
1596370 652
1596380 652
1596390 652
1596400 652
1596410 651
1596420 651
1596430 651
1596440 651
1596450 651
1596460 651
1596470 651
1596480 651
1596490 651
1596500 651
1596510 651
1596520 651
1596530 651
1596540 651
1596550 651
1596560 652
1596570 652
1596580 653
1596590 654
1596600 654
1596610 655
1596620 655
1596630 656
1596640 657
1596650 658
1596660 658
1596670 659
1596680 660
1596690 661
1596700 662
1596710 663
1596720 664
1596730 665
1596740 666
1596750 667
1596760 668
1596770 670
1596780 671
1596790 672
1596800 673
1596810 675
1596820 677
1596830 680
1596840 682
1596850 684
1596860 686
1596870 687
1596880 688
1596890 688
1596900 689
1596910 690
1596920 691
1596930 692
1596940 693
1596950 694
1596960 695
1596970 696
1596980 696
1596990 696
1597000 697
1597010 697
1597020 698
1597030 699
1597040 700
1597050 701
1597060 701
1597070 702
1597080 702
1597090 702
1597100 703
1597110 703
1597120 703
1597130 703
1597140 703
1597150 703
1597160 704
1597170 704
1597180 704
1597190 705
1597200 705
1597210 706
1597220 707
1597230 708
1597240 709
1597250 709
1597260 711
1597270 712
1597280 713
1597290 713
1597300 714
1597310 714
1597320 715
1597330 716
1597340 717
1597350 718
1597360 719
1597370 720
1597380 721
1597390 721
1597400 722
1597410 723
1597420 724
1597430 724
1597440 725
1597450 726
1597460 727
1597470 729
1597480 731
1597490 733
1597500 734
1597510 735
1597520 738
1597530 740
1597540 741
1597550 743
1597560 744
1597570 745
1597580 747
1597590 749
1597600 750
1597610 752
1597620 753
1597630 755
1597640 756
1597650 757
1597660 758
1597670 759
1597680 760
1597690 761
1597700 763
1597710 765
1597720 768
1597730 770
1597740 772
1597750 773
1597760 774
1597770 776
1597780 777
1597790 778
1597800 779
1597810 780
1597820 781
1597830 782
1597840 783
1597850 784
1597860 785
1597870 786
1597880 787
1597890 787
1597900 787
1597910 787
1597920 788
1597930 789
1597940 790
1597950 791
1597960 791
1597970 792
1597980 792
1597990 791
1598000 791
1598010 791
1598020 792
1598030 791
1598040 790
1598050 788
1598060 786
1598070 784
1598080 781
1598090 778
1598100 775
1598110 773
1598120 771
1598130 771
1598140 771
1598150 773
1598160 775
1598170 777
1598180 779
1598190 780
1598200 781
1598210 782
1598220 782
1598230 783
1598240 783
1598250 784
1598260 786
1598270 787
1598280 789
1598290 791
1598300 793
1598310 794
1598320 795
1598330 797
1598340 798
1598350 800
1598360 801
1598370 803
1598380 804
1598390 806
1598400 807
1598410 808
1598420 809
1598430 810
1598440 811
1598450 812
1598460 812
1598470 812
1598480 811
1598490 810
1598500 810
1598510 808
1598520 807
1598530 806
1598540 805
1598550 804
1598560 803
1598570 802
1598580 801
1598590 800
1598600 799
1598610 798
1598620 798
1598630 797
1598640 797
1598650 797
1598660 796
1598670 796
1598680 796
1598690 796
1598700 796
1598710 796
1598720 796
1598730 797
1598740 797
1598750 797
1598760 798
1598770 800
1598780 801
1598790 804
1598800 807
1598810 809
1598820 812
1598830 814
1598840 817
1598850 819
1598860 820
1598870 821
1598880 823
1598890 824
1598900 825
1598910 825
1598920 824
1598930 823
1598940 822
1598950 821
1598960 821
1598970 821
1598980 820
1598990 821
1599000 821
1599010 821
1599020 821
1599030 822
1599040 823
1599050 824
1599060 825
1599070 826
1599080 827
1599090 828
1599100 829
1599110 830
1599120 831
1599130 831
1599140 832
1599150 833
1599160 833
1599170 834
1599180 834
1599190 833
1599200 832
1599210 830
1599220 828
1599230 826
1599240 824
1599250 823
1599260 821
1599270 819
1599280 818
1599290 817
1599300 815
1599310 814
1599320 811
1599330 808
1599340 805
1599350 802
1599360 800
1599370 799
1599380 799
1599390 798
1599400 798
1599410 798
1599420 797
1599430 797
1599440 796
1599450 796
1599460 795
1599470 793
1599480 790
1599490 787
1599500 783
1599510 781
1599520 779
1599530 779
1599540 780
1599550 781
1599560 780
1599570 780
1599580 780
1599590 780
1599600 780
1599610 779
1599620 778
1599630 777
1599640 775
1599650 774
1599660 773
1599670 772
1599680 772
1599690 771
1599700 771
1599710 771
1599720 770
1599730 770
1599740 769
1599750 769
1599760 769
1599770 769
1599780 768
1599790 768
1599800 767
1599810 767
1599820 766
1599830 766
1599840 765
1599850 765
1599860 765
1599870 764
1599880 764
1599890 764
1599900 763
1599910 763
1599920 763
1599930 763
1599940 762
1599950 762
1599960 761
1599970 761
1599980 761
1599990 760
