1580000 751
1580010 751
1580020 751
1580030 752
1580040 753
1580050 753
1580060 754
1580070 755
1580080 757
1580090 758
1580100 759
1580110 760
1580120 761
1580130 763
1580140 764
1580150 766
1580160 767
1580170 769
1580180 770
1580190 771
1580200 772
1580210 773
1580220 774
1580230 775
1580240 776
1580250 777
1580260 779
1580270 781
1580280 783
1580290 785
1580300 786
1580310 788
1580320 789
1580330 790
1580340 790
1580350 790
1580360 790
1580370 790
1580380 789
1580390 788
1580400 787
1580410 786
1580420 786
1580430 785
1580440 785
1580450 785
1580460 786
1580470 787
1580480 788
1580490 788
1580500 788
1580510 788
1580520 789
1580530 788
1580540 788
1580550 787
1580560 787
1580570 787
1580580 788
1580590 788
1580600 788
1580610 787
1580620 786
1580630 785
1580640 784
1580650 785
1580660 786
1580670 786
1580680 786
1580690 787
1580700 787
1580710 787
1580720 787
1580730 788
1580740 789
1580750 790
1580760 791
1580770 791
1580780 789
1580790 787
1580800 785
1580810 784
1580820 783
1580830 782
1580840 779
1580850 776
1580860 772
1580870 767
1580880 763
1580890 759
1580900 756
1580910 752
1580920 750
1580930 747
1580940 745
1580950 743
1580960 742
1580970 741
1580980 740
1580990 740
1581000 739
1581010 739
1581020 738
1581030 738
1581040 737
1581050 736
1581060 736
1581070 736
1581080 736
1581090 736
1581100 736
1581110 736
1581120 736
1581130 737
1581140 737
1581150 737
1581160 737
1581170 738
1581180 738
1581190 737
1581200 737
1581210 737
1581220 736
1581230 736
1581240 736
1581250 735
1581260 735
1581270 734
1581280 734
1581290 734
1581300 734
1581310 734
1581320 735
1581330 736
1581340 738
1581350 740
1581360 742
1581370 742
1581380 743
1581390 742
1581400 741
1581410 740
1581420 740
1581430 739
1581440 739
1581450 739
1581460 740
1581470 741
1581480 741
1581490 742
1581500 743
1581510 743
1581520 744
1581530 744
1581540 745
1581550 745
1581560 746
1581570 746
1581580 747
1581590 748
1581600 748
1581610 749
1581620 749
1581630 749
1581640 750
1581650 751
1581660 752
1581670 755
1581680 757
1581690 758
1581700 759
1581710 760
1581720 761
1581730 761
1581740 761
1581750 760
1581760 759
1581770 757
1581780 755
1581790 754
1581800 754
1581810 753
1581820 753
1581830 754
1581840 755
1581850 756
1581860 757
1581870 758
1581880 759
1581890 760
1581900 761
1581910 762
1581920 762
1581930 762
1581940 762
1581950 762
1581960 762
1581970 763
1581980 764
1581990 765
1582000 766
1582010 767
1582020 768
1582030 769
1582040 770
1582050 771
1582060 771
1582070 772
1582080 772
1582090 772
1582100 772
1582110 772
1582120 771
1582130 770
1582140 769
1582150 770
1582160 770
1582170 771
1582180 773
1582190 774
1582200 775
1582210 776
1582220 777
1582230 779
1582240 780
1582250 781
1582260 781
1582270 781
1582280 781
1582290 781
1582300 782
1582310 782
1582320 782
1582330 781
1582340 781
1582350 780
1582360 780
1582370 780
1582380 781
1582390 781
1582400 782
1582410 782
1582420 782
1582430 783
1582440 783
1582450 785
1582460 787
1582470 787
1582480 786
1582490 785
1582500 783
1582510 782
1582520 781
1582530 779
1582540 777
1582550 775
1582560 774
1582570 773
1582580 771
1582590 770
1582600 770
1582610 769
1582620 769
1582630 769
1582640 768
1582650 768
1582660 767
1582670 766
1582680 766
1582690 765
1582700 764
1582710 764
1582720 763
1582730 763
1582740 762
1582750 762
1582760 761
1582770 760
1582780 759
1582790 758
1582800 758
1582810 757
1582820 757
1582830 757
1582840 756
1582850 756
1582860 755
1582870 754
1582880 753
1582890 751
1582900 749
1582910 747
1582920 746
1582930 745
1582940 745
1582950 744
1582960 744
1582970 744
1582980 743
1582990 743
1583000 743
1583010 742
1583020 742
1583030 742
1583040 743
1583050 743
1583060 744
1583070 745
1583080 746
1583090 747
1583100 748
1583110 749
1583120 750
1583130 752
1583140 753
1583150 754
1583160 755
1583170 755
1583180 755
1583190 755
1583200 754
1583210 754
1583220 753
1583230 753
1583240 752
1583250 752
1583260 752
1583270 752
1583280 753
1583290 753
1583300 754
1583310 755
1583320 756
1583330 757
1583340 758
1583350 760
1583360 761
1583370 763
1583380 764
1583390 764
1583400 764
1583410 765
1583420 766
1583430 767
1583440 767
1583450 768
1583460 768
1583470 768
1583480 767
1583490 767
1583500 767
1583510 767
1583520 767
1583530 767
1583540 767
1583550 767
1583560 766
1583570 765
1583580 765
1583590 765
1583600 764
1583610 763
1583620 762
1583630 762
1583640 762
1583650 761
1583660 760
1583670 760
1583680 760
1583690 761
1583700 760
1583710 760
1583720 759
1583730 759
1583740 759
1583750 758
1583760 758
1583770 758
1583780 757
1583790 756
1583800 756
1583810 755
1583820 754
1583830 753
1583840 752
1583850 750
1583860 748
1583870 746
1583880 743
1583890 740
1583900 737
1583910 734
1583920 730
1583930 727
1583940 723
1583950 720
1583960 717
1583970 715
1583980 717
1583990 721
1584000 725
1584010 728
1584020 731
1584030 734
1584040 737
1584050 739
1584060 740
1584070 741
1584080 742
1584090 743
1584100 744
1584110 745
1584120 747
1584130 748
1584140 750
1584150 751
1584160 752
1584170 752
1584180 753
1584190 753
1584200 753
1584210 753
1584220 752
1584230 752
1584240 752
1584250 752
1584260 752
1584270 752
1584280 751
1584290 751
1584300 750
1584310 750
1584320 751
1584330 751
1584340 751
1584350 751
1584360 751
1584370 751
1584380 751
1584390 752
1584400 752
1584410 752
1584420 752
1584430 752
1584440 752
1584450 752
1584460 752
1584470 752
1584480 752
1584490 752
1584500 752
1584510 752
1584520 752
1584530 752
1584540 752
1584550 752
1584560 753
1584570 752
1584580 752
1584590 752
1584600 752
1584610 752
1584620 753
1584630 752
1584640 752
1584650 751
1584660 751
1584670 751
1584680 751
1584690 750
1584700 750
1584710 750
1584720 750
1584730 750
1584740 750
1584750 750
1584760 750
1584770 750
1584780 749
1584790 749
1584800 748
1584810 748
1584820 748
1584830 748
1584840 749
1584850 749
1584860 749
1584870 749
1584880 749
1584890 750
1584900 750
1584910 750
1584920 750
1584930 751
1584940 751
1584950 752
1584960 752
1584970 752
1584980 753
1584990 753
1585000 754
1585010 754
1585020 754
1585030 754
1585040 754
1585050 754
1585060 754
1585070 755
1585080 756
1585090 757
1585100 758
1585110 759
1585120 760
1585130 760
1585140 760
1585150 761
1585160 761
1585170 762
1585180 764
1585190 765
1585200 767
1585210 769
1585220 770
1585230 771
1585240 771
1585250 771
1585260 771
1585270 771
1585280 771
1585290 771
1585300 771
1585310 771
1585320 772
1585330 772
1585340 773
1585350 774
1585360 775
1585370 776
1585380 776
1585390 777
1585400 778
1585410 778
1585420 779
1585430 780
1585440 780
1585450 780
1585460 780
1585470 779
1585480 778
1585490 778
1585500 778
1585510 777
1585520 777
1585530 777
1585540 777
1585550 777
1585560 778
1585570 778
1585580 778
1585590 778
1585600 778
1585610 778
1585620 777
1585630 777
1585640 776
1585650 776
1585660 775
1585670 775
1585680 774
1585690 774
1585700 773
1585710 772
1585720 771
1585730 770
1585740 769
1585750 768
1585760 767
1585770 766
1585780 766
1585790 765
1585800 765
1585810 764
1585820 763
1585830 763
1585840 763
1585850 763
1585860 763
1585870 763
1585880 763
1585890 763
1585900 763
1585910 763
1585920 762
1585930 761
1585940 760
1585950 759
1585960 758
1585970 758
1585980 757
1585990 757
1586000 756
1586010 755
1586020 754
1586030 753
1586040 752
1586050 751
1586060 751
1586070 750
1586080 750
1586090 749
1586100 748
1586110 747
1586120 747
1586130 746
1586140 745
1586150 744
1586160 742
1586170 741
1586180 740
1586190 738
1586200 737
1586210 735
1586220 733
1586230 730
1586240 726
1586250 723
1586260 720
1586270 717
1586280 714
1586290 711
1586300 708
1586310 705
1586320 703
1586330 700
1586340 697
1586350 694
1586360 690
1586370 685
1586380 681
1586390 677
1586400 672
1586410 667
1586420 663
1586430 659
1586440 655
1586450 651
1586460 648
1586470 645
1586480 643
1586490 641
1586500 639
1586510 636
1586520 633
1586530 630
1586540 627
1586550 623
1586560 619
1586570 616
1586580 614
1586590 612
1586600 612
1586610 612
1586620 612
1586630 612
1586640 612
1586650 610
1586660 609
1586670 607
1586680 605
1586690 603
1586700 602
1586710 601
1586720 600
1586730 599
1586740 598
1586750 597
1586760 595
1586770 594
1586780 594
1586790 593
1586800 591
1586810 589
1586820 586
1586830 584
1586840 585
1586850 585
1586860 585
1586870 585
1586880 585
1586890 584
1586900 582
1586910 581
1586920 579
1586930 577
1586940 576
1586950 575
1586960 574
1586970 573
1586980 572
1586990 571
1587000 569
1587010 567
1587020 565
1587030 564
1587040 562
1587050 561
1587060 560
1587070 559
1587080 558
1587090 557
1587100 556
1587110 556
1587120 555
1587130 554
1587140 554
1587150 553
1587160 552
1587170 552
1587180 552
1587190 552
1587200 553
1587210 554
1587220 555
1587230 556
1587240 556
1587250 557
1587260 556
1587270 556
1587280 556
1587290 556
1587300 556
1587310 557
1587320 556
1587330 556
1587340 555
1587350 554
1587360 552
1587370 551
1587380 553
1587390 553
1587400 553
1587410 553
1587420 552
1587430 552
1587440 551
1587450 549
1587460 546
1587470 543
1587480 541
1587490 539
1587500 538
1587510 537
1587520 537
1587530 536
1587540 535
1587550 534
1587560 533
1587570 533
1587580 533
1587590 533
1587600 533
1587610 533
1587620 533
1587630 533
1587640 533
1587650 532
1587660 532
1587670 532
1587680 532
1587690 531
1587700 531
1587710 531
1587720 531
1587730 531
1587740 531
1587750 531
1587760 531
1587770 531
1587780 531
1587790 531
1587800 530
1587810 530
1587820 530
1587830 530
1587840 530
1587850 531
1587860 531
1587870 530
1587880 529
1587890 528
1587900 526
1587910 526
1587920 527
1587930 529
1587940 531
1587950 532
1587960 532
1587970 531
1587980 531
1587990 530
1588000 529
1588010 527
1588020 526
1588030 525
1588040 523
1588050 522
1588060 524
1588070 525
1588080 526
1588090 526
1588100 526
1588110 526
1588120 526
1588130 528
1588140 530
1588150 530
1588160 530
1588170 529
1588180 527
1588190 525
1588200 523
1588210 521
1588220 521
1588230 521
1588240 522
1588250 522
1588260 521
1588270 520
1588280 518
1588290 516
1588300 513
1588310 510
1588320 507
1588330 504
1588340 502
1588350 501
1588360 500
1588370 500
1588380 499
1588390 499
1588400 498
1588410 498
1588420 497
1588430 496
1588440 494
1588450 493
1588460 492
1588470 491
1588480 491
1588490 491
1588500 490
1588510 490
1588520 490
1588530 490
1588540 490
1588550 490
1588560 490
1588570 490
1588580 490
1588590 489
1588600 488
1588610 488
1588620 487
1588630 486
1588640 486
1588650 486
1588660 486
1588670 486
1588680 486
1588690 486
1588700 486
1588710 485
1588720 485
1588730 486
1588740 486
1588750 486
1588760 486
1588770 487
1588780 488
1588790 488
1588800 489
1588810 489
1588820 489
1588830 489
1588840 489
1588850 489
1588860 489
1588870 489
1588880 489
1588890 488
1588900 488
1588910 488
1588920 488
1588930 488
1588940 488
1588950 488
1588960 488
1588970 488
1588980 488
1588990 488
1589000 487
1589010 487
1589020 487
1589030 487
1589040 487
1589050 487
1589060 487
1589070 488
1589080 489
1589090 490
1589100 492
1589110 494
1589120 495
1589130 496
1589140 497
1589150 497
1589160 498
1589170 498
1589180 497
1589190 497
1589200 497
1589210 496
1589220 494
1589230 492
1589240 490
1589250 490
1589260 490
1589270 492
1589280 496
1589290 500
1589300 504
1589310 506
1589320 507
1589330 508
1589340 508
1589350 509
1589360 509
1589370 509
1589380 509
1589390 510
1589400 510
1589410 510
1589420 510
1589430 510
1589440 510
1589450 510
1589460 511
1589470 511
1589480 512
1589490 513
1589500 514
1589510 515
1589520 515
1589530 516
1589540 516
1589550 516
1589560 516
1589570 516
1589580 515
1589590 515
1589600 515
1589610 515
1589620 515
1589630 515
1589640 515
1589650 514
1589660 514
1589670 514
1589680 514
1589690 514
1589700 514
1589710 515
1589720 515
1589730 515
1589740 515
1589750 515
1589760 515
1589770 516
1589780 516
1589790 516
1589800 516
1589810 516
1589820 517
1589830 517
1589840 517
1589850 517
1589860 518
1589870 518
1589880 518
1589890 518
1589900 519
1589910 519
1589920 520
1589930 520
1589940 521
1589950 521
1589960 522
1589970 522
1589980 522
1589990 523
1590000 524
1590010 524
1590020 525
1590030 526
1590040 526
1590050 527
1590060 528
1590070 529
1590080 529
1590090 529
1590100 528
1590110 526
1590120 524
1590130 521
1590140 519
1590150 517
1590160 516
1590170 515
1590180 513
1590190 512
1590200 511
1590210 510
1590220 509
1590230 509
1590240 508
1590250 508
1590260 508
1590270 508
1590280 508
1590290 508
1590300 508
1590310 508
1590320 508
1590330 508
1590340 508
1590350 508
1590360 510
1590370 513
1590380 516
1590390 520
1590400 524
1590410 528
1590420 533
1590430 536
1590440 538
1590450 540
1590460 540
1590470 539
1590480 538
1590490 537
1590500 536
1590510 535
1590520 533
1590530 533
1590540 533
1590550 533
1590560 534
1590570 535
1590580 536
1590590 537
1590600 537
1590610 538
1590620 538
1590630 540
1590640 541
1590650 542
1590660 543
1590670 544
1590680 546
1590690 547
1590700 549
1590710 550
1590720 550
1590730 551
1590740 552
1590750 553
1590760 554
1590770 556
1590780 557
1590790 557
1590800 557
1590810 558
1590820 559
1590830 559
1590840 560
1590850 562
1590860 563
1590870 565
1590880 565
1590890 565
1590900 565
1590910 566
1590920 566
1590930 567
1590940 569
1590950 569
1590960 570
1590970 570
1590980 570
1590990 571
1591000 571
1591010 571
1591020 573
1591030 574
1591040 576
1591050 579
1591060 580
1591070 581
1591080 581
1591090 582
1591100 583
1591110 586
1591120 588
1591130 589
1591140 589
1591150 587
1591160 586
1591170 586
1591180 587
1591190 589
1591200 592
1591210 595
1591220 597
1591230 599
1591240 601
1591250 603
1591260 605
1591270 607
1591280 609
1591290 612
1591300 614
1591310 617
1591320 619
1591330 622
1591340 625
1591350 629
1591360 634
1591370 638
1591380 642
1591390 644
1591400 647
1591410 650
1591420 653
1591430 656
1591440 659
1591450 662
1591460 665
1591470 667
1591480 670
1591490 672
1591500 674
1591510 676
1591520 678
1591530 679
1591540 680
1591550 681
1591560 683
1591570 685
1591580 686
1591590 688
1591600 690
1591610 692
1591620 694
1591630 695
1591640 696
1591650 697
1591660 698
1591670 700
1591680 702
1591690 703
1591700 704
1591710 705
1591720 706
1591730 707
1591740 707
1591750 707
1591760 708
1591770 708
1591780 708
1591790 708
1591800 708
1591810 708
1591820 708
1591830 709
1591840 709
1591850 711
1591860 713
1591870 714
1591880 715
1591890 715
1591900 716
1591910 716
1591920 716
1591930 716
1591940 716
1591950 715
1591960 714
1591970 713
1591980 712
1591990 710
1592000 709
1592010 708
1592020 707
1592030 707
1592040 706
1592050 706
1592060 705
1592070 703
1592080 701
1592090 699
1592100 696
1592110 696
1592120 697
1592130 698
1592140 699
1592150 701
1592160 703
1592170 708
1592180 712
1592190 716
1592200 718
1592210 720
1592220 722
1592230 724
1592240 726
1592250 728
1592260 728
1592270 729
1592280 730
1592290 731
1592300 732
1592310 734
1592320 735
1592330 736
1592340 737
1592350 738
1592360 740
1592370 741
1592380 742
1592390 743
1592400 744
1592410 745
1592420 746
1592430 746
1592440 746
1592450 746
1592460 745
1592470 744
1592480 743
1592490 743
1592500 743
1592510 744
1592520 745
1592530 745
1592540 745
1592550 745
1592560 744
1592570 742
1592580 740
1592590 738
1592600 737
1592610 735
1592620 732
1592630 730
1592640 728
1592650 726
1592660 724
1592670 722
1592680 720
1592690 718
1592700 717
1592710 716
1592720 715
1592730 715
1592740 714
1592750 714
1592760 713
1592770 713
1592780 712
1592790 712
1592800 711
1592810 711
1592820 709
1592830 708
1592840 706
1592850 705
1592860 703
1592870 702
1592880 699
1592890 695
1592900 691
1592910 688
1592920 686
1592930 684
1592940 684
1592950 685
1592960 686
1592970 686
1592980 687
1592990 688
1593000 689
1593010 690
1593020 690
1593030 690
1593040 689
1593050 688
1593060 686
1593070 685
1593080 684
1593090 683
1593100 682
1593110 681
1593120 680
1593130 679
1593140 679
1593150 678
1593160 678
1593170 678
1593180 678
1593190 678
1593200 676
1593210 675
1593220 674
1593230 673
1593240 671
1593250 667
1593260 663
1593270 661
1593280 660
1593290 664
1593300 667
1593310 671
1593320 673
1593330 675
1593340 677
1593350 679
1593360 681
1593370 683
1593380 684
1593390 686
1593400 688
1593410 691
1593420 695
1593430 699
1593440 703
1593450 707
1593460 711
1593470 714
1593480 717
1593490 719
1593500 721
1593510 724
1593520 726
1593530 728
1593540 729
1593550 731
1593560 731
1593570 732
1593580 731
1593590 730
1593600 727
1593610 725
1593620 725
1593630 726
1593640 728
1593650 730
1593660 731
1593670 732
1593680 732
1593690 730
1593700 727
1593710 723
1593720 719
1593730 716
1593740 715
1593750 714
1593760 715
1593770 716
1593780 718
1593790 720
1593800 723
1593810 725
1593820 727
1593830 728
1593840 729
1593850 730
1593860 731
1593870 731
1593880 731
1593890 732
1593900 732
1593910 732
1593920 733
1593930 733
1593940 735
1593950 737
1593960 739
1593970 741
1593980 743
1593990 744
1594000 744
1594010 745
1594020 746
1594030 747
1594040 748
1594050 750
1594060 752
1594070 754
1594080 756
1594090 758
1594100 759
1594110 761
1594120 763
1594130 764
1594140 766
1594150 767
1594160 768
1594170 769
1594180 770
1594190 771
1594200 771
1594210 771
1594220 771
1594230 771
1594240 770
1594250 769
1594260 768
1594270 766
1594280 764
1594290 762
1594300 761
1594310 759
1594320 757
1594330 755
1594340 752
1594350 749
1594360 745
1594370 740
1594380 736
1594390 733
1594400 730
1594410 727
1594420 725
1594430 723
1594440 722
1594450 721
1594460 720
1594470 719
1594480 718
1594490 717
1594500 717
1594510 716
1594520 715
1594530 715
1594540 714
1594550 714
1594560 713
1594570 713
1594580 714
1594590 714
1594600 715
1594610 716
1594620 717
1594630 717
1594640 718
1594650 719
1594660 720
1594670 720
1594680 721
1594690 722
1594700 723
1594710 723
1594720 724
1594730 725
1594740 726
1594750 727
1594760 728
1594770 729
1594780 729
1594790 730
1594800 730
1594810 731
1594820 731
1594830 732
1594840 734
1594850 735
1594860 736
1594870 737
1594880 738
1594890 738
1594900 738
1594910 739
1594920 739
1594930 740
1594940 741
1594950 742
1594960 742
1594970 743
1594980 744
1594990 745
1595000 747
1595010 749
1595020 751
1595030 752
1595040 753
1595050 754
1595060 754
1595070 754
1595080 754
1595090 754
1595100 754
1595110 754
1595120 755
1595130 754
1595140 754
1595150 754
1595160 753
1595170 753
1595180 753
1595190 753
1595200 752
1595210 752
1595220 752
1595230 753
1595240 753
1595250 753
1595260 753
1595270 753
1595280 753
1595290 753
1595300 753
1595310 752
1595320 750
1595330 748
1595340 746
1595350 744
1595360 741
1595370 739
1595380 737
1595390 735
1595400 733
1595410 731
1595420 730
1595430 728
1595440 727
1595450 726
1595460 723
1595470 720
1595480 718
1595490 716
1595500 715
1595510 714
1595520 713
1595530 712
1595540 712
1595550 711
1595560 711
1595570 710
1595580 709
1595590 708
1595600 708
1595610 707
1595620 707
1595630 706
1595640 706
1595650 706
1595660 707
1595670 707
1595680 707
1595690 707
1595700 707
1595710 707
1595720 707
1595730 707
1595740 707
1595750 708
1595760 708
1595770 708
1595780 708
1595790 709
1595800 710
1595810 711
1595820 712
1595830 714
1595840 715
1595850 716
1595860 717
1595870 717
1595880 717
1595890 718
1595900 717
1595910 717
1595920 717
1595930 717
1595940 717
1595950 716
1595960 717
1595970 718
1595980 720
1595990 722
1596000 725
1596010 727
1596020 728
1596030 730
1596040 731
1596050 732
1596060 733
1596070 734
1596080 734
1596090 734
1596100 734
1596110 734
1596120 735
1596130 735
1596140 735
1596150 735
1596160 734
1596170 733
1596180 732
1596190 731
1596200 730
1596210 729
1596220 728
1596230 727
1596240 725
1596250 724
1596260 722
1596270 721
1596280 719
1596290 717
1596300 714
1596310 713
1596320 711
1596330 709
1596340 707
1596350 705
1596360 703
1596370 702
1596380 701
1596390 700
1596400 699
1596410 698
1596420 698
1596430 697
1596440 697
1596450 697
1596460 696
1596470 696
1596480 695
1596490 695
1596500 695
1596510 695
1596520 695
1596530 695
1596540 695
1596550 695
1596560 695
1596570 695
1596580 695
1596590 695
1596600 695
1596610 695
1596620 695
1596630 695
1596640 695
1596650 695
1596660 695
1596670 695
1596680 695
1596690 695
1596700 695
1596710 695
1596720 695
1596730 695
1596740 695
1596750 696
1596760 696
1596770 696
1596780 696
1596790 697
1596800 697
1596810 698
1596820 699
1596830 700
1596840 701
1596850 703
1596860 704
1596870 704
1596880 705
1596890 706
1596900 707
1596910 708
1596920 709
1596930 709
1596940 710
1596950 710
1596960 710
1596970 710
1596980 710
1596990 709
1597000 709
1597010 708
1597020 708
1597030 708
1597040 708
1597050 708
1597060 707
1597070 705
1597080 704
1597090 702
1597100 700
1597110 698
1597120 697
1597130 696
1597140 694
1597150 693
1597160 691
1597170 689
1597180 688
1597190 686
1597200 685
1597210 683
1597220 681
1597230 678
1597240 675
1597250 674
1597260 673
1597270 673
1597280 674
1597290 676
1597300 677
1597310 679
1597320 682
1597330 684
1597340 685
1597350 687
1597360 690
1597370 692
1597380 694
1597390 695
1597400 696
1597410 697
1597420 697
1597430 699
1597440 700
1597450 702
1597460 703
1597470 704
1597480 704
1597490 705
1597500 704
1597510 703
1597520 701
1597530 700
1597540 698
1597550 695
1597560 693
1597570 689
1597580 686
1597590 685
1597600 686
1597610 687
1597620 689
1597630 691
1597640 693
1597650 695
1597660 697
1597670 699
1597680 700
1597690 702
1597700 703
1597710 704
1597720 705
1597730 706
1597740 706
1597750 707
1597760 708
1597770 709
1597780 709
1597790 710
1597800 711
1597810 712
1597820 713
1597830 713
1597840 714
1597850 715
1597860 716
1597870 717
1597880 718
1597890 719
1597900 721
1597910 722
1597920 723
1597930 724
1597940 725
1597950 725
1597960 726
1597970 727
1597980 728
1597990 729
1598000 730
1598010 732
1598020 732
1598030 732
1598040 732
1598050 733
1598060 733
1598070 734
1598080 735
1598090 736
1598100 736
1598110 737
1598120 738
1598130 740
1598140 741
1598150 743
1598160 744
1598170 746
1598180 748
1598190 750
1598200 751
1598210 753
1598220 754
1598230 756
1598240 757
1598250 759
1598260 761
1598270 763
1598280 765
1598290 768
1598300 770
1598310 773
1598320 775
1598330 777
1598340 780
1598350 782
1598360 784
1598370 786
1598380 788
1598390 789
1598400 790
1598410 791
1598420 792
1598430 793
1598440 793
1598450 794
1598460 794
1598470 795
1598480 795
1598490 795
1598500 795
1598510 795
1598520 795
1598530 795
1598540 795
1598550 795
1598560 795
1598570 795
1598580 795
1598590 795
1598600 796
1598610 797
1598620 799
1598630 799
1598640 800
1598650 799
1598660 798
1598670 797
1598680 795
1598690 793
1598700 790
1598710 788
1598720 787
1598730 786
1598740 786
1598750 785
1598760 785
1598770 785
1598780 784
1598790 784
1598800 784
1598810 783
1598820 783
1598830 782
1598840 782
1598850 781
1598860 780
1598870 780
1598880 779
1598890 779
1598900 779
1598910 779
1598920 779
1598930 779
1598940 779
1598950 779
1598960 779
1598970 779
1598980 779
1598990 779
1599000 779
1599010 779
1599020 779
1599030 779
1599040 778
1599050 778
1599060 778
1599070 778
1599080 778
1599090 778
1599100 778
1599110 778
1599120 778
1599130 778
1599140 778
1599150 778
1599160 777
1599170 777
1599180 777
1599190 777
1599200 778
1599210 778
1599220 778
1599230 778
1599240 778
1599250 778
1599260 778
1599270 778
1599280 778
1599290 778
1599300 777
1599310 777
1599320 777
1599330 777
1599340 778
1599350 778
1599360 779
1599370 781
1599380 782
1599390 783
1599400 782
1599410 781
1599420 780
1599430 779
1599440 779
1599450 779
1599460 779
1599470 779
1599480 779
1599490 779
1599500 779
1599510 779
1599520 779
1599530 779
1599540 779
1599550 779
1599560 779
1599570 779
1599580 780
1599590 780
1599600 780
1599610 781
1599620 782
1599630 782
1599640 783
1599650 783
1599660 784
1599670 784
1599680 784
1599690 785
1599700 785
1599710 786
1599720 786
1599730 787
1599740 787
1599750 788
1599760 788
1599770 789
1599780 790
1599790 791
1599800 792
1599810 793
1599820 794
1599830 795
1599840 796
1599850 796
1599860 797
1599870 797
1599880 797
1599890 797
1599900 798
1599910 798
1599920 798
1599930 799
1599940 799
1599950 799
1599960 799
1599970 799
1599980 799
1599990 800
