1580000 763
1580010 763
1580020 764
1580030 765
1580040 766
1580050 766
1580060 767
1580070 768
1580080 769
1580090 770
1580100 771
1580110 770
1580120 768
1580130 768
1580140 770
1580150 772
1580160 775
1580170 779
1580180 782
1580190 785
1580200 786
1580210 787
1580220 788
1580230 789
1580240 791
1580250 791
1580260 791
1580270 790
1580280 789
1580290 789
1580300 789
1580310 788
1580320 788
1580330 787
1580340 787
1580350 788
1580360 788
1580370 788
1580380 787
1580390 786
1580400 784
1580410 783
1580420 782
1580430 781
1580440 780
1580450 779
1580460 778
1580470 777
1580480 775
1580490 772
1580500 770
1580510 767
1580520 764
1580530 761
1580540 758
1580550 755
1580560 751
1580570 746
1580580 741
1580590 736
1580600 732
1580610 728
1580620 724
1580630 718
1580640 712
1580650 706
1580660 702
1580670 698
1580680 695
1580690 695
1580700 695
1580710 696
1580720 696
1580730 695
1580740 693
1580750 691
1580760 680
1580770 669
1580780 663
1580790 664
1580800 665
1580810 666
1580820 666
1580830 666
1580840 665
1580850 659
1580860 653
1580870 648
1580880 646
1580890 644
1580900 640
1580910 636
1580920 637
1580930 641
1580940 647
1580950 648
1580960 649
1580970 648
1580980 648
1580990 648
1581000 648
1581010 648
1581020 648
1581030 648
1581040 649
1581050 649
1581060 650
1581070 652
1581080 653
1581090 656
1581100 659
1581110 661
1581120 664
1581130 666
1581140 667
1581150 669
1581160 671
1581170 674
1581180 678
1581190 682
1581200 685
1581210 687
1581220 689
1581230 690
1581240 691
1581250 692
1581260 692
1581270 692
1581280 692
1581290 691
1581300 691
1581310 691
1581320 690
1581330 690
1581340 691
1581350 692
1581360 693
1581370 693
1581380 692
1581390 691
1581400 691
1581410 691
1581420 691
1581430 692
1581440 692
1581450 693
1581460 693
1581470 693
1581480 694
1581490 694
1581500 695
1581510 696
1581520 698
1581530 699
1581540 701
1581550 702
1581560 703
1581570 704
1581580 704
1581590 705
1581600 706
1581610 707
1581620 707
1581630 707
1581640 708
1581650 709
1581660 710
1581670 712
1581680 714
1581690 716
1581700 717
1581710 719
1581720 719
1581730 720
1581740 720
1581750 721
1581760 721
1581770 722
1581780 723
1581790 720
1581800 714
1581810 707
1581820 701
1581830 696
1581840 692
1581850 686
1581860 680
1581870 673
1581880 667
1581890 662
1581900 657
1581910 656
1581920 654
1581930 652
1581940 650
1581950 647
1581960 645
1581970 642
1581980 640
1581990 637
1582000 635
1582010 633
1582020 631
1582030 629
1582040 626
1582050 624
1582060 622
1582070 621
1582080 620
1582090 618
1582100 617
1582110 615
1582120 613
1582130 612
1582140 611
1582150 610
1582160 609
1582170 608
1582180 608
1582190 607
1582200 607
1582210 606
1582220 606
1582230 606
1582240 606
1582250 605
1582260 604
1582270 603
1582280 602
1582290 602
1582300 600
1582310 600
1582320 599
1582330 598
1582340 598
1582350 598
1582360 599
1582370 600
1582380 602
1582390 603
1582400 605
1582410 606
1582420 607
1582430 608
1582440 609
1582450 610
1582460 610
1582470 610
1582480 611
1582490 610
1582500 609
1582510 608
1582520 606
1582530 605
1582540 604
1582550 603
1582560 602
1582570 599
1582580 596
1582590 594
1582600 592
1582610 591
1582620 590
1582630 590
1582640 589
1582650 588
1582660 587
1582670 586
1582680 585
1582690 585
1582700 585
1582710 586
1582720 587
1582730 588
1582740 588
1582750 587
1582760 586
1582770 586
1582780 585
1582790 584
1582800 582
1582810 581
1582820 580
1582830 579
1582840 578
1582850 578
1582860 577
1582870 576
1582880 576
1582890 576
1582900 576
1582910 576
1582920 576
1582930 576
1582940 577
1582950 577
1582960 577
1582970 578
1582980 578
1582990 579
1583000 579
1583010 580
1583020 581
1583030 581
1583040 580
1583050 579
1583060 578
1583070 578
1583080 577
1583090 577
1583100 577
1583110 579
1583120 580
1583130 582
1583140 583
1583150 585
1583160 585
1583170 585
1583180 584
1583190 584
1583200 584
1583210 584
1583220 584
1583230 583
1583240 583
1583250 582
1583260 581
1583270 580
1583280 579
1583290 578
1583300 577
1583310 576
1583320 576
1583330 576
1583340 578
1583350 580
1583360 583
1583370 584
1583380 585
1583390 586
1583400 587
1583410 588
1583420 587
1583430 585
1583440 583
1583450 580
1583460 578
1583470 575
1583480 572
1583490 570
1583500 568
1583510 567
1583520 567
1583530 567
1583540 567
1583550 567
1583560 566
1583570 566
1583580 564
1583590 562
1583600 560
1583610 559
1583620 559
1583630 559
1583640 560
1583650 560
1583660 560
1583670 559
1583680 559
1583690 559
1583700 559
1583710 559
1583720 559
1583730 560
1583740 561
1583750 562
1583760 562
1583770 563
1583780 563
1583790 563
1583800 563
1583810 563
1583820 562
1583830 562
1583840 560
1583850 558
1583860 554
1583870 551
1583880 549
1583890 549
1583900 552
1583910 556
1583920 559
1583930 564
1583940 567
1583950 569
1583960 570
1583970 572
1583980 573
1583990 575
1584000 576
1584010 577
1584020 578
1584030 578
1584040 579
1584050 579
1584060 580
1584070 580
1584080 581
1584090 582
1584100 583
1584110 583
1584120 584
1584130 583
1584140 582
1584150 581
1584160 580
1584170 579
1584180 577
1584190 575
1584200 574
1584210 573
1584220 573
1584230 573
1584240 573
1584250 573
1584260 573
1584270 572
1584280 572
1584290 573
1584300 574
1584310 576
1584320 578
1584330 580
1584340 583
1584350 584
1584360 584
1584370 583
1584380 583
1584390 583
1584400 583
1584410 584
1584420 585
1584430 587
1584440 589
1584450 593
1584460 597
1584470 599
1584480 602
1584490 605
1584500 608
1584510 610
1584520 610
1584530 608
1584540 605
1584550 602
1584560 598
1584570 595
1584580 592
1584590 591
1584600 591
1584610 591
1584620 592
1584630 594
1584640 597
1584650 599
1584660 599
1584670 598
1584680 599
1584690 600
1584700 601
1584710 602
1584720 603
1584730 604
1584740 605
1584750 606
1584760 606
1584770 605
1584780 604
1584790 602
1584800 602
1584810 602
1584820 603
1584830 603
1584840 604
1584850 604
1584860 604
1584870 606
1584880 607
1584890 609
1584900 610
1584910 611
1584920 611
1584930 612
1584940 613
1584950 614
1584960 615
1584970 616
1584980 616
1584990 617
1585000 618
1585010 619
1585020 620
1585030 621
1585040 622
1585050 623
1585060 624
1585070 625
1585080 626
1585090 626
1585100 627
1585110 628
1585120 629
1585130 630
1585140 630
1585150 631
1585160 631
1585170 632
1585180 633
1585190 633
1585200 634
1585210 634
1585220 634
1585230 635
1585240 635
1585250 635
1585260 635
1585270 635
1585280 635
1585290 636
1585300 636
1585310 635
1585320 635
1585330 636
1585340 636
1585350 636
1585360 637
1585370 637
1585380 638
1585390 638
1585400 638
1585410 639
1585420 639
1585430 639
1585440 640
1585450 640
1585460 640
1585470 641
1585480 641
1585490 641
1585500 641
1585510 642
1585520 642
1585530 642
1585540 642
1585550 642
1585560 643
1585570 643
1585580 643
1585590 644
1585600 644
1585610 645
1585620 645
1585630 646
1585640 646
1585650 647
1585660 647
1585670 648
1585680 648
1585690 648
1585700 649
1585710 649
1585720 649
1585730 650
1585740 650
1585750 651
1585760 651
1585770 652
1585780 652
1585790 653
1585800 654
1585810 654
1585820 655
1585830 656
1585840 657
1585850 657
1585860 658
1585870 659
1585880 660
1585890 661
1585900 662
1585910 663
1585920 664
1585930 664
1585940 665
1585950 666
1585960 666
1585970 667
1585980 667
1585990 667
1586000 667
1586010 667
1586020 668
1586030 668
1586040 668
1586050 668
1586060 669
1586070 669
1586080 669
1586090 670
1586100 670
1586110 670
1586120 670
1586130 670
1586140 670
1586150 670
1586160 671
1586170 671
1586180 671
1586190 671
1586200 671
1586210 671
1586220 671
1586230 672
1586240 672
1586250 672
1586260 673
1586270 673
1586280 674
1586290 674
1586300 675
1586310 675
1586320 676
1586330 676
1586340 677
1586350 678
1586360 678
1586370 679
1586380 680
1586390 681
1586400 682
1586410 683
1586420 684
1586430 685
1586440 686
1586450 686
1586460 687
1586470 688
1586480 688
1586490 689
1586500 690
1586510 690
1586520 691
1586530 692
1586540 692
1586550 693
1586560 694
1586570 694
1586580 695
1586590 696
1586600 697
1586610 697
1586620 698
1586630 698
1586640 698
1586650 698
1586660 698
1586670 699
1586680 699
1586690 698
1586700 698
1586710 698
1586720 698
1586730 698
1586740 699
1586750 699
1586760 699
1586770 698
1586780 697
1586790 696
1586800 694
1586810 693
1586820 691
1586830 690
1586840 688
1586850 686
1586860 685
1586870 682
1586880 679
1586890 675
1586900 671
1586910 667
1586920 664
1586930 661
1586940 658
1586950 656
1586960 655
1586970 654
1586980 654
1586990 654
1587000 655
1587010 656
1587020 658
1587030 659
1587040 660
1587050 660
1587060 660
1587070 659
1587080 659
1587090 659
1587100 658
1587110 658
1587120 657
1587130 657
1587140 657
1587150 657
1587160 657
1587170 657
1587180 656
1587190 656
1587200 655
1587210 654
1587220 652
1587230 651
1587240 649
1587250 647
1587260 644
1587270 642
1587280 639
1587290 637
1587300 634
1587310 632
1587320 629
1587330 627
1587340 625
1587350 623
1587360 621
1587370 620
1587380 619
1587390 618
1587400 617
1587410 616
1587420 615
1587430 615
1587440 614
1587450 613
1587460 612
1587470 611
1587480 611
1587490 610
1587500 610
1587510 610
1587520 610
1587530 609
1587540 608
1587550 607
1587560 606
1587570 605
1587580 604
1587590 602
1587600 601
1587610 601
1587620 600
1587630 599
1587640 598
1587650 597
1587660 596
1587670 595
1587680 594
1587690 594
1587700 593
1587710 593
1587720 593
1587730 594
1587740 594
1587750 595
1587760 595
1587770 594
1587780 591
1587790 588
1587800 586
1587810 583
1587820 581
1587830 579
1587840 577
1587850 575
1587860 573
1587870 571
1587880 569
1587890 567
1587900 565
1587910 562
1587920 561
1587930 561
1587940 564
1587950 567
1587960 569
1587970 570
1587980 570
1587990 570
1588000 570
1588010 569
1588020 568
1588030 566
1588040 565
1588050 564
1588060 562
1588070 561
1588080 560
1588090 560
1588100 559
1588110 558
1588120 557
1588130 556
1588140 554
1588150 552
1588160 550
1588170 548
1588180 547
1588190 546
1588200 545
1588210 544
1588220 543
1588230 542
1588240 541
1588250 539
1588260 538
1588270 537
1588280 535
1588290 534
1588300 532
1588310 530
1588320 528
1588330 528
1588340 528
1588350 529
1588360 529
1588370 528
1588380 527
1588390 528
1588400 529
1588410 531
1588420 533
1588430 533
1588440 533
1588450 532
1588460 533
1588470 534
1588480 535
1588490 535
1588500 533
1588510 531
1588520 528
1588530 527
1588540 526
1588550 524
1588560 522
1588570 520
1588580 519
1588590 518
1588600 517
1588610 517
1588620 518
1588630 518
1588640 518
1588650 516
1588660 515
1588670 514
1588680 514
1588690 513
1588700 513
1588710 513
1588720 512
1588730 512
1588740 512
1588750 512
1588760 511
1588770 511
1588780 511
1588790 510
1588800 510
1588810 510
1588820 509
1588830 508
1588840 506
1588850 506
1588860 505
1588870 505
1588880 504
1588890 504
1588900 504
1588910 504
1588920 503
1588930 503
1588940 502
1588950 502
1588960 501
1588970 501
1588980 500
1588990 500
1589000 501
1589010 501
1589020 501
1589030 501
1589040 502
1589050 502
1589060 502
1589070 503
1589080 502
1589090 502
1589100 501
1589110 501
1589120 500
1589130 500
1589140 500
1589150 499
1589160 499
1589170 499
1589180 499
1589190 499
1589200 500
1589210 500
1589220 500
1589230 500
1589240 500
1589250 500
1589260 500
1589270 499
1589280 499
1589290 499
1589300 499
1589310 498
1589320 498
1589330 498
1589340 498
1589350 498
1589360 498
1589370 498
1589380 497
1589390 497
1589400 496
1589410 495
1589420 495
1589430 494
1589440 493
1589450 492
1589460 491
1589470 490
1589480 489
1589490 489
1589500 489
1589510 488
1589520 488
1589530 487
1589540 487
1589550 487
1589560 485
1589570 482
1589580 476
1589590 473
1589600 472
1589610 473
1589620 474
1589630 475
1589640 474
1589650 472
1589660 471
1589670 470
1589680 468
1589690 468
1589700 467
1589710 468
1589720 469
1589730 471
1589740 473
1589750 476
1589760 478
1589770 480
1589780 482
1589790 484
1589800 486
1589810 488
1589820 490
1589830 492
1589840 494
1589850 495
1589860 496
1589870 496
1589880 497
1589890 497
1589900 497
1589910 497
1589920 497
1589930 497
1589940 497
1589950 496
1589960 496
1589970 495
1589980 495
1589990 495
1590000 495
1590010 495
1590020 494
1590030 495
1590040 496
1590050 497
1590060 497
1590070 497
1590080 497
1590090 498
1590100 500
1590110 503
1590120 506
1590130 509
1590140 510
1590150 511
1590160 512
1590170 514
1590180 515
1590190 517
1590200 520
1590210 521
1590220 523
1590230 524
1590240 525
1590250 526
1590260 526
1590270 526
1590280 526
1590290 524
1590300 522
1590310 521
1590320 520
1590330 520
1590340 520
1590350 522
1590360 524
1590370 527
1590380 528
1590390 529
1590400 529
1590410 530
1590420 530
1590430 531
1590440 532
1590450 532
1590460 532
1590470 532
1590480 532
1590490 532
1590500 531
1590510 531
1590520 531
1590530 531
1590540 530
1590550 530
1590560 530
1590570 531
1590580 531
1590590 531
1590600 531
1590610 531
1590620 531
1590630 532
1590640 532
1590650 532
1590660 532
1590670 532
1590680 533
1590690 533
1590700 533
1590710 533
1590720 534
1590730 534
1590740 534
1590750 534
1590760 534
1590770 534
1590780 534
1590790 535
1590800 535
1590810 535
1590820 535
1590830 536
1590840 536
1590850 536
1590860 536
1590870 536
1590880 536
1590890 537
1590900 537
1590910 538
1590920 539
1590930 539
1590940 538
1590950 537
1590960 534
1590970 531
1590980 528
1590990 525
1591000 522
1591010 520
1591020 519
1591030 520
1591040 522
1591050 524
1591060 527
1591070 530
1591080 533
1591090 536
1591100 539
1591110 542
1591120 543
1591130 545
1591140 545
1591150 546
1591160 547
1591170 547
1591180 548
1591190 549
1591200 549
1591210 550
1591220 550
1591230 550
1591240 551
1591250 551
1591260 551
1591270 551
1591280 551
1591290 550
1591300 550
1591310 549
1591320 549
1591330 548
1591340 549
1591350 550
1591360 551
1591370 553
1591380 555
1591390 557
1591400 559
1591410 559
1591420 560
1591430 560
1591440 560
1591450 560
1591460 560
1591470 560
1591480 560
1591490 560
1591500 559
1591510 559
1591520 559
1591530 559
1591540 559
1591550 559
1591560 560
1591570 560
1591580 561
1591590 562
1591600 563
1591610 565
1591620 566
1591630 567
1591640 567
1591650 568
1591660 569
1591670 569
1591680 569
1591690 570
1591700 570
1591710 569
1591720 569
1591730 569
1591740 570
1591750 570
1591760 570
1591770 570
1591780 570
1591790 569
1591800 568
1591810 567
1591820 566
1591830 565
1591840 563
1591850 561
1591860 560
1591870 558
1591880 557
1591890 555
1591900 553
1591910 552
1591920 552
1591930 553
1591940 555
1591950 555
1591960 555
1591970 555
1591980 555
1591990 555
1592000 555
1592010 555
1592020 555
1592030 554
1592040 554
1592050 553
1592060 553
1592070 555
1592080 558
1592090 560
1592100 562
1592110 563
1592120 565
1592130 567
1592140 568
1592150 569
1592160 570
1592170 571
1592180 571
1592190 572
1592200 573
1592210 573
1592220 573
1592230 574
1592240 575
1592250 575
1592260 576
1592270 577
1592280 577
1592290 577
1592300 577
1592310 577
1592320 577
1592330 577
1592340 576
1592350 576
1592360 575
1592370 575
1592380 574
1592390 574
1592400 572
1592410 570
1592420 569
1592430 567
1592440 567
1592450 568
1592460 568
1592470 569
1592480 570
1592490 571
1592500 571
1592510 572
1592520 573
1592530 574
1592540 575
1592550 576
1592560 577
1592570 578
1592580 579
1592590 580
1592600 580
1592610 579
1592620 577
1592630 575
1592640 573
1592650 572
1592660 571
1592670 571
1592680 573
1592690 575
1592700 577
1592710 577
1592720 577
1592730 576
1592740 577
1592750 578
1592760 583
1592770 588
1592780 593
1592790 597
1592800 600
1592810 602
1592820 603
1592830 604
1592840 604
1592850 605
1592860 606
1592870 607
1592880 607
1592890 608
1592900 609
1592910 610
1592920 612
1592930 613
1592940 613
1592950 614
1592960 614
1592970 615
1592980 616
1592990 616
1593000 615
1593010 615
1593020 614
1593030 614
1593040 613
1593050 612
1593060 611
1593070 610
1593080 609
1593090 608
1593100 606
1593110 603
1593120 600
1593130 600
1593140 603
1593150 607
1593160 612
1593170 617
1593180 622
1593190 626
1593200 629
1593210 631
1593220 633
1593230 633
1593240 631
1593250 630
1593260 629
1593270 631
1593280 632
1593290 634
1593300 635
1593310 637
1593320 639
1593330 641
1593340 643
1593350 646
1593360 650
1593370 654
1593380 659
1593390 662
1593400 666
1593410 670
1593420 673
1593430 677
1593440 680
1593450 683
1593460 687
1593470 691
1593480 695
1593490 699
1593500 703
1593510 707
1593520 709
1593530 711
1593540 712
1593550 714
1593560 714
1593570 714
1593580 714
1593590 714
1593600 714
1593610 715
1593620 716
1593630 717
1593640 719
1593650 720
1593660 720
1593670 721
1593680 723
1593690 724
1593700 726
1593710 727
1593720 728
1593730 730
1593740 731
1593750 732
1593760 733
1593770 734
1593780 734
1593790 734
1593800 734
1593810 734
1593820 734
1593830 733
1593840 733
1593850 734
1593860 735
1593870 736
1593880 738
1593890 740
1593900 742
1593910 744
1593920 746
1593930 748
1593940 749
1593950 750
1593960 750
1593970 751
1593980 752
1593990 753
1594000 753
1594010 754
1594020 755
1594030 756
1594040 757
1594050 757
1594060 756
1594070 756
1594080 755
1594090 755
1594100 755
1594110 756
1594120 756
1594130 757
1594140 757
1594150 758
1594160 758
1594170 759
1594180 759
1594190 758
1594200 758
1594210 757
1594220 756
1594230 755
1594240 753
1594250 751
1594260 750
1594270 748
1594280 746
1594290 744
1594300 742
1594310 739
1594320 736
1594330 733
1594340 730
1594350 726
1594360 722
1594370 718
1594380 715
1594390 712
1594400 711
1594410 709
1594420 709
1594430 709
1594440 709
1594450 709
1594460 708
1594470 708
1594480 707
1594490 706
1594500 705
1594510 705
1594520 705
1594530 704
1594540 702
1594550 701
1594560 700
1594570 699
1594580 699
1594590 700
1594600 702
1594610 703
1594620 704
1594630 706
1594640 707
1594650 708
1594660 709
1594670 710
1594680 711
1594690 712
1594700 713
1594710 714
1594720 715
1594730 716
1594740 717
1594750 718
1594760 719
1594770 720
1594780 721
1594790 722
1594800 722
1594810 723
1594820 724
1594830 726
1594840 726
1594850 727
1594860 727
1594870 728
1594880 729
1594890 730
1594900 731
1594910 732
1594920 733
1594930 734
1594940 735
1594950 736
1594960 737
1594970 738
1594980 739
1594990 740
1595000 741
1595010 742
1595020 743
1595030 744
1595040 745
1595050 747
1595060 748
1595070 749
1595080 750
1595090 751
1595100 752
1595110 754
1595120 755
1595130 757
1595140 758
1595150 759
1595160 758
1595170 757
1595180 756
1595190 756
1595200 756
1595210 756
1595220 757
1595230 758
1595240 758
1595250 759
1595260 761
1595270 762
1595280 763
1595290 764
1595300 765
1595310 766
1595320 768
1595330 769
1595340 770
1595350 771
1595360 771
1595370 772
1595380 773
1595390 774
1595400 775
1595410 776
1595420 776
1595430 776
1595440 776
1595450 776
1595460 776
1595470 776
1595480 776
1595490 776
1595500 777
1595510 777
1595520 778
1595530 778
1595540 778
1595550 778
1595560 778
1595570 779
1595580 779
1595590 781
1595600 783
1595610 785
1595620 787
1595630 790
1595640 792
1595650 793
1595660 794
1595670 795
1595680 795
1595690 794
1595700 792
1595710 788
1595720 784
1595730 781
1595740 778
1595750 775
1595760 773
1595770 771
1595780 770
1595790 769
1595800 768
1595810 768
1595820 768
1595830 768
1595840 768
1595850 768
1595860 767
1595870 766
1595880 765
1595890 763
1595900 762
1595910 761
1595920 759
1595930 758
1595940 758
1595950 757
1595960 757
1595970 757
1595980 756
1595990 756
1596000 755
1596010 755
1596020 755
1596030 754
1596040 754
1596050 754
1596060 754
1596070 753
1596080 753
1596090 752
1596100 752
1596110 751
1596120 751
1596130 752
1596140 752
1596150 752
1596160 752
1596170 752
1596180 752
1596190 752
1596200 752
1596210 753
1596220 753
1596230 754
1596240 755
1596250 755
1596260 756
1596270 757
1596280 757
1596290 758
1596300 758
1596310 758
1596320 758
1596330 758
1596340 758
1596350 758
1596360 758
1596370 758
1596380 758
1596390 758
1596400 758
1596410 758
1596420 758
1596430 758
1596440 758
1596450 757
1596460 757
1596470 757
1596480 756
1596490 756
1596500 756
1596510 756
1596520 756
1596530 756
1596540 755
1596550 755
1596560 755
1596570 755
1596580 754
1596590 754
1596600 754
1596610 753
1596620 753
1596630 753
1596640 753
1596650 753
1596660 753
1596670 753
1596680 753
1596690 753
1596700 752
1596710 752
1596720 752
1596730 752
1596740 752
1596750 752
1596760 753
1596770 753
1596780 753
1596790 752
1596800 752
1596810 752
1596820 752
1596830 751
1596840 750
1596850 749
1596860 748
1596870 746
1596880 744
1596890 743
1596900 742
1596910 741
1596920 739
1596930 738
1596940 737
1596950 736
1596960 735
1596970 734
1596980 733
1596990 733
1597000 733
1597010 733
1597020 733
1597030 734
1597040 735
1597050 736
1597060 737
1597070 738
1597080 739
1597090 740
1597100 741
1597110 740
1597120 739
1597130 737
1597140 736
1597150 735
1597160 733
1597170 730
1597180 727
1597190 724
1597200 721
1597210 718
1597220 715
1597230 712
1597240 710
1597250 707
1597260 705
1597270 703
1597280 702
1597290 700
1597300 697
1597310 695
1597320 693
1597330 690
1597340 687
1597350 684
1597360 681
1597370 678
1597380 676
1597390 673
1597400 671
1597410 668
1597420 666
1597430 663
1597440 660
1597450 657
1597460 652
1597470 647
1597480 642
1597490 638
1597500 636
1597510 638
1597520 642
1597530 647
1597540 652
1597550 657
1597560 662
1597570 664
1597580 666
1597590 667
1597600 667
1597610 667
1597620 667
1597630 665
1597640 664
1597650 663
1597660 663
1597670 663
1597680 663
1597690 663
1597700 663
1597710 663
1597720 663
1597730 663
1597740 663
1597750 663
1597760 663
1597770 663
1597780 663
1597790 664
1597800 664
1597810 664
1597820 664
1597830 665
1597840 666
1597850 666
1597860 667
1597870 667
1597880 667
1597890 667
1597900 666
1597910 666
1597920 667
1597930 667
1597940 667
1597950 667
1597960 666
1597970 666
1597980 666
1597990 666
1598000 666
1598010 666
1598020 667
1598030 667
1598040 667
1598050 667
1598060 667
1598070 667
1598080 667
1598090 667
1598100 667
1598110 668
1598120 668
1598130 668
1598140 668
1598150 668
1598160 668
1598170 669
1598180 669
1598190 669
1598200 670
1598210 670
1598220 671
1598230 671
1598240 671
1598250 672
1598260 673
1598270 675
1598280 677
1598290 679
1598300 681
1598310 682
1598320 683
1598330 683
1598340 685
1598350 686
1598360 688
1598370 691
1598380 694
1598390 695
1598400 697
1598410 698
1598420 699
1598430 699
1598440 700
1598450 701
1598460 702
1598470 704
1598480 706
1598490 708
1598500 711
1598510 712
1598520 714
1598530 714
1598540 714
1598550 715
1598560 715
1598570 715
1598580 714
1598590 714
1598600 713
1598610 713
1598620 712
1598630 712
1598640 712
1598650 713
1598660 713
1598670 714
1598680 715
1598690 715
1598700 716
1598710 717
1598720 718
1598730 719
1598740 720
1598750 721
1598760 722
1598770 722
1598780 724
1598790 725
1598800 727
1598810 729
1598820 732
1598830 735
1598840 738
1598850 742
1598860 746
1598870 750
1598880 754
1598890 756
1598900 757
1598910 758
1598920 758
1598930 759
1598940 761
1598950 764
1598960 766
1598970 768
1598980 770
1598990 772
1599000 773
1599010 775
1599020 777
1599030 779
1599040 780
1599050 782
1599060 784
1599070 786
1599080 787
1599090 788
1599100 788
1599110 788
1599120 788
1599130 788
1599140 788
1599150 788
1599160 788
1599170 788
1599180 788
1599190 788
1599200 788
1599210 787
1599220 787
1599230 788
1599240 788
1599250 790
1599260 791
1599270 794
1599280 796
1599290 798
1599300 799
1599310 799
1599320 800
1599330 801
1599340 802
1599350 804
1599360 806
1599370 808
1599380 810
1599390 812
1599400 812
1599410 812
1599420 811
1599430 811
1599440 810
1599450 811
1599460 811
1599470 811
1599480 811
1599490 811
1599500 811
1599510 811
1599520 811
1599530 811
1599540 811
1599550 811
1599560 811
1599570 811
1599580 812
1599590 812
1599600 812
1599610 812
1599620 812
1599630 812
1599640 812
1599650 812
1599660 812
1599670 812
1599680 812
1599690 812
1599700 812
1599710 812
1599720 812
1599730 812
1599740 812
1599750 812
1599760 811
1599770 811
1599780 811
1599790 810
1599800 809
1599810 809
1599820 808
1599830 808
1599840 808
1599850 808
1599860 808
1599870 808
1599880 808
1599890 808
1599900 808
1599910 808
1599920 808
1599930 808
1599940 809
1599950 809
1599960 810
1599970 810
1599980 811
1599990 812
