1580000 527
1580010 527
1580020 528
1580030 528
1580040 528
1580050 529
1580060 529
1580070 529
1580080 529
1580090 529
1580100 529
1580110 528
1580120 528
1580130 528
1580140 527
1580150 527
1580160 527
1580170 526
1580180 526
1580190 525
1580200 525
1580210 525
1580220 524
1580230 524
1580240 524
1580250 525
1580260 525
1580270 525
1580280 526
1580290 526
1580300 526
1580310 526
1580320 526
1580330 526
1580340 526
1580350 526
1580360 525
1580370 525
1580380 525
1580390 525
1580400 526
1580410 526
1580420 527
1580430 527
1580440 528
1580450 528
1580460 528
1580470 528
1580480 528
1580490 527
1580500 526
1580510 526
1580520 525
1580530 524
1580540 524
1580550 525
1580560 526
1580570 527
1580580 528
1580590 530
1580600 530
1580610 530
1580620 530
1580630 529
1580640 529
1580650 529
1580660 529
1580670 529
1580680 529
1580690 529
1580700 529
1580710 529
1580720 529
1580730 529
1580740 528
1580750 528
1580760 527
1580770 527
1580780 525
1580790 524
1580800 523
1580810 522
1580820 522
1580830 521
1580840 521
1580850 521
1580860 521
1580870 522
1580880 522
1580890 522
1580900 522
1580910 521
1580920 520
1580930 521
1580940 521
1580950 519
1580960 518
1580970 517
1580980 517
1580990 516
1581000 516
1581010 516
1581020 516
1581030 516
1581040 516
1581050 516
1581060 516
1581070 516
1581080 516
1581090 516
1581100 515
1581110 515
1581120 515
1581130 515
1581140 515
1581150 515
1581160 515
1581170 515
1581180 515
1581190 516
1581200 516
1581210 516
1581220 516
1581230 516
1581240 516
1581250 516
1581260 516
1581270 516
1581280 517
1581290 516
1581300 516
1581310 516
1581320 516
1581330 516
1581340 516
1581350 516
1581360 516
1581370 516
1581380 516
1581390 516
1581400 516
1581410 516
1581420 516
1581430 516
1581440 516
1581450 516
1581460 516
1581470 516
1581480 516
1581490 516
1581500 516
1581510 516
1581520 516
1581530 516
1581540 516
1581550 516
1581560 516
1581570 516
1581580 516
1581590 516
1581600 516
1581610 515
1581620 515
1581630 515
1581640 515
1581650 515
1581660 515
1581670 515
1581680 515
1581690 515
1581700 515
1581710 515
1581720 515
1581730 515
1581740 515
1581750 515
1581760 515
1581770 515
1581780 515
1581790 515
1581800 515
1581810 515
1581820 515
1581830 516
1581840 516
1581850 516
1581860 516
1581870 516
1581880 516
1581890 516
1581900 516
1581910 516
1581920 516
1581930 516
1581940 516
1581950 516
1581960 516
1581970 516
1581980 516
1581990 516
1582000 516
1582010 516
1582020 516
1582030 516
1582040 516
1582050 516
1582060 516
1582070 516
1582080 516
1582090 516
1582100 515
1582110 515
1582120 515
1582130 515
1582140 515
1582150 515
1582160 515
1582170 515
1582180 515
1582190 515
1582200 515
1582210 514
1582220 514
1582230 514
1582240 515
1582250 515
1582260 515
1582270 515
1582280 515
1582290 515
1582300 515
1582310 515
1582320 515
1582330 515
1582340 515
1582350 515
1582360 515
1582370 515
1582380 515
1582390 514
1582400 514
1582410 514
1582420 515
1582430 515
1582440 514
1582450 514
1582460 514
1582470 514
1582480 514
1582490 515
1582500 515
1582510 515
1582520 515
1582530 515
1582540 514
1582550 514
1582560 514
1582570 514
1582580 514
1582590 514
1582600 514
1582610 514
1582620 514
1582630 514
1582640 514
1582650 514
1582660 514
1582670 514
1582680 514
1582690 514
1582700 514
1582710 514
1582720 514
1582730 515
1582740 515
1582750 515
1582760 515
1582770 515
1582780 515
1582790 515
1582800 516
1582810 516
1582820 516
1582830 516
1582840 516
1582850 516
1582860 516
1582870 517
1582880 517
1582890 517
1582900 517
1582910 517
1582920 517
1582930 517
1582940 517
1582950 517
1582960 517
1582970 517
1582980 517
1582990 517
1583000 517
1583010 517
1583020 517
1583030 517
1583040 517
1583050 517
1583060 517
1583070 517
1583080 517
1583090 517
1583100 517
1583110 517
1583120 517
1583130 517
1583140 517
1583150 517
1583160 517
1583170 517
1583180 517
1583190 517
1583200 517
1583210 517
1583220 517
1583230 517
1583240 517
1583250 517
1583260 517
1583270 517
1583280 517
1583290 517
1583300 518
1583310 518
1583320 518
1583330 518
1583340 518
1583350 518
1583360 518
1583370 518
1583380 518
1583390 519
1583400 519
1583410 519
1583420 519
1583430 519
1583440 519
1583450 518
1583460 518
1583470 518
1583480 518
1583490 518
1583500 518
1583510 518
1583520 519
1583530 519
1583540 520
1583550 520
1583560 520
1583570 520
1583580 520
1583590 520
1583600 520
1583610 520
1583620 520
1583630 521
1583640 521
1583650 521
1583660 521
1583670 521
1583680 522
1583690 522
1583700 523
1583710 523
1583720 523
1583730 523
1583740 522
1583750 522
1583760 522
1583770 521
1583780 522
1583790 523
1583800 523
1583810 525
1583820 526
1583830 526
1583840 527
1583850 527
1583860 527
1583870 528
1583880 528
1583890 528
1583900 529
1583910 530
1583920 531
1583930 532
1583940 532
1583950 533
1583960 534
1583970 534
1583980 534
1583990 535
1584000 535
1584010 536
1584020 537
1584030 538
1584040 538
1584050 539
1584060 540
1584070 540
1584080 541
1584090 541
1584100 542
1584110 543
1584120 544
1584130 544
1584140 545
1584150 546
1584160 547
1584170 548
1584180 549
1584190 550
1584200 550
1584210 551
1584220 552
1584230 552
1584240 553
1584250 553
1584260 554
1584270 554
1584280 555
1584290 556
1584300 557
1584310 558
1584320 558
1584330 558
1584340 559
1584350 559
1584360 559
1584370 559
1584380 559
1584390 559
1584400 558
1584410 558
1584420 558
1584430 558
1584440 557
1584450 557
1584460 556
1584470 555
1584480 554
1584490 553
1584500 552
1584510 551
1584520 550
1584530 549
1584540 549
1584550 549
1584560 549
1584570 549
1584580 550
1584590 550
1584600 549
1584610 549
1584620 549
1584630 549
1584640 550
1584650 550
1584660 550
1584670 550
1584680 549
1584690 549
1584700 548
1584710 548
1584720 547
1584730 546
1584740 546
1584750 546
1584760 545
1584770 545
1584780 544
1584790 542
1584800 541
1584810 540
1584820 539
1584830 538
1584840 536
1584850 534
1584860 532
1584870 530
1584880 529
1584890 528
1584900 527
1584910 527
1584920 527
1584930 527
1584940 527
1584950 527
1584960 527
1584970 527
1584980 526
1584990 525
1585000 523
1585010 521
1585020 519
1585030 517
1585040 516
1585050 515
1585060 515
1585070 515
1585080 515
1585090 515
1585100 515
1585110 514
1585120 514
1585130 513
1585140 513
1585150 513
1585160 512
1585170 512
1585180 512
1585190 512
1585200 512
1585210 512
1585220 512
1585230 511
1585240 511
1585250 511
1585260 512
1585270 511
1585280 511
1585290 509
1585300 507
1585310 507
1585320 507
1585330 508
1585340 508
1585350 509
1585360 510
1585370 510
1585380 510
1585390 509
1585400 509
1585410 509
1585420 509
1585430 509
1585440 509
1585450 510
1585460 510
1585470 511
1585480 511
1585490 511
1585500 511
1585510 511
1585520 512
1585530 513
1585540 514
1585550 515
1585560 516
1585570 518
1585580 518
1585590 519
1585600 520
1585610 520
1585620 521
1585630 522
1585640 523
1585650 525
1585660 526
1585670 529
1585680 531
1585690 533
1585700 535
1585710 536
1585720 538
1585730 539
1585740 540
1585750 541
1585760 541
1585770 541
1585780 541
1585790 541
1585800 540
1585810 540
1585820 539
1585830 538
1585840 535
1585850 534
1585860 539
1585870 542
1585880 543
1585890 544
1585900 545
1585910 546
1585920 547
1585930 547
1585940 548
1585950 549
1585960 550
1585970 550
1585980 551
1585990 552
1586000 553
1586010 554
1586020 555
1586030 556
1586040 556
1586050 557
1586060 558
1586070 559
1586080 559
1586090 560
1586100 561
1586110 561
1586120 562
1586130 563
1586140 563
1586150 564
1586160 565
1586170 565
1586180 566
1586190 567
1586200 568
1586210 569
1586220 569
1586230 570
1586240 571
1586250 573
1586260 574
1586270 575
1586280 577
1586290 579
1586300 581
1586310 582
1586320 583
1586330 584
1586340 585
1586350 585
1586360 586
1586370 586
1586380 586
1586390 587
1586400 587
1586410 588
1586420 588
1586430 587
1586440 587
1586450 586
1586460 585
1586470 584
1586480 583
1586490 582
1586500 581
1586510 580
1586520 579
1586530 578
1586540 576
1586550 573
1586560 569
1586570 565
1586580 563
1586590 563
1586600 564
1586610 564
1586620 564
1586630 563
1586640 563
1586650 563
1586660 562
1586670 561
1586680 560
1586690 558
1586700 555
1586710 553
1586720 551
1586730 549
1586740 548
1586750 546
1586760 545
1586770 544
1586780 543
1586790 543
1586800 542
1586810 542
1586820 542
1586830 543
1586840 544
1586850 545
1586860 546
1586870 548
1586880 549
1586890 551
1586900 553
1586910 556
1586920 557
1586930 559
1586940 560
1586950 561
1586960 561
1586970 561
1586980 561
1586990 561
1587000 561
1587010 561
1587020 561
1587030 561
1587040 562
1587050 562
1587060 562
1587070 563
1587080 564
1587090 565
1587100 566
1587110 567
1587120 567
1587130 568
1587140 568
1587150 568
1587160 567
1587170 566
1587180 563
1587190 561
1587200 558
1587210 555
1587220 553
1587230 550
1587240 548
1587250 545
1587260 542
1587270 538
1587280 534
1587290 530
1587300 526
1587310 524
1587320 522
1587330 520
1587340 518
1587350 515
1587360 512
1587370 508
1587380 506
1587390 506
1587400 505
1587410 505
1587420 504
1587430 504
1587440 504
1587450 504
1587460 504
1587470 504
1587480 504
1587490 504
1587500 504
1587510 504
1587520 504
1587530 504
1587540 504
1587550 503
1587560 504
1587570 504
1587580 504
1587590 504
1587600 504
1587610 504
1587620 504
1587630 503
1587640 503
1587650 503
1587660 502
1587670 501
1587680 500
1587690 498
1587700 498
1587710 499
1587720 499
1587730 500
1587740 501
1587750 501
1587760 502
1587770 503
1587780 503
1587790 504
1587800 505
1587810 506
1587820 507
1587830 507
1587840 507
1587850 507
1587860 507
1587870 508
1587880 508
1587890 508
1587900 508
1587910 508
1587920 507
1587930 506
1587940 505
1587950 503
1587960 501
1587970 500
1587980 498
1587990 496
1588000 494
1588010 492
1588020 490
1588030 489
1588040 489
1588050 489
1588060 488
1588070 487
1588080 486
1588090 484
1588100 483
1588110 481
1588120 480
1588130 479
1588140 478
1588150 477
1588160 475
1588170 474
1588180 473
1588190 471
1588200 470
1588210 467
1588220 465
1588230 463
1588240 462
1588250 460
1588260 459
1588270 458
1588280 457
1588290 456
1588300 455
1588310 455
1588320 454
1588330 454
1588340 454
1588350 454
1588360 453
1588370 453
1588380 453
1588390 453
1588400 453
1588410 453
1588420 453
1588430 453
1588440 452
1588450 452
1588460 452
1588470 452
1588480 452
1588490 452
1588500 452
1588510 452
1588520 452
1588530 452
1588540 452
1588550 452
1588560 452
1588570 452
1588580 452
1588590 452
1588600 452
1588610 452
1588620 452
1588630 451
1588640 451
1588650 451
1588660 451
1588670 451
1588680 451
1588690 451
1588700 451
1588710 451
1588720 451
1588730 451
1588740 451
1588750 451
1588760 451
1588770 452
1588780 452
1588790 451
1588800 451
1588810 451
1588820 451
1588830 451
1588840 451
1588850 451
1588860 451
1588870 451
1588880 451
1588890 451
1588900 451
1588910 451
1588920 451
1588930 451
1588940 451
1588950 451
1588960 452
1588970 452
1588980 452
1588990 452
1589000 452
1589010 452
1589020 452
1589030 452
1589040 452
1589050 452
1589060 452
1589070 452
1589080 452
1589090 452
1589100 452
1589110 452
1589120 452
1589130 452
1589140 452
1589150 452
1589160 452
1589170 453
1589180 453
1589190 453
1589200 453
1589210 453
1589220 453
1589230 453
1589240 453
1589250 453
1589260 453
1589270 453
1589280 453
1589290 453
1589300 453
1589310 453
1589320 453
1589330 453
1589340 453
1589350 453
1589360 454
1589370 454
1589380 454
1589390 454
1589400 454
1589410 454
1589420 454
1589430 454
1589440 454
1589450 454
1589460 454
1589470 454
1589480 454
1589490 454
1589500 454
1589510 454
1589520 454
1589530 454
1589540 454
1589550 454
1589560 454
1589570 454
1589580 454
1589590 454
1589600 454
1589610 454
1589620 454
1589630 453
1589640 453
1589650 454
1589660 454
1589670 454
1589680 454
1589690 454
1589700 454
1589710 455
1589720 455
1589730 455
1589740 455
1589750 455
1589760 456
1589770 456
1589780 456
1589790 456
1589800 456
1589810 456
1589820 456
1589830 456
1589840 456
1589850 455
1589860 456
1589870 456
1589880 456
1589890 457
1589900 458
1589910 460
1589920 462
1589930 464
1589940 466
1589950 468
1589960 470
1589970 471
1589980 471
1589990 471
1590000 470
1590010 470
1590020 469
1590030 469
1590040 468
1590050 468
1590060 468
1590070 469
1590080 471
1590090 474
1590100 476
1590110 478
1590120 479
1590130 481
1590140 482
1590150 483
1590160 483
1590170 484
1590180 485
1590190 485
1590200 484
1590210 484
1590220 484
1590230 484
1590240 484
1590250 485
1590260 485
1590270 485
1590280 485
1590290 485
1590300 485
1590310 485
1590320 485
1590330 485
1590340 485
1590350 485
1590360 485
1590370 485
1590380 485
1590390 485
1590400 485
1590410 485
1590420 485
1590430 485
1590440 485
1590450 485
1590460 485
1590470 485
1590480 485
1590490 486
1590500 486
1590510 486
1590520 486
1590530 486
1590540 486
1590550 486
1590560 486
1590570 486
1590580 486
1590590 485
1590600 485
1590610 484
1590620 483
1590630 483
1590640 482
1590650 480
1590660 479
1590670 477
1590680 476
1590690 474
1590700 472
1590710 471
1590720 471
1590730 471
1590740 471
1590750 471
1590760 471
1590770 471
1590780 471
1590790 471
1590800 472
1590810 474
1590820 477
1590830 480
1590840 484
1590850 486
1590860 487
1590870 487
1590880 486
1590890 486
1590900 486
1590910 486
1590920 486
1590930 487
1590940 488
1590950 489
1590960 491
1590970 492
1590980 493
1590990 494
1591000 495
1591010 497
1591020 499
1591030 500
1591040 501
1591050 500
1591060 498
1591070 496
1591080 493
1591090 493
1591100 495
1591110 498
1591120 501
1591130 504
1591140 506
1591150 508
1591160 511
1591170 513
1591180 515
1591190 516
1591200 517
1591210 517
1591220 518
1591230 519
1591240 520
1591250 521
1591260 522
1591270 523
1591280 524
1591290 525
1591300 526
1591310 527
1591320 529
1591330 530
1591340 532
1591350 534
1591360 535
1591370 536
1591380 536
1591390 537
1591400 537
1591410 537
1591420 538
1591430 538
1591440 538
1591450 539
1591460 539
1591470 539
1591480 539
1591490 539
1591500 539
1591510 539
1591520 539
1591530 538
1591540 538
1591550 537
1591560 537
1591570 536
1591580 535
1591590 534
1591600 533
1591610 533
1591620 533
1591630 532
1591640 530
1591650 528
1591660 527
1591670 526
1591680 526
1591690 525
1591700 524
1591710 521
1591720 519
1591730 518
1591740 517
1591750 516
1591760 515
1591770 514
1591780 512
1591790 511
1591800 509
1591810 508
1591820 507
1591830 506
1591840 504
1591850 503
1591860 502
1591870 501
1591880 499
1591890 498
1591900 496
1591910 495
1591920 494
1591930 492
1591940 490
1591950 488
1591960 487
1591970 485
1591980 484
1591990 481
1592000 479
1592010 477
1592020 476
1592030 474
1592040 472
1592050 470
1592060 468
1592070 466
1592080 464
1592090 462
1592100 460
1592110 457
1592120 456
1592130 455
1592140 454
1592150 453
1592160 453
1592170 452
1592180 452
1592190 452
1592200 452
1592210 452
1592220 451
1592230 451
1592240 451
1592250 451
1592260 451
1592270 451
1592280 451
1592290 451
1592300 451
1592310 451
1592320 451
1592330 451
1592340 451
1592350 451
1592360 452
1592370 452
1592380 452
1592390 453
1592400 453
1592410 454
1592420 454
1592430 455
1592440 455
1592450 455
1592460 456
1592470 456
1592480 456
1592490 457
1592500 457
1592510 457
1592520 458
1592530 458
1592540 459
1592550 460
1592560 461
1592570 460
1592580 460
1592590 460
1592600 460
1592610 460
1592620 461
1592630 461
1592640 461
1592650 461
1592660 462
1592670 462
1592680 462
1592690 462
1592700 462
1592710 462
1592720 462
1592730 462
1592740 462
1592750 462
1592760 463
1592770 463
1592780 463
1592790 464
1592800 464
1592810 465
1592820 467
1592830 468
1592840 470
1592850 472
1592860 474
1592870 475
1592880 477
1592890 480
1592900 483
1592910 486
1592920 488
1592930 490
1592940 492
1592950 493
1592960 494
1592970 496
1592980 497
1592990 498
1593000 500
1593010 501
1593020 503
1593030 505
1593040 507
1593050 508
1593060 510
1593070 511
1593080 512
1593090 511
1593100 510
1593110 510
1593120 510
1593130 510
1593140 511
1593150 512
1593160 514
1593170 516
1593180 519
1593190 522
1593200 524
1593210 526
1593220 526
1593230 526
1593240 525
1593250 525
1593260 525
1593270 525
1593280 527
1593290 529
1593300 530
1593310 533
1593320 536
1593330 538
1593340 542
1593350 545
1593360 549
1593370 553
1593380 556
1593390 560
1593400 565
1593410 570
1593420 576
1593430 583
1593440 599
1593450 613
1593460 621
1593470 625
1593480 629
1593490 634
1593500 638
1593510 641
1593520 644
1593530 646
1593540 649
1593550 651
1593560 653
1593570 655
1593580 656
1593590 657
1593600 658
1593610 658
1593620 659
1593630 659
1593640 659
1593650 660
1593660 660
1593670 660
1593680 660
1593690 659
1593700 659
1593710 658
1593720 659
1593730 660
1593740 662
1593750 664
1593760 663
1593770 663
1593780 663
1593790 664
1593800 664
1593810 665
1593820 666
1593830 666
1593840 666
1593850 665
1593860 666
1593870 666
1593880 666
1593890 667
1593900 667
1593910 668
1593920 667
1593930 665
1593940 664
1593950 662
1593960 661
1593970 660
1593980 658
1593990 657
1594000 657
1594010 658
1594020 659
1594030 659
1594040 660
1594050 660
1594060 661
1594070 661
1594080 662
1594090 663
1594100 664
1594110 665
1594120 667
1594130 668
1594140 669
1594150 671
1594160 672
1594170 674
1594180 676
1594190 677
1594200 679
1594210 680
1594220 681
1594230 682
1594240 683
1594250 685
1594260 686
1594270 686
1594280 686
1594290 687
1594300 687
1594310 688
1594320 689
1594330 691
1594340 693
1594350 694
1594360 695
1594370 695
1594380 694
1594390 692
1594400 691
1594410 689
1594420 688
1594430 687
1594440 687
1594450 687
1594460 687
1594470 687
1594480 686
1594490 686
1594500 685
1594510 683
1594520 681
1594530 679
1594540 679
1594550 680
1594560 680
1594570 679
1594580 677
1594590 675
1594600 673
1594610 671
1594620 671
1594630 670
1594640 670
1594650 669
1594660 669
1594670 669
1594680 670
1594690 669
1594700 668
1594710 668
1594720 668
1594730 667
1594740 667
1594750 667
1594760 666
1594770 666
1594780 664
1594790 662
1594800 660
1594810 660
1594820 660
1594830 660
1594840 658
1594850 656
1594860 654
1594870 652
1594880 653
1594890 654
1594900 655
1594910 658
1594920 661
1594930 665
1594940 669
1594950 673
1594960 676
1594970 679
1594980 680
1594990 682
1595000 683
1595010 684
1595020 685
1595030 686
1595040 688
1595050 690
1595060 692
1595070 693
1595080 694
1595090 695
1595100 696
1595110 697
1595120 697
1595130 697
1595140 698
1595150 699
1595160 701
1595170 702
1595180 703
1595190 704
1595200 705
1595210 705
1595220 704
1595230 703
1595240 703
1595250 702
1595260 702
1595270 702
1595280 702
1595290 702
1595300 703
1595310 703
1595320 704
1595330 705
1595340 705
1595350 706
1595360 706
1595370 706
1595380 707
1595390 708
1595400 708
1595410 710
1595420 711
1595430 713
1595440 715
1595450 717
1595460 718
1595470 719
1595480 720
1595490 719
1595500 717
1595510 714
1595520 712
1595530 712
1595540 712
1595550 712
1595560 713
1595570 713
1595580 713
1595590 713
1595600 712
1595610 711
1595620 709
1595630 708
1595640 707
1595650 708
1595660 709
1595670 710
1595680 711
1595690 713
1595700 714
1595710 714
1595720 715
1595730 715
1595740 716
1595750 717
1595760 718
1595770 718
1595780 718
1595790 718
1595800 719
1595810 719
1595820 720
1595830 721
1595840 721
1595850 721
1595860 721
1595870 721
1595880 722
1595890 723
1595900 724
1595910 725
1595920 725
1595930 725
1595940 726
1595950 726
1595960 727
1595970 728
1595980 728
1595990 728
1596000 728
1596010 728
1596020 728
1596030 728
1596040 726
1596050 725
1596060 725
1596070 725
1596080 726
1596090 728
1596100 729
1596110 731
1596120 732
1596130 734
1596140 735
1596150 736
1596160 736
1596170 737
1596180 739
1596190 739
1596200 739
1596210 738
1596220 737
1596230 736
1596240 736
1596250 737
1596260 738
1596270 738
1596280 739
1596290 739
1596300 740
1596310 741
1596320 741
1596330 741
1596340 742
1596350 742
1596360 744
1596370 744
1596380 744
1596390 744
1596400 744
1596410 744
1596420 743
1596430 742
1596440 741
1596450 741
1596460 740
1596470 740
1596480 740
1596490 740
1596500 740
1596510 740
1596520 740
1596530 740
1596540 739
1596550 739
1596560 739
1596570 738
1596580 738
1596590 737
1596600 737
1596610 737
1596620 738
1596630 738
1596640 739
1596650 739
1596660 740
1596670 740
1596680 741
1596690 743
1596700 744
1596710 745
1596720 745
1596730 746
1596740 746
1596750 746
1596760 746
1596770 746
1596780 746
1596790 745
1596800 743
1596810 742
1596820 740
1596830 737
1596840 734
1596850 732
1596860 729
1596870 726
1596880 723
1596890 721
1596900 719
1596910 718
1596920 717
1596930 716
1596940 716
1596950 716
1596960 714
1596970 708
1596980 702
1596990 697
1597000 693
1597010 690
1597020 688
1597030 686
1597040 685
1597050 684
1597060 683
1597070 682
1597080 681
1597090 680
1597100 678
1597110 677
1597120 676
1597130 675
1597140 674
1597150 673
1597160 672
1597170 671
1597180 670
1597190 669
1597200 668
1597210 667
1597220 666
1597230 664
1597240 662
1597250 660
1597260 659
1597270 658
1597280 657
1597290 656
1597300 655
1597310 655
1597320 655
1597330 656
1597340 656
1597350 656
1597360 655
1597370 653
1597380 650
1597390 648
1597400 645
1597410 643
1597420 641
1597430 639
1597440 638
1597450 637
1597460 637
1597470 638
1597480 639
1597490 638
1597500 635
1597510 630
1597520 627
1597530 624
1597540 622
1597550 620
1597560 617
1597570 614
1597580 610
1597590 607
1597600 604
1597610 602
1597620 599
1597630 596
1597640 594
1597650 591
1597660 589
1597670 587
1597680 588
1597690 590
1597700 595
1597710 601
1597720 605
1597730 608
1597740 610
1597750 611
1597760 612
1597770 613
1597780 615
1597790 617
1597800 618
1597810 619
1597820 620
1597830 622
1597840 623
1597850 625
1597860 628
1597870 631
1597880 635
1597890 638
1597900 640
1597910 640
1597920 639
1597930 637
1597940 634
1597950 632
1597960 633
1597970 634
1597980 637
1597990 640
1598000 642
1598010 645
1598020 648
1598030 650
1598040 651
1598050 652
1598060 652
1598070 652
1598080 652
1598090 651
1598100 650
1598110 649
1598120 649
1598130 648
1598140 647
1598150 647
1598160 646
1598170 646
1598180 646
1598190 646
1598200 646
1598210 646
1598220 646
1598230 646
1598240 646
1598250 645
1598260 645
1598270 645
1598280 646
1598290 646
1598300 647
1598310 647
1598320 649
1598330 651
1598340 653
1598350 655
1598360 657
1598370 658
1598380 659
1598390 660
1598400 662
1598410 663
1598420 665
1598430 666
1598440 668
1598450 669
1598460 671
1598470 672
1598480 673
1598490 675
1598500 676
1598510 678
1598520 680
1598530 682
1598540 684
1598550 685
1598560 686
1598570 687
1598580 688
1598590 690
1598600 691
1598610 692
1598620 694
1598630 697
1598640 699
1598650 701
1598660 703
1598670 705
1598680 706
1598690 708
1598700 710
1598710 712
1598720 714
1598730 717
1598740 720
1598750 723
1598760 726
1598770 729
1598780 731
1598790 734
1598800 737
1598810 740
1598820 743
1598830 746
1598840 748
1598850 751
1598860 754
1598870 756
1598880 758
1598890 759
1598900 760
1598910 761
1598920 761
1598930 762
1598940 762
1598950 763
1598960 763
1598970 762
1598980 762
1598990 761
1599000 761
1599010 761
1599020 762
1599030 762
1599040 763
1599050 764
1599060 765
1599070 766
1599080 767
1599090 768
1599100 769
1599110 770
1599120 772
1599130 774
1599140 777
1599150 779
1599160 782
1599170 784
1599180 786
1599190 787
1599200 787
1599210 788
1599220 788
1599230 788
1599240 788
1599250 787
1599260 787
1599270 787
1599280 786
1599290 786
1599300 785
1599310 784
1599320 784
1599330 783
1599340 782
1599350 782
1599360 782
1599370 780
1599380 779
1599390 776
1599400 774
1599410 772
1599420 769
1599430 767
1599440 766
1599450 764
1599460 762
1599470 761
1599480 760
1599490 759
1599500 758
1599510 758
1599520 757
1599530 757
1599540 756
1599550 756
1599560 756
1599570 756
1599580 756
1599590 756
1599600 756
1599610 756
1599620 757
1599630 758
1599640 760
1599650 762
1599660 766
1599670 769
1599680 772
1599690 774
1599700 777
1599710 778
1599720 780
1599730 782
1599740 782
1599750 781
1599760 780
1599770 778
1599780 777
1599790 776
1599800 775
1599810 774
1599820 773
1599830 773
1599840 773
1599850 772
1599860 772
1599870 772
1599880 771
1599890 771
1599900 771
1599910 771
1599920 772
1599930 772
1599940 772
1599950 772
1599960 771
1599970 771
1599980 771
1599990 770
