1580000 625
1580010 625
1580020 625
1580030 625
1580040 625
1580050 625
1580060 625
1580070 625
1580080 626
1580090 626
1580100 626
1580110 627
1580120 627
1580130 627
1580140 627
1580150 627
1580160 627
1580170 626
1580180 626
1580190 625
1580200 624
1580210 623
1580220 621
1580230 620
1580240 618
1580250 617
1580260 615
1580270 614
1580280 612
1580290 611
1580300 610
1580310 609
1580320 609
1580330 609
1580340 608
1580350 608
1580360 608
1580370 608
1580380 608
1580390 609
1580400 610
1580410 612
1580420 614
1580430 617
1580440 618
1580450 618
1580460 618
1580470 617
1580480 616
1580490 616
1580500 615
1580510 614
1580520 614
1580530 613
1580540 612
1580550 612
1580560 611
1580570 611
1580580 610
1580590 610
1580600 609
1580610 608
1580620 607
1580630 606
1580640 605
1580650 605
1580660 605
1580670 605
1580680 605
1580690 605
1580700 605
1580710 605
1580720 606
1580730 607
1580740 608
1580750 609
1580760 610
1580770 611
1580780 613
1580790 615
1580800 616
1580810 618
1580820 620
1580830 622
1580840 624
1580850 626
1580860 629
1580870 630
1580880 632
1580890 632
1580900 632
1580910 632
1580920 631
1580930 631
1580940 631
1580950 631
1580960 631
1580970 631
1580980 631
1580990 632
1581000 633
1581010 634
1581020 634
1581030 634
1581040 634
1581050 634
1581060 634
1581070 633
1581080 631
1581090 630
1581100 628
1581110 625
1581120 622
1581130 620
1581140 618
1581150 617
1581160 616
1581170 616
1581180 616
1581190 616
1581200 617
1581210 616
1581220 616
1581230 615
1581240 614
1581250 614
1581260 613
1581270 613
1581280 612
1581290 612
1581300 612
1581310 612
1581320 613
1581330 613
1581340 614
1581350 613
1581360 612
1581370 611
1581380 609
1581390 608
1581400 607
1581410 606
1581420 604
1581430 601
1581440 599
1581450 596
1581460 595
1581470 594
1581480 594
1581490 593
1581500 593
1581510 593
1581520 593
1581530 592
1581540 593
1581550 593
1581560 594
1581570 596
1581580 598
1581590 599
1581600 599
1581610 599
1581620 597
1581630 595
1581640 593
1581650 591
1581660 590
1581670 589
1581680 589
1581690 589
1581700 590
1581710 591
1581720 593
1581730 595
1581740 597
1581750 599
1581760 600
1581770 600
1581780 601
1581790 600
1581800 600
1581810 598
1581820 597
1581830 596
1581840 595
1581850 594
1581860 594
1581870 595
1581880 596
1581890 596
1581900 596
1581910 596
1581920 595
1581930 594
1581940 593
1581950 592
1581960 591
1581970 591
1581980 589
1581990 588
1582000 586
1582010 585
1582020 584
1582030 582
1582040 581
1582050 579
1582060 577
1582070 576
1582080 574
1582090 572
1582100 572
1582110 571
1582120 571
1582130 571
1582140 571
1582150 571
1582160 571
1582170 571
1582180 573
1582190 574
1582200 577
1582210 578
1582220 579
1582230 579
1582240 580
1582250 581
1582260 582
1582270 583
1582280 585
1582290 586
1582300 588
1582310 588
1582320 589
1582330 589
1582340 588
1582350 588
1582360 587
1582370 587
1582380 586
1582390 586
1582400 585
1582410 585
1582420 585
1582430 585
1582440 585
1582450 586
1582460 586
1582470 586
1582480 587
1582490 587
1582500 588
1582510 588
1582520 589
1582530 590
1582540 591
1582550 593
1582560 595
1582570 597
1582580 598
1582590 600
1582600 601
1582610 601
1582620 601
1582630 601
1582640 601
1582650 600
1582660 599
1582670 599
1582680 598
1582690 596
1582700 595
1582710 593
1582720 592
1582730 592
1582740 591
1582750 591
1582760 591
1582770 590
1582780 590
1582790 591
1582800 591
1582810 592
1582820 592
1582830 593
1582840 594
1582850 595
1582860 596
1582870 598
1582880 600
1582890 601
1582900 602
1582910 602
1582920 602
1582930 601
1582940 600
1582950 599
1582960 598
1582970 597
1582980 597
1582990 596
1583000 595
1583010 594
1583020 592
1583030 590
1583040 588
1583050 587
1583060 585
1583070 584
1583080 583
1583090 581
1583100 579
1583110 578
1583120 576
1583130 575
1583140 574
1583150 574
1583160 573
1583170 571
1583180 570
1583190 569
1583200 567
1583210 566
1583220 565
1583230 564
1583240 563
1583250 562
1583260 561
1583270 561
1583280 560
1583290 560
1583300 561
1583310 561
1583320 561
1583330 562
1583340 562
1583350 562
1583360 562
1583370 562
1583380 562
1583390 562
1583400 562
1583410 562
1583420 563
1583430 564
1583440 565
1583450 566
1583460 566
1583470 566
1583480 564
1583490 562
1583500 561
1583510 561
1583520 562
1583530 563
1583540 564
1583550 565
1583560 567
1583570 570
1583580 572
1583590 574
1583600 575
1583610 575
1583620 576
1583630 577
1583640 578
1583650 578
1583660 578
1583670 578
1583680 578
1583690 578
1583700 578
1583710 578
1583720 578
1583730 578
1583740 578
1583750 578
1583760 578
1583770 578
1583780 578
1583790 578
1583800 578
1583810 578
1583820 579
1583830 579
1583840 580
1583850 580
1583860 581
1583870 581
1583880 582
1583890 582
1583900 584
1583910 585
1583920 586
1583930 586
1583940 586
1583950 587
1583960 587
1583970 587
1583980 587
1583990 586
1584000 586
1584010 586
1584020 586
1584030 585
1584040 585
1584050 585
1584060 585
1584070 585
1584080 585
1584090 585
1584100 585
1584110 585
1584120 585
1584130 585
1584140 585
1584150 584
1584160 584
1584170 584
1584180 584
1584190 584
1584200 583
1584210 583
1584220 583
1584230 583
1584240 583
1584250 583
1584260 583
1584270 583
1584280 583
1584290 583
1584300 583
1584310 583
1584320 583
1584330 582
1584340 581
1584350 578
1584360 577
1584370 578
1584380 580
1584390 581
1584400 582
1584410 583
1584420 584
1584430 584
1584440 584
1584450 584
1584460 585
1584470 585
1584480 584
1584490 583
1584500 583
1584510 583
1584520 583
1584530 582
1584540 583
1584550 583
1584560 583
1584570 583
1584580 583
1584590 584
1584600 584
1584610 585
1584620 586
1584630 587
1584640 588
1584650 589
1584660 590
1584670 591
1584680 593
1584690 594
1584700 596
1584710 598
1584720 600
1584730 602
1584740 604
1584750 606
1584760 607
1584770 608
1584780 609
1584790 609
1584800 608
1584810 607
1584820 606
1584830 605
1584840 604
1584850 602
1584860 602
1584870 600
1584880 599
1584890 598
1584900 597
1584910 597
1584920 597
1584930 596
1584940 596
1584950 596
1584960 596
1584970 596
1584980 596
1584990 596
1585000 597
1585010 598
1585020 598
1585030 599
1585040 600
1585050 600
1585060 600
1585070 600
1585080 600
1585090 599
1585100 599
1585110 599
1585120 598
1585130 598
1585140 597
1585150 597
1585160 596
1585170 596
1585180 595
1585190 595
1585200 594
1585210 594
1585220 593
1585230 593
1585240 593
1585250 593
1585260 593
1585270 593
1585280 593
1585290 593
1585300 593
1585310 593
1585320 593
1585330 593
1585340 593
1585350 593
1585360 592
1585370 592
1585380 592
1585390 592
1585400 592
1585410 592
1585420 593
1585430 593
1585440 593
1585450 593
1585460 593
1585470 593
1585480 593
1585490 593
1585500 593
1585510 593
1585520 593
1585530 592
1585540 592
1585550 592
1585560 592
1585570 592
1585580 592
1585590 592
1585600 592
1585610 591
1585620 591
1585630 591
1585640 591
1585650 591
1585660 590
1585670 590
1585680 590
1585690 590
1585700 590
1585710 590
1585720 589
1585730 589
1585740 589
1585750 589
1585760 589
1585770 589
1585780 589
1585790 589
1585800 589
1585810 589
1585820 588
1585830 588
1585840 588
1585850 588
1585860 588
1585870 588
1585880 589
1585890 589
1585900 589
1585910 589
1585920 589
1585930 590
1585940 590
1585950 591
1585960 591
1585970 591
1585980 592
1585990 593
1586000 593
1586010 594
1586020 595
1586030 596
1586040 597
1586050 598
1586060 600
1586070 601
1586080 603
1586090 604
1586100 605
1586110 606
1586120 606
1586130 607
1586140 607
1586150 608
1586160 609
1586170 610
1586180 611
1586190 612
1586200 613
1586210 614
1586220 615
1586230 615
1586240 616
1586250 617
1586260 618
1586270 618
1586280 619
1586290 619
1586300 619
1586310 620
1586320 620
1586330 620
1586340 621
1586350 621
1586360 622
1586370 622
1586380 623
1586390 623
1586400 623
1586410 622
1586420 622
1586430 621
1586440 621
1586450 621
1586460 621
1586470 621
1586480 621
1586490 622
1586500 623
1586510 624
1586520 624
1586530 623
1586540 621
1586550 621
1586560 621
1586570 621
1586580 622
1586590 622
1586600 623
1586610 624
1586620 625
1586630 626
1586640 626
1586650 625
1586660 623
1586670 622
1586680 621
1586690 621
1586700 621
1586710 622
1586720 623
1586730 625
1586740 626
1586750 627
1586760 627
1586770 627
1586780 627
1586790 627
1586800 627
1586810 626
1586820 626
1586830 626
1586840 626
1586850 626
1586860 626
1586870 626
1586880 626
1586890 627
1586900 628
1586910 629
1586920 631
1586930 632
1586940 634
1586950 636
1586960 637
1586970 638
1586980 639
1586990 639
1587000 640
1587010 641
1587020 642
1587030 642
1587040 643
1587050 642
1587060 641
1587070 640
1587080 639
1587090 637
1587100 635
1587110 630
1587120 625
1587130 619
1587140 614
1587150 608
1587160 604
1587170 600
1587180 598
1587190 596
1587200 595
1587210 594
1587220 593
1587230 592
1587240 591
1587250 590
1587260 589
1587270 589
1587280 590
1587290 591
1587300 592
1587310 593
1587320 593
1587330 592
1587340 591
1587350 591
1587360 590
1587370 589
1587380 588
1587390 588
1587400 586
1587410 583
1587420 581
1587430 582
1587440 582
1587450 582
1587460 581
1587470 579
1587480 577
1587490 576
1587500 575
1587510 574
1587520 573
1587530 571
1587540 570
1587550 568
1587560 567
1587570 565
1587580 563
1587590 560
1587600 557
1587610 554
1587620 550
1587630 547
1587640 544
1587650 543
1587660 543
1587670 542
1587680 542
1587690 542
1587700 540
1587710 537
1587720 534
1587730 532
1587740 530
1587750 530
1587760 530
1587770 529
1587780 529
1587790 529
1587800 528
1587810 528
1587820 527
1587830 526
1587840 524
1587850 522
1587860 519
1587870 517
1587880 514
1587890 511
1587900 508
1587910 506
1587920 504
1587930 504
1587940 503
1587950 502
1587960 501
1587970 500
1587980 499
1587990 498
1588000 498
1588010 496
1588020 495
1588030 494
1588040 492
1588050 491
1588060 490
1588070 489
1588080 488
1588090 487
1588100 486
1588110 486
1588120 485
1588130 484
1588140 482
1588150 480
1588160 478
1588170 476
1588180 476
1588190 476
1588200 475
1588210 474
1588220 473
1588230 472
1588240 471
1588250 470
1588260 469
1588270 466
1588280 462
1588290 457
1588300 454
1588310 452
1588320 451
1588330 450
1588340 449
1588350 447
1588360 446
1588370 446
1588380 446
1588390 446
1588400 446
1588410 446
1588420 446
1588430 446
1588440 446
1588450 446
1588460 446
1588470 446
1588480 446
1588490 446
1588500 446
1588510 446
1588520 446
1588530 446
1588540 446
1588550 446
1588560 446
1588570 446
1588580 446
1588590 446
1588600 446
1588610 446
1588620 446
1588630 446
1588640 446
1588650 446
1588660 446
1588670 446
1588680 446
1588690 446
1588700 446
1588710 446
1588720 446
1588730 446
1588740 446
1588750 446
1588760 446
1588770 446
1588780 446
1588790 446
1588800 446
1588810 446
1588820 446
1588830 446
1588840 446
1588850 446
1588860 446
1588870 446
1588880 446
1588890 446
1588900 446
1588910 446
1588920 446
1588930 446
1588940 446
1588950 446
1588960 445
1588970 445
1588980 445
1588990 445
1589000 445
1589010 445
1589020 445
1589030 445
1589040 445
1589050 445
1589060 445
1589070 445
1589080 445
1589090 445
1589100 445
1589110 445
1589120 445
1589130 445
1589140 445
1589150 445
1589160 445
1589170 445
1589180 445
1589190 444
1589200 444
1589210 445
1589220 445
1589230 445
1589240 445
1589250 445
1589260 445
1589270 445
1589280 445
1589290 445
1589300 445
1589310 445
1589320 444
1589330 444
1589340 444
1589350 444
1589360 444
1589370 445
1589380 445
1589390 445
1589400 445
1589410 445
1589420 445
1589430 445
1589440 445
1589450 445
1589460 445
1589470 445
1589480 445
1589490 445
1589500 445
1589510 444
1589520 444
1589530 444
1589540 444
1589550 444
1589560 444
1589570 444
1589580 444
1589590 444
1589600 444
1589610 444
1589620 444
1589630 444
1589640 444
1589650 444
1589660 444
1589670 444
1589680 444
1589690 444
1589700 444
1589710 444
1589720 444
1589730 444
1589740 444
1589750 444
1589760 444
1589770 444
1589780 444
1589790 444
1589800 444
1589810 444
1589820 444
1589830 444
1589840 444
1589850 444
1589860 444
1589870 444
1589880 444
1589890 444
1589900 444
1589910 444
1589920 444
1589930 444
1589940 444
1589950 444
1589960 444
1589970 444
1589980 444
1589990 444
1590000 444
1590010 444
1590020 444
1590030 444
1590040 444
1590050 444
1590060 444
1590070 444
1590080 444
1590090 444
1590100 444
1590110 444
1590120 444
1590130 444
1590140 444
1590150 444
1590160 444
1590170 444
1590180 444
1590190 444
1590200 444
1590210 444
1590220 444
1590230 444
1590240 443
1590250 443
1590260 443
1590270 443
1590280 443
1590290 443
1590300 443
1590310 444
1590320 443
1590330 443
1590340 443
1590350 443
1590360 443
1590370 443
1590380 443
1590390 443
1590400 444
1590410 444
1590420 444
1590430 444
1590440 444
1590450 444
1590460 445
1590470 445
1590480 445
1590490 445
1590500 445
1590510 446
1590520 446
1590530 446
1590540 446
1590550 446
1590560 446
1590570 446
1590580 446
1590590 447
1590600 447
1590610 447
1590620 447
1590630 447
1590640 447
1590650 447
1590660 447
1590670 447
1590680 447
1590690 447
1590700 447
1590710 447
1590720 447
1590730 447
1590740 448
1590750 448
1590760 448
1590770 448
1590780 448
1590790 448
1590800 448
1590810 448
1590820 449
1590830 449
1590840 449
1590850 449
1590860 449
1590870 449
1590880 449
1590890 450
1590900 450
1590910 450
1590920 450
1590930 450
1590940 450
1590950 450
1590960 450
1590970 450
1590980 451
1590990 451
1591000 451
1591010 451
1591020 451
1591030 451
1591040 451
1591050 451
1591060 451
1591070 452
1591080 452
1591090 452
1591100 451
1591110 451
1591120 451
1591130 451
1591140 451
1591150 451
1591160 452
1591170 453
1591180 454
1591190 454
1591200 454
1591210 453
1591220 454
1591230 454
1591240 454
1591250 454
1591260 454
1591270 455
1591280 455
1591290 455
1591300 455
1591310 455
1591320 455
1591330 455
1591340 455
1591350 456
1591360 456
1591370 456
1591380 458
1591390 459
1591400 459
1591410 460
1591420 461
1591430 461
1591440 462
1591450 463
1591460 464
1591470 465
1591480 466
1591490 467
1591500 467
1591510 468
1591520 468
1591530 468
1591540 467
1591550 467
1591560 467
1591570 464
1591580 457
1591590 447
1591600 444
1591610 443
1591620 442
1591630 442
1591640 441
1591650 440
1591660 440
1591670 440
1591680 440
1591690 440
1591700 440
1591710 440
1591720 440
1591730 440
1591740 440
1591750 440
1591760 440
1591770 440
1591780 440
1591790 440
1591800 440
1591810 440
1591820 440
1591830 440
1591840 440
1591850 440
1591860 440
1591870 440
1591880 441
1591890 441
1591900 441
1591910 441
1591920 441
1591930 441
1591940 441
1591950 441
1591960 441
1591970 441
1591980 441
1591990 441
1592000 440
1592010 440
1592020 440
1592030 440
1592040 440
1592050 440
1592060 440
1592070 440
1592080 440
1592090 440
1592100 440
1592110 440
1592120 440
1592130 440
1592140 440
1592150 440
1592160 440
1592170 440
1592180 440
1592190 440
1592200 440
1592210 440
1592220 440
1592230 440
1592240 440
1592250 440
1592260 440
1592270 440
1592280 440
1592290 439
1592300 439
1592310 439
1592320 439
1592330 439
1592340 438
1592350 438
1592360 438
1592370 437
1592380 437
1592390 437
1592400 437
1592410 437
1592420 437
1592430 437
1592440 437
1592450 437
1592460 437
1592470 437
1592480 437
1592490 437
1592500 437
1592510 437
1592520 437
1592530 437
1592540 437
1592550 437
1592560 437
1592570 437
1592580 437
1592590 437
1592600 437
1592610 437
1592620 437
1592630 437
1592640 437
1592650 437
1592660 437
1592670 437
1592680 437
1592690 437
1592700 437
1592710 437
1592720 437
1592730 437
1592740 437
1592750 437
1592760 436
1592770 436
1592780 436
1592790 436
1592800 436
1592810 436
1592820 436
1592830 436
1592840 436
1592850 437
1592860 437
1592870 437
1592880 436
1592890 436
1592900 436
1592910 436
1592920 436
1592930 436
1592940 436
1592950 436
1592960 436
1592970 436
1592980 436
1592990 436
1593000 437
1593010 437
1593020 437
1593030 437
1593040 437
1593050 437
1593060 437
1593070 437
1593080 437
1593090 437
1593100 437
1593110 437
1593120 437
1593130 437
1593140 437
1593150 437
1593160 437
1593170 437
1593180 437
1593190 437
1593200 437
1593210 437
1593220 437
1593230 437
1593240 437
1593250 437
1593260 437
1593270 437
1593280 437
1593290 437
1593300 437
1593310 438
1593320 438
1593330 438
1593340 437
1593350 437
1593360 437
1593370 437
1593380 437
1593390 437
1593400 437
1593410 437
1593420 437
1593430 437
1593440 437
1593450 437
1593460 437
1593470 437
1593480 437
1593490 437
1593500 437
1593510 437
1593520 437
1593530 437
1593540 437
1593550 437
1593560 437
1593570 437
1593580 436
1593590 436
1593600 436
1593610 436
1593620 436
1593630 436
1593640 436
1593650 436
1593660 436
1593670 436
1593680 436
1593690 436
1593700 436
1593710 436
1593720 436
1593730 436
1593740 436
1593750 436
1593760 436
1593770 436
1593780 436
1593790 436
1593800 436
1593810 436
1593820 436
1593830 437
1593840 437
1593850 438
1593860 438
1593870 439
1593880 439
1593890 440
1593900 440
1593910 441
1593920 441
1593930 442
1593940 442
1593950 443
1593960 444
1593970 447
1593980 448
1593990 448
1594000 448
1594010 449
1594020 449
1594030 449
1594040 449
1594050 449
1594060 449
1594070 449
1594080 449
1594090 449
1594100 450
1594110 451
1594120 453
1594130 456
1594140 458
1594150 461
1594160 463
1594170 465
1594180 466
1594190 468
1594200 468
1594210 469
1594220 470
1594230 470
1594240 470
1594250 471
1594260 471
1594270 470
1594280 470
1594290 470
1594300 470
1594310 470
1594320 470
1594330 470
1594340 470
1594350 470
1594360 471
1594370 472
1594380 472
1594390 473
1594400 472
1594410 472
1594420 471
1594430 471
1594440 471
1594450 472
1594460 472
1594470 473
1594480 474
1594490 476
1594500 479
1594510 481
1594520 484
1594530 485
1594540 486
1594550 486
1594560 485
1594570 484
1594580 483
1594590 483
1594600 483
1594610 484
1594620 483
1594630 483
1594640 484
1594650 485
1594660 487
1594670 488
1594680 490
1594690 493
1594700 495
1594710 498
1594720 499
1594730 499
1594740 499
1594750 501
1594760 503
1594770 505
1594780 504
1594790 504
1594800 502
1594810 501
1594820 500
1594830 500
1594840 499
1594850 498
1594860 497
1594870 496
1594880 495
1594890 494
1594900 494
1594910 494
1594920 495
1594930 496
1594940 496
1594950 497
1594960 497
1594970 499
1594980 500
1594990 502
1595000 502
1595010 503
1595020 503
1595030 503
1595040 504
1595050 504
1595060 504
1595070 504
1595080 503
1595090 503
1595100 503
1595110 503
1595120 503
1595130 504
1595140 506
1595150 508
1595160 510
1595170 511
1595180 513
1595190 514
1595200 515
1595210 515
1595220 515
1595230 516
1595240 517
1595250 516
1595260 514
1595270 515
1595280 517
1595290 518
1595300 519
1595310 520
1595320 521
1595330 523
1595340 524
1595350 525
1595360 526
1595370 528
1595380 529
1595390 531
1595400 532
1595410 534
1595420 535
1595430 536
1595440 536
1595450 538
1595460 540
1595470 542
1595480 544
1595490 546
1595500 547
1595510 549
1595520 551
1595530 555
1595540 561
1595550 567
1595560 572
1595570 577
1595580 577
1595590 578
1595600 580
1595610 582
1595620 586
1595630 593
1595640 603
1595650 608
1595660 611
1595670 614
1595680 610
1595690 607
1595700 608
1595710 611
1595720 614
1595730 618
1595740 619
1595750 619
1595760 621
1595770 622
1595780 622
1595790 623
1595800 623
1595810 624
1595820 625
1595830 625
1595840 625
1595850 625
1595860 625
1595870 626
1595880 626
1595890 626
1595900 626
1595910 625
1595920 624
1595930 624
1595940 623
1595950 623
1595960 625
1595970 626
1595980 627
1595990 627
1596000 625
1596010 622
1596020 620
1596030 622
1596040 624
1596050 626
1596060 627
1596070 628
1596080 628
1596090 627
1596100 627
1596110 628
1596120 630
1596130 634
1596140 637
1596150 637
1596160 637
1596170 636
1596180 635
1596190 634
1596200 634
1596210 633
1596220 632
1596230 632
1596240 630
1596250 628
1596260 628
1596270 629
1596280 630
1596290 631
1596300 632
1596310 631
1596320 630
1596330 631
1596340 632
1596350 633
1596360 635
1596370 636
1596380 637
1596390 638
1596400 640
1596410 642
1596420 643
1596430 644
1596440 644
1596450 644
1596460 642
1596470 636
1596480 626
1596490 616
1596500 609
1596510 604
1596520 600
1596530 597
1596540 595
1596550 593
1596560 591
1596570 588
1596580 586
1596590 584
1596600 583
1596610 581
1596620 580
1596630 578
1596640 577
1596650 576
1596660 575
1596670 575
1596680 575
1596690 574
1596700 574
1596710 575
1596720 575
1596730 575
1596740 574
1596750 573
1596760 573
1596770 572
1596780 572
1596790 572
1596800 572
1596810 571
1596820 571
1596830 571
1596840 571
1596850 571
1596860 571
1596870 571
1596880 572
1596890 572
1596900 571
1596910 571
1596920 570
1596930 570
1596940 570
1596950 571
1596960 571
1596970 572
1596980 572
1596990 572
1597000 573
1597010 573
1597020 574
1597030 574
1597040 575
1597050 576
1597060 576
1597070 576
1597080 576
1597090 576
1597100 577
1597110 578
1597120 578
1597130 579
1597140 579
1597150 579
1597160 580
1597170 580
1597180 581
1597190 581
1597200 582
1597210 582
1597220 582
1597230 583
1597240 583
1597250 583
1597260 583
1597270 583
1597280 582
1597290 582
1597300 582
1597310 583
1597320 582
1597330 581
1597340 579
1597350 578
1597360 576
1597370 575
1597380 574
1597390 572
1597400 571
1597410 570
1597420 568
1597430 567
1597440 566
1597450 564
1597460 563
1597470 562
1597480 561
1597490 560
1597500 559
1597510 558
1597520 557
1597530 557
1597540 556
1597550 555
1597560 554
1597570 554
1597580 554
1597590 554
1597600 554
1597610 554
1597620 554
1597630 553
1597640 552
1597650 552
1597660 551
1597670 550
1597680 549
1597690 549
1597700 548
1597710 548
1597720 548
1597730 547
1597740 547
1597750 547
1597760 546
1597770 546
1597780 546
1597790 546
1597800 545
1597810 545
1597820 545
1597830 545
1597840 545
1597850 544
1597860 544
1597870 544
1597880 543
1597890 543
1597900 543
1597910 542
1597920 541
1597930 540
1597940 539
1597950 538
1597960 537
1597970 536
1597980 534
1597990 535
1598000 536
1598010 537
1598020 538
1598030 536
1598040 529
1598050 516
1598060 505
1598070 501
1598080 494
1598090 487
1598100 481
1598110 479
1598120 481
1598130 487
1598140 500
1598150 515
1598160 529
1598170 536
1598180 540
1598190 542
1598200 543
1598210 543
1598220 543
1598230 543
1598240 542
1598250 540
1598260 538
1598270 536
1598280 536
1598290 537
1598300 537
1598310 535
1598320 534
1598330 535
1598340 537
1598350 540
1598360 542
1598370 543
1598380 543
1598390 544
1598400 544
1598410 544
1598420 543
1598430 541
1598440 539
1598450 539
1598460 543
1598470 545
1598480 546
1598490 547
1598500 548
1598510 548
1598520 547
1598530 542
1598540 538
1598550 535
1598560 534
1598570 534
1598580 534
1598590 533
1598600 532
1598610 531
1598620 531
1598630 534
1598640 538
1598650 542
1598660 545
1598670 546
1598680 545
1598690 542
1598700 539
1598710 536
1598720 535
1598730 533
1598740 532
1598750 531
1598760 531
1598770 531
1598780 530
1598790 530
1598800 530
1598810 529
1598820 528
1598830 528
1598840 527
1598850 527
1598860 527
1598870 526
1598880 525
1598890 524
1598900 524
1598910 524
1598920 524
1598930 526
1598940 526
1598950 527
1598960 528
1598970 531
1598980 535
1598990 538
1599000 542
1599010 545
1599020 547
1599030 549
1599040 551
1599050 554
1599060 557
1599070 559
1599080 562
1599090 565
1599100 568
1599110 571
1599120 575
1599130 579
1599140 584
1599150 589
1599160 594
1599170 597
1599180 601
1599190 604
1599200 607
1599210 611
1599220 614
1599230 617
1599240 620
1599250 625
1599260 630
1599270 635
1599280 640
1599290 646
1599300 651
1599310 657
1599320 662
1599330 667
1599340 672
1599350 677
1599360 681
1599370 683
1599380 686
1599390 687
1599400 688
1599410 689
1599420 689
1599430 689
1599440 689
1599450 688
1599460 688
1599470 687
1599480 686
1599490 685
1599500 684
1599510 684
1599520 684
1599530 684
1599540 684
1599550 685
1599560 686
1599570 687
1599580 688
1599590 690
1599600 691
1599610 693
1599620 695
1599630 697
1599640 698
1599650 699
1599660 700
1599670 701
1599680 703
1599690 705
1599700 707
1599710 709
1599720 711
1599730 712
1599740 712
1599750 712
1599760 711
1599770 710
1599780 709
1599790 708
1599800 708
1599810 706
1599820 704
1599830 701
1599840 698
1599850 695
1599860 694
1599870 693
1599880 692
1599890 692
1599900 693
1599910 694
1599920 695
1599930 696
1599940 697
1599950 698
1599960 698
1599970 698
1599980 698
1599990 698
