1580000 614
1580010 615
1580020 615
1580030 615
1580040 616
1580050 616
1580060 616
1580070 617
1580080 617
1580090 618
1580100 618
1580110 618
1580120 618
1580130 618
1580140 619
1580150 619
1580160 619
1580170 619
1580180 619
1580190 618
1580200 618
1580210 617
1580220 617
1580230 617
1580240 617
1580250 617
1580260 617
1580270 617
1580280 617
1580290 616
1580300 616
1580310 615
1580320 615
1580330 614
1580340 614
1580350 613
1580360 613
1580370 612
1580380 610
1580390 609
1580400 608
1580410 607
1580420 606
1580430 605
1580440 605
1580450 605
1580460 605
1580470 605
1580480 605
1580490 605
1580500 605
1580510 605
1580520 605
1580530 605
1580540 605
1580550 605
1580560 605
1580570 605
1580580 605
1580590 605
1580600 605
1580610 605
1580620 605
1580630 605
1580640 605
1580650 605
1580660 605
1580670 605
1580680 605
1580690 605
1580700 605
1580710 605
1580720 605
1580730 605
1580740 605
1580750 605
1580760 605
1580770 605
1580780 605
1580790 605
1580800 605
1580810 605
1580820 605
1580830 605
1580840 605
1580850 606
1580860 606
1580870 607
1580880 607
1580890 608
1580900 608
1580910 609
1580920 609
1580930 609
1580940 610
1580950 610
1580960 610
1580970 611
1580980 611
1580990 611
1581000 612
1581010 612
1581020 612
1581030 612
1581040 613
1581050 613
1581060 613
1581070 613
1581080 613
1581090 613
1581100 613
1581110 613
1581120 613
1581130 613
1581140 613
1581150 613
1581160 614
1581170 614
1581180 614
1581190 614
1581200 614
1581210 613
1581220 612
1581230 612
1581240 612
1581250 612
1581260 612
1581270 612
1581280 613
1581290 613
1581300 613
1581310 613
1581320 612
1581330 612
1581340 610
1581350 609
1581360 608
1581370 607
1581380 606
1581390 605
1581400 604
1581410 603
1581420 602
1581430 601
1581440 601
1581450 600
1581460 600
1581470 599
1581480 598
1581490 597
1581500 597
1581510 597
1581520 596
1581530 596
1581540 596
1581550 596
1581560 596
1581570 595
1581580 594
1581590 592
1581600 591
1581610 590
1581620 589
1581630 588
1581640 588
1581650 587
1581660 587
1581670 586
1581680 586
1581690 586
1581700 585
1581710 585
1581720 584
1581730 584
1581740 583
1581750 582
1581760 580
1581770 578
1581780 576
1581790 575
1581800 575
1581810 574
1581820 574
1581830 574
1581840 574
1581850 574
1581860 574
1581870 574
1581880 575
1581890 575
1581900 576
1581910 576
1581920 576
1581930 577
1581940 577
1581950 577
1581960 578
1581970 578
1581980 578
1581990 578
1582000 578
1582010 579
1582020 579
1582030 579
1582040 579
1582050 579
1582060 580
1582070 581
1582080 582
1582090 583
1582100 584
1582110 584
1582120 585
1582130 586
1582140 587
1582150 588
1582160 589
1582170 590
1582180 590
1582190 591
1582200 591
1582210 592
1582220 592
1582230 593
1582240 594
1582250 596
1582260 597
1582270 599
1582280 601
1582290 602
1582300 604
1582310 605
1582320 606
1582330 607
1582340 608
1582350 608
1582360 609
1582370 609
1582380 609
1582390 609
1582400 609
1582410 609
1582420 608
1582430 607
1582440 606
1582450 605
1582460 604
1582470 603
1582480 602
1582490 602
1582500 602
1582510 603
1582520 603
1582530 603
1582540 603
1582550 602
1582560 602
1582570 601
1582580 600
1582590 600
1582600 600
1582610 600
1582620 601
1582630 601
1582640 601
1582650 600
1582660 600
1582670 599
1582680 599
1582690 598
1582700 598
1582710 598
1582720 597
1582730 596
1582740 596
1582750 595
1582760 595
1582770 595
1582780 595
1582790 595
1582800 595
1582810 596
1582820 598
1582830 599
1582840 599
1582850 598
1582860 597
1582870 595
1582880 594
1582890 592
1582900 590
1582910 588
1582920 586
1582930 584
1582940 583
1582950 581
1582960 580
1582970 579
1582980 578
1582990 577
1583000 577
1583010 577
1583020 577
1583030 577
1583040 577
1583050 576
1583060 575
1583070 574
1583080 573
1583090 573
1583100 573
1583110 571
1583120 569
1583130 568
1583140 566
1583150 565
1583160 563
1583170 562
1583180 560
1583190 559
1583200 558
1583210 557
1583220 556
1583230 556
1583240 555
1583250 555
1583260 554
1583270 554
1583280 554
1583290 553
1583300 553
1583310 553
1583320 553
1583330 553
1583340 553
1583350 553
1583360 553
1583370 553
1583380 553
1583390 553
1583400 553
1583410 553
1583420 553
1583430 553
1583440 553
1583450 553
1583460 553
1583470 554
1583480 554
1583490 554
1583500 554
1583510 554
1583520 554
1583530 554
1583540 554
1583550 554
1583560 554
1583570 555
1583580 555
1583590 555
1583600 556
1583610 556
1583620 556
1583630 556
1583640 557
1583650 557
1583660 557
1583670 558
1583680 558
1583690 558
1583700 558
1583710 558
1583720 558
1583730 558
1583740 558
1583750 558
1583760 559
1583770 559
1583780 559
1583790 559
1583800 559
1583810 559
1583820 560
1583830 560
1583840 560
1583850 561
1583860 560
1583870 560
1583880 560
1583890 560
1583900 561
1583910 561
1583920 561
1583930 561
1583940 561
1583950 561
1583960 562
1583970 562
1583980 562
1583990 562
1584000 562
1584010 562
1584020 562
1584030 562
1584040 562
1584050 562
1584060 562
1584070 562
1584080 562
1584090 561
1584100 562
1584110 562
1584120 562
1584130 562
1584140 562
1584150 562
1584160 562
1584170 561
1584180 561
1584190 561
1584200 561
1584210 562
1584220 562
1584230 562
1584240 562
1584250 562
1584260 562
1584270 561
1584280 561
1584290 562
1584300 563
1584310 564
1584320 565
1584330 566
1584340 566
1584350 567
1584360 567
1584370 568
1584380 568
1584390 568
1584400 569
1584410 570
1584420 570
1584430 570
1584440 570
1584450 571
1584460 571
1584470 572
1584480 572
1584490 572
1584500 572
1584510 573
1584520 573
1584530 573
1584540 573
1584550 573
1584560 574
1584570 574
1584580 574
1584590 575
1584600 575
1584610 575
1584620 576
1584630 576
1584640 575
1584650 575
1584660 575
1584670 575
1584680 575
1584690 575
1584700 575
1584710 574
1584720 574
1584730 574
1584740 574
1584750 573
1584760 573
1584770 573
1584780 573
1584790 573
1584800 573
1584810 574
1584820 574
1584830 574
1584840 574
1584850 574
1584860 574
1584870 574
1584880 574
1584890 573
1584900 573
1584910 573
1584920 573
1584930 573
1584940 573
1584950 573
1584960 573
1584970 573
1584980 573
1584990 573
1585000 573
1585010 573
1585020 573
1585030 573
1585040 573
1585050 573
1585060 573
1585070 573
1585080 573
1585090 573
1585100 573
1585110 573
1585120 573
1585130 573
1585140 573
1585150 573
1585160 573
1585170 573
1585180 573
1585190 573
1585200 573
1585210 573
1585220 574
1585230 574
1585240 574
1585250 575
1585260 575
1585270 576
1585280 576
1585290 577
1585300 577
1585310 577
1585320 577
1585330 577
1585340 577
1585350 577
1585360 577
1585370 577
1585380 576
1585390 575
1585400 574
1585410 574
1585420 573
1585430 573
1585440 573
1585450 573
1585460 574
1585470 574
1585480 574
1585490 574
1585500 573
1585510 573
1585520 573
1585530 573
1585540 574
1585550 575
1585560 577
1585570 579
1585580 581
1585590 584
1585600 586
1585610 586
1585620 586
1585630 586
1585640 586
1585650 586
1585660 586
1585670 586
1585680 586
1585690 585
1585700 585
1585710 584
1585720 584
1585730 584
1585740 584
1585750 585
1585760 585
1585770 585
1585780 586
1585790 586
1585800 586
1585810 586
1585820 586
1585830 586
1585840 587
1585850 587
1585860 587
1585870 587
1585880 587
1585890 587
1585900 587
1585910 588
1585920 588
1585930 589
1585940 589
1585950 589
1585960 590
1585970 590
1585980 591
1585990 591
1586000 591
1586010 591
1586020 592
1586030 592
1586040 591
1586050 591
1586060 591
1586070 590
1586080 590
1586090 591
1586100 592
1586110 593
1586120 594
1586130 595
1586140 596
1586150 596
1586160 597
1586170 597
1586180 597
1586190 598
1586200 598
1586210 599
1586220 600
1586230 601
1586240 602
1586250 604
1586260 606
1586270 608
1586280 610
1586290 612
1586300 614
1586310 614
1586320 614
1586330 613
1586340 612
1586350 611
1586360 611
1586370 611
1586380 611
1586390 610
1586400 610
1586410 610
1586420 610
1586430 610
1586440 609
1586450 608
1586460 608
1586470 608
1586480 608
1586490 608
1586500 607
1586510 605
1586520 603
1586530 602
1586540 602
1586550 601
1586560 600
1586570 599
1586580 599
1586590 599
1586600 599
1586610 599
1586620 598
1586630 596
1586640 594
1586650 592
1586660 592
1586670 594
1586680 595
1586690 597
1586700 596
1586710 595
1586720 593
1586730 590
1586740 588
1586750 587
1586760 586
1586770 585
1586780 584
1586790 583
1586800 583
1586810 583
1586820 583
1586830 584
1586840 584
1586850 585
1586860 587
1586870 588
1586880 589
1586890 589
1586900 590
1586910 590
1586920 591
1586930 592
1586940 593
1586950 594
1586960 595
1586970 596
1586980 597
1586990 598
1587000 598
1587010 599
1587020 598
1587030 598
1587040 597
1587050 596
1587060 595
1587070 595
1587080 595
1587090 595
1587100 595
1587110 595
1587120 594
1587130 594
1587140 593
1587150 592
1587160 591
1587170 591
1587180 590
1587190 590
1587200 589
1587210 588
1587220 588
1587230 588
1587240 588
1587250 588
1587260 589
1587270 589
1587280 590
1587290 591
1587300 591
1587310 591
1587320 591
1587330 591
1587340 591
1587350 591
1587360 591
1587370 590
1587380 589
1587390 588
1587400 586
1587410 584
1587420 583
1587430 581
1587440 579
1587450 577
1587460 576
1587470 574
1587480 572
1587490 569
1587500 567
1587510 564
1587520 560
1587530 557
1587540 554
1587550 551
1587560 548
1587570 546
1587580 545
1587590 545
1587600 545
1587610 545
1587620 545
1587630 546
1587640 546
1587650 546
1587660 547
1587670 547
1587680 548
1587690 548
1587700 547
1587710 545
1587720 544
1587730 543
1587740 542
1587750 541
1587760 539
1587770 537
1587780 535
1587790 532
1587800 529
1587810 526
1587820 525
1587830 524
1587840 523
1587850 520
1587860 518
1587870 516
1587880 515
1587890 514
1587900 514
1587910 513
1587920 513
1587930 513
1587940 514
1587950 513
1587960 513
1587970 513
1587980 512
1587990 511
1588000 510
1588010 509
1588020 508
1588030 507
1588040 505
1588050 504
1588060 503
1588070 502
1588080 501
1588090 500
1588100 498
1588110 496
1588120 495
1588130 493
1588140 491
1588150 489
1588160 487
1588170 485
1588180 483
1588190 482
1588200 480
1588210 477
1588220 474
1588230 469
1588240 465
1588250 460
1588260 456
1588270 455
1588280 454
1588290 454
1588300 454
1588310 453
1588320 453
1588330 452
1588340 450
1588350 449
1588360 448
1588370 448
1588380 448
1588390 447
1588400 447
1588410 446
1588420 446
1588430 446
1588440 446
1588450 446
1588460 446
1588470 446
1588480 446
1588490 446
1588500 446
1588510 447
1588520 447
1588530 447
1588540 447
1588550 447
1588560 447
1588570 447
1588580 447
1588590 447
1588600 447
1588610 447
1588620 447
1588630 447
1588640 447
1588650 447
1588660 447
1588670 447
1588680 447
1588690 447
1588700 447
1588710 447
1588720 447
1588730 446
1588740 446
1588750 446
1588760 446
1588770 446
1588780 446
1588790 446
1588800 446
1588810 446
1588820 446
1588830 446
1588840 446
1588850 446
1588860 446
1588870 446
1588880 446
1588890 446
1588900 446
1588910 446
1588920 446
1588930 446
1588940 447
1588950 446
1588960 446
1588970 446
1588980 446
1588990 446
1589000 445
1589010 445
1589020 445
1589030 445
1589040 445
1589050 445
1589060 445
1589070 445
1589080 445
1589090 445
1589100 445
1589110 445
1589120 445
1589130 445
1589140 445
1589150 445
1589160 445
1589170 445
1589180 445
1589190 445
1589200 445
1589210 445
1589220 445
1589230 445
1589240 445
1589250 445
1589260 445
1589270 445
1589280 445
1589290 445
1589300 445
1589310 445
1589320 446
1589330 446
1589340 446
1589350 446
1589360 446
1589370 446
1589380 446
1589390 446
1589400 446
1589410 446
1589420 446
1589430 446
1589440 446
1589450 446
1589460 446
1589470 445
1589480 445
1589490 445
1589500 445
1589510 445
1589520 445
1589530 445
1589540 445
1589550 445
1589560 445
1589570 445
1589580 445
1589590 445
1589600 445
1589610 445
1589620 445
1589630 445
1589640 445
1589650 445
1589660 445
1589670 446
1589680 445
1589690 445
1589700 445
1589710 445
1589720 445
1589730 445
1589740 445
1589750 445
1589760 445
1589770 445
1589780 445
1589790 445
1589800 445
1589810 445
1589820 445
1589830 445
1589840 445
1589850 445
1589860 445
1589870 445
1589880 445
1589890 445
1589900 445
1589910 445
1589920 445
1589930 445
1589940 445
1589950 445
1589960 445
1589970 445
1589980 445
1589990 445
1590000 445
1590010 445
1590020 445
1590030 445
1590040 445
1590050 445
1590060 445
1590070 445
1590080 445
1590090 445
1590100 445
1590110 445
1590120 445
1590130 446
1590140 446
1590150 447
1590160 446
1590170 445
1590180 445
1590190 446
1590200 446
1590210 447
1590220 447
1590230 448
1590240 449
1590250 450
1590260 452
1590270 453
1590280 455
1590290 455
1590300 456
1590310 457
1590320 457
1590330 457
1590340 457
1590350 457
1590360 455
1590370 453
1590380 452
1590390 453
1590400 453
1590410 454
1590420 454
1590430 453
1590440 453
1590450 452
1590460 451
1590470 450
1590480 450
1590490 450
1590500 450
1590510 450
1590520 450
1590530 450
1590540 450
1590550 449
1590560 450
1590570 451
1590580 453
1590590 455
1590600 457
1590610 457
1590620 458
1590630 458
1590640 458
1590650 457
1590660 455
1590670 454
1590680 453
1590690 452
1590700 452
1590710 452
1590720 451
1590730 451
1590740 451
1590750 451
1590760 451
1590770 451
1590780 451
1590790 452
1590800 452
1590810 452
1590820 452
1590830 452
1590840 452
1590850 452
1590860 452
1590870 453
1590880 453
1590890 453
1590900 453
1590910 453
1590920 453
1590930 455
1590940 455
1590950 456
1590960 456
1590970 455
1590980 454
1590990 453
1591000 453
1591010 453
1591020 453
1591030 453
1591040 453
1591050 453
1591060 453
1591070 453
1591080 453
1591090 453
1591100 453
1591110 454
1591120 453
1591130 454
1591140 454
1591150 454
1591160 454
1591170 455
1591180 455
1591190 455
1591200 455
1591210 455
1591220 456
1591230 457
1591240 458
1591250 461
1591260 463
1591270 465
1591280 466
1591290 467
1591300 467
1591310 467
1591320 468
1591330 468
1591340 468
1591350 469
1591360 470
1591370 470
1591380 470
1591390 470
1591400 470
1591410 471
1591420 472
1591430 473
1591440 473
1591450 473
1591460 473
1591470 473
1591480 474
1591490 474
1591500 474
1591510 474
1591520 474
1591530 474
1591540 474
1591550 475
1591560 475
1591570 474
1591580 474
1591590 472
1591600 467
1591610 461
1591620 455
1591630 453
1591640 450
1591650 447
1591660 444
1591670 443
1591680 442
1591690 442
1591700 441
1591710 441
1591720 441
1591730 441
1591740 441
1591750 441
1591760 441
1591770 441
1591780 442
1591790 442
1591800 442
1591810 442
1591820 442
1591830 442
1591840 442
1591850 442
1591860 442
1591870 442
1591880 442
1591890 442
1591900 442
1591910 442
1591920 442
1591930 442
1591940 442
1591950 442
1591960 442
1591970 442
1591980 442
1591990 442
1592000 442
1592010 442
1592020 442
1592030 442
1592040 442
1592050 442
1592060 441
1592070 441
1592080 441
1592090 441
1592100 441
1592110 441
1592120 441
1592130 441
1592140 441
1592150 440
1592160 440
1592170 440
1592180 440
1592190 440
1592200 440
1592210 439
1592220 439
1592230 439
1592240 439
1592250 439
1592260 439
1592270 439
1592280 439
1592290 438
1592300 438
1592310 438
1592320 438
1592330 438
1592340 438
1592350 438
1592360 438
1592370 437
1592380 437
1592390 438
1592400 438
1592410 438
1592420 438
1592430 438
1592440 438
1592450 438
1592460 438
1592470 438
1592480 438
1592490 438
1592500 438
1592510 438
1592520 438
1592530 438
1592540 437
1592550 437
1592560 437
1592570 437
1592580 437
1592590 437
1592600 437
1592610 437
1592620 437
1592630 437
1592640 437
1592650 437
1592660 437
1592670 437
1592680 437
1592690 437
1592700 437
1592710 437
1592720 437
1592730 437
1592740 437
1592750 437
1592760 437
1592770 437
1592780 436
1592790 436
1592800 436
1592810 437
1592820 437
1592830 437
1592840 437
1592850 436
1592860 436
1592870 436
1592880 437
1592890 437
1592900 437
1592910 437
1592920 437
1592930 437
1592940 437
1592950 436
1592960 436
1592970 436
1592980 436
1592990 436
1593000 436
1593010 436
1593020 436
1593030 436
1593040 436
1593050 436
1593060 436
1593070 436
1593080 436
1593090 436
1593100 436
1593110 436
1593120 436
1593130 436
1593140 436
1593150 436
1593160 436
1593170 436
1593180 437
1593190 437
1593200 437
1593210 437
1593220 437
1593230 438
1593240 438
1593250 438
1593260 438
1593270 438
1593280 438
1593290 438
1593300 438
1593310 438
1593320 438
1593330 438
1593340 438
1593350 438
1593360 438
1593370 438
1593380 437
1593390 437
1593400 437
1593410 437
1593420 437
1593430 437
1593440 436
1593450 436
1593460 436
1593470 436
1593480 436
1593490 436
1593500 436
1593510 436
1593520 436
1593530 436
1593540 436
1593550 436
1593560 437
1593570 437
1593580 437
1593590 438
1593600 438
1593610 439
1593620 439
1593630 440
1593640 441
1593650 442
1593660 444
1593670 445
1593680 447
1593690 448
1593700 450
1593710 451
1593720 453
1593730 454
1593740 456
1593750 457
1593760 457
1593770 457
1593780 457
1593790 457
1593800 457
1593810 457
1593820 457
1593830 457
1593840 457
1593850 456
1593860 455
1593870 453
1593880 452
1593890 452
1593900 453
1593910 454
1593920 454
1593930 456
1593940 458
1593950 460
1593960 462
1593970 465
1593980 467
1593990 469
1594000 472
1594010 475
1594020 478
1594030 480
1594040 482
1594050 483
1594060 485
1594070 486
1594080 487
1594090 488
1594100 488
1594110 488
1594120 488
1594130 487
1594140 486
1594150 486
1594160 485
1594170 485
1594180 485
1594190 486
1594200 486
1594210 487
1594220 488
1594230 489
1594240 491
1594250 492
1594260 494
1594270 495
1594280 496
1594290 497
1594300 497
1594310 498
1594320 498
1594330 500
1594340 501
1594350 503
1594360 506
1594370 509
1594380 511
1594390 513
1594400 514
1594410 514
1594420 515
1594430 516
1594440 516
1594450 517
1594460 518
1594470 520
1594480 523
1594490 525
1594500 526
1594510 525
1594520 524
1594530 523
1594540 523
1594550 523
1594560 524
1594570 524
1594580 525
1594590 526
1594600 527
1594610 528
1594620 528
1594630 529
1594640 530
1594650 533
1594660 535
1594670 538
1594680 540
1594690 542
1594700 544
1594710 545
1594720 546
1594730 547
1594740 548
1594750 549
1594760 550
1594770 551
1594780 552
1594790 553
1594800 554
1594810 555
1594820 556
1594830 557
1594840 558
1594850 559
1594860 559
1594870 560
1594880 560
1594890 561
1594900 561
1594910 563
1594920 564
1594930 566
1594940 567
1594950 569
1594960 571
1594970 574
1594980 577
1594990 581
1595000 585
1595010 589
1595020 592
1595030 594
1595040 596
1595050 598
1595060 603
1595070 605
1595080 607
1595090 608
1595100 610
1595110 611
1595120 613
1595130 614
1595140 614
1595150 615
1595160 615
1595170 615
1595180 615
1595190 614
1595200 612
1595210 609
1595220 605
1595230 602
1595240 598
1595250 596
1595260 598
1595270 601
1595280 605
1595290 609
1595300 611
1595310 614
1595320 616
1595330 618
1595340 621
1595350 623
1595360 625
1595370 627
1595380 629
1595390 633
1595400 635
1595410 638
1595420 639
1595430 641
1595440 642
1595450 643
1595460 644
1595470 646
1595480 646
1595490 648
1595500 650
1595510 652
1595520 653
1595530 654
1595540 655
1595550 656
1595560 656
1595570 657
1595580 657
1595590 657
1595600 657
1595610 657
1595620 655
1595630 654
1595640 652
1595650 652
1595660 652
1595670 653
1595680 653
1595690 653
1595700 652
1595710 651
1595720 649
1595730 649
1595740 648
1595750 648
1595760 648
1595770 647
1595780 646
1595790 646
1595800 646
1595810 646
1595820 646
1595830 646
1595840 647
1595850 647
1595860 648
1595870 648
1595880 648
1595890 647
1595900 646
1595910 646
1595920 645
1595930 645
1595940 645
1595950 645
1595960 644
1595970 644
1595980 644
1595990 644
1596000 644
1596010 644
1596020 644
1596030 644
1596040 644
1596050 644
1596060 644
1596070 644
1596080 644
1596090 643
1596100 643
1596110 643
1596120 642
1596130 639
1596140 636
1596150 632
1596160 630
1596170 627
1596180 625
1596190 623
1596200 622
1596210 621
1596220 621
1596230 621
1596240 621
1596250 620
1596260 621
1596270 621
1596280 621
1596290 621
1596300 621
1596310 622
1596320 622
1596330 623
1596340 623
1596350 624
1596360 624
1596370 625
1596380 626
1596390 626
1596400 627
1596410 628
1596420 629
1596430 629
1596440 630
1596450 631
1596460 632
1596470 633
1596480 634
1596490 636
1596500 637
1596510 638
1596520 640
1596530 641
1596540 643
1596550 644
1596560 646
1596570 650
1596580 654
1596590 657
1596600 661
1596610 663
1596620 664
1596630 665
1596640 667
1596650 671
1596660 674
1596670 677
1596680 678
1596690 678
1596700 678
1596710 677
1596720 677
1596730 677
1596740 677
1596750 677
1596760 678
1596770 678
1596780 679
1596790 680
1596800 679
1596810 679
1596820 679
1596830 679
1596840 680
1596850 682
1596860 684
1596870 685
1596880 687
1596890 688
1596900 689
1596910 689
1596920 689
1596930 688
1596940 688
1596950 688
1596960 688
1596970 690
1596980 693
1596990 696
1597000 700
1597010 704
1597020 706
1597030 707
1597040 706
1597050 705
1597060 702
1597070 700
1597080 699
1597090 698
1597100 696
1597110 696
1597120 695
1597130 695
1597140 696
1597150 697
1597160 698
1597170 699
1597180 699
1597190 697
1597200 695
1597210 694
1597220 693
1597230 692
1597240 691
1597250 690
1597260 688
1597270 687
1597280 686
1597290 687
1597300 689
1597310 692
1597320 693
1597330 694
1597340 694
1597350 693
1597360 692
1597370 689
1597380 687
1597390 685
1597400 683
1597410 680
1597420 679
1597430 678
1597440 677
1597450 677
1597460 676
1597470 674
1597480 672
1597490 669
1597500 664
1597510 656
1597520 643
1597530 626
1597540 616
1597550 608
1597560 603
1597570 598
1597580 593
1597590 589
1597600 585
1597610 582
1597620 579
1597630 577
1597640 576
1597650 574
1597660 573
1597670 572
1597680 571
1597690 569
1597700 568
1597710 567
1597720 566
1597730 566
1597740 565
1597750 565
1597760 564
1597770 564
1597780 564
1597790 563
1597800 563
1597810 562
1597820 562
1597830 561
1597840 561
1597850 561
1597860 560
1597870 559
1597880 558
1597890 558
1597900 557
1597910 556
1597920 555
1597930 554
1597940 554
1597950 553
1597960 552
1597970 551
1597980 551
1597990 551
1598000 551
1598010 552
1598020 554
1598030 555
1598040 556
1598050 557
1598060 557
1598070 556
1598080 556
1598090 555
1598100 554
1598110 553
1598120 552
1598130 548
1598140 541
1598150 536
1598160 536
1598170 541
1598180 547
1598190 549
1598200 551
1598210 551
1598220 551
1598230 551
1598240 551
1598250 551
1598260 551
1598270 550
1598280 550
1598290 549
1598300 548
1598310 548
1598320 549
1598330 549
1598340 549
1598350 550
1598360 550
1598370 550
1598380 551
1598390 552
1598400 552
1598410 553
1598420 554
1598430 555
1598440 556
1598450 558
1598460 559
1598470 559
1598480 560
1598490 559
1598500 559
1598510 559
1598520 559
1598530 559
1598540 559
1598550 559
1598560 559
1598570 560
1598580 561
1598590 563
1598600 564
1598610 565
1598620 565
1598630 566
1598640 566
1598650 567
1598660 567
1598670 566
1598680 565
1598690 563
1598700 562
1598710 560
1598720 560
1598730 562
1598740 564
1598750 566
1598760 568
1598770 571
1598780 573
1598790 574
1598800 575
1598810 576
1598820 576
1598830 577
1598840 577
1598850 577
1598860 575
1598870 573
1598880 569
1598890 567
1598900 566
1598910 564
1598920 563
1598930 562
1598940 561
1598950 560
1598960 560
1598970 560
1598980 561
1598990 561
1599000 562
1599010 562
1599020 561
1599030 559
1599040 558
1599050 561
1599060 565
1599070 570
1599080 575
1599090 579
1599100 583
1599110 586
1599120 589
1599130 592
1599140 595
1599150 597
1599160 598
1599170 601
1599180 604
1599190 606
1599200 609
1599210 611
1599220 614
1599230 616
1599240 619
1599250 621
1599260 624
1599270 626
1599280 628
1599290 630
1599300 633
1599310 635
1599320 638
1599330 642
1599340 644
1599350 646
1599360 648
1599370 650
1599380 653
1599390 657
1599400 661
1599410 664
1599420 666
1599430 668
1599440 670
1599450 671
1599460 673
1599470 675
1599480 678
1599490 682
1599500 684
1599510 685
1599520 686
1599530 686
1599540 686
1599550 687
1599560 687
1599570 689
1599580 691
1599590 694
1599600 696
1599610 699
1599620 701
1599630 703
1599640 706
1599650 708
1599660 709
1599670 710
1599680 711
1599690 712
1599700 712
1599710 712
1599720 712
1599730 713
1599740 713
1599750 713
1599760 712
1599770 711
1599780 712
1599790 712
1599800 713
1599810 713
1599820 714
1599830 714
1599840 715
1599850 715
1599860 716
1599870 717
1599880 718
1599890 719
1599900 721
1599910 721
1599920 721
1599930 721
1599940 721
1599950 721
1599960 722
1599970 722
1599980 721
1599990 721
