1580000 645
1580010 646
1580020 646
1580030 647
1580040 648
1580050 649
1580060 649
1580070 649
1580080 649
1580090 650
1580100 650
1580110 650
1580120 650
1580130 651
1580140 651
1580150 651
1580160 651
1580170 651
1580180 651
1580190 651
1580200 651
1580210 652
1580220 652
1580230 652
1580240 653
1580250 653
1580260 653
1580270 653
1580280 653
1580290 653
1580300 654
1580310 654
1580320 655
1580330 655
1580340 656
1580350 656
1580360 657
1580370 657
1580380 658
1580390 658
1580400 658
1580410 659
1580420 659
1580430 659
1580440 660
1580450 660
1580460 661
1580470 663
1580480 664
1580490 665
1580500 667
1580510 668
1580520 669
1580530 669
1580540 670
1580550 670
1580560 671
1580570 671
1580580 671
1580590 671
1580600 671
1580610 671
1580620 671
1580630 671
1580640 671
1580650 670
1580660 670
1580670 669
1580680 668
1580690 667
1580700 666
1580710 666
1580720 666
1580730 667
1580740 667
1580750 667
1580760 667
1580770 667
1580780 666
1580790 666
1580800 665
1580810 664
1580820 662
1580830 660
1580840 658
1580850 657
1580860 656
1580870 655
1580880 655
1580890 655
1580900 655
1580910 655
1580920 654
1580930 654
1580940 653
1580950 653
1580960 653
1580970 652
1580980 652
1580990 652
1581000 652
1581010 651
1581020 651
1581030 650
1581040 650
1581050 651
1581060 651
1581070 651
1581080 651
1581090 651
1581100 651
1581110 651
1581120 650
1581130 650
1581140 650
1581150 649
1581160 648
1581170 647
1581180 646
1581190 646
1581200 645
1581210 644
1581220 644
1581230 642
1581240 641
1581250 639
1581260 638
1581270 638
1581280 638
1581290 638
1581300 639
1581310 640
1581320 640
1581330 641
1581340 641
1581350 642
1581360 642
1581370 642
1581380 642
1581390 641
1581400 640
1581410 640
1581420 640
1581430 640
1581440 640
1581450 639
1581460 639
1581470 639
1581480 639
1581490 639
1581500 638
1581510 638
1581520 638
1581530 638
1581540 638
1581550 638
1581560 637
1581570 635
1581580 633
1581590 631
1581600 629
1581610 627
1581620 625
1581630 623
1581640 620
1581650 617
1581660 614
1581670 612
1581680 610
1581690 609
1581700 607
1581710 606
1581720 604
1581730 603
1581740 601
1581750 599
1581760 597
1581770 595
1581780 594
1581790 592
1581800 590
1581810 588
1581820 587
1581830 585
1581840 583
1581850 582
1581860 580
1581870 579
1581880 578
1581890 576
1581900 575
1581910 573
1581920 572
1581930 570
1581940 569
1581950 568
1581960 566
1581970 565
1581980 563
1581990 562
1582000 561
1582010 560
1582020 560
1582030 559
1582040 559
1582050 559
1582060 560
1582070 560
1582080 561
1582090 561
1582100 560
1582110 560
1582120 560
1582130 560
1582140 560
1582150 560
1582160 560
1582170 561
1582180 562
1582190 563
1582200 565
1582210 567
1582220 568
1582230 570
1582240 572
1582250 574
1582260 576
1582270 578
1582280 580
1582290 582
1582300 584
1582310 585
1582320 586
1582330 587
1582340 588
1582350 590
1582360 592
1582370 594
1582380 595
1582390 597
1582400 599
1582410 602
1582420 604
1582430 607
1582440 609
1582450 610
1582460 612
1582470 615
1582480 617
1582490 619
1582500 620
1582510 621
1582520 622
1582530 624
1582540 626
1582550 628
1582560 630
1582570 632
1582580 634
1582590 636
1582600 638
1582610 639
1582620 641
1582630 643
1582640 646
1582650 648
1582660 650
1582670 652
1582680 654
1582690 655
1582700 656
1582710 657
1582720 658
1582730 660
1582740 661
1582750 662
1582760 664
1582770 665
1582780 666
1582790 668
1582800 669
1582810 670
1582820 671
1582830 673
1582840 674
1582850 675
1582860 676
1582870 678
1582880 679
1582890 680
1582900 682
1582910 684
1582920 685
1582930 687
1582940 688
1582950 689
1582960 690
1582970 690
1582980 691
1582990 693
1583000 696
1583010 698
1583020 700
1583030 702
1583040 704
1583050 706
1583060 707
1583070 709
1583080 710
1583090 711
1583100 712
1583110 713
1583120 714
1583130 715
1583140 716
1583150 717
1583160 718
1583170 719
1583180 719
1583190 719
1583200 719
1583210 718
1583220 718
1583230 717
1583240 716
1583250 715
1583260 714
1583270 712
1583280 711
1583290 710
1583300 708
1583310 705
1583320 702
1583330 699
1583340 696
1583350 694
1583360 692
1583370 689
1583380 686
1583390 684
1583400 683
1583410 682
1583420 681
1583430 680
1583440 679
1583450 678
1583460 679
1583470 680
1583480 682
1583490 685
1583500 686
1583510 686
1583520 687
1583530 688
1583540 690
1583550 692
1583560 693
1583570 694
1583580 694
1583590 693
1583600 692
1583610 691
1583620 690
1583630 690
1583640 690
1583650 691
1583660 691
1583670 692
1583680 693
1583690 694
1583700 695
1583710 697
1583720 697
1583730 698
1583740 698
1583750 699
1583760 700
1583770 701
1583780 701
1583790 700
1583800 700
1583810 699
1583820 699
1583830 699
1583840 699
1583850 701
1583860 702
1583870 704
1583880 704
1583890 703
1583900 702
1583910 701
1583920 699
1583930 696
1583940 694
1583950 691
1583960 689
1583970 687
1583980 685
1583990 684
1584000 684
1584010 683
1584020 683
1584030 683
1584040 683
1584050 682
1584060 682
1584070 682
1584080 682
1584090 681
1584100 681
1584110 680
1584120 679
1584130 678
1584140 677
1584150 675
1584160 674
1584170 673
1584180 672
1584190 672
1584200 671
1584210 671
1584220 671
1584230 671
1584240 671
1584250 671
1584260 671
1584270 671
1584280 672
1584290 673
1584300 675
1584310 677
1584320 678
1584330 678
1584340 678
1584350 678
1584360 677
1584370 675
1584380 674
1584390 672
1584400 670
1584410 669
1584420 667
1584430 666
1584440 665
1584450 664
1584460 664
1584470 665
1584480 666
1584490 668
1584500 670
1584510 672
1584520 673
1584530 673
1584540 674
1584550 674
1584560 675
1584570 677
1584580 678
1584590 680
1584600 682
1584610 684
1584620 686
1584630 687
1584640 689
1584650 691
1584660 693
1584670 696
1584680 699
1584690 702
1584700 705
1584710 708
1584720 710
1584730 712
1584740 713
1584750 714
1584760 715
1584770 716
1584780 716
1584790 717
1584800 717
1584810 717
1584820 717
1584830 716
1584840 716
1584850 715
1584860 715
1584870 715
1584880 716
1584890 716
1584900 717
1584910 718
1584920 718
1584930 718
1584940 718
1584950 719
1584960 719
1584970 721
1584980 722
1584990 724
1585000 725
1585010 726
1585020 728
1585030 729
1585040 731
1585050 732
1585060 734
1585070 735
1585080 735
1585090 736
1585100 736
1585110 736
1585120 735
1585130 734
1585140 733
1585150 733
1585160 734
1585170 734
1585180 735
1585190 736
1585200 737
1585210 737
1585220 736
1585230 736
1585240 736
1585250 735
1585260 733
1585270 729
1585280 725
1585290 723
1585300 721
1585310 720
1585320 718
1585330 716
1585340 714
1585350 712
1585360 711
1585370 710
1585380 709
1585390 708
1585400 707
1585410 706
1585420 704
1585430 703
1585440 701
1585450 699
1585460 697
1585470 695
1585480 693
1585490 691
1585500 688
1585510 685
1585520 683
1585530 681
1585540 679
1585550 677
1585560 676
1585570 675
1585580 672
1585590 670
1585600 667
1585610 663
1585620 660
1585630 656
1585640 653
1585650 650
1585660 648
1585670 646
1585680 644
1585690 643
1585700 642
1585710 639
1585720 636
1585730 632
1585740 629
1585750 626
1585760 623
1585770 621
1585780 620
1585790 618
1585800 616
1585810 614
1585820 613
1585830 611
1585840 609
1585850 607
1585860 605
1585870 603
1585880 601
1585890 598
1585900 596
1585910 594
1585920 592
1585930 589
1585940 587
1585950 585
1585960 584
1585970 582
1585980 581
1585990 579
1586000 578
1586010 577
1586020 577
1586030 577
1586040 577
1586050 576
1586060 575
1586070 574
1586080 573
1586090 572
1586100 571
1586110 570
1586120 569
1586130 568
1586140 566
1586150 565
1586160 565
1586170 564
1586180 563
1586190 561
1586200 560
1586210 559
1586220 558
1586230 556
1586240 553
1586250 551
1586260 550
1586270 548
1586280 547
1586290 546
1586300 544
1586310 542
1586320 540
1586330 539
1586340 538
1586350 537
1586360 537
1586370 538
1586380 539
1586390 541
1586400 542
1586410 542
1586420 542
1586430 542
1586440 542
1586450 542
1586460 542
1586470 541
1586480 541
1586490 541
1586500 541
1586510 543
1586520 544
1586530 545
1586540 547
1586550 548
1586560 550
1586570 552
1586580 554
1586590 556
1586600 557
1586610 557
1586620 557
1586630 557
1586640 556
1586650 555
1586660 554
1586670 554
1586680 554
1586690 554
1586700 554
1586710 554
1586720 553
1586730 553
1586740 553
1586750 552
1586760 552
1586770 551
1586780 550
1586790 549
1586800 548
1586810 546
1586820 543
1586830 541
1586840 540
1586850 539
1586860 538
1586870 538
1586880 539
1586890 539
1586900 538
1586910 538
1586920 537
1586930 536
1586940 536
1586950 535
1586960 533
1586970 532
1586980 531
1586990 529
1587000 528
1587010 527
1587020 525
1587030 524
1587040 523
1587050 521
1587060 520
1587070 518
1587080 517
1587090 516
1587100 515
1587110 514
1587120 513
1587130 511
1587140 509
1587150 508
1587160 506
1587170 504
1587180 503
1587190 501
1587200 500
1587210 500
1587220 499
1587230 498
1587240 496
1587250 494
1587260 492
1587270 492
1587280 491
1587290 492
1587300 492
1587310 492
1587320 492
1587330 492
1587340 491
1587350 489
1587360 488
1587370 487
1587380 485
1587390 484
1587400 483
1587410 481
1587420 480
1587430 479
1587440 478
1587450 476
1587460 475
1587470 473
1587480 472
1587490 471
1587500 469
1587510 468
1587520 467
1587530 467
1587540 466
1587550 466
1587560 465
1587570 464
1587580 463
1587590 463
1587600 462
1587610 462
1587620 461
1587630 461
1587640 461
1587650 461
1587660 461
1587670 460
1587680 460
1587690 460
1587700 459
1587710 459
1587720 460
1587730 460
1587740 460
1587750 460
1587760 460
1587770 460
1587780 461
1587790 461
1587800 461
1587810 462
1587820 462
1587830 463
1587840 463
1587850 464
1587860 463
1587870 463
1587880 463
1587890 463
1587900 463
1587910 463
1587920 463
1587930 463
1587940 462
1587950 461
1587960 459
1587970 458
1587980 457
1587990 457
1588000 456
1588010 455
1588020 454
1588030 452
1588040 451
1588050 449
1588060 448
1588070 447
1588080 446
1588090 445
1588100 445
1588110 444
1588120 444
1588130 444
1588140 444
1588150 443
1588160 443
1588170 443
1588180 443
1588190 443
1588200 442
1588210 442
1588220 442
1588230 442
1588240 441
1588250 441
1588260 441
1588270 441
1588280 441
1588290 441
1588300 441
1588310 441
1588320 441
1588330 441
1588340 441
1588350 441
1588360 441
1588370 441
1588380 441
1588390 441
1588400 441
1588410 441
1588420 441
1588430 441
1588440 441
1588450 441
1588460 441
1588470 441
1588480 441
1588490 441
1588500 441
1588510 441
1588520 441
1588530 441
1588540 441
1588550 441
1588560 441
1588570 441
1588580 441
1588590 441
1588600 441
1588610 441
1588620 441
1588630 441
1588640 441
1588650 441
1588660 441
1588670 441
1588680 441
1588690 441
1588700 441
1588710 441
1588720 441
1588730 441
1588740 441
1588750 441
1588760 441
1588770 441
1588780 441
1588790 441
1588800 441
1588810 441
1588820 441
1588830 441
1588840 441
1588850 441
1588860 440
1588870 441
1588880 441
1588890 441
1588900 441
1588910 441
1588920 441
1588930 441
1588940 440
1588950 441
1588960 441
1588970 441
1588980 441
1588990 441
1589000 441
1589010 441
1589020 441
1589030 441
1589040 441
1589050 441
1589060 441
1589070 441
1589080 441
1589090 441
1589100 441
1589110 441
1589120 441
1589130 440
1589140 440
1589150 440
1589160 440
1589170 440
1589180 440
1589190 440
1589200 440
1589210 440
1589220 440
1589230 440
1589240 440
1589250 440
1589260 440
1589270 440
1589280 440
1589290 440
1589300 440
1589310 440
1589320 440
1589330 440
1589340 440
1589350 440
1589360 440
1589370 440
1589380 440
1589390 440
1589400 440
1589410 440
1589420 440
1589430 440
1589440 440
1589450 440
1589460 440
1589470 440
1589480 440
1589490 440
1589500 440
1589510 440
1589520 440
1589530 440
1589540 440
1589550 440
1589560 440
1589570 440
1589580 440
1589590 440
1589600 440
1589610 440
1589620 440
1589630 440
1589640 440
1589650 440
1589660 440
1589670 440
1589680 440
1589690 440
1589700 440
1589710 439
1589720 439
1589730 439
1589740 440
1589750 440
1589760 440
1589770 440
1589780 440
1589790 440
1589800 439
1589810 439
1589820 440
1589830 440
1589840 440
1589850 440
1589860 440
1589870 439
1589880 439
1589890 439
1589900 439
1589910 439
1589920 439
1589930 439
1589940 439
1589950 439
1589960 440
1589970 440
1589980 440
1589990 440
1590000 439
1590010 439
1590020 439
1590030 439
1590040 439
1590050 439
1590060 439
1590070 439
1590080 439
1590090 439
1590100 439
1590110 439
1590120 439
1590130 439
1590140 439
1590150 439
1590160 439
1590170 439
1590180 439
1590190 439
1590200 439
1590210 439
1590220 439
1590230 439
1590240 439
1590250 439
1590260 439
1590270 439
1590280 439
1590290 439
1590300 439
1590310 439
1590320 439
1590330 439
1590340 439
1590350 439
1590360 439
1590370 439
1590380 439
1590390 439
1590400 439
1590410 439
1590420 439
1590430 439
1590440 439
1590450 439
1590460 439
1590470 439
1590480 439
1590490 439
1590500 439
1590510 439
1590520 439
1590530 439
1590540 439
1590550 439
1590560 439
1590570 439
1590580 439
1590590 439
1590600 439
1590610 439
1590620 439
1590630 439
1590640 439
1590650 439
1590660 439
1590670 439
1590680 439
1590690 439
1590700 439
1590710 440
1590720 440
1590730 440
1590740 439
1590750 439
1590760 439
1590770 439
1590780 439
1590790 439
1590800 439
1590810 439
1590820 439
1590830 439
1590840 439
1590850 439
1590860 439
1590870 439
1590880 439
1590890 439
1590900 439
1590910 439
1590920 439
1590930 439
1590940 439
1590950 439
1590960 439
1590970 439
1590980 439
1590990 439
1591000 439
1591010 439
1591020 439
1591030 439
1591040 439
1591050 439
1591060 439
1591070 439
1591080 439
1591090 439
1591100 439
1591110 439
1591120 439
1591130 439
1591140 439
1591150 439
1591160 439
1591170 439
1591180 439
1591190 439
1591200 439
1591210 439
1591220 439
1591230 439
1591240 439
1591250 439
1591260 439
1591270 439
1591280 439
1591290 440
1591300 440
1591310 440
1591320 440
1591330 440
1591340 440
1591350 440
1591360 440
1591370 440
1591380 439
1591390 439
1591400 439
1591410 439
1591420 439
1591430 439
1591440 440
1591450 441
1591460 442
1591470 442
1591480 441
1591490 440
1591500 439
1591510 439
1591520 439
1591530 440
1591540 440
1591550 440
1591560 440
1591570 439
1591580 439
1591590 439
1591600 439
1591610 438
1591620 438
1591630 438
1591640 438
1591650 438
1591660 438
1591670 438
1591680 438
1591690 438
1591700 438
1591710 438
1591720 438
1591730 438
1591740 438
1591750 438
1591760 438
1591770 438
1591780 438
1591790 438
1591800 438
1591810 438
1591820 438
1591830 438
1591840 438
1591850 438
1591860 438
1591870 438
1591880 438
1591890 438
1591900 438
1591910 438
1591920 438
1591930 438
1591940 438
1591950 438
1591960 438
1591970 439
1591980 439
1591990 439
1592000 439
1592010 438
1592020 438
1592030 438
1592040 438
1592050 438
1592060 438
1592070 438
1592080 438
1592090 438
1592100 438
1592110 438
1592120 438
1592130 438
1592140 438
1592150 438
1592160 438
1592170 438
1592180 438
1592190 438
1592200 438
1592210 438
1592220 438
1592230 438
1592240 438
1592250 438
1592260 438
1592270 438
1592280 438
1592290 438
1592300 438
1592310 438
1592320 438
1592330 438
1592340 438
1592350 438
1592360 438
1592370 438
1592380 438
1592390 438
1592400 438
1592410 438
1592420 438
1592430 438
1592440 438
1592450 438
1592460 438
1592470 438
1592480 438
1592490 438
1592500 438
1592510 438
1592520 438
1592530 438
1592540 438
1592550 438
1592560 438
1592570 438
1592580 438
1592590 438
1592600 438
1592610 438
1592620 438
1592630 438
1592640 438
1592650 438
1592660 438
1592670 439
1592680 439
1592690 439
1592700 439
1592710 439
1592720 439
1592730 439
1592740 439
1592750 439
1592760 439
1592770 439
1592780 439
1592790 439
1592800 439
1592810 439
1592820 439
1592830 439
1592840 439
1592850 439
1592860 439
1592870 439
1592880 439
1592890 439
1592900 438
1592910 438
1592920 438
1592930 438
1592940 439
1592950 440
1592960 440
1592970 440
1592980 438
1592990 438
1593000 438
1593010 438
1593020 438
1593030 438
1593040 438
1593050 438
1593060 438
1593070 438
1593080 438
1593090 438
1593100 438
1593110 438
1593120 438
1593130 438
1593140 437
1593150 437
1593160 437
1593170 437
1593180 438
1593190 438
1593200 438
1593210 438
1593220 438
1593230 438
1593240 438
1593250 438
1593260 438
1593270 438
1593280 438
1593290 438
1593300 438
1593310 438
1593320 438
1593330 438
1593340 438
1593350 438
1593360 438
1593370 438
1593380 438
1593390 438
1593400 438
1593410 438
1593420 438
1593430 438
1593440 438
1593450 438
1593460 438
1593470 438
1593480 438
1593490 438
1593500 438
1593510 438
1593520 438
1593530 438
1593540 438
1593550 437
1593560 437
1593570 437
1593580 437
1593590 437
1593600 437
1593610 437
1593620 437
1593630 437
1593640 437
1593650 436
1593660 436
1593670 436
1593680 437
1593690 437
1593700 437
1593710 437
1593720 437
1593730 437
1593740 437
1593750 437
1593760 437
1593770 436
1593780 436
1593790 436
1593800 436
1593810 436
1593820 436
1593830 437
1593840 437
1593850 436
1593860 436
1593870 436
1593880 436
1593890 436
1593900 436
1593910 436
1593920 436
1593930 436
1593940 436
1593950 436
1593960 436
1593970 436
1593980 436
1593990 436
1594000 437
1594010 436
1594020 436
1594030 436
1594040 436
1594050 436
1594060 436
1594070 436
1594080 436
1594090 436
1594100 436
1594110 436
1594120 436
1594130 436
1594140 436
1594150 436
1594160 436
1594170 436
1594180 436
1594190 436
1594200 436
1594210 436
1594220 436
1594230 436
1594240 436
1594250 436
1594260 436
1594270 436
1594280 436
1594290 436
1594300 436
1594310 436
1594320 436
1594330 436
1594340 436
1594350 436
1594360 436
1594370 436
1594380 436
1594390 436
1594400 436
1594410 436
1594420 436
1594430 436
1594440 436
1594450 435
1594460 435
1594470 435
1594480 435
1594490 435
1594500 435
1594510 435
1594520 435
1594530 435
1594540 435
1594550 435
1594560 435
1594570 435
1594580 435
1594590 435
1594600 435
1594610 435
1594620 435
1594630 435
1594640 435
1594650 435
1594660 435
1594670 435
1594680 435
1594690 435
1594700 435
1594710 435
1594720 435
1594730 435
1594740 435
1594750 435
1594760 435
1594770 435
1594780 435
1594790 435
1594800 435
1594810 435
1594820 435
1594830 435
1594840 435
1594850 435
1594860 435
1594870 435
1594880 435
1594890 435
1594900 435
1594910 435
1594920 435
1594930 435
1594940 435
1594950 435
1594960 435
1594970 435
1594980 435
1594990 435
1595000 435
1595010 435
1595020 435
1595030 435
1595040 435
1595050 435
1595060 435
1595070 435
1595080 435
1595090 435
1595100 435
1595110 435
1595120 435
1595130 435
1595140 435
1595150 435
1595160 435
1595170 435
1595180 435
1595190 435
1595200 435
1595210 435
1595220 435
1595230 435
1595240 435
1595250 435
1595260 435
1595270 435
1595280 435
1595290 435
1595300 435
1595310 435
1595320 435
1595330 435
1595340 434
1595350 434
1595360 434
1595370 434
1595380 434
1595390 434
1595400 434
1595410 434
1595420 434
1595430 434
1595440 434
1595450 434
1595460 434
1595470 434
1595480 434
1595490 434
1595500 434
1595510 434
1595520 434
1595530 434
1595540 434
1595550 434
1595560 434
1595570 434
1595580 434
1595590 434
1595600 434
1595610 434
1595620 434
1595630 434
1595640 434
1595650 434
1595660 434
1595670 435
1595680 435
1595690 435
1595700 435
1595710 435
1595720 434
1595730 434
1595740 434
1595750 434
1595760 434
1595770 434
1595780 434
1595790 434
1595800 434
1595810 434
1595820 434
1595830 434
1595840 434
1595850 434
1595860 434
1595870 434
1595880 434
1595890 434
1595900 434
1595910 434
1595920 434
1595930 434
1595940 434
1595950 434
1595960 434
1595970 434
1595980 434
1595990 434
1596000 434
1596010 434
1596020 434
1596030 434
1596040 434
1596050 434
1596060 434
1596070 434
1596080 434
1596090 434
1596100 434
1596110 434
1596120 434
1596130 434
1596140 434
1596150 434
1596160 433
1596170 433
1596180 433
1596190 433
1596200 433
1596210 433
1596220 433
1596230 433
1596240 433
1596250 433
1596260 433
1596270 433
1596280 433
1596290 433
1596300 433
1596310 433
1596320 433
1596330 433
1596340 433
1596350 433
1596360 433
1596370 434
1596380 434
1596390 434
1596400 434
1596410 434
1596420 434
1596430 434
1596440 434
1596450 434
1596460 433
1596470 433
1596480 433
1596490 433
1596500 433
1596510 433
1596520 433
1596530 433
1596540 433
1596550 433
1596560 433
1596570 433
1596580 433
1596590 433
1596600 433
1596610 433
1596620 432
1596630 432
1596640 433
1596650 433
1596660 433
1596670 433
1596680 433
1596690 433
1596700 433
1596710 433
1596720 433
1596730 433
1596740 433
1596750 433
1596760 433
1596770 433
1596780 433
1596790 433
1596800 433
1596810 433
1596820 433
1596830 433
1596840 433
1596850 433
1596860 433
1596870 433
1596880 433
1596890 433
1596900 433
1596910 433
1596920 433
1596930 433
1596940 433
1596950 433
1596960 433
1596970 433
1596980 433
1596990 433
1597000 433
1597010 433
1597020 433
1597030 433
1597040 433
1597050 433
1597060 432
1597070 432
1597080 432
1597090 432
1597100 432
1597110 432
1597120 432
1597130 432
1597140 432
1597150 432
1597160 432
1597170 432
1597180 432
1597190 432
1597200 432
1597210 432
1597220 432
1597230 432
1597240 432
1597250 432
1597260 432
1597270 432
1597280 432
1597290 432
1597300 432
1597310 432
1597320 432
1597330 432
1597340 432
1597350 432
1597360 432
1597370 432
1597380 432
1597390 432
1597400 432
1597410 432
1597420 432
1597430 432
1597440 432
1597450 432
1597460 431
1597470 431
1597480 431
1597490 431
1597500 431
1597510 431
1597520 431
1597530 431
1597540 431
1597550 431
1597560 431
1597570 431
1597580 431
1597590 431
1597600 431
1597610 432
1597620 432
1597630 432
1597640 432
1597650 432
1597660 432
1597670 432
1597680 432
1597690 432
1597700 432
1597710 432
1597720 432
1597730 432
1597740 432
1597750 432
1597760 432
1597770 432
1597780 432
1597790 433
1597800 433
1597810 433
1597820 433
1597830 433
1597840 433
1597850 433
1597860 433
1597870 433
1597880 433
1597890 433
1597900 433
1597910 433
1597920 433
1597930 433
1597940 433
1597950 433
1597960 433
1597970 433
1597980 433
1597990 433
1598000 433
1598010 433
1598020 433
1598030 433
1598040 433
1598050 433
1598060 433
1598070 433
1598080 433
1598090 433
1598100 433
1598110 433
1598120 433
1598130 433
1598140 433
1598150 433
1598160 433
1598170 433
1598180 433
1598190 433
1598200 433
1598210 433
1598220 433
1598230 433
1598240 433
1598250 433
1598260 433
1598270 433
1598280 433
1598290 433
1598300 433
1598310 433
1598320 433
1598330 433
1598340 433
1598350 433
1598360 433
1598370 433
1598380 433
1598390 433
1598400 433
1598410 433
1598420 433
1598430 433
1598440 433
1598450 433
1598460 433
1598470 433
1598480 433
1598490 433
1598500 433
1598510 433
1598520 433
1598530 433
1598540 433
1598550 433
1598560 433
1598570 433
1598580 433
1598590 433
1598600 433
1598610 433
1598620 433
1598630 433
1598640 433
1598650 433
1598660 433
1598670 433
1598680 433
1598690 433
1598700 433
1598710 432
1598720 432
1598730 432
1598740 432
1598750 432
1598760 432
1598770 432
1598780 432
1598790 432
1598800 432
1598810 432
1598820 432
1598830 432
1598840 432
1598850 432
1598860 432
1598870 432
1598880 432
1598890 432
1598900 432
1598910 432
1598920 432
1598930 432
1598940 432
1598950 432
1598960 432
1598970 432
1598980 432
1598990 432
1599000 432
1599010 432
1599020 431
1599030 431
1599040 431
1599050 431
1599060 431
1599070 431
1599080 431
1599090 431
1599100 431
1599110 431
1599120 431
1599130 431
1599140 431
1599150 431
1599160 431
1599170 431
1599180 431
1599190 431
1599200 431
1599210 431
1599220 431
1599230 431
1599240 431
1599250 431
1599260 431
1599270 431
1599280 431
1599290 431
1599300 431
1599310 431
1599320 431
1599330 431
1599340 431
1599350 431
1599360 431
1599370 431
1599380 431
1599390 431
1599400 431
1599410 431
1599420 431
1599430 431
1599440 431
1599450 431
1599460 431
1599470 431
1599480 431
1599490 431
1599500 431
1599510 431
1599520 431
1599530 431
1599540 431
1599550 431
1599560 431
1599570 431
1599580 431
1599590 431
1599600 431
1599610 431
1599620 431
1599630 431
1599640 431
1599650 431
1599660 431
1599670 431
1599680 431
1599690 431
1599700 431
1599710 431
1599720 431
1599730 431
1599740 431
1599750 431
1599760 431
1599770 431
1599780 431
1599790 431
1599800 431
1599810 431
1599820 431
1599830 431
1599840 431
1599850 431
1599860 431
1599870 431
1599880 431
1599890 431
1599900 431
1599910 431
1599920 431
1599930 431
1599940 430
1599950 430
1599960 430
1599970 430
1599980 430
1599990 430
