1580000 495
1580010 495
1580020 495
1580030 495
1580040 495
1580050 495
1580060 494
1580070 494
1580080 494
1580090 494
1580100 494
1580110 494
1580120 494
1580130 494
1580140 493
1580150 493
1580160 493
1580170 493
1580180 493
1580190 493
1580200 493
1580210 493
1580220 493
1580230 492
1580240 492
1580250 492
1580260 492
1580270 492
1580280 492
1580290 491
1580300 491
1580310 491
1580320 491
1580330 491
1580340 491
1580350 491
1580360 491
1580370 491
1580380 491
1580390 491
1580400 491
1580410 491
1580420 491
1580430 491
1580440 491
1580450 491
1580460 490
1580470 490
1580480 490
1580490 490
1580500 490
1580510 490
1580520 490
1580530 490
1580540 490
1580550 491
1580560 491
1580570 491
1580580 491
1580590 491
1580600 491
1580610 491
1580620 491
1580630 491
1580640 491
1580650 491
1580660 491
1580670 491
1580680 491
1580690 491
1580700 491
1580710 491
1580720 491
1580730 492
1580740 493
1580750 494
1580760 495
1580770 496
1580780 496
1580790 497
1580800 497
1580810 498
1580820 498
1580830 498
1580840 497
1580850 497
1580860 496
1580870 495
1580880 495
1580890 496
1580900 496
1580910 497
1580920 498
1580930 500
1580940 500
1580950 501
1580960 500
1580970 500
1580980 499
1580990 498
1581000 498
1581010 498
1581020 498
1581030 498
1581040 498
1581050 498
1581060 498
1581070 498
1581080 498
1581090 499
1581100 500
1581110 501
1581120 502
1581130 502
1581140 502
1581150 502
1581160 503
1581170 503
1581180 503
1581190 504
1581200 504
1581210 504
1581220 505
1581230 506
1581240 506
1581250 507
1581260 508
1581270 508
1581280 508
1581290 508
1581300 507
1581310 507
1581320 506
1581330 506
1581340 505
1581350 505
1581360 505
1581370 505
1581380 506
1581390 507
1581400 508
1581410 508
1581420 508
1581430 508
1581440 506
1581450 504
1581460 502
1581470 501
1581480 501
1581490 501
1581500 501
1581510 501
1581520 501
1581530 501
1581540 501
1581550 501
1581560 501
1581570 501
1581580 501
1581590 501
1581600 501
1581610 501
1581620 501
1581630 501
1581640 501
1581650 501
1581660 501
1581670 501
1581680 501
1581690 500
1581700 500
1581710 500
1581720 499
1581730 499
1581740 499
1581750 499
1581760 498
1581770 498
1581780 498
1581790 498
1581800 498
1581810 498
1581820 499
1581830 499
1581840 498
1581850 497
1581860 496
1581870 495
1581880 495
1581890 494
1581900 493
1581910 493
1581920 492
1581930 492
1581940 492
1581950 491
1581960 491
1581970 491
1581980 491
1581990 491
1582000 491
1582010 491
1582020 491
1582030 491
1582040 491
1582050 491
1582060 491
1582070 491
1582080 491
1582090 491
1582100 491
1582110 491
1582120 491
1582130 491
1582140 491
1582150 490
1582160 490
1582170 490
1582180 490
1582190 490
1582200 490
1582210 490
1582220 489
1582230 489
1582240 489
1582250 489
1582260 489
1582270 489
1582280 489
1582290 489
1582300 489
1582310 488
1582320 488
1582330 488
1582340 488
1582350 488
1582360 488
1582370 488
1582380 488
1582390 488
1582400 488
1582410 488
1582420 487
1582430 487
1582440 487
1582450 487
1582460 487
1582470 487
1582480 487
1582490 487
1582500 487
1582510 487
1582520 487
1582530 486
1582540 486
1582550 486
1582560 486
1582570 486
1582580 486
1582590 486
1582600 486
1582610 486
1582620 485
1582630 485
1582640 485
1582650 485
1582660 485
1582670 485
1582680 484
1582690 484
1582700 484
1582710 484
1582720 484
1582730 484
1582740 484
1582750 485
1582760 485
1582770 485
1582780 485
1582790 485
1582800 484
1582810 484
1582820 484
1582830 484
1582840 484
1582850 484
1582860 484
1582870 484
1582880 484
1582890 484
1582900 484
1582910 484
1582920 484
1582930 484
1582940 484
1582950 484
1582960 484
1582970 484
1582980 484
1582990 484
1583000 484
1583010 484
1583020 484
1583030 484
1583040 484
1583050 484
1583060 484
1583070 485
1583080 485
1583090 485
1583100 485
1583110 485
1583120 485
1583130 485
1583140 486
1583150 486
1583160 486
1583170 486
1583180 486
1583190 486
1583200 487
1583210 487
1583220 487
1583230 487
1583240 488
1583250 488
1583260 488
1583270 489
1583280 489
1583290 490
1583300 491
1583310 492
1583320 493
1583330 494
1583340 495
1583350 497
1583360 499
1583370 501
1583380 502
1583390 504
1583400 506
1583410 508
1583420 511
1583430 512
1583440 513
1583450 514
1583460 515
1583470 516
1583480 517
1583490 518
1583500 518
1583510 519
1583520 520
1583530 520
1583540 519
1583550 518
1583560 517
1583570 515
1583580 513
1583590 512
1583600 511
1583610 510
1583620 509
1583630 508
1583640 508
1583650 509
1583660 510
1583670 510
1583680 512
1583690 512
1583700 513
1583710 513
1583720 513
1583730 513
1583740 514
1583750 514
1583760 515
1583770 516
1583780 516
1583790 516
1583800 515
1583810 515
1583820 515
1583830 514
1583840 514
1583850 514
1583860 513
1583870 513
1583880 513
1583890 513
1583900 514
1583910 514
1583920 515
1583930 515
1583940 515
1583950 516
1583960 516
1583970 517
1583980 518
1583990 519
1584000 519
1584010 518
1584020 518
1584030 516
1584040 515
1584050 513
1584060 515
1584070 516
1584080 517
1584090 517
1584100 517
1584110 517
1584120 518
1584130 518
1584140 518
1584150 518
1584160 518
1584170 518
1584180 519
1584190 519
1584200 519
1584210 519
1584220 519
1584230 519
1584240 520
1584250 520
1584260 520
1584270 520
1584280 519
1584290 519
1584300 519
1584310 520
1584320 521
1584330 522
1584340 524
1584350 525
1584360 525
1584370 526
1584380 526
1584390 525
1584400 523
1584410 521
1584420 519
1584430 519
1584440 518
1584450 518
1584460 518
1584470 519
1584480 519
1584490 519
1584500 520
1584510 521
1584520 522
1584530 523
1584540 524
1584550 526
1584560 527
1584570 528
1584580 530
1584590 532
1584600 534
1584610 535
1584620 535
1584630 535
1584640 535
1584650 534
1584660 535
1584670 535
1584680 537
1584690 538
1584700 539
1584710 539
1584720 539
1584730 539
1584740 539
1584750 538
1584760 539
1584770 539
1584780 539
1584790 539
1584800 538
1584810 538
1584820 537
1584830 535
1584840 535
1584850 535
1584860 535
1584870 535
1584880 535
1584890 536
1584900 537
1584910 538
1584920 539
1584930 540
1584940 541
1584950 542
1584960 542
1584970 543
1584980 544
1584990 545
1585000 545
1585010 546
1585020 547
1585030 548
1585040 549
1585050 550
1585060 551
1585070 551
1585080 551
1585090 551
1585100 551
1585110 551
1585120 551
1585130 551
1585140 551
1585150 551
1585160 551
1585170 551
1585180 551
1585190 551
1585200 551
1585210 551
1585220 550
1585230 550
1585240 549
1585250 549
1585260 549
1585270 549
1585280 549
1585290 549
1585300 549
1585310 549
1585320 549
1585330 549
1585340 549
1585350 548
1585360 547
1585370 547
1585380 545
1585390 543
1585400 540
1585410 536
1585420 533
1585430 530
1585440 530
1585450 530
1585460 531
1585470 533
1585480 534
1585490 536
1585500 537
1585510 538
1585520 539
1585530 540
1585540 540
1585550 540
1585560 540
1585570 540
1585580 540
1585590 540
1585600 539
1585610 538
1585620 537
1585630 536
1585640 534
1585650 533
1585660 531
1585670 530
1585680 528
1585690 528
1585700 527
1585710 527
1585720 526
1585730 526
1585740 526
1585750 525
1585760 525
1585770 525
1585780 525
1585790 526
1585800 526
1585810 526
1585820 527
1585830 528
1585840 529
1585850 529
1585860 528
1585870 527
1585880 525
1585890 523
1585900 522
1585910 522
1585920 522
1585930 522
1585940 522
1585950 523
1585960 522
1585970 522
1585980 522
1585990 521
1586000 520
1586010 519
1586020 519
1586030 519
1586040 518
1586050 518
1586060 518
1586070 518
1586080 518
1586090 518
1586100 517
1586110 517
1586120 517
1586130 517
1586140 517
1586150 517
1586160 518
1586170 518
1586180 518
1586190 518
1586200 518
1586210 518
1586220 517
1586230 517
1586240 516
1586250 515
1586260 514
1586270 512
1586280 509
1586290 507
1586300 506
1586310 506
1586320 507
1586330 508
1586340 508
1586350 507
1586360 504
1586370 501
1586380 500
1586390 501
1586400 503
1586410 504
1586420 505
1586430 505
1586440 504
1586450 504
1586460 504
1586470 504
1586480 505
1586490 505
1586500 504
1586510 504
1586520 503
1586530 503
1586540 502
1586550 501
1586560 499
1586570 498
1586580 496
1586590 495
1586600 495
1586610 495
1586620 495
1586630 494
1586640 493
1586650 491
1586660 489
1586670 487
1586680 485
1586690 483
1586700 482
1586710 480
1586720 479
1586730 478
1586740 476
1586750 474
1586760 473
1586770 471
1586780 470
1586790 468
1586800 466
1586810 465
1586820 464
1586830 463
1586840 462
1586850 461
1586860 461
1586870 460
1586880 459
1586890 459
1586900 459
1586910 458
1586920 458
1586930 458
1586940 458
1586950 458
1586960 458
1586970 458
1586980 457
1586990 457
1587000 457
1587010 457
1587020 457
1587030 457
1587040 457
1587050 457
1587060 457
1587070 457
1587080 457
1587090 457
1587100 457
1587110 457
1587120 457
1587130 457
1587140 457
1587150 457
1587160 457
1587170 457
1587180 456
1587190 456
1587200 456
1587210 456
1587220 456
1587230 456
1587240 456
1587250 456
1587260 456
1587270 456
1587280 456
1587290 456
1587300 456
1587310 456
1587320 456
1587330 456
1587340 456
1587350 456
1587360 456
1587370 456
1587380 456
1587390 456
1587400 456
1587410 456
1587420 456
1587430 456
1587440 456
1587450 456
1587460 456
1587470 456
1587480 456
1587490 456
1587500 456
1587510 456
1587520 456
1587530 456
1587540 456
1587550 456
1587560 456
1587570 456
1587580 456
1587590 455
1587600 455
1587610 455
1587620 455
1587630 455
1587640 455
1587650 455
1587660 455
1587670 455
1587680 455
1587690 455
1587700 455
1587710 455
1587720 455
1587730 455
1587740 455
1587750 455
1587760 455
1587770 455
1587780 455
1587790 455
1587800 454
1587810 454
1587820 454
1587830 454
1587840 454
1587850 454
1587860 454
1587870 454
1587880 454
1587890 454
1587900 453
1587910 453
1587920 453
1587930 453
1587940 453
1587950 453
1587960 453
1587970 452
1587980 452
1587990 452
1588000 452
1588010 452
1588020 452
1588030 452
1588040 452
1588050 452
1588060 452
1588070 452
1588080 452
1588090 452
1588100 452
1588110 452
1588120 451
1588130 451
1588140 451
1588150 451
1588160 451
1588170 451
1588180 451
1588190 452
1588200 452
1588210 452
1588220 452
1588230 452
1588240 452
1588250 451
1588260 451
1588270 451
1588280 451
1588290 451
1588300 451
1588310 451
1588320 451
1588330 451
1588340 451
1588350 451
1588360 452
1588370 452
1588380 452
1588390 452
1588400 452
1588410 453
1588420 453
1588430 453
1588440 453
1588450 452
1588460 452
1588470 452
1588480 452
1588490 452
1588500 452
1588510 452
1588520 452
1588530 452
1588540 452
1588550 452
1588560 452
1588570 452
1588580 452
1588590 452
1588600 452
1588610 452
1588620 452
1588630 452
1588640 452
1588650 452
1588660 452
1588670 452
1588680 452
1588690 452
1588700 452
1588710 452
1588720 452
1588730 452
1588740 452
1588750 452
1588760 452
1588770 452
1588780 452
1588790 452
1588800 452
1588810 452
1588820 452
1588830 452
1588840 452
1588850 452
1588860 452
1588870 452
1588880 452
1588890 453
1588900 453
1588910 453
1588920 452
1588930 452
1588940 452
1588950 452
1588960 452
1588970 452
1588980 452
1588990 452
1589000 452
1589010 452
1589020 452
1589030 452
1589040 452
1589050 452
1589060 452
1589070 452
1589080 452
1589090 452
1589100 452
1589110 452
1589120 452
1589130 452
1589140 452
1589150 452
1589160 452
1589170 452
1589180 452
1589190 452
1589200 452
1589210 452
1589220 452
1589230 452
1589240 453
1589250 453
1589260 453
1589270 452
1589280 452
1589290 452
1589300 452
1589310 452
1589320 452
1589330 452
1589340 452
1589350 452
1589360 452
1589370 452
1589380 452
1589390 452
1589400 452
1589410 452
1589420 452
1589430 452
1589440 452
1589450 452
1589460 453
1589470 452
1589480 452
1589490 452
1589500 453
1589510 453
1589520 453
1589530 453
1589540 453
1589550 453
1589560 453
1589570 453
1589580 453
1589590 453
1589600 453
1589610 453
1589620 453
1589630 453
1589640 453
1589650 453
1589660 453
1589670 453
1589680 453
1589690 453
1589700 453
1589710 453
1589720 453
1589730 453
1589740 453
1589750 453
1589760 453
1589770 453
1589780 453
1589790 453
1589800 453
1589810 453
1589820 453
1589830 453
1589840 453
1589850 453
1589860 453
1589870 453
1589880 453
1589890 453
1589900 453
1589910 453
1589920 453
1589930 453
1589940 453
1589950 453
1589960 453
1589970 453
1589980 453
1589990 453
1590000 453
1590010 453
1590020 453
1590030 453
1590040 453
1590050 453
1590060 453
1590070 453
1590080 453
1590090 453
1590100 453
1590110 453
1590120 453
1590130 453
1590140 453
1590150 452
1590160 452
1590170 452
1590180 452
1590190 452
1590200 452
1590210 452
1590220 452
1590230 452
1590240 452
1590250 452
1590260 452
1590270 452
1590280 452
1590290 452
1590300 452
1590310 452
1590320 452
1590330 452
1590340 452
1590350 451
1590360 451
1590370 451
1590380 451
1590390 451
1590400 451
1590410 451
1590420 451
1590430 451
1590440 451
1590450 451
1590460 451
1590470 452
1590480 452
1590490 452
1590500 452
1590510 453
1590520 452
1590530 452
1590540 452
1590550 452
1590560 452
1590570 452
1590580 452
1590590 453
1590600 453
1590610 453
1590620 453
1590630 453
1590640 453
1590650 453
1590660 453
1590670 453
1590680 453
1590690 453
1590700 453
1590710 452
1590720 452
1590730 452
1590740 452
1590750 452
1590760 452
1590770 452
1590780 452
1590790 452
1590800 452
1590810 452
1590820 452
1590830 452
1590840 451
1590850 451
1590860 451
1590870 451
1590880 451
1590890 451
1590900 451
1590910 451
1590920 451
1590930 451
1590940 451
1590950 451
1590960 451
1590970 451
1590980 451
1590990 451
1591000 451
1591010 451
1591020 451
1591030 451
1591040 451
1591050 451
1591060 451
1591070 452
1591080 452
1591090 452
1591100 452
1591110 452
1591120 452
1591130 452
1591140 452
1591150 452
1591160 452
1591170 452
1591180 452
1591190 452
1591200 452
1591210 452
1591220 452
1591230 452
1591240 452
1591250 452
1591260 452
1591270 452
1591280 452
1591290 452
1591300 452
1591310 452
1591320 452
1591330 452
1591340 452
1591350 452
1591360 452
1591370 452
1591380 452
1591390 451
1591400 451
1591410 451
1591420 451
1591430 451
1591440 451
1591450 451
1591460 451
1591470 451
1591480 451
1591490 451
1591500 451
1591510 451
1591520 451
1591530 451
1591540 451
1591550 451
1591560 451
1591570 451
1591580 450
1591590 450
1591600 450
1591610 450
1591620 450
1591630 451
1591640 450
1591650 450
1591660 450
1591670 450
1591680 450
1591690 450
1591700 450
1591710 450
1591720 450
1591730 450
1591740 450
1591750 449
1591760 449
1591770 449
1591780 449
1591790 449
1591800 449
1591810 449
1591820 449
1591830 449
1591840 449
1591850 449
1591860 449
1591870 449
1591880 449
1591890 449
1591900 449
1591910 449
1591920 449
1591930 449
1591940 449
1591950 448
1591960 449
1591970 449
1591980 449
1591990 449
1592000 449
1592010 449
1592020 449
1592030 449
1592040 449
1592050 449
1592060 449
1592070 449
1592080 448
1592090 448
1592100 448
1592110 448
1592120 448
1592130 449
1592140 449
1592150 450
1592160 450
1592170 450
1592180 451
1592190 451
1592200 451
1592210 451
1592220 451
1592230 451
1592240 451
1592250 451
1592260 451
1592270 451
1592280 451
1592290 451
1592300 451
1592310 451
1592320 451
1592330 451
1592340 451
1592350 451
1592360 451
1592370 451
1592380 451
1592390 451
1592400 451
1592410 451
1592420 451
1592430 451
1592440 451
1592450 451
1592460 451
1592470 451
1592480 451
1592490 451
1592500 451
1592510 451
1592520 451
1592530 451
1592540 451
1592550 451
1592560 451
1592570 451
1592580 451
1592590 451
1592600 451
1592610 451
1592620 451
1592630 451
1592640 451
1592650 451
1592660 451
1592670 451
1592680 451
1592690 451
1592700 451
1592710 451
1592720 451
1592730 451
1592740 451
1592750 451
1592760 451
1592770 451
1592780 451
1592790 451
1592800 451
1592810 451
1592820 451
1592830 451
1592840 451
1592850 451
1592860 451
1592870 451
1592880 451
1592890 451
1592900 451
1592910 451
1592920 451
1592930 451
1592940 451
1592950 451
1592960 451
1592970 451
1592980 451
1592990 451
1593000 451
1593010 451
1593020 450
1593030 450
1593040 450
1593050 450
1593060 450
1593070 450
1593080 450
1593090 450
1593100 450
1593110 451
1593120 451
1593130 451
1593140 452
1593150 452
1593160 453
1593170 454
1593180 454
1593190 455
1593200 455
1593210 455
1593220 455
1593230 455
1593240 455
1593250 455
1593260 456
1593270 456
1593280 456
1593290 456
1593300 455
1593310 455
1593320 454
1593330 454
1593340 453
1593350 453
1593360 453
1593370 453
1593380 453
1593390 454
1593400 454
1593410 454
1593420 454
1593430 454
1593440 454
1593450 454
1593460 454
1593470 454
1593480 454
1593490 454
1593500 454
1593510 454
1593520 454
1593530 454
1593540 454
1593550 454
1593560 454
1593570 454
1593580 454
1593590 454
1593600 454
1593610 455
1593620 455
1593630 456
1593640 456
1593650 456
1593660 456
1593670 456
1593680 455
1593690 455
1593700 455
1593710 454
1593720 454
1593730 454
1593740 454
1593750 454
1593760 454
1593770 454
1593780 455
1593790 455
1593800 456
1593810 456
1593820 456
1593830 456
1593840 457
1593850 457
1593860 457
1593870 457
1593880 458
1593890 458
1593900 458
1593910 458
1593920 459
1593930 459
1593940 460
1593950 460
1593960 460
1593970 461
1593980 462
1593990 463
1594000 465
1594010 466
1594020 468
1594030 470
1594040 472
1594050 474
1594060 476
1594070 478
1594080 479
1594090 481
1594100 483
1594110 485
1594120 488
1594130 491
1594140 494
1594150 496
1594160 499
1594170 501
1594180 503
1594190 505
1594200 506
1594210 508
1594220 509
1594230 510
1594240 511
1594250 512
1594260 513
1594270 513
1594280 514
1594290 514
1594300 515
1594310 515
1594320 516
1594330 517
1594340 518
1594350 518
1594360 519
1594370 519
1594380 519
1594390 520
1594400 520
1594410 521
1594420 522
1594430 522
1594440 523
1594450 523
1594460 524
1594470 525
1594480 526
1594490 527
1594500 528
1594510 529
1594520 530
1594530 531
1594540 532
1594550 533
1594560 534
1594570 535
1594580 536
1594590 537
1594600 538
1594610 539
1594620 541
1594630 543
1594640 545
1594650 547
1594660 548
1594670 550
1594680 552
1594690 554
1594700 555
1594710 557
1594720 558
1594730 560
1594740 561
1594750 563
1594760 565
1594770 566
1594780 568
1594790 570
1594800 571
1594810 573
1594820 575
1594830 578
1594840 579
1594850 580
1594860 581
1594870 582
1594880 583
1594890 584
1594900 585
1594910 586
1594920 588
1594930 589
1594940 590
1594950 591
1594960 591
1594970 592
1594980 592
1594990 592
1595000 593
1595010 593
1595020 593
1595030 593
1595040 593
1595050 593
1595060 593
1595070 593
1595080 594
1595090 594
1595100 593
1595110 593
1595120 592
1595130 591
1595140 590
1595150 589
1595160 588
1595170 587
1595180 587
1595190 586
1595200 585
1595210 584
1595220 583
1595230 582
1595240 581
1595250 581
1595260 581
1595270 581
1595280 581
1595290 583
1595300 585
1595310 586
1595320 589
1595330 591
1595340 594
1595350 596
1595360 598
1595370 599
1595380 601
1595390 602
1595400 604
1595410 606
1595420 608
1595430 611
1595440 614
1595450 617
1595460 619
1595470 622
1595480 624
1595490 625
1595500 626
1595510 626
1595520 627
1595530 627
1595540 627
1595550 628
1595560 628
1595570 629
1595580 629
1595590 630
1595600 630
1595610 629
1595620 629
1595630 628
1595640 627
1595650 626
1595660 625
1595670 623
1595680 620
1595690 618
1595700 617
1595710 617
1595720 617
1595730 618
1595740 619
1595750 619
1595760 620
1595770 620
1595780 620
1595790 621
1595800 621
1595810 622
1595820 622
1595830 623
1595840 624
1595850 625
1595860 626
1595870 626
1595880 627
1595890 627
1595900 627
1595910 627
1595920 626
1595930 626
1595940 626
1595950 626
1595960 626
1595970 627
1595980 629
1595990 631
1596000 632
1596010 633
1596020 634
1596030 635
1596040 636
1596050 637
1596060 639
1596070 642
1596080 644
1596090 647
1596100 649
1596110 651
1596120 654
1596130 656
1596140 659
1596150 660
1596160 662
1596170 663
1596180 664
1596190 665
1596200 665
1596210 665
1596220 664
1596230 664
1596240 663
1596250 662
1596260 661
1596270 660
1596280 661
1596290 662
1596300 664
1596310 665
1596320 667
1596330 668
1596340 670
1596350 672
1596360 674
1596370 676
1596380 678
1596390 679
1596400 681
1596410 682
1596420 684
1596430 685
1596440 684
1596450 683
1596460 682
1596470 681
1596480 681
1596490 682
1596500 683
1596510 684
1596520 685
1596530 686
1596540 687
1596550 687
1596560 687
1596570 687
1596580 686
1596590 686
1596600 686
1596610 686
1596620 688
1596630 689
1596640 690
1596650 690
1596660 690
1596670 690
1596680 691
1596690 691
1596700 690
1596710 690
1596720 689
1596730 689
1596740 690
1596750 691
1596760 693
1596770 694
1596780 694
1596790 693
1596800 693
1596810 692
1596820 691
1596830 690
1596840 690
1596850 689
1596860 689
1596870 689
1596880 689
1596890 691
1596900 692
1596910 694
1596920 695
1596930 696
1596940 697
1596950 697
1596960 697
1596970 697
1596980 696
1596990 696
1597000 696
1597010 695
1597020 693
1597030 692
1597040 690
1597050 688
1597060 687
1597070 685
1597080 685
1597090 685
1597100 684
1597110 681
1597120 677
1597130 674
1597140 670
1597150 667
1597160 664
1597170 663
1597180 661
1597190 660
1597200 659
1597210 657
1597220 655
1597230 653
1597240 650
1597250 647
1597260 644
1597270 643
1597280 642
1597290 642
1597300 642
1597310 640
1597320 638
1597330 634
1597340 630
1597350 625
1597360 622
1597370 618
1597380 615
1597390 611
1597400 608
1597410 605
1597420 602
1597430 597
1597440 592
1597450 587
1597460 582
1597470 576
1597480 571
1597490 565
1597500 561
1597510 556
1597520 552
1597530 548
1597540 543
1597550 539
1597560 535
1597570 532
1597580 528
1597590 525
1597600 522
1597610 519
1597620 516
1597630 514
1597640 512
1597650 509
1597660 508
1597670 506
1597680 504
1597690 503
1597700 503
1597710 502
1597720 502
1597730 502
1597740 502
1597750 502
1597760 501
1597770 501
1597780 500
1597790 498
1597800 496
1597810 495
1597820 494
1597830 492
1597840 491
1597850 490
1597860 489
1597870 489
1597880 488
1597890 487
1597900 486
1597910 486
1597920 485
1597930 485
1597940 484
1597950 484
1597960 483
1597970 483
1597980 482
1597990 481
1598000 480
1598010 479
1598020 479
1598030 478
1598040 478
1598050 478
1598060 478
1598070 479
1598080 479
1598090 479
1598100 479
1598110 479
1598120 479
1598130 479
1598140 479
1598150 479
1598160 480
1598170 480
1598180 480
1598190 480
1598200 480
1598210 480
1598220 480
1598230 480
1598240 481
1598250 481
1598260 482
1598270 483
1598280 484
1598290 484
1598300 485
1598310 486
1598320 486
1598330 487
1598340 488
1598350 489
1598360 490
1598370 491
1598380 492
1598390 492
1598400 493
1598410 495
1598420 496
1598430 497
1598440 498
1598450 499
1598460 501
1598470 502
1598480 503
1598490 504
1598500 504
1598510 504
1598520 505
1598530 506
1598540 507
1598550 508
1598560 509
1598570 509
1598580 510
1598590 510
1598600 511
1598610 511
1598620 512
1598630 512
1598640 513
1598650 515
1598660 517
1598670 520
1598680 522
1598690 524
1598700 526
1598710 527
1598720 528
1598730 528
1598740 528
1598750 529
1598760 529
1598770 529
1598780 530
1598790 530
1598800 531
1598810 531
1598820 532
1598830 532
1598840 533
1598850 534
1598860 534
1598870 535
1598880 536
1598890 537
1598900 538
1598910 539
1598920 540
1598930 541
1598940 542
1598950 543
1598960 543
1598970 544
1598980 544
1598990 545
1599000 546
1599010 546
1599020 547
1599030 548
1599040 548
1599050 549
1599060 550
1599070 551
1599080 552
1599090 553
1599100 554
1599110 555
1599120 556
1599130 557
1599140 557
1599150 558
1599160 559
1599170 560
1599180 560
1599190 561
1599200 562
1599210 563
1599220 564
1599230 565
1599240 565
1599250 566
1599260 567
1599270 568
1599280 569
1599290 570
1599300 571
1599310 572
1599320 573
1599330 574
1599340 575
1599350 576
1599360 577
1599370 578
1599380 580
1599390 581
1599400 583
1599410 584
1599420 586
1599430 588
1599440 589
1599450 592
1599460 594
1599470 596
1599480 599
1599490 602
1599500 604
1599510 607
1599520 609
1599530 611
1599540 613
1599550 616
1599560 619
1599570 622
1599580 626
1599590 629
1599600 631
1599610 634
1599620 636
1599630 638
1599640 640
1599650 643
1599660 646
1599670 650
1599680 653
1599690 656
1599700 659
1599710 660
1599720 661
1599730 662
1599740 662
1599750 663
1599760 663
1599770 663
1599780 663
1599790 664
1599800 664
1599810 663
1599820 662
1599830 661
1599840 660
1599850 659
1599860 657
1599870 655
1599880 655
1599890 654
1599900 654
1599910 653
1599920 650
1599930 647
1599940 645
1599950 644
1599960 643
1599970 642
1599980 641
1599990 639
