1580000 579
1580010 579
1580020 579
1580030 578
1580040 578
1580050 578
1580060 577
1580070 577
1580080 577
1580090 578
1580100 578
1580110 578
1580120 577
1580130 577
1580140 577
1580150 577
1580160 577
1580170 577
1580180 576
1580190 576
1580200 576
1580210 576
1580220 576
1580230 577
1580240 577
1580250 578
1580260 578
1580270 578
1580280 576
1580290 573
1580300 570
1580310 568
1580320 567
1580330 570
1580340 571
1580350 572
1580360 572
1580370 573
1580380 573
1580390 572
1580400 571
1580410 569
1580420 567
1580430 564
1580440 561
1580450 561
1580460 560
1580470 560
1580480 560
1580490 560
1580500 560
1580510 560
1580520 559
1580530 557
1580540 555
1580550 555
1580560 554
1580570 554
1580580 553
1580590 553
1580600 553
1580610 553
1580620 553
1580630 553
1580640 553
1580650 553
1580660 553
1580670 553
1580680 554
1580690 555
1580700 556
1580710 557
1580720 558
1580730 558
1580740 559
1580750 560
1580760 560
1580770 559
1580780 559
1580790 559
1580800 559
1580810 559
1580820 559
1580830 558
1580840 556
1580850 555
1580860 554
1580870 552
1580880 552
1580890 551
1580900 551
1580910 551
1580920 551
1580930 552
1580940 552
1580950 552
1580960 552
1580970 553
1580980 555
1580990 556
1581000 556
1581010 556
1581020 556
1581030 555
1581040 554
1581050 553
1581060 552
1581070 552
1581080 552
1581090 552
1581100 552
1581110 552
1581120 553
1581130 553
1581140 554
1581150 555
1581160 556
1581170 558
1581180 559
1581190 560
1581200 561
1581210 562
1581220 563
1581230 564
1581240 564
1581250 564
1581260 563
1581270 562
1581280 562
1581290 562
1581300 562
1581310 562
1581320 562
1581330 560
1581340 559
1581350 557
1581360 556
1581370 555
1581380 555
1581390 555
1581400 555
1581410 555
1581420 555
1581430 555
1581440 555
1581450 555
1581460 554
1581470 554
1581480 554
1581490 554
1581500 554
1581510 554
1581520 554
1581530 555
1581540 555
1581550 555
1581560 555
1581570 555
1581580 556
1581590 557
1581600 557
1581610 559
1581620 560
1581630 561
1581640 562
1581650 563
1581660 563
1581670 563
1581680 563
1581690 564
1581700 564
1581710 565
1581720 566
1581730 567
1581740 567
1581750 568
1581760 568
1581770 568
1581780 568
1581790 569
1581800 570
1581810 571
1581820 573
1581830 575
1581840 577
1581850 578
1581860 580
1581870 581
1581880 582
1581890 582
1581900 582
1581910 582
1581920 582
1581930 581
1581940 580
1581950 577
1581960 575
1581970 574
1581980 573
1581990 573
1582000 572
1582010 572
1582020 571
1582030 571
1582040 570
1582050 570
1582060 569
1582070 568
1582080 567
1582090 566
1582100 565
1582110 564
1582120 564
1582130 565
1582140 565
1582150 564
1582160 564
1582170 563
1582180 562
1582190 561
1582200 560
1582210 559
1582220 558
1582230 557
1582240 556
1582250 555
1582260 553
1582270 552
1582280 550
1582290 548
1582300 546
1582310 544
1582320 543
1582330 543
1582340 542
1582350 541
1582360 541
1582370 540
1582380 539
1582390 538
1582400 537
1582410 536
1582420 535
1582430 535
1582440 534
1582450 533
1582460 532
1582470 531
1582480 529
1582490 528
1582500 527
1582510 526
1582520 525
1582530 524
1582540 523
1582550 523
1582560 522
1582570 522
1582580 522
1582590 521
1582600 521
1582610 519
1582620 518
1582630 516
1582640 515
1582650 514
1582660 514
1582670 514
1582680 515
1582690 517
1582700 519
1582710 521
1582720 524
1582730 527
1582740 530
1582750 532
1582760 535
1582770 537
1582780 537
1582790 537
1582800 536
1582810 534
1582820 533
1582830 531
1582840 530
1582850 528
1582860 525
1582870 523
1582880 521
1582890 519
1582900 518
1582910 517
1582920 516
1582930 516
1582940 516
1582950 515
1582960 515
1582970 515
1582980 515
1582990 515
1583000 514
1583010 514
1583020 513
1583030 513
1583040 514
1583050 515
1583060 516
1583070 517
1583080 517
1583090 518
1583100 519
1583110 521
1583120 522
1583130 524
1583140 525
1583150 527
1583160 528
1583170 529
1583180 531
1583190 532
1583200 533
1583210 535
1583220 536
1583230 537
1583240 538
1583250 539
1583260 540
1583270 541
1583280 543
1583290 544
1583300 545
1583310 546
1583320 547
1583330 548
1583340 550
1583350 551
1583360 552
1583370 553
1583380 554
1583390 554
1583400 555
1583410 555
1583420 555
1583430 556
1583440 556
1583450 556
1583460 556
1583470 556
1583480 556
1583490 556
1583500 556
1583510 557
1583520 557
1583530 557
1583540 558
1583550 558
1583560 559
1583570 559
1583580 558
1583590 556
1583600 555
1583610 554
1583620 553
1583630 553
1583640 552
1583650 552
1583660 551
1583670 551
1583680 550
1583690 550
1583700 549
1583710 548
1583720 548
1583730 547
1583740 547
1583750 546
1583760 546
1583770 546
1583780 545
1583790 545
1583800 544
1583810 543
1583820 543
1583830 543
1583840 543
1583850 544
1583860 544
1583870 545
1583880 545
1583890 544
1583900 543
1583910 542
1583920 541
1583930 541
1583940 539
1583950 538
1583960 537
1583970 536
1583980 536
1583990 535
1584000 534
1584010 534
1584020 534
1584030 533
1584040 533
1584050 532
1584060 532
1584070 531
1584080 531
1584090 531
1584100 530
1584110 530
1584120 528
1584130 527
1584140 527
1584150 527
1584160 527
1584170 527
1584180 527
1584190 526
1584200 527
1584210 527
1584220 527
1584230 527
1584240 527
1584250 527
1584260 527
1584270 527
1584280 528
1584290 529
1584300 529
1584310 529
1584320 529
1584330 529
1584340 530
1584350 530
1584360 530
1584370 530
1584380 530
1584390 529
1584400 529
1584410 529
1584420 528
1584430 527
1584440 527
1584450 526
1584460 526
1584470 526
1584480 526
1584490 526
1584500 526
1584510 526
1584520 526
1584530 525
1584540 525
1584550 525
1584560 524
1584570 524
1584580 524
1584590 524
1584600 523
1584610 522
1584620 521
1584630 520
1584640 519
1584650 519
1584660 518
1584670 517
1584680 517
1584690 516
1584700 515
1584710 514
1584720 513
1584730 512
1584740 512
1584750 512
1584760 512
1584770 512
1584780 512
1584790 512
1584800 512
1584810 512
1584820 512
1584830 512
1584840 513
1584850 513
1584860 513
1584870 513
1584880 513
1584890 513
1584900 514
1584910 514
1584920 515
1584930 516
1584940 516
1584950 517
1584960 518
1584970 518
1584980 519
1584990 520
1585000 521
1585010 521
1585020 522
1585030 523
1585040 524
1585050 525
1585060 525
1585070 526
1585080 526
1585090 527
1585100 526
1585110 526
1585120 526
1585130 526
1585140 526
1585150 527
1585160 527
1585170 527
1585180 528
1585190 528
1585200 528
1585210 527
1585220 527
1585230 527
1585240 527
1585250 528
1585260 528
1585270 529
1585280 529
1585290 530
1585300 530
1585310 530
1585320 530
1585330 531
1585340 531
1585350 531
1585360 531
1585370 531
1585380 531
1585390 531
1585400 531
1585410 531
1585420 531
1585430 532
1585440 532
1585450 532
1585460 532
1585470 532
1585480 532
1585490 532
1585500 532
1585510 532
1585520 532
1585530 532
1585540 532
1585550 532
1585560 531
1585570 530
1585580 528
1585590 526
1585600 523
1585610 521
1585620 520
1585630 519
1585640 519
1585650 519
1585660 519
1585670 519
1585680 519
1585690 520
1585700 519
1585710 519
1585720 519
1585730 519
1585740 520
1585750 521
1585760 522
1585770 522
1585780 522
1585790 521
1585800 521
1585810 520
1585820 521
1585830 521
1585840 522
1585850 524
1585860 526
1585870 527
1585880 528
1585890 530
1585900 531
1585910 532
1585920 533
1585930 533
1585940 534
1585950 534
1585960 535
1585970 535
1585980 535
1585990 535
1586000 535
1586010 535
1586020 536
1586030 537
1586040 538
1586050 539
1586060 540
1586070 540
1586080 539
1586090 537
1586100 536
1586110 534
1586120 533
1586130 533
1586140 532
1586150 532
1586160 532
1586170 532
1586180 531
1586190 531
1586200 531
1586210 529
1586220 528
1586230 528
1586240 532
1586250 534
1586260 535
1586270 536
1586280 537
1586290 537
1586300 537
1586310 537
1586320 537
1586330 537
1586340 537
1586350 537
1586360 537
1586370 538
1586380 539
1586390 540
1586400 541
1586410 541
1586420 542
1586430 542
1586440 543
1586450 543
1586460 543
1586470 543
1586480 543
1586490 543
1586500 543
1586510 544
1586520 544
1586530 544
1586540 544
1586550 544
1586560 544
1586570 544
1586580 544
1586590 545
1586600 545
1586610 544
1586620 543
1586630 542
1586640 542
1586650 542
1586660 542
1586670 542
1586680 541
1586690 541
1586700 541
1586710 542
1586720 542
1586730 543
1586740 544
1586750 544
1586760 545
1586770 546
1586780 547
1586790 548
1586800 548
1586810 548
1586820 548
1586830 548
1586840 548
1586850 549
1586860 549
1586870 550
1586880 550
1586890 551
1586900 552
1586910 552
1586920 553
1586930 553
1586940 554
1586950 554
1586960 555
1586970 555
1586980 556
1586990 557
1587000 558
1587010 558
1587020 558
1587030 558
1587040 559
1587050 560
1587060 560
1587070 561
1587080 562
1587090 563
1587100 566
1587110 568
1587120 569
1587130 571
1587140 572
1587150 574
1587160 575
1587170 576
1587180 577
1587190 577
1587200 577
1587210 577
1587220 578
1587230 578
1587240 578
1587250 578
1587260 579
1587270 579
1587280 579
1587290 580
1587300 580
1587310 580
1587320 581
1587330 581
1587340 582
1587350 582
1587360 582
1587370 583
1587380 583
1587390 583
1587400 584
1587410 584
1587420 584
1587430 584
1587440 585
1587450 585
1587460 585
1587470 585
1587480 585
1587490 586
1587500 586
1587510 586
1587520 586
1587530 586
1587540 586
1587550 586
1587560 586
1587570 586
1587580 586
1587590 586
1587600 586
1587610 586
1587620 586
1587630 586
1587640 586
1587650 587
1587660 587
1587670 587
1587680 586
1587690 586
1587700 586
1587710 586
1587720 586
1587730 586
1587740 586
1587750 586
1587760 586
1587770 587
1587780 587
1587790 588
1587800 588
1587810 588
1587820 588
1587830 589
1587840 590
1587850 592
1587860 593
1587870 594
1587880 595
1587890 597
1587900 598
1587910 599
1587920 600
1587930 601
1587940 601
1587950 602
1587960 602
1587970 602
1587980 602
1587990 602
1588000 602
1588010 602
1588020 602
1588030 601
1588040 601
1588050 600
1588060 600
1588070 599
1588080 599
1588090 599
1588100 599
1588110 599
1588120 598
1588130 598
1588140 598
1588150 598
1588160 597
1588170 597
1588180 597
1588190 597
1588200 597
1588210 597
1588220 597
1588230 598
1588240 599
1588250 599
1588260 600
1588270 601
1588280 601
1588290 602
1588300 603
1588310 603
1588320 604
1588330 604
1588340 605
1588350 606
1588360 606
1588370 607
1588380 608
1588390 610
1588400 611
1588410 612
1588420 613
1588430 615
1588440 618
1588450 620
1588460 622
1588470 624
1588480 626
1588490 627
1588500 628
1588510 628
1588520 629
1588530 630
1588540 630
1588550 630
1588560 630
1588570 630
1588580 629
1588590 629
1588600 628
1588610 627
1588620 627
1588630 626
1588640 626
1588650 626
1588660 625
1588670 625
1588680 626
1588690 626
1588700 628
1588710 629
1588720 630
1588730 631
1588740 631
1588750 631
1588760 632
1588770 632
1588780 632
1588790 632
1588800 632
1588810 633
1588820 633
1588830 634
1588840 636
1588850 637
1588860 638
1588870 640
1588880 641
1588890 641
1588900 641
1588910 641
1588920 641
1588930 641
1588940 641
1588950 641
1588960 641
1588970 642
1588980 643
1588990 644
1589000 646
1589010 648
1589020 649
1589030 651
1589040 652
1589050 654
1589060 655
1589070 655
1589080 656
1589090 656
1589100 655
1589110 655
1589120 654
1589130 654
1589140 654
1589150 654
1589160 654
1589170 655
1589180 655
1589190 656
1589200 657
1589210 658
1589220 660
1589230 661
1589240 662
1589250 664
1589260 665
1589270 666
1589280 667
1589290 667
1589300 666
1589310 665
1589320 663
1589330 661
1589340 659
1589350 658
1589360 656
1589370 655
1589380 655
1589390 654
1589400 654
1589410 654
1589420 653
1589430 653
1589440 652
1589450 652
1589460 651
1589470 650
1589480 650
1589490 650
1589500 649
1589510 649
1589520 649
1589530 649
1589540 648
1589550 648
1589560 648
1589570 647
1589580 647
1589590 646
1589600 645
1589610 645
1589620 644
1589630 643
1589640 643
1589650 642
1589660 641
1589670 641
1589680 640
1589690 640
1589700 639
1589710 639
1589720 638
1589730 637
1589740 636
1589750 636
1589760 635
1589770 634
1589780 633
1589790 632
1589800 631
1589810 629
1589820 627
1589830 625
1589840 623
1589850 622
1589860 622
1589870 622
1589880 622
1589890 621
1589900 620
1589910 619
1589920 618
1589930 617
1589940 616
1589950 615
1589960 614
1589970 613
1589980 612
1589990 611
1590000 610
1590010 609
1590020 608
1590030 606
1590040 605
1590050 604
1590060 603
1590070 602
1590080 601
1590090 600
1590100 599
1590110 598
1590120 597
1590130 596
1590140 596
1590150 595
1590160 594
1590170 594
1590180 593
1590190 593
1590200 592
1590210 591
1590220 591
1590230 590
1590240 590
1590250 589
1590260 588
1590270 587
1590280 587
1590290 586
1590300 586
1590310 584
1590320 583
1590330 581
1590340 580
1590350 578
1590360 576
1590370 575
1590380 573
1590390 571
1590400 570
1590410 568
1590420 567
1590430 566
1590440 564
1590450 563
1590460 562
1590470 562
1590480 561
1590490 560
1590500 560
1590510 559
1590520 559
1590530 558
1590540 557
1590550 557
1590560 556
1590570 555
1590580 555
1590590 554
1590600 554
1590610 553
1590620 552
1590630 550
1590640 549
1590650 548
1590660 546
1590670 545
1590680 544
1590690 543
1590700 541
1590710 540
1590720 539
1590730 537
1590740 536
1590750 535
1590760 535
1590770 534
1590780 533
1590790 532
1590800 531
1590810 530
1590820 529
1590830 529
1590840 528
1590850 527
1590860 527
1590870 526
1590880 525
1590890 525
1590900 524
1590910 523
1590920 523
1590930 522
1590940 522
1590950 521
1590960 521
1590970 521
1590980 520
1590990 520
1591000 520
1591010 520
1591020 520
1591030 519
1591040 519
1591050 519
1591060 519
1591070 519
1591080 518
1591090 518
1591100 518
1591110 518
1591120 517
1591130 517
1591140 517
1591150 516
1591160 516
1591170 515
1591180 515
1591190 514
1591200 514
1591210 513
1591220 513
1591230 512
1591240 512
1591250 512
1591260 512
1591270 511
1591280 511
1591290 511
1591300 511
1591310 511
1591320 510
1591330 510
1591340 510
1591350 510
1591360 510
1591370 510
1591380 509
1591390 509
1591400 509
1591410 509
1591420 509
1591430 509
1591440 509
1591450 509
1591460 509
1591470 510
1591480 510
1591490 509
1591500 509
1591510 509
1591520 510
1591530 510
1591540 510
1591550 510
1591560 510
1591570 510
1591580 511
1591590 511
1591600 511
1591610 511
1591620 511
1591630 511
1591640 512
1591650 512
1591660 512
1591670 512
1591680 512
1591690 512
1591700 512
1591710 512
1591720 512
1591730 512
1591740 512
1591750 512
1591760 512
1591770 512
1591780 512
1591790 512
1591800 513
1591810 513
1591820 513
1591830 513
1591840 513
1591850 513
1591860 514
1591870 514
1591880 514
1591890 514
1591900 514
1591910 515
1591920 515
1591930 515
1591940 515
1591950 515
1591960 515
1591970 515
1591980 515
1591990 515
1592000 515
1592010 515
1592020 515
1592030 515
1592040 515
1592050 515
1592060 516
1592070 516
1592080 516
1592090 516
1592100 516
1592110 516
1592120 517
1592130 517
1592140 517
1592150 518
1592160 518
1592170 518
1592180 518
1592190 518
1592200 518
1592210 518
1592220 518
1592230 519
1592240 519
1592250 519
1592260 519
1592270 519
1592280 519
1592290 519
1592300 519
1592310 519
1592320 519
1592330 520
1592340 520
1592350 520
1592360 520
1592370 520
1592380 520
1592390 519
1592400 519
1592410 519
1592420 519
1592430 519
1592440 518
1592450 518
1592460 518
1592470 518
1592480 517
1592490 515
1592500 514
1592510 513
1592520 513
1592530 512
1592540 511
1592550 511
1592560 510
1592570 510
1592580 509
1592590 508
1592600 507
1592610 506
1592620 506
1592630 505
1592640 504
1592650 504
1592660 504
1592670 503
1592680 503
1592690 501
1592700 501
1592710 502
1592720 502
1592730 502
1592740 502
1592750 503
1592760 503
1592770 504
1592780 504
1592790 504
1592800 503
1592810 503
1592820 502
1592830 502
1592840 501
1592850 500
1592860 499
1592870 497
1592880 496
1592890 493
1592900 491
1592910 489
1592920 487
1592930 486
1592940 486
1592950 486
1592960 485
1592970 485
1592980 485
1592990 484
1593000 484
1593010 483
1593020 483
1593030 483
1593040 482
1593050 482
1593060 481
1593070 481
1593080 480
1593090 480
1593100 480
1593110 479
1593120 479
1593130 478
1593140 478
1593150 477
1593160 477
1593170 475
1593180 474
1593190 472
1593200 471
1593210 469
1593220 468
1593230 466
1593240 465
1593250 464
1593260 463
1593270 461
1593280 461
1593290 460
1593300 459
1593310 458
1593320 458
1593330 457
1593340 456
1593350 455
1593360 453
1593370 452
1593380 452
1593390 452
1593400 452
1593410 452
1593420 452
1593430 452
1593440 452
1593450 452
1593460 452
1593470 452
1593480 452
1593490 452
1593500 452
1593510 452
1593520 452
1593530 452
1593540 452
1593550 452
1593560 452
1593570 452
1593580 452
1593590 452
1593600 452
1593610 452
1593620 452
1593630 453
1593640 453
1593650 453
1593660 453
1593670 452
1593680 451
1593690 451
1593700 452
1593710 452
1593720 452
1593730 452
1593740 452
1593750 452
1593760 452
1593770 452
1593780 452
1593790 452
1593800 452
1593810 452
1593820 452
1593830 452
1593840 452
1593850 452
1593860 452
1593870 452
1593880 452
1593890 452
1593900 452
1593910 452
1593920 452
1593930 452
1593940 452
1593950 452
1593960 452
1593970 452
1593980 452
1593990 452
1594000 452
1594010 452
1594020 452
1594030 452
1594040 452
1594050 452
1594060 452
1594070 452
1594080 452
1594090 452
1594100 452
1594110 452
1594120 452
1594130 452
1594140 452
1594150 451
1594160 451
1594170 451
1594180 451
1594190 451
1594200 451
1594210 451
1594220 451
1594230 451
1594240 451
1594250 451
1594260 451
1594270 452
1594280 452
1594290 452
1594300 452
1594310 452
1594320 452
1594330 452
1594340 452
1594350 452
1594360 452
1594370 452
1594380 452
1594390 452
1594400 452
1594410 452
1594420 452
1594430 452
1594440 452
1594450 452
1594460 452
1594470 452
1594480 452
1594490 452
1594500 452
1594510 452
1594520 452
1594530 452
1594540 452
1594550 452
1594560 452
1594570 452
1594580 452
1594590 452
1594600 452
1594610 452
1594620 452
1594630 452
1594640 452
1594650 452
1594660 452
1594670 452
1594680 452
1594690 452
1594700 452
1594710 452
1594720 452
1594730 452
1594740 452
1594750 452
1594760 452
1594770 452
1594780 452
1594790 452
1594800 452
1594810 452
1594820 452
1594830 452
1594840 452
1594850 452
1594860 453
1594870 453
1594880 453
1594890 453
1594900 453
1594910 453
1594920 453
1594930 453
1594940 453
1594950 453
1594960 453
1594970 453
1594980 453
1594990 453
1595000 453
1595010 453
1595020 453
1595030 453
1595040 453
1595050 453
1595060 453
1595070 453
1595080 453
1595090 453
1595100 453
1595110 453
1595120 453
1595130 453
1595140 453
1595150 453
1595160 453
1595170 453
1595180 453
1595190 453
1595200 453
1595210 453
1595220 453
1595230 453
1595240 453
1595250 453
1595260 453
1595270 453
1595280 453
1595290 454
1595300 454
1595310 454
1595320 454
1595330 454
1595340 454
1595350 454
1595360 454
1595370 454
1595380 454
1595390 454
1595400 454
1595410 454
1595420 454
1595430 454
1595440 454
1595450 454
1595460 454
1595470 454
1595480 454
1595490 453
1595500 453
1595510 453
1595520 454
1595530 454
1595540 453
1595550 453
1595560 453
1595570 453
1595580 453
1595590 454
1595600 454
1595610 454
1595620 455
1595630 455
1595640 455
1595650 455
1595660 454
1595670 453
1595680 453
1595690 453
1595700 453
1595710 453
1595720 453
1595730 453
1595740 453
1595750 453
1595760 453
1595770 453
1595780 453
1595790 453
1595800 453
1595810 453
1595820 453
1595830 453
1595840 454
1595850 454
1595860 455
1595870 455
1595880 455
1595890 455
1595900 455
1595910 455
1595920 455
1595930 455
1595940 455
1595950 454
1595960 454
1595970 454
1595980 454
1595990 454
1596000 454
1596010 454
1596020 454
1596030 455
1596040 455
1596050 455
1596060 455
1596070 455
1596080 455
1596090 455
1596100 455
1596110 455
1596120 455
1596130 456
1596140 456
1596150 456
1596160 456
1596170 457
1596180 457
1596190 457
1596200 457
1596210 457
1596220 457
1596230 457
1596240 457
1596250 457
1596260 457
1596270 457
1596280 457
1596290 457
1596300 457
1596310 457
1596320 458
1596330 458
1596340 458
1596350 458
1596360 458
1596370 459
1596380 459
1596390 459
1596400 459
1596410 460
1596420 460
1596430 460
1596440 461
1596450 461
1596460 462
1596470 464
1596480 466
1596490 468
1596500 469
1596510 470
1596520 471
1596530 473
1596540 474
1596550 475
1596560 475
1596570 475
1596580 476
1596590 476
1596600 476
1596610 475
1596620 475
1596630 475
1596640 475
1596650 475
1596660 476
1596670 476
1596680 476
1596690 476
1596700 477
1596710 477
1596720 478
1596730 479
1596740 480
1596750 481
1596760 481
1596770 482
1596780 482
1596790 482
1596800 482
1596810 482
1596820 482
1596830 483
1596840 483
1596850 483
1596860 483
1596870 484
1596880 485
1596890 486
1596900 488
1596910 489
1596920 491
1596930 493
1596940 495
1596950 497
1596960 499
1596970 500
1596980 500
1596990 501
1597000 502
1597010 502
1597020 503
1597030 503
1597040 504
1597050 505
1597060 506
1597070 507
1597080 507
1597090 508
1597100 508
1597110 507
1597120 507
1597130 507
1597140 507
1597150 506
1597160 505
1597170 503
1597180 502
1597190 502
1597200 502
1597210 502
1597220 502
1597230 502
1597240 502
1597250 503
1597260 503
1597270 503
1597280 503
1597290 503
1597300 503
1597310 504
1597320 504
1597330 504
1597340 504
1597350 504
1597360 504
1597370 504
1597380 504
1597390 504
1597400 504
1597410 504
1597420 503
1597430 503
1597440 503
1597450 503
1597460 502
1597470 502
1597480 502
1597490 501
1597500 501
1597510 501
1597520 500
1597530 500
1597540 500
1597550 499
1597560 499
1597570 499
1597580 498
1597590 498
1597600 497
1597610 497
1597620 497
1597630 497
1597640 496
1597650 496
1597660 496
1597670 496
1597680 495
1597690 495
1597700 495
1597710 495
1597720 494
1597730 494
1597740 493
1597750 493
1597760 493
1597770 493
1597780 493
1597790 493
1597800 493
1597810 493
1597820 493
1597830 494
1597840 494
1597850 493
1597860 493
1597870 493
1597880 492
1597890 492
1597900 492
1597910 492
1597920 492
1597930 493
1597940 493
1597950 493
1597960 493
1597970 492
1597980 492
1597990 492
1598000 492
1598010 492
1598020 493
1598030 493
1598040 493
1598050 493
1598060 493
1598070 493
1598080 493
1598090 492
1598100 492
1598110 492
1598120 492
1598130 492
1598140 492
1598150 492
1598160 492
1598170 492
1598180 492
1598190 492
1598200 492
1598210 493
1598220 493
1598230 493
1598240 493
1598250 493
1598260 493
1598270 493
1598280 493
1598290 493
1598300 493
1598310 493
1598320 493
1598330 494
1598340 494
1598350 494
1598360 494
1598370 494
1598380 494
1598390 494
1598400 495
1598410 495
1598420 496
1598430 497
1598440 497
1598450 497
1598460 497
1598470 497
1598480 498
1598490 498
1598500 498
1598510 498
1598520 498
1598530 499
1598540 499
1598550 499
1598560 499
1598570 499
1598580 499
1598590 499
1598600 499
1598610 499
1598620 499
1598630 500
1598640 500
1598650 500
1598660 501
1598670 501
1598680 502
1598690 502
1598700 503
1598710 504
1598720 505
1598730 505
1598740 506
1598750 507
1598760 508
1598770 509
1598780 510
1598790 511
1598800 512
1598810 513
1598820 514
1598830 514
1598840 515
1598850 516
1598860 517
1598870 518
1598880 519
1598890 520
1598900 521
1598910 521
1598920 522
1598930 523
1598940 524
1598950 525
1598960 525
1598970 525
1598980 525
1598990 526
1599000 526
1599010 526
1599020 526
1599030 526
1599040 526
1599050 526
1599060 526
1599070 525
1599080 525
1599090 525
1599100 524
1599110 523
1599120 523
1599130 523
1599140 522
1599150 522
1599160 522
1599170 521
1599180 521
1599190 521
1599200 521
1599210 521
1599220 521
1599230 521
1599240 520
1599250 520
1599260 520
1599270 520
1599280 520
1599290 520
1599300 520
1599310 520
1599320 520
1599330 520
1599340 520
1599350 520
1599360 520
1599370 520
1599380 520
1599390 520
1599400 519
1599410 519
1599420 519
1599430 519
1599440 519
1599450 519
1599460 519
1599470 519
1599480 519
1599490 519
1599500 519
1599510 518
1599520 518
1599530 518
1599540 518
1599550 518
1599560 518
1599570 518
1599580 518
1599590 518
1599600 517
1599610 517
1599620 517
1599630 517
1599640 516
1599650 516
1599660 516
1599670 515
1599680 514
1599690 514
1599700 513
1599710 512
1599720 512
1599730 511
1599740 511
1599750 510
1599760 510
1599770 510
1599780 509
1599790 509
1599800 508
1599810 508
1599820 508
1599830 508
1599840 508
1599850 508
1599860 508
1599870 508
1599880 508
1599890 508
1599900 508
1599910 508
1599920 509
1599930 510
1599940 512
1599950 514
1599960 516
1599970 517
1599980 517
1599990 517
