1580000 549
1580010 549
1580020 549
1580030 550
1580040 550
1580050 551
1580060 551
1580070 551
1580080 551
1580090 552
1580100 552
1580110 552
1580120 552
1580130 552
1580140 552
1580150 551
1580160 551
1580170 551
1580180 551
1580190 551
1580200 550
1580210 549
1580220 549
1580230 548
1580240 548
1580250 547
1580260 547
1580270 547
1580280 546
1580290 546
1580300 546
1580310 546
1580320 546
1580330 546
1580340 546
1580350 546
1580360 546
1580370 546
1580380 546
1580390 546
1580400 546
1580410 546
1580420 546
1580430 546
1580440 545
1580450 545
1580460 545
1580470 545
1580480 545
1580490 545
1580500 545
1580510 545
1580520 545
1580530 546
1580540 546
1580550 545
1580560 545
1580570 545
1580580 545
1580590 545
1580600 545
1580610 545
1580620 545
1580630 545
1580640 545
1580650 545
1580660 546
1580670 546
1580680 546
1580690 546
1580700 546
1580710 547
1580720 547
1580730 547
1580740 547
1580750 547
1580760 547
1580770 547
1580780 547
1580790 547
1580800 547
1580810 547
1580820 547
1580830 547
1580840 547
1580850 547
1580860 547
1580870 547
1580880 547
1580890 547
1580900 547
1580910 547
1580920 547
1580930 547
1580940 547
1580950 547
1580960 547
1580970 547
1580980 547
1580990 547
1581000 546
1581010 546
1581020 546
1581030 546
1581040 545
1581050 545
1581060 545
1581070 545
1581080 544
1581090 544
1581100 544
1581110 544
1581120 544
1581130 544
1581140 544
1581150 544
1581160 543
1581170 543
1581180 543
1581190 543
1581200 543
1581210 543
1581220 544
1581230 544
1581240 544
1581250 544
1581260 544
1581270 544
1581280 545
1581290 545
1581300 545
1581310 545
1581320 545
1581330 545
1581340 545
1581350 545
1581360 546
1581370 546
1581380 547
1581390 547
1581400 547
1581410 548
1581420 548
1581430 548
1581440 548
1581450 548
1581460 548
1581470 547
1581480 547
1581490 547
1581500 547
1581510 547
1581520 547
1581530 547
1581540 547
1581550 547
1581560 547
1581570 546
1581580 546
1581590 545
1581600 545
1581610 545
1581620 545
1581630 546
1581640 546
1581650 547
1581660 547
1581670 547
1581680 547
1581690 547
1581700 547
1581710 547
1581720 546
1581730 546
1581740 546
1581750 546
1581760 546
1581770 546
1581780 547
1581790 547
1581800 547
1581810 546
1581820 544
1581830 542
1581840 543
1581850 544
1581860 545
1581870 546
1581880 547
1581890 549
1581900 550
1581910 552
1581920 553
1581930 554
1581940 554
1581950 555
1581960 556
1581970 557
1581980 558
1581990 559
1582000 559
1582010 560
1582020 560
1582030 561
1582040 562
1582050 563
1582060 564
1582070 564
1582080 565
1582090 565
1582100 566
1582110 566
1582120 567
1582130 567
1582140 568
1582150 568
1582160 569
1582170 569
1582180 570
1582190 570
1582200 571
1582210 572
1582220 572
1582230 573
1582240 574
1582250 575
1582260 576
1582270 577
1582280 578
1582290 579
1582300 579
1582310 580
1582320 580
1582330 581
1582340 582
1582350 583
1582360 584
1582370 584
1582380 584
1582390 583
1582400 583
1582410 582
1582420 582
1582430 581
1582440 581
1582450 580
1582460 580
1582470 578
1582480 577
1582490 575
1582500 574
1582510 573
1582520 572
1582530 571
1582540 570
1582550 570
1582560 569
1582570 569
1582580 569
1582590 568
1582600 568
1582610 568
1582620 568
1582630 567
1582640 568
1582650 568
1582660 568
1582670 568
1582680 568
1582690 568
1582700 567
1582710 567
1582720 567
1582730 566
1582740 566
1582750 565
1582760 565
1582770 564
1582780 563
1582790 562
1582800 561
1582810 561
1582820 560
1582830 559
1582840 559
1582850 559
1582860 558
1582870 558
1582880 557
1582890 557
1582900 556
1582910 556
1582920 555
1582930 554
1582940 554
1582950 553
1582960 552
1582970 551
1582980 550
1582990 550
1583000 549
1583010 548
1583020 548
1583030 547
1583040 546
1583050 546
1583060 545
1583070 545
1583080 544
1583090 544
1583100 543
1583110 543
1583120 542
1583130 541
1583140 541
1583150 540
1583160 540
1583170 540
1583180 539
1583190 539
1583200 539
1583210 538
1583220 538
1583230 538
1583240 538
1583250 537
1583260 537
1583270 537
1583280 537
1583290 537
1583300 536
1583310 536
1583320 536
1583330 536
1583340 536
1583350 536
1583360 536
1583370 535
1583380 535
1583390 535
1583400 535
1583410 535
1583420 535
1583430 535
1583440 535
1583450 535
1583460 535
1583470 535
1583480 535
1583490 535
1583500 534
1583510 534
1583520 534
1583530 534
1583540 534
1583550 534
1583560 534
1583570 534
1583580 533
1583590 533
1583600 533
1583610 533
1583620 533
1583630 533
1583640 533
1583650 533
1583660 533
1583670 533
1583680 533
1583690 533
1583700 532
1583710 532
1583720 532
1583730 532
1583740 532
1583750 532
1583760 532
1583770 532
1583780 532
1583790 532
1583800 532
1583810 532
1583820 532
1583830 532
1583840 532
1583850 532
1583860 532
1583870 532
1583880 532
1583890 532
1583900 532
1583910 532
1583920 533
1583930 533
1583940 533
1583950 533
1583960 534
1583970 534
1583980 535
1583990 535
1584000 535
1584010 535
1584020 535
1584030 535
1584040 535
1584050 536
1584060 536
1584070 536
1584080 537
1584090 537
1584100 537
1584110 536
1584120 536
1584130 536
1584140 536
1584150 535
1584160 535
1584170 535
1584180 535
1584190 535
1584200 535
1584210 536
1584220 536
1584230 536
1584240 536
1584250 536
1584260 536
1584270 536
1584280 536
1584290 536
1584300 536
1584310 536
1584320 536
1584330 536
1584340 535
1584350 535
1584360 535
1584370 535
1584380 535
1584390 534
1584400 534
1584410 535
1584420 535
1584430 535
1584440 536
1584450 536
1584460 536
1584470 537
1584480 537
1584490 537
1584500 538
1584510 538
1584520 538
1584530 539
1584540 539
1584550 539
1584560 539
1584570 539
1584580 540
1584590 540
1584600 541
1584610 542
1584620 543
1584630 543
1584640 544
1584650 545
1584660 546
1584670 546
1584680 546
1584690 546
1584700 546
1584710 546
1584720 546
1584730 546
1584740 546
1584750 546
1584760 546
1584770 546
1584780 545
1584790 545
1584800 546
1584810 546
1584820 546
1584830 547
1584840 547
1584850 548
1584860 549
1584870 550
1584880 551
1584890 553
1584900 553
1584910 554
1584920 554
1584930 554
1584940 555
1584950 555
1584960 555
1584970 556
1584980 556
1584990 557
1585000 557
1585010 558
1585020 558
1585030 559
1585040 559
1585050 560
1585060 561
1585070 562
1585080 563
1585090 564
1585100 565
1585110 566
1585120 567
1585130 568
1585140 568
1585150 569
1585160 570
1585170 571
1585180 572
1585190 572
1585200 573
1585210 574
1585220 575
1585230 575
1585240 576
1585250 576
1585260 576
1585270 577
1585280 577
1585290 578
1585300 578
1585310 578
1585320 578
1585330 579
1585340 579
1585350 579
1585360 579
1585370 579
1585380 579
1585390 579
1585400 579
1585410 579
1585420 579
1585430 579
1585440 578
1585450 578
1585460 578
1585470 578
1585480 578
1585490 578
1585500 577
1585510 577
1585520 576
1585530 576
1585540 576
1585550 575
1585560 575
1585570 575
1585580 575
1585590 575
1585600 574
1585610 574
1585620 574
1585630 574
1585640 573
1585650 573
1585660 572
1585670 572
1585680 573
1585690 573
1585700 573
1585710 573
1585720 573
1585730 573
1585740 573
1585750 572
1585760 572
1585770 572
1585780 572
1585790 572
1585800 572
1585810 573
1585820 573
1585830 573
1585840 573
1585850 573
1585860 573
1585870 573
1585880 573
1585890 573
1585900 573
1585910 573
1585920 573
1585930 573
1585940 573
1585950 573
1585960 573
1585970 573
1585980 573
1585990 573
1586000 574
1586010 574
1586020 574
1586030 574
1586040 574
1586050 574
1586060 574
1586070 574
1586080 574
1586090 573
1586100 573
1586110 573
1586120 573
1586130 573
1586140 573
1586150 573
1586160 573
1586170 573
1586180 573
1586190 573
1586200 574
1586210 574
1586220 574
1586230 574
1586240 574
1586250 574
1586260 575
1586270 575
1586280 575
1586290 575
1586300 575
1586310 576
1586320 576
1586330 576
1586340 577
1586350 577
1586360 578
1586370 578
1586380 579
1586390 580
1586400 581
1586410 581
1586420 582
1586430 582
1586440 582
1586450 581
1586460 581
1586470 581
1586480 582
1586490 582
1586500 582
1586510 582
1586520 582
1586530 582
1586540 583
1586550 584
1586560 584
1586570 585
1586580 585
1586590 585
1586600 586
1586610 586
1586620 586
1586630 587
1586640 587
1586650 587
1586660 587
1586670 587
1586680 587
1586690 587
1586700 587
1586710 587
1586720 587
1586730 587
1586740 586
1586750 586
1586760 586
1586770 586
1586780 586
1586790 586
1586800 586
1586810 586
1586820 586
1586830 586
1586840 586
1586850 587
1586860 587
1586870 587
1586880 587
1586890 587
1586900 587
1586910 587
1586920 588
1586930 588
1586940 589
1586950 589
1586960 589
1586970 589
1586980 590
1586990 590
1587000 590
1587010 590
1587020 591
1587030 591
1587040 592
1587050 592
1587060 593
1587070 593
1587080 594
1587090 594
1587100 595
1587110 595
1587120 596
1587130 596
1587140 596
1587150 596
1587160 596
1587170 596
1587180 597
1587190 597
1587200 598
1587210 599
1587220 600
1587230 601
1587240 601
1587250 602
1587260 602
1587270 602
1587280 603
1587290 603
1587300 604
1587310 605
1587320 606
1587330 607
1587340 608
1587350 608
1587360 609
1587370 610
1587380 611
1587390 611
1587400 612
1587410 612
1587420 613
1587430 614
1587440 615
1587450 616
1587460 617
1587470 619
1587480 620
1587490 621
1587500 622
1587510 623
1587520 624
1587530 624
1587540 624
1587550 625
1587560 626
1587570 626
1587580 627
1587590 628
1587600 629
1587610 630
1587620 630
1587630 631
1587640 632
1587650 633
1587660 633
1587670 633
1587680 634
1587690 635
1587700 635
1587710 636
1587720 637
1587730 638
1587740 639
1587750 639
1587760 640
1587770 640
1587780 641
1587790 642
1587800 643
1587810 644
1587820 645
1587830 646
1587840 647
1587850 648
1587860 649
1587870 650
1587880 651
1587890 652
1587900 653
1587910 654
1587920 654
1587930 655
1587940 656
1587950 657
1587960 658
1587970 660
1587980 661
1587990 662
1588000 663
1588010 664
1588020 665
1588030 666
1588040 667
1588050 668
1588060 669
1588070 670
1588080 671
1588090 672
1588100 673
1588110 674
1588120 675
1588130 676
1588140 676
1588150 677
1588160 678
1588170 678
1588180 679
1588190 680
1588200 680
1588210 681
1588220 681
1588230 682
1588240 683
1588250 683
1588260 684
1588270 684
1588280 685
1588290 686
1588300 686
1588310 687
1588320 688
1588330 688
1588340 688
1588350 688
1588360 689
1588370 689
1588380 690
1588390 692
1588400 693
1588410 694
1588420 694
1588430 695
1588440 695
1588450 695
1588460 695
1588470 695
1588480 695
1588490 695
1588500 695
1588510 695
1588520 695
1588530 695
1588540 695
1588550 694
1588560 694
1588570 694
1588580 694
1588590 694
1588600 695
1588610 695
1588620 696
1588630 697
1588640 698
1588650 699
1588660 700
1588670 701
1588680 700
1588690 699
1588700 698
1588710 696
1588720 695
1588730 693
1588740 693
1588750 692
1588760 691
1588770 690
1588780 689
1588790 688
1588800 687
1588810 686
1588820 685
1588830 684
1588840 683
1588850 682
1588860 681
1588870 681
1588880 680
1588890 680
1588900 679
1588910 677
1588920 675
1588930 673
1588940 672
1588950 670
1588960 669
1588970 668
1588980 666
1588990 664
1589000 663
1589010 662
1589020 660
1589030 659
1589040 658
1589050 656
1589060 655
1589070 653
1589080 652
1589090 651
1589100 649
1589110 648
1589120 647
1589130 645
1589140 644
1589150 643
1589160 642
1589170 640
1589180 639
1589190 636
1589200 635
1589210 634
1589220 633
1589230 633
1589240 632
1589250 630
1589260 629
1589270 628
1589280 627
1589290 626
1589300 625
1589310 624
1589320 622
1589330 620
1589340 618
1589350 617
1589360 616
1589370 615
1589380 614
1589390 613
1589400 612
1589410 612
1589420 611
1589430 610
1589440 609
1589450 608
1589460 606
1589470 605
1589480 604
1589490 603
1589500 602
1589510 601
1589520 601
1589530 601
1589540 601
1589550 601
1589560 601
1589570 600
1589580 599
1589590 598
1589600 596
1589610 594
1589620 591
1589630 589
1589640 587
1589650 585
1589660 584
1589670 582
1589680 582
1589690 581
1589700 581
1589710 581
1589720 581
1589730 582
1589740 582
1589750 583
1589760 584
1589770 585
1589780 585
1589790 586
1589800 586
1589810 586
1589820 586
1589830 585
1589840 584
1589850 582
1589860 579
1589870 576
1589880 573
1589890 570
1589900 568
1589910 566
1589920 564
1589930 563
1589940 562
1589950 562
1589960 563
1589970 564
1589980 565
1589990 565
1590000 566
1590010 566
1590020 566
1590030 566
1590040 565
1590050 564
1590060 563
1590070 563
1590080 563
1590090 565
1590100 566
1590110 567
1590120 568
1590130 569
1590140 570
1590150 570
1590160 570
1590170 571
1590180 570
1590190 570
1590200 570
1590210 569
1590220 569
1590230 569
1590240 569
1590250 568
1590260 568
1590270 567
1590280 567
1590290 566
1590300 565
1590310 564
1590320 563
1590330 562
1590340 561
1590350 559
1590360 557
1590370 555
1590380 553
1590390 552
1590400 550
1590410 549
1590420 548
1590430 547
1590440 546
1590450 546
1590460 546
1590470 546
1590480 547
1590490 548
1590500 549
1590510 550
1590520 551
1590530 551
1590540 551
1590550 551
1590560 550
1590570 550
1590580 550
1590590 549
1590600 549
1590610 549
1590620 549
1590630 549
1590640 548
1590650 547
1590660 547
1590670 546
1590680 545
1590690 544
1590700 543
1590710 542
1590720 541
1590730 540
1590740 539
1590750 538
1590760 537
1590770 536
1590780 535
1590790 534
1590800 532
1590810 531
1590820 529
1590830 528
1590840 527
1590850 527
1590860 527
1590870 526
1590880 526
1590890 526
1590900 525
1590910 524
1590920 523
1590930 522
1590940 522
1590950 522
1590960 522
1590970 521
1590980 521
1590990 521
1591000 521
1591010 521
1591020 521
1591030 520
1591040 520
1591050 520
1591060 520
1591070 520
1591080 520
1591090 519
1591100 519
1591110 519
1591120 519
1591130 519
1591140 519
1591150 519
1591160 519
1591170 519
1591180 520
1591190 520
1591200 520
1591210 520
1591220 520
1591230 521
1591240 520
1591250 520
1591260 520
1591270 519
1591280 519
1591290 519
1591300 518
1591310 517
1591320 516
1591330 516
1591340 515
1591350 514
1591360 514
1591370 513
1591380 513
1591390 512
1591400 512
1591410 512
1591420 512
1591430 511
1591440 511
1591450 510
1591460 510
1591470 510
1591480 509
1591490 509
1591500 509
1591510 509
1591520 509
1591530 509
1591540 508
1591550 508
1591560 508
1591570 508
1591580 508
1591590 508
1591600 508
1591610 508
1591620 508
1591630 508
1591640 508
1591650 508
1591660 507
1591670 508
1591680 508
1591690 508
1591700 508
1591710 508
1591720 508
1591730 508
1591740 508
1591750 509
1591760 509
1591770 509
1591780 509
1591790 509
1591800 509
1591810 509
1591820 508
1591830 508
1591840 508
1591850 508
1591860 508
1591870 508
1591880 507
1591890 507
1591900 507
1591910 507
1591920 507
1591930 508
1591940 509
1591950 510
1591960 510
1591970 511
1591980 513
1591990 514
1592000 516
1592010 517
1592020 517
1592030 517
1592040 517
1592050 517
1592060 518
1592070 520
1592080 521
1592090 523
1592100 524
1592110 525
1592120 526
1592130 528
1592140 528
1592150 528
1592160 528
1592170 528
1592180 528
1592190 530
1592200 530
1592210 530
1592220 528
1592230 527
1592240 526
1592250 524
1592260 522
1592270 521
1592280 520
1592290 519
1592300 518
1592310 516
1592320 514
1592330 513
1592340 512
1592350 511
1592360 510
1592370 508
1592380 505
1592390 503
1592400 502
1592410 501
1592420 501
1592430 501
1592440 501
1592450 501
1592460 500
1592470 500
1592480 500
1592490 500
1592500 500
1592510 500
1592520 500
1592530 500
1592540 499
1592550 499
1592560 499
1592570 499
1592580 499
1592590 499
1592600 499
1592610 499
1592620 498
1592630 498
1592640 498
1592650 498
1592660 498
1592670 498
1592680 498
1592690 498
1592700 498
1592710 498
1592720 498
1592730 498
1592740 498
1592750 498
1592760 498
1592770 497
1592780 497
1592790 497
1592800 497
1592810 497
1592820 497
1592830 497
1592840 497
1592850 497
1592860 497
1592870 497
1592880 496
1592890 496
1592900 496
1592910 496
1592920 496
1592930 496
1592940 496
1592950 496
1592960 496
1592970 496
1592980 495
1592990 495
1593000 495
1593010 495
1593020 495
1593030 495
1593040 494
1593050 494
1593060 494
1593070 494
1593080 493
1593090 493
1593100 493
1593110 493
1593120 493
1593130 492
1593140 491
1593150 492
1593160 493
1593170 494
1593180 494
1593190 494
1593200 494
1593210 495
1593220 495
1593230 495
1593240 495
1593250 495
1593260 495
1593270 494
1593280 494
1593290 493
1593300 494
1593310 494
1593320 494
1593330 494
1593340 494
1593350 494
1593360 495
1593370 496
1593380 497
1593390 497
1593400 498
1593410 499
1593420 499
1593430 500
1593440 500
1593450 500
1593460 500
1593470 500
1593480 500
1593490 500
1593500 500
1593510 500
1593520 500
1593530 501
1593540 501
1593550 501
1593560 500
1593570 500
1593580 499
1593590 498
1593600 497
1593610 496
1593620 495
1593630 494
1593640 494
1593650 493
1593660 493
1593670 492
1593680 492
1593690 492
1593700 492
1593710 492
1593720 491
1593730 490
1593740 489
1593750 488
1593760 487
1593770 486
1593780 485
1593790 484
1593800 483
1593810 482
1593820 480
1593830 478
1593840 476
1593850 474
1593860 471
1593870 468
1593880 464
1593890 462
1593900 461
1593910 460
1593920 460
1593930 460
1593940 460
1593950 459
1593960 459
1593970 459
1593980 460
1593990 460
1594000 459
1594010 459
1594020 459
1594030 459
1594040 459
1594050 459
1594060 459
1594070 459
1594080 459
1594090 459
1594100 459
1594110 459
1594120 458
1594130 458
1594140 458
1594150 458
1594160 458
1594170 458
1594180 458
1594190 458
1594200 458
1594210 458
1594220 458
1594230 458
1594240 458
1594250 458
1594260 458
1594270 458
1594280 458
1594290 458
1594300 458
1594310 457
1594320 457
1594330 457
1594340 457
1594350 457
1594360 457
1594370 457
1594380 457
1594390 457
1594400 457
1594410 457
1594420 457
1594430 457
1594440 457
1594450 457
1594460 457
1594470 457
1594480 457
1594490 457
1594500 457
1594510 457
1594520 457
1594530 457
1594540 457
1594550 456
1594560 456
1594570 456
1594580 456
1594590 455
1594600 455
1594610 455
1594620 454
1594630 454
1594640 454
1594650 454
1594660 454
1594670 454
1594680 454
1594690 453
1594700 453
1594710 452
1594720 452
1594730 452
1594740 452
1594750 452
1594760 452
1594770 452
1594780 452
1594790 452
1594800 452
1594810 452
1594820 452
1594830 452
1594840 452
1594850 452
1594860 452
1594870 452
1594880 452
1594890 452
1594900 452
1594910 452
1594920 452
1594930 452
1594940 452
1594950 453
1594960 453
1594970 453
1594980 453
1594990 453
1595000 453
1595010 453
1595020 453
1595030 453
1595040 453
1595050 453
1595060 453
1595070 453
1595080 453
1595090 453
1595100 453
1595110 453
1595120 453
1595130 453
1595140 453
1595150 453
1595160 452
1595170 452
1595180 452
1595190 452
1595200 452
1595210 452
1595220 452
1595230 452
1595240 453
1595250 453
1595260 453
1595270 453
1595280 453
1595290 453
1595300 453
1595310 453
1595320 453
1595330 453
1595340 453
1595350 453
1595360 453
1595370 453
1595380 453
1595390 453
1595400 453
1595410 453
1595420 453
1595430 453
1595440 453
1595450 453
1595460 453
1595470 453
1595480 453
1595490 453
1595500 453
1595510 453
1595520 453
1595530 453
1595540 453
1595550 453
1595560 453
1595570 453
1595580 453
1595590 453
1595600 453
1595610 453
1595620 453
1595630 453
1595640 453
1595650 453
1595660 453
1595670 453
1595680 453
1595690 453
1595700 453
1595710 453
1595720 452
1595730 452
1595740 452
1595750 452
1595760 453
1595770 453
1595780 453
1595790 453
1595800 453
1595810 453
1595820 453
1595830 453
1595840 453
1595850 453
1595860 453
1595870 453
1595880 453
1595890 453
1595900 453
1595910 453
1595920 453
1595930 453
1595940 453
1595950 454
1595960 454
1595970 454
1595980 454
1595990 454
1596000 454
1596010 454
1596020 454
1596030 454
1596040 454
1596050 454
1596060 454
1596070 454
1596080 454
1596090 454
1596100 454
1596110 454
1596120 454
1596130 454
1596140 454
1596150 454
1596160 454
1596170 454
1596180 454
1596190 454
1596200 454
1596210 454
1596220 454
1596230 454
1596240 454
1596250 454
1596260 454
1596270 454
1596280 454
1596290 454
1596300 454
1596310 454
1596320 454
1596330 455
1596340 455
1596350 455
1596360 455
1596370 455
1596380 454
1596390 454
1596400 453
1596410 453
1596420 453
1596430 453
1596440 453
1596450 453
1596460 453
1596470 453
1596480 453
1596490 453
1596500 453
1596510 453
1596520 453
1596530 453
1596540 453
1596550 453
1596560 453
1596570 454
1596580 454
1596590 454
1596600 454
1596610 454
1596620 454
1596630 454
1596640 454
1596650 454
1596660 454
1596670 454
1596680 454
1596690 454
1596700 454
1596710 454
1596720 454
1596730 454
1596740 454
1596750 454
1596760 454
1596770 455
1596780 455
1596790 455
1596800 455
1596810 455
1596820 455
1596830 455
1596840 455
1596850 456
1596860 456
1596870 456
1596880 456
1596890 457
1596900 457
1596910 457
1596920 457
1596930 458
1596940 459
1596950 460
1596960 461
1596970 464
1596980 467
1596990 468
1597000 468
1597010 469
1597020 470
1597030 471
1597040 473
1597050 474
1597060 475
1597070 476
1597080 478
1597090 480
1597100 482
1597110 483
1597120 484
1597130 485
1597140 486
1597150 486
1597160 487
1597170 487
1597180 487
1597190 488
1597200 489
1597210 491
1597220 492
1597230 493
1597240 493
1597250 493
1597260 493
1597270 493
1597280 493
1597290 493
1597300 494
1597310 494
1597320 495
1597330 495
1597340 495
1597350 496
1597360 496
1597370 496
1597380 497
1597390 497
1597400 498
1597410 498
1597420 498
1597430 499
1597440 499
1597450 499
1597460 499
1597470 499
1597480 499
1597490 500
1597500 500
1597510 500
1597520 501
1597530 501
1597540 502
1597550 502
1597560 503
1597570 504
1597580 504
1597590 505
1597600 505
1597610 505
1597620 506
1597630 507
1597640 507
1597650 508
1597660 509
1597670 509
1597680 509
1597690 509
1597700 510
1597710 510
1597720 510
1597730 511
1597740 511
1597750 511
1597760 511
1597770 511
1597780 511
1597790 510
1597800 510
1597810 509
1597820 509
1597830 508
1597840 508
1597850 507
1597860 507
1597870 506
1597880 506
1597890 506
1597900 506
1597910 506
1597920 505
1597930 504
1597940 503
1597950 503
1597960 503
1597970 503
1597980 503
1597990 502
1598000 502
1598010 502
1598020 502
1598030 502
1598040 502
1598050 502
1598060 502
1598070 501
1598080 501
1598090 500
1598100 500
1598110 500
1598120 499
1598130 499
1598140 499
1598150 499
1598160 499
1598170 499
1598180 499
1598190 499
1598200 499
1598210 499
1598220 500
1598230 500
1598240 500
1598250 500
1598260 500
1598270 500
1598280 500
1598290 500
1598300 501
1598310 501
1598320 501
1598330 502
1598340 502
1598350 502
1598360 502
1598370 503
1598380 503
1598390 503
1598400 503
1598410 503
1598420 503
1598430 503
1598440 503
1598450 503
1598460 503
1598470 503
1598480 502
1598490 502
1598500 502
1598510 501
1598520 501
1598530 500
1598540 500
1598550 499
1598560 498
1598570 498
1598580 497
1598590 497
1598600 496
1598610 496
1598620 495
1598630 495
1598640 495
1598650 495
1598660 494
1598670 494
1598680 494
1598690 493
1598700 493
1598710 493
1598720 493
1598730 492
1598740 492
1598750 493
1598760 493
1598770 493
1598780 493
1598790 493
1598800 493
1598810 493
1598820 493
1598830 493
1598840 493
1598850 493
1598860 493
1598870 493
1598880 493
1598890 493
1598900 493
1598910 493
1598920 493
1598930 493
1598940 493
1598950 492
1598960 492
1598970 491
1598980 491
1598990 490
1599000 490
1599010 490
1599020 489
1599030 489
1599040 488
1599050 488
1599060 489
1599070 488
1599080 488
1599090 489
1599100 489
1599110 489
1599120 490
1599130 490
1599140 491
1599150 491
1599160 492
1599170 492
1599180 493
1599190 493
1599200 494
1599210 494
1599220 495
1599230 496
1599240 496
1599250 497
1599260 498
1599270 499
1599280 500
1599290 500
1599300 499
1599310 498
1599320 498
1599330 496
1599340 495
1599350 494
1599360 492
1599370 491
1599380 490
1599390 490
1599400 489
1599410 490
1599420 490
1599430 490
1599440 490
1599450 491
1599460 491
1599470 492
1599480 493
1599490 494
1599500 494
1599510 496
1599520 497
1599530 498
1599540 499
1599550 499
1599560 500
1599570 500
1599580 501
1599590 501
1599600 502
1599610 502
1599620 503
1599630 503
1599640 503
1599650 503
1599660 503
1599670 503
1599680 502
1599690 501
1599700 499
1599710 498
1599720 496
1599730 494
1599740 493
1599750 491
1599760 491
1599770 490
1599780 490
1599790 490
1599800 489
1599810 489
1599820 488
1599830 487
1599840 486
1599850 485
1599860 484
1599870 483
1599880 482
1599890 482
1599900 481
1599910 480
1599920 480
1599930 479
1599940 479
1599950 479
1599960 478
1599970 478
1599980 477
1599990 477
