1580000 649
1580010 651
1580020 652
1580030 653
1580040 655
1580050 656
1580060 657
1580070 657
1580080 658
1580090 658
1580100 658
1580110 657
1580120 657
1580130 657
1580140 656
1580150 656
1580160 656
1580170 655
1580180 655
1580190 654
1580200 654
1580210 653
1580220 653
1580230 652
1580240 652
1580250 651
1580260 651
1580270 650
1580280 650
1580290 650
1580300 649
1580310 649
1580320 649
1580330 648
1580340 648
1580350 647
1580360 647
1580370 646
1580380 646
1580390 646
1580400 645
1580410 645
1580420 645
1580430 644
1580440 644
1580450 643
1580460 642
1580470 642
1580480 641
1580490 641
1580500 641
1580510 641
1580520 641
1580530 641
1580540 641
1580550 641
1580560 641
1580570 641
1580580 641
1580590 641
1580600 641
1580610 641
1580620 641
1580630 641
1580640 641
1580650 641
1580660 641
1580670 641
1580680 641
1580690 641
1580700 641
1580710 641
1580720 641
1580730 640
1580740 639
1580750 638
1580760 637
1580770 636
1580780 635
1580790 633
1580800 632
1580810 631
1580820 630
1580830 630
1580840 629
1580850 628
1580860 628
1580870 627
1580880 627
1580890 626
1580900 625
1580910 624
1580920 622
1580930 620
1580940 619
1580950 619
1580960 618
1580970 618
1580980 618
1580990 617
1581000 617
1581010 618
1581020 619
1581030 620
1581040 622
1581050 623
1581060 624
1581070 624
1581080 625
1581090 625
1581100 625
1581110 625
1581120 626
1581130 626
1581140 626
1581150 626
1581160 626
1581170 627
1581180 627
1581190 627
1581200 627
1581210 626
1581220 626
1581230 626
1581240 626
1581250 626
1581260 626
1581270 625
1581280 625
1581290 625
1581300 625
1581310 625
1581320 625
1581330 625
1581340 625
1581350 625
1581360 625
1581370 625
1581380 625
1581390 624
1581400 624
1581410 624
1581420 625
1581430 625
1581440 626
1581450 626
1581460 627
1581470 629
1581480 630
1581490 632
1581500 633
1581510 634
1581520 634
1581530 635
1581540 634
1581550 633
1581560 632
1581570 631
1581580 629
1581590 628
1581600 627
1581610 626
1581620 625
1581630 625
1581640 625
1581650 627
1581660 628
1581670 630
1581680 632
1581690 633
1581700 635
1581710 636
1581720 638
1581730 639
1581740 640
1581750 642
1581760 643
1581770 643
1581780 644
1581790 644
1581800 644
1581810 644
1581820 644
1581830 643
1581840 643
1581850 643
1581860 642
1581870 642
1581880 642
1581890 642
1581900 642
1581910 642
1581920 642
1581930 642
1581940 642
1581950 642
1581960 642
1581970 642
1581980 642
1581990 642
1582000 641
1582010 641
1582020 641
1582030 640
1582040 640
1582050 640
1582060 640
1582070 640
1582080 639
1582090 639
1582100 639
1582110 639
1582120 639
1582130 638
1582140 638
1582150 638
1582160 638
1582170 638
1582180 639
1582190 640
1582200 641
1582210 641
1582220 643
1582230 643
1582240 644
1582250 644
1582260 644
1582270 644
1582280 644
1582290 644
1582300 644
1582310 644
1582320 644
1582330 644
1582340 643
1582350 643
1582360 643
1582370 643
1582380 643
1582390 643
1582400 642
1582410 641
1582420 640
1582430 640
1582440 640
1582450 640
1582460 640
1582470 640
1582480 640
1582490 639
1582500 639
1582510 639
1582520 638
1582530 638
1582540 638
1582550 637
1582560 637
1582570 636
1582580 636
1582590 635
1582600 635
1582610 634
1582620 634
1582630 633
1582640 633
1582650 633
1582660 632
1582670 632
1582680 632
1582690 631
1582700 631
1582710 632
1582720 632
1582730 632
1582740 633
1582750 634
1582760 635
1582770 636
1582780 637
1582790 637
1582800 638
1582810 639
1582820 639
1582830 640
1582840 641
1582850 642
1582860 643
1582870 643
1582880 644
1582890 644
1582900 645
1582910 645
1582920 645
1582930 646
1582940 646
1582950 646
1582960 646
1582970 646
1582980 647
1582990 647
1583000 647
1583010 648
1583020 648
1583030 648
1583040 648
1583050 648
1583060 649
1583070 649
1583080 649
1583090 649
1583100 648
1583110 648
1583120 648
1583130 647
1583140 646
1583150 646
1583160 644
1583170 643
1583180 640
1583190 636
1583200 632
1583210 627
1583220 625
1583230 624
1583240 625
1583250 625
1583260 625
1583270 625
1583280 624
1583290 622
1583300 620
1583310 617
1583320 614
1583330 611
1583340 608
1583350 606
1583360 604
1583370 603
1583380 601
1583390 600
1583400 599
1583410 598
1583420 598
1583430 597
1583440 597
1583450 596
1583460 596
1583470 596
1583480 596
1583490 596
1583500 596
1583510 596
1583520 597
1583530 597
1583540 597
1583550 597
1583560 597
1583570 596
1583580 596
1583590 595
1583600 594
1583610 593
1583620 592
1583630 591
1583640 590
1583650 589
1583660 588
1583670 587
1583680 587
1583690 586
1583700 586
1583710 586
1583720 586
1583730 585
1583740 585
1583750 585
1583760 584
1583770 584
1583780 584
1583790 584
1583800 584
1583810 583
1583820 583
1583830 583
1583840 583
1583850 583
1583860 583
1583870 583
1583880 584
1583890 584
1583900 584
1583910 584
1583920 584
1583930 585
1583940 586
1583950 587
1583960 589
1583970 590
1583980 591
1583990 593
1584000 594
1584010 596
1584020 596
1584030 597
1584040 597
1584050 599
1584060 602
1584070 606
1584080 609
1584090 612
1584100 614
1584110 616
1584120 618
1584130 620
1584140 623
1584150 625
1584160 628
1584170 630
1584180 632
1584190 634
1584200 636
1584210 638
1584220 640
1584230 642
1584240 644
1584250 646
1584260 648
1584270 649
1584280 652
1584290 654
1584300 657
1584310 659
1584320 661
1584330 663
1584340 665
1584350 666
1584360 667
1584370 668
1584380 669
1584390 670
1584400 671
1584410 672
1584420 673
1584430 674
1584440 674
1584450 675
1584460 675
1584470 675
1584480 675
1584490 674
1584500 673
1584510 672
1584520 671
1584530 670
1584540 670
1584550 669
1584560 668
1584570 668
1584580 667
1584590 666
1584600 666
1584610 665
1584620 664
1584630 663
1584640 663
1584650 663
1584660 663
1584670 663
1584680 663
1584690 664
1584700 664
1584710 665
1584720 665
1584730 666
1584740 667
1584750 667
1584760 668
1584770 668
1584780 669
1584790 670
1584800 671
1584810 672
1584820 673
1584830 674
1584840 674
1584850 675
1584860 675
1584870 676
1584880 676
1584890 677
1584900 678
1584910 679
1584920 680
1584930 681
1584940 683
1584950 684
1584960 685
1584970 685
1584980 686
1584990 686
1585000 687
1585010 687
1585020 688
1585030 689
1585040 690
1585050 691
1585060 691
1585070 691
1585080 692
1585090 692
1585100 693
1585110 693
1585120 693
1585130 693
1585140 693
1585150 693
1585160 692
1585170 692
1585180 692
1585190 692
1585200 692
1585210 692
1585220 691
1585230 691
1585240 691
1585250 690
1585260 690
1585270 690
1585280 690
1585290 691
1585300 691
1585310 691
1585320 692
1585330 691
1585340 691
1585350 690
1585360 690
1585370 689
1585380 689
1585390 688
1585400 688
1585410 687
1585420 687
1585430 687
1585440 686
1585450 686
1585460 686
1585470 685
1585480 685
1585490 684
1585500 683
1585510 682
1585520 681
1585530 681
1585540 680
1585550 679
1585560 679
1585570 679
1585580 678
1585590 679
1585600 679
1585610 679
1585620 678
1585630 677
1585640 676
1585650 675
1585660 673
1585670 671
1585680 669
1585690 667
1585700 666
1585710 665
1585720 663
1585730 662
1585740 662
1585750 661
1585760 661
1585770 661
1585780 661
1585790 660
1585800 660
1585810 661
1585820 661
1585830 662
1585840 663
1585850 664
1585860 665
1585870 666
1585880 667
1585890 668
1585900 668
1585910 668
1585920 669
1585930 669
1585940 669
1585950 669
1585960 669
1585970 669
1585980 669
1585990 669
1586000 669
1586010 669
1586020 671
1586030 672
1586040 674
1586050 675
1586060 676
1586070 677
1586080 677
1586090 678
1586100 678
1586110 678
1586120 678
1586130 678
1586140 678
1586150 678
1586160 679
1586170 679
1586180 678
1586190 677
1586200 674
1586210 671
1586220 668
1586230 665
1586240 663
1586250 661
1586260 660
1586270 658
1586280 657
1586290 655
1586300 652
1586310 649
1586320 647
1586330 646
1586340 645
1586350 644
1586360 644
1586370 644
1586380 643
1586390 643
1586400 643
1586410 643
1586420 643
1586430 643
1586440 643
1586450 644
1586460 644
1586470 644
1586480 645
1586490 645
1586500 645
1586510 644
1586520 643
1586530 641
1586540 639
1586550 637
1586560 636
1586570 635
1586580 634
1586590 634
1586600 634
1586610 634
1586620 633
1586630 633
1586640 632
1586650 632
1586660 630
1586670 629
1586680 627
1586690 625
1586700 622
1586710 621
1586720 621
1586730 621
1586740 622
1586750 622
1586760 623
1586770 624
1586780 624
1586790 623
1586800 623
1586810 623
1586820 624
1586830 625
1586840 625
1586850 626
1586860 626
1586870 626
1586880 626
1586890 627
1586900 627
1586910 627
1586920 627
1586930 627
1586940 628
1586950 628
1586960 627
1586970 625
1586980 623
1586990 622
1587000 620
1587010 618
1587020 617
1587030 616
1587040 614
1587050 612
1587060 610
1587070 609
1587080 608
1587090 605
1587100 603
1587110 601
1587120 599
1587130 598
1587140 597
1587150 596
1587160 596
1587170 595
1587180 595
1587190 594
1587200 594
1587210 593
1587220 592
1587230 591
1587240 591
1587250 591
1587260 591
1587270 591
1587280 591
1587290 591
1587300 590
1587310 590
1587320 590
1587330 590
1587340 590
1587350 590
1587360 590
1587370 590
1587380 591
1587390 592
1587400 592
1587410 591
1587420 590
1587430 588
1587440 586
1587450 583
1587460 580
1587470 578
1587480 576
1587490 575
1587500 577
1587510 579
1587520 581
1587530 583
1587540 585
1587550 588
1587560 592
1587570 597
1587580 601
1587590 605
1587600 608
1587610 610
1587620 612
1587630 615
1587640 617
1587650 620
1587660 623
1587670 625
1587680 628
1587690 630
1587700 632
1587710 634
1587720 635
1587730 635
1587740 635
1587750 635
1587760 636
1587770 638
1587780 640
1587790 641
1587800 643
1587810 645
1587820 646
1587830 647
1587840 647
1587850 647
1587860 646
1587870 644
1587880 642
1587890 642
1587900 641
1587910 642
1587920 642
1587930 642
1587940 642
1587950 642
1587960 642
1587970 642
1587980 641
1587990 641
1588000 640
1588010 639
1588020 639
1588030 639
1588040 639
1588050 639
1588060 639
1588070 639
1588080 639
1588090 639
1588100 639
1588110 639
1588120 638
1588130 637
1588140 635
1588150 634
1588160 632
1588170 631
1588180 630
1588190 630
1588200 629
1588210 629
1588220 629
1588230 629
1588240 628
1588250 627
1588260 627
1588270 626
1588280 626
1588290 626
1588300 624
1588310 623
1588320 621
1588330 619
1588340 618
1588350 617
1588360 616
1588370 615
1588380 614
1588390 613
1588400 613
1588410 612
1588420 612
1588430 611
1588440 610
1588450 610
1588460 609
1588470 609
1588480 608
1588490 608
1588500 607
1588510 606
1588520 604
1588530 603
1588540 602
1588550 601
1588560 600
1588570 599
1588580 598
1588590 598
1588600 596
1588610 595
1588620 593
1588630 591
1588640 590
1588650 588
1588660 587
1588670 585
1588680 584
1588690 583
1588700 581
1588710 580
1588720 578
1588730 576
1588740 574
1588750 572
1588760 571
1588770 570
1588780 569
1588790 568
1588800 567
1588810 566
1588820 566
1588830 565
1588840 564
1588850 564
1588860 563
1588870 562
1588880 561
1588890 561
1588900 560
1588910 559
1588920 558
1588930 558
1588940 557
1588950 556
1588960 555
1588970 554
1588980 554
1588990 553
1589000 553
1589010 552
1589020 552
1589030 552
1589040 551
1589050 551
1589060 551
1589070 551
1589080 551
1589090 550
1589100 550
1589110 550
1589120 550
1589130 549
1589140 549
1589150 548
1589160 547
1589170 547
1589180 547
1589190 546
1589200 545
1589210 545
1589220 544
1589230 544
1589240 543
1589250 543
1589260 543
1589270 543
1589280 543
1589290 543
1589300 543
1589310 543
1589320 543
1589330 542
1589340 542
1589350 542
1589360 541
1589370 540
1589380 540
1589390 539
1589400 538
1589410 537
1589420 536
1589430 536
1589440 536
1589450 536
1589460 536
1589470 536
1589480 536
1589490 535
1589500 535
1589510 535
1589520 534
1589530 534
1589540 534
1589550 534
1589560 534
1589570 534
1589580 534
1589590 533
1589600 533
1589610 533
1589620 533
1589630 533
1589640 533
1589650 533
1589660 533
1589670 533
1589680 533
1589690 533
1589700 533
1589710 533
1589720 533
1589730 534
1589740 533
1589750 533
1589760 533
1589770 533
1589780 533
1589790 533
1589800 533
1589810 533
1589820 533
1589830 533
1589840 533
1589850 533
1589860 533
1589870 533
1589880 533
1589890 533
1589900 534
1589910 534
1589920 534
1589930 534
1589940 535
1589950 535
1589960 536
1589970 537
1589980 538
1589990 539
1590000 539
1590010 540
1590020 540
1590030 541
1590040 541
1590050 542
1590060 542
1590070 543
1590080 544
1590090 545
1590100 546
1590110 547
1590120 547
1590130 548
1590140 549
1590150 549
1590160 550
1590170 551
1590180 551
1590190 552
1590200 552
1590210 553
1590220 553
1590230 554
1590240 555
1590250 555
1590260 556
1590270 557
1590280 557
1590290 558
1590300 558
1590310 559
1590320 560
1590330 561
1590340 561
1590350 562
1590360 563
1590370 563
1590380 564
1590390 565
1590400 565
1590410 566
1590420 567
1590430 567
1590440 568
1590450 568
1590460 568
1590470 569
1590480 569
1590490 569
1590500 570
1590510 570
1590520 571
1590530 571
1590540 572
1590550 572
1590560 573
1590570 574
1590580 576
1590590 579
1590600 582
1590610 584
1590620 586
1590630 586
1590640 587
1590650 588
1590660 589
1590670 589
1590680 590
1590690 591
1590700 592
1590710 593
1590720 594
1590730 595
1590740 596
1590750 597
1590760 597
1590770 598
1590780 599
1590790 600
1590800 601
1590810 601
1590820 602
1590830 602
1590840 602
1590850 603
1590860 604
1590870 605
1590880 607
1590890 608
1590900 609
1590910 610
1590920 611
1590930 612
1590940 614
1590950 615
1590960 616
1590970 617
1590980 619
1590990 620
1591000 621
1591010 622
1591020 622
1591030 623
1591040 624
1591050 625
1591060 626
1591070 627
1591080 628
1591090 627
1591100 627
1591110 626
1591120 625
1591130 625
1591140 627
1591150 629
1591160 632
1591170 636
1591180 639
1591190 642
1591200 645
1591210 648
1591220 650
1591230 651
1591240 653
1591250 654
1591260 654
1591270 655
1591280 656
1591290 658
1591300 660
1591310 663
1591320 665
1591330 667
1591340 670
1591350 672
1591360 674
1591370 676
1591380 678
1591390 680
1591400 681
1591410 682
1591420 683
1591430 683
1591440 683
1591450 683
1591460 682
1591470 683
1591480 685
1591490 688
1591500 691
1591510 694
1591520 696
1591530 697
1591540 699
1591550 701
1591560 702
1591570 703
1591580 705
1591590 707
1591600 709
1591610 711
1591620 714
1591630 716
1591640 719
1591650 721
1591660 723
1591670 725
1591680 727
1591690 728
1591700 730
1591710 731
1591720 731
1591730 731
1591740 731
1591750 731
1591760 730
1591770 729
1591780 728
1591790 728
1591800 726
1591810 724
1591820 722
1591830 719
1591840 717
1591850 714
1591860 712
1591870 712
1591880 712
1591890 712
1591900 711
1591910 709
1591920 708
1591930 707
1591940 709
1591950 710
1591960 711
1591970 712
1591980 712
1591990 712
1592000 712
1592010 711
1592020 710
1592030 709
1592040 707
1592050 706
1592060 704
1592070 703
1592080 702
1592090 701
1592100 699
1592110 697
1592120 696
1592130 696
1592140 696
1592150 696
1592160 696
1592170 696
1592180 695
1592190 694
1592200 693
1592210 692
1592220 692
1592230 693
1592240 694
1592250 696
1592260 699
1592270 700
1592280 702
1592290 702
1592300 702
1592310 701
1592320 700
1592330 698
1592340 695
1592350 693
1592360 691
1592370 690
1592380 690
1592390 690
1592400 690
1592410 691
1592420 691
1592430 692
1592440 693
1592450 694
1592460 694
1592470 694
1592480 693
1592490 693
1592500 693
1592510 693
1592520 692
1592530 692
1592540 692
1592550 693
1592560 694
1592570 695
1592580 695
1592590 696
1592600 697
1592610 699
1592620 700
1592630 700
1592640 701
1592650 704
1592660 707
1592670 710
1592680 713
1592690 716
1592700 718
1592710 721
1592720 724
1592730 726
1592740 727
1592750 729
1592760 730
1592770 731
1592780 732
1592790 734
1592800 736
1592810 737
1592820 738
1592830 739
1592840 739
1592850 739
1592860 739
1592870 739
1592880 739
1592890 738
1592900 737
1592910 737
1592920 737
1592930 737
1592940 737
1592950 737
1592960 738
1592970 739
1592980 740
1592990 741
1593000 741
1593010 742
1593020 742
1593030 742
1593040 743
1593050 743
1593060 742
1593070 742
1593080 742
1593090 743
1593100 743
1593110 744
1593120 745
1593130 745
1593140 745
1593150 744
1593160 743
1593170 742
1593180 742
1593190 741
1593200 739
1593210 738
1593220 737
1593230 737
1593240 737
1593250 737
1593260 736
1593270 736
1593280 735
1593290 735
1593300 735
1593310 735
1593320 735
1593330 734
1593340 733
1593350 732
1593360 730
1593370 728
1593380 726
1593390 725
1593400 723
1593410 722
1593420 721
1593430 720
1593440 720
1593450 720
1593460 720
1593470 720
1593480 720
1593490 721
1593500 721
1593510 721
1593520 721
1593530 721
1593540 720
1593550 718
1593560 716
1593570 714
1593580 711
1593590 708
1593600 704
1593610 701
1593620 698
1593630 695
1593640 693
1593650 692
1593660 691
1593670 689
1593680 688
1593690 687
1593700 686
1593710 684
1593720 682
1593730 679
1593740 677
1593750 675
1593760 674
1593770 673
1593780 672
1593790 670
1593800 668
1593810 666
1593820 664
1593830 662
1593840 661
1593850 658
1593860 656
1593870 653
1593880 650
1593890 648
1593900 645
1593910 641
1593920 637
1593930 634
1593940 631
1593950 629
1593960 628
1593970 626
1593980 625
1593990 625
1594000 624
1594010 622
1594020 621
1594030 619
1594040 617
1594050 616
1594060 614
1594070 613
1594080 612
1594090 611
1594100 610
1594110 609
1594120 608
1594130 607
1594140 605
1594150 603
1594160 602
1594170 601
1594180 599
1594190 598
1594200 596
1594210 594
1594220 593
1594230 592
1594240 592
1594250 591
1594260 590
1594270 589
1594280 587
1594290 586
1594300 584
1594310 583
1594320 582
1594330 580
1594340 579
1594350 578
1594360 577
1594370 575
1594380 572
1594390 569
1594400 567
1594410 566
1594420 566
1594430 565
1594440 564
1594450 564
1594460 563
1594470 563
1594480 564
1594490 564
1594500 564
1594510 564
1594520 564
1594530 564
1594540 563
1594550 562
1594560 561
1594570 560
1594580 560
1594590 558
1594600 556
1594610 552
1594620 550
1594630 548
1594640 548
1594650 547
1594660 546
1594670 544
1594680 544
1594690 541
1594700 537
1594710 532
1594720 527
1594730 523
1594740 521
1594750 519
1594760 518
1594770 518
1594780 518
1594790 518
1594800 518
1594810 518
1594820 517
1594830 516
1594840 515
1594850 514
1594860 513
1594870 512
1594880 511
1594890 509
1594900 507
1594910 504
1594920 501
1594930 497
1594940 496
1594950 495
1594960 494
1594970 492
1594980 492
1594990 491
1595000 491
1595010 490
1595020 489
1595030 489
1595040 487
1595050 487
1595060 486
1595070 486
1595080 485
1595090 485
1595100 485
1595110 485
1595120 484
1595130 484
1595140 483
1595150 482
1595160 481
1595170 481
1595180 480
1595190 480
1595200 479
1595210 479
1595220 479
1595230 478
1595240 478
1595250 477
1595260 476
1595270 476
1595280 476
1595290 475
1595300 476
1595310 476
1595320 475
1595330 475
1595340 475
1595350 475
1595360 475
1595370 475
1595380 475
1595390 476
1595400 476
1595410 477
1595420 477
1595430 478
1595440 478
1595450 479
1595460 479
1595470 480
1595480 481
1595490 481
1595500 481
1595510 481
1595520 481
1595530 481
1595540 480
1595550 480
1595560 480
1595570 480
1595580 480
1595590 480
1595600 480
1595610 479
1595620 479
1595630 479
1595640 478
1595650 477
1595660 477
1595670 476
1595680 475
1595690 474
1595700 473
1595710 472
1595720 471
1595730 470
1595740 467
1595750 465
1595760 462
1595770 461
1595780 460
1595790 459
1595800 458
1595810 457
1595820 456
1595830 456
1595840 456
1595850 456
1595860 455
1595870 455
1595880 454
1595890 454
1595900 454
1595910 454
1595920 454
1595930 454
1595940 454
1595950 454
1595960 454
1595970 454
1595980 454
1595990 454
1596000 454
1596010 454
1596020 454
1596030 454
1596040 454
1596050 454
1596060 454
1596070 454
1596080 454
1596090 454
1596100 454
1596110 454
1596120 454
1596130 454
1596140 454
1596150 454
1596160 454
1596170 454
1596180 454
1596190 454
1596200 454
1596210 454
1596220 454
1596230 454
1596240 454
1596250 454
1596260 454
1596270 454
1596280 454
1596290 455
1596300 455
1596310 455
1596320 455
1596330 455
1596340 455
1596350 455
1596360 455
1596370 455
1596380 455
1596390 455
1596400 455
1596410 455
1596420 455
1596430 455
1596440 455
1596450 455
1596460 455
1596470 455
1596480 455
1596490 454
1596500 454
1596510 454
1596520 454
1596530 454
1596540 454
1596550 454
1596560 454
1596570 454
1596580 454
1596590 454
1596600 454
1596610 454
1596620 454
1596630 454
1596640 454
1596650 454
1596660 455
1596670 455
1596680 455
1596690 455
1596700 455
1596710 455
1596720 455
1596730 455
1596740 455
1596750 455
1596760 455
1596770 454
1596780 454
1596790 454
1596800 454
1596810 454
1596820 455
1596830 455
1596840 455
1596850 455
1596860 455
1596870 455
1596880 455
1596890 455
1596900 455
1596910 455
1596920 455
1596930 455
1596940 455
1596950 455
1596960 455
1596970 455
1596980 455
1596990 455
1597000 455
1597010 455
1597020 455
1597030 455
1597040 455
1597050 455
1597060 455
1597070 455
1597080 454
1597090 454
1597100 454
1597110 455
1597120 455
1597130 455
1597140 455
1597150 455
1597160 455
1597170 456
1597180 456
1597190 457
1597200 457
1597210 456
1597220 456
1597230 456
1597240 456
1597250 455
1597260 455
1597270 455
1597280 455
1597290 454
1597300 455
1597310 455
1597320 455
1597330 455
1597340 455
1597350 455
1597360 455
1597370 455
1597380 455
1597390 455
1597400 455
1597410 455
1597420 454
1597430 454
1597440 454
1597450 454
1597460 454
1597470 454
1597480 454
1597490 454
1597500 454
1597510 454
1597520 454
1597530 454
1597540 454
1597550 454
1597560 454
1597570 454
1597580 454
1597590 454
1597600 454
1597610 454
1597620 454
1597630 454
1597640 454
1597650 454
1597660 454
1597670 454
1597680 454
1597690 454
1597700 454
1597710 454
1597720 454
1597730 454
1597740 454
1597750 454
1597760 454
1597770 454
1597780 454
1597790 454
1597800 455
1597810 457
1597820 457
1597830 457
1597840 457
1597850 457
1597860 457
1597870 457
1597880 458
1597890 458
1597900 458
1597910 458
1597920 458
1597930 458
1597940 458
1597950 458
1597960 458
1597970 458
1597980 458
1597990 458
1598000 458
1598010 458
1598020 458
1598030 457
1598040 457
1598050 457
1598060 457
1598070 457
1598080 457
1598090 457
1598100 457
1598110 457
1598120 458
1598130 457
1598140 457
1598150 458
1598160 458
1598170 458
1598180 458
1598190 458
1598200 458
1598210 458
1598220 458
1598230 458
1598240 458
1598250 459
1598260 459
1598270 459
1598280 459
1598290 460
1598300 460
1598310 460
1598320 460
1598330 460
1598340 460
1598350 460
1598360 461
1598370 461
1598380 461
1598390 461
1598400 461
1598410 461
1598420 462
1598430 462
1598440 462
1598450 462
1598460 462
1598470 462
1598480 462
1598490 462
1598500 462
1598510 462
1598520 462
1598530 462
1598540 462
1598550 462
1598560 462
1598570 462
1598580 462
1598590 462
1598600 462
1598610 462
1598620 462
1598630 462
1598640 462
1598650 462
1598660 462
1598670 462
1598680 462
1598690 462
1598700 462
1598710 462
1598720 462
1598730 462
1598740 462
1598750 462
1598760 462
1598770 462
1598780 463
1598790 463
1598800 463
1598810 464
1598820 465
1598830 467
1598840 467
1598850 468
1598860 468
1598870 469
1598880 470
1598890 470
1598900 470
1598910 471
1598920 471
1598930 471
1598940 472
1598950 472
1598960 473
1598970 474
1598980 475
1598990 476
1599000 477
1599010 478
1599020 479
1599030 479
1599040 480
1599050 480
1599060 481
1599070 481
1599080 482
1599090 482
1599100 482
1599110 483
1599120 483
1599130 483
1599140 483
1599150 484
1599160 484
1599170 484
1599180 484
1599190 485
1599200 485
1599210 486
1599220 487
1599230 487
1599240 487
1599250 488
1599260 488
1599270 488
1599280 488
1599290 489
1599300 489
1599310 490
1599320 490
1599330 490
1599340 491
1599350 491
1599360 492
1599370 492
1599380 493
1599390 493
1599400 494
1599410 495
1599420 495
1599430 496
1599440 496
1599450 497
1599460 498
1599470 499
1599480 499
1599490 500
1599500 501
1599510 501
1599520 502
1599530 502
1599540 503
1599550 503
1599560 504
1599570 504
1599580 504
1599590 504
1599600 505
1599610 505
1599620 505
1599630 505
1599640 505
1599650 504
1599660 504
1599670 504
1599680 504
1599690 504
1599700 503
1599710 503
1599720 503
1599730 503
1599740 503
1599750 503
1599760 503
1599770 503
1599780 503
1599790 503
1599800 502
1599810 502
1599820 502
1599830 502
1599840 501
1599850 501
1599860 500
1599870 499
1599880 499
1599890 498
1599900 497
1599910 497
1599920 496
1599930 496
1599940 496
1599950 496
1599960 495
1599970 495
1599980 494
1599990 494
