1580000 709
1580010 709
1580020 708
1580030 707
1580040 706
1580050 706
1580060 705
1580070 704
1580080 703
1580090 702
1580100 701
1580110 700
1580120 700
1580130 700
1580140 700
1580150 701
1580160 701
1580170 702
1580180 702
1580190 702
1580200 702
1580210 702
1580220 702
1580230 702
1580240 702
1580250 702
1580260 702
1580270 701
1580280 699
1580290 698
1580300 696
1580310 694
1580320 692
1580330 689
1580340 687
1580350 686
1580360 684
1580370 683
1580380 681
1580390 680
1580400 679
1580410 678
1580420 677
1580430 676
1580440 675
1580450 674
1580460 673
1580470 672
1580480 672
1580490 672
1580500 672
1580510 672
1580520 672
1580530 672
1580540 672
1580550 671
1580560 671
1580570 670
1580580 669
1580590 668
1580600 667
1580610 667
1580620 667
1580630 667
1580640 668
1580650 669
1580660 670
1580670 671
1580680 671
1580690 672
1580700 673
1580710 674
1580720 675
1580730 677
1580740 678
1580750 679
1580760 681
1580770 683
1580780 685
1580790 687
1580800 689
1580810 692
1580820 694
1580830 697
1580840 700
1580850 703
1580860 706
1580870 710
1580880 713
1580890 716
1580900 718
1580910 721
1580920 724
1580930 726
1580940 729
1580950 732
1580960 735
1580970 737
1580980 740
1580990 742
1581000 745
1581010 748
1581020 751
1581030 754
1581040 757
1581050 760
1581060 764
1581070 767
1581080 770
1581090 773
1581100 776
1581110 779
1581120 781
1581130 783
1581140 783
1581150 783
1581160 782
1581170 782
1581180 783
1581190 783
1581200 782
1581210 782
1581220 781
1581230 780
1581240 779
1581250 778
1581260 778
1581270 778
1581280 778
1581290 778
1581300 778
1581310 777
1581320 777
1581330 777
1581340 777
1581350 777
1581360 776
1581370 774
1581380 772
1581390 770
1581400 769
1581410 767
1581420 767
1581430 765
1581440 764
1581450 763
1581460 763
1581470 762
1581480 762
1581490 761
1581500 759
1581510 758
1581520 757
1581530 755
1581540 753
1581550 750
1581560 748
1581570 748
1581580 750
1581590 752
1581600 753
1581610 754
1581620 753
1581630 752
1581640 751
1581650 750
1581660 750
1581670 749
1581680 750
1581690 750
1581700 750
1581710 750
1581720 751
1581730 752
1581740 752
1581750 751
1581760 750
1581770 747
1581780 745
1581790 741
1581800 738
1581810 735
1581820 734
1581830 732
1581840 729
1581850 726
1581860 722
1581870 718
1581880 714
1581890 710
1581900 706
1581910 704
1581920 701
1581930 699
1581940 696
1581950 694
1581960 692
1581970 691
1581980 693
1581990 696
1582000 701
1582010 706
1582020 710
1582030 713
1582040 715
1582050 716
1582060 717
1582070 717
1582080 718
1582090 718
1582100 718
1582110 718
1582120 717
1582130 716
1582140 715
1582150 715
1582160 714
1582170 712
1582180 711
1582190 710
1582200 710
1582210 710
1582220 709
1582230 708
1582240 708
1582250 708
1582260 707
1582270 706
1582280 706
1582290 705
1582300 703
1582310 701
1582320 699
1582330 696
1582340 693
1582350 690
1582360 688
1582370 685
1582380 682
1582390 680
1582400 677
1582410 675
1582420 673
1582430 672
1582440 670
1582450 668
1582460 665
1582470 661
1582480 658
1582490 655
1582500 652
1582510 649
1582520 647
1582530 645
1582540 643
1582550 641
1582560 639
1582570 638
1582580 636
1582590 635
1582600 635
1582610 637
1582620 639
1582630 641
1582640 642
1582650 642
1582660 642
1582670 643
1582680 644
1582690 645
1582700 646
1582710 646
1582720 646
1582730 645
1582740 645
1582750 645
1582760 646
1582770 646
1582780 647
1582790 647
1582800 648
1582810 648
1582820 648
1582830 648
1582840 647
1582850 647
1582860 647
1582870 646
1582880 646
1582890 645
1582900 645
1582910 645
1582920 644
1582930 641
1582940 640
1582950 640
1582960 642
1582970 642
1582980 642
1582990 640
1583000 638
1583010 635
1583020 632
1583030 630
1583040 629
1583050 629
1583060 629
1583070 629
1583080 629
1583090 629
1583100 629
1583110 629
1583120 630
1583130 630
1583140 630
1583150 630
1583160 629
1583170 629
1583180 627
1583190 625
1583200 623
1583210 622
1583220 621
1583230 619
1583240 618
1583250 617
1583260 615
1583270 612
1583280 610
1583290 608
1583300 608
1583310 608
1583320 608
1583330 608
1583340 609
1583350 610
1583360 612
1583370 615
1583380 616
1583390 617
1583400 617
1583410 618
1583420 618
1583430 618
1583440 618
1583450 619
1583460 620
1583470 621
1583480 621
1583490 620
1583500 618
1583510 615
1583520 612
1583530 608
1583540 605
1583550 601
1583560 598
1583570 595
1583580 592
1583590 589
1583600 584
1583610 583
1583620 585
1583630 588
1583640 589
1583650 589
1583660 588
1583670 587
1583680 586
1583690 586
1583700 585
1583710 586
1583720 587
1583730 589
1583740 591
1583750 594
1583760 596
1583770 598
1583780 599
1583790 600
1583800 602
1583810 603
1583820 603
1583830 604
1583840 604
1583850 604
1583860 604
1583870 604
1583880 603
1583890 603
1583900 603
1583910 603
1583920 603
1583930 603
1583940 602
1583950 601
1583960 600
1583970 598
1583980 596
1583990 594
1584000 593
1584010 592
1584020 590
1584030 589
1584040 588
1584050 587
1584060 586
1584070 585
1584080 584
1584090 582
1584100 581
1584110 579
1584120 578
1584130 576
1584140 574
1584150 573
1584160 573
1584170 572
1584180 570
1584190 569
1584200 567
1584210 567
1584220 566
1584230 565
1584240 566
1584250 567
1584260 567
1584270 567
1584280 567
1584290 567
1584300 567
1584310 568
1584320 568
1584330 569
1584340 570
1584350 571
1584360 571
1584370 572
1584380 572
1584390 573
1584400 574
1584410 574
1584420 574
1584430 573
1584440 573
1584450 573
1584460 573
1584470 573
1584480 572
1584490 571
1584500 570
1584510 569
1584520 569
1584530 567
1584540 566
1584550 564
1584560 562
1584570 560
1584580 558
1584590 555
1584600 552
1584610 550
1584620 548
1584630 548
1584640 550
1584650 551
1584660 553
1584670 555
1584680 558
1584690 560
1584700 562
1584710 564
1584720 565
1584730 566
1584740 566
1584750 565
1584760 564
1584770 563
1584780 562
1584790 561
1584800 559
1584810 557
1584820 556
1584830 554
1584840 553
1584850 553
1584860 552
1584870 553
1584880 554
1584890 555
1584900 557
1584910 559
1584920 560
1584930 562
1584940 563
1584950 565
1584960 567
1584970 571
1584980 574
1584990 578
1585000 581
1585010 583
1585020 585
1585030 586
1585040 588
1585050 589
1585060 590
1585070 591
1585080 592
1585090 593
1585100 593
1585110 593
1585120 592
1585130 589
1585140 587
1585150 585
1585160 584
1585170 583
1585180 582
1585190 581
1585200 581
1585210 581
1585220 581
1585230 581
1585240 581
1585250 581
1585260 581
1585270 580
1585280 579
1585290 577
1585300 575
1585310 572
1585320 571
1585330 570
1585340 569
1585350 567
1585360 565
1585370 562
1585380 561
1585390 560
1585400 560
1585410 559
1585420 559
1585430 558
1585440 556
1585450 555
1585460 555
1585470 554
1585480 553
1585490 553
1585500 552
1585510 552
1585520 552
1585530 552
1585540 552
1585550 552
1585560 552
1585570 552
1585580 552
1585590 552
1585600 551
1585610 551
1585620 551
1585630 551
1585640 551
1585650 551
1585660 552
1585670 552
1585680 553
1585690 555
1585700 557
1585710 559
1585720 562
1585730 564
1585740 565
1585750 565
1585760 565
1585770 565
1585780 565
1585790 564
1585800 563
1585810 562
1585820 561
1585830 560
1585840 558
1585850 557
1585860 555
1585870 552
1585880 549
1585890 547
1585900 548
1585910 550
1585920 552
1585930 553
1585940 553
1585950 554
1585960 554
1585970 553
1585980 553
1585990 553
1586000 553
1586010 552
1586020 552
1586030 551
1586040 551
1586050 550
1586060 550
1586070 549
1586080 548
1586090 546
1586100 544
1586110 542
1586120 540
1586130 539
1586140 537
1586150 536
1586160 534
1586170 532
1586180 529
1586190 527
1586200 525
1586210 523
1586220 521
1586230 519
1586240 518
1586250 517
1586260 517
1586270 517
1586280 516
1586290 516
1586300 515
1586310 515
1586320 515
1586330 515
1586340 515
1586350 515
1586360 515
1586370 515
1586380 515
1586390 515
1586400 515
1586410 515
1586420 515
1586430 515
1586440 516
1586450 516
1586460 516
1586470 516
1586480 516
1586490 517
1586500 517
1586510 517
1586520 517
1586530 517
1586540 517
1586550 518
1586560 518
1586570 518
1586580 518
1586590 518
1586600 518
1586610 518
1586620 518
1586630 518
1586640 518
1586650 518
1586660 518
1586670 518
1586680 518
1586690 518
1586700 518
1586710 517
1586720 517
1586730 517
1586740 517
1586750 517
1586760 517
1586770 517
1586780 517
1586790 517
1586800 517
1586810 517
1586820 517
1586830 516
1586840 516
1586850 516
1586860 516
1586870 516
1586880 517
1586890 517
1586900 517
1586910 517
1586920 517
1586930 517
1586940 517
1586950 517
1586960 517
1586970 517
1586980 517
1586990 517
1587000 517
1587010 517
1587020 517
1587030 517
1587040 517
1587050 517
1587060 517
1587070 517
1587080 517
1587090 517
1587100 517
1587110 517
1587120 517
1587130 517
1587140 517
1587150 517
1587160 517
1587170 517
1587180 517
1587190 517
1587200 517
1587210 517
1587220 517
1587230 517
1587240 518
1587250 518
1587260 518
1587270 518
1587280 518
1587290 518
1587300 518
1587310 518
1587320 519
1587330 519
1587340 519
1587350 519
1587360 519
1587370 519
1587380 519
1587390 519
1587400 519
1587410 519
1587420 519
1587430 519
1587440 519
1587450 520
1587460 520
1587470 520
1587480 520
1587490 520
1587500 521
1587510 521
1587520 521
1587530 522
1587540 522
1587550 523
1587560 523
1587570 524
1587580 525
1587590 525
1587600 526
1587610 527
1587620 528
1587630 529
1587640 531
1587650 532
1587660 532
1587670 533
1587680 533
1587690 534
1587700 534
1587710 535
1587720 535
1587730 535
1587740 536
1587750 536
1587760 537
1587770 537
1587780 538
1587790 538
1587800 539
1587810 540
1587820 540
1587830 541
1587840 542
1587850 543
1587860 543
1587870 544
1587880 545
1587890 546
1587900 547
1587910 548
1587920 549
1587930 551
1587940 552
1587950 554
1587960 555
1587970 556
1587980 557
1587990 558
1588000 559
1588010 560
1588020 560
1588030 561
1588040 562
1588050 563
1588060 564
1588070 564
1588080 565
1588090 566
1588100 567
1588110 568
1588120 569
1588130 570
1588140 571
1588150 572
1588160 573
1588170 573
1588180 573
1588190 573
1588200 574
1588210 574
1588220 575
1588230 575
1588240 576
1588250 577
1588260 578
1588270 580
1588280 582
1588290 584
1588300 586
1588310 588
1588320 588
1588330 588
1588340 588
1588350 588
1588360 588
1588370 588
1588380 587
1588390 587
1588400 588
1588410 588
1588420 588
1588430 588
1588440 588
1588450 589
1588460 589
1588470 590
1588480 591
1588490 592
1588500 593
1588510 594
1588520 595
1588530 596
1588540 598
1588550 600
1588560 602
1588570 604
1588580 605
1588590 606
1588600 606
1588610 606
1588620 605
1588630 605
1588640 605
1588650 606
1588660 607
1588670 608
1588680 610
1588690 611
1588700 612
1588710 613
1588720 614
1588730 615
1588740 617
1588750 618
1588760 620
1588770 622
1588780 623
1588790 625
1588800 626
1588810 628
1588820 629
1588830 632
1588840 635
1588850 638
1588860 641
1588870 644
1588880 646
1588890 647
1588900 648
1588910 649
1588920 651
1588930 653
1588940 654
1588950 656
1588960 658
1588970 660
1588980 663
1588990 665
1589000 668
1589010 670
1589020 673
1589030 676
1589040 678
1589050 681
1589060 684
1589070 687
1589080 689
1589090 691
1589100 692
1589110 694
1589120 695
1589130 697
1589140 698
1589150 700
1589160 701
1589170 703
1589180 706
1589190 708
1589200 711
1589210 713
1589220 716
1589230 718
1589240 720
1589250 722
1589260 725
1589270 729
1589280 733
1589290 737
1589300 740
1589310 744
1589320 749
1589330 753
1589340 757
1589350 761
1589360 765
1589370 769
1589380 773
1589390 777
1589400 781
1589410 785
1589420 788
1589430 792
1589440 794
1589450 796
1589460 798
1589470 801
1589480 804
1589490 807
1589500 810
1589510 813
1589520 815
1589530 818
1589540 821
1589550 825
1589560 828
1589570 831
1589580 835
1589590 838
1589600 841
1589610 844
1589620 847
1589630 849
1589640 851
1589650 851
1589660 852
1589670 853
1589680 855
1589690 858
1589700 860
1589710 863
1589720 864
1589730 866
1589740 867
1589750 868
1589760 869
1589770 870
1589780 871
1589790 872
1589800 874
1589810 876
1589820 878
1589830 880
1589840 881
1589850 881
1589860 882
1589870 882
1589880 881
1589890 881
1589900 881
1589910 883
1589920 885
1589930 887
1589940 888
1589950 887
1589960 887
1589970 887
1589980 888
1589990 888
1590000 887
1590010 887
1590020 886
1590030 886
1590040 885
1590050 883
1590060 881
1590070 879
1590080 874
1590090 870
1590100 867
1590110 864
1590120 862
1590130 861
1590140 861
1590150 862
1590160 862
1590170 862
1590180 861
1590190 858
1590200 855
1590210 852
1590220 851
1590230 852
1590240 851
1590250 850
1590260 848
1590270 847
1590280 845
1590290 843
1590300 839
1590310 836
1590320 833
1590330 831
1590340 829
1590350 827
1590360 825
1590370 823
1590380 822
1590390 822
1590400 823
1590410 824
1590420 825
1590430 824
1590440 823
1590450 822
1590460 821
1590470 821
1590480 821
1590490 821
1590500 821
1590510 821
1590520 822
1590530 822
1590540 822
1590550 823
1590560 825
1590570 827
1590580 828
1590590 830
1590600 833
1590610 836
1590620 836
1590630 835
1590640 833
1590650 831
1590660 830
1590670 830
1590680 831
1590690 832
1590700 834
1590710 836
1590720 837
1590730 838
1590740 838
1590750 838
1590760 839
1590770 840
1590780 841
1590790 842
1590800 844
1590810 845
1590820 847
1590830 849
1590840 850
1590850 852
1590860 854
1590870 856
1590880 859
1590890 862
1590900 865
1590910 869
1590920 872
1590930 876
1590940 880
1590950 883
1590960 887
1590970 891
1590980 894
1590990 897
1591000 899
1591010 900
1591020 902
1591030 905
1591040 907
1591050 909
1591060 911
1591070 913
1591080 916
1591090 918
1591100 920
1591110 923
1591120 926
1591130 929
1591140 932
1591150 935
1591160 938
1591170 941
1591180 944
1591190 946
1591200 948
1591210 950
1591220 950
1591230 952
1591240 953
1591250 955
1591260 958
1591270 962
1591280 965
1591290 971
1591300 977
1591310 984
1591320 990
1591330 996
1591340 1002
1591350 1007
1591360 1011
1591370 1014
1591380 1015
1591390 1015
1591400 1016
1591410 1017
1591420 1018
1591430 1019
1591440 1019
1591450 1020
1591460 1020
1591470 1020
1591480 1019
1591490 1018
1591500 1017
1591510 1016
1591520 1015
1591530 1015
1591540 1016
1591550 1016
1591560 1017
1591570 1018
1591580 1018
1591590 1018
1591600 1018
1591610 1017
1591620 1016
1591630 1016
1591640 1014
1591650 1010
1591660 1005
1591670 1000
1591680 995
1591690 990
1591700 984
1591710 977
1591720 970
1591730 964
1591740 959
1591750 953
1591760 948
1591770 943
1591780 940
1591790 936
1591800 933
1591810 929
1591820 924
1591830 921
1591840 917
1591850 914
1591860 910
1591870 907
1591880 904
1591890 902
1591900 899
1591910 897
1591920 893
1591930 890
1591940 887
1591950 883
1591960 880
1591970 876
1591980 873
1591990 870
1592000 867
1592010 864
1592020 861
1592030 857
1592040 855
1592050 855
1592060 857
1592070 858
1592080 859
1592090 860
1592100 859
1592110 857
1592120 855
1592130 852
1592140 849
1592150 845
1592160 842
1592170 839
1592180 837
1592190 835
1592200 833
1592210 832
1592220 832
1592230 831
1592240 830
1592250 829
1592260 828
1592270 827
1592280 826
1592290 824
1592300 822
1592310 819
1592320 816
1592330 814
1592340 811
1592350 808
1592360 805
1592370 802
1592380 799
1592390 796
1592400 793
1592410 790
1592420 788
1592430 786
1592440 785
1592450 784
1592460 783
1592470 781
1592480 780
1592490 778
1592500 776
1592510 773
1592520 771
1592530 770
1592540 767
1592550 764
1592560 761
1592570 757
1592580 754
1592590 751
1592600 749
1592610 746
1592620 744
1592630 745
1592640 745
1592650 744
1592660 741
1592670 737
1592680 734
1592690 731
1592700 729
1592710 727
1592720 725
1592730 724
1592740 724
1592750 723
1592760 721
1592770 719
1592780 717
1592790 714
1592800 710
1592810 706
1592820 703
1592830 700
1592840 698
1592850 696
1592860 694
1592870 692
1592880 689
1592890 686
1592900 682
1592910 678
1592920 675
1592930 672
1592940 669
1592950 667
1592960 666
1592970 664
1592980 662
1592990 660
1593000 658
1593010 657
1593020 655
1593030 654
1593040 653
1593050 651
1593060 650
1593070 649
1593080 648
1593090 646
1593100 645
1593110 644
1593120 643
1593130 642
1593140 641
1593150 640
1593160 639
1593170 638
1593180 636
1593190 635
1593200 633
1593210 631
1593220 629
1593230 627
1593240 625
1593250 623
1593260 621
1593270 620
1593280 618
1593290 617
1593300 615
1593310 615
1593320 614
1593330 613
1593340 612
1593350 611
1593360 609
1593370 608
1593380 607
1593390 606
1593400 605
1593410 604
1593420 603
1593430 602
1593440 601
1593450 600
1593460 599
1593470 598
1593480 596
1593490 595
1593500 594
1593510 594
1593520 593
1593530 592
1593540 591
1593550 591
1593560 590
1593570 589
1593580 588
1593590 588
1593600 587
1593610 587
1593620 586
1593630 586
1593640 585
1593650 585
1593660 584
1593670 584
1593680 583
1593690 583
1593700 582
1593710 581
1593720 581
1593730 580
1593740 580
1593750 580
1593760 579
1593770 579
1593780 578
1593790 578
1593800 577
1593810 577
1593820 576
1593830 575
1593840 575
1593850 575
1593860 574
1593870 574
1593880 574
1593890 574
1593900 573
1593910 573
1593920 572
1593930 572
1593940 571
1593950 570
1593960 569
1593970 568
1593980 568
1593990 567
1594000 566
1594010 565
1594020 565
1594030 564
1594040 563
1594050 562
1594060 561
1594070 560
1594080 559
1594090 558
1594100 557
1594110 556
1594120 555
1594130 555
1594140 554
1594150 553
1594160 553
1594170 552
1594180 552
1594190 552
1594200 551
1594210 551
1594220 551
1594230 550
1594240 550
1594250 550
1594260 550
1594270 550
1594280 550
1594290 549
1594300 549
1594310 549
1594320 549
1594330 549
1594340 549
1594350 549
1594360 549
1594370 548
1594380 548
1594390 548
1594400 548
1594410 548
1594420 548
1594430 548
1594440 548
1594450 548
1594460 548
1594470 548
1594480 548
1594490 548
1594500 548
1594510 548
1594520 548
1594530 548
1594540 549
1594550 549
1594560 549
1594570 548
1594580 548
1594590 548
1594600 548
1594610 548
1594620 548
1594630 547
1594640 547
1594650 547
1594660 547
1594670 547
1594680 547
1594690 547
1594700 547
1594710 547
1594720 547
1594730 546
1594740 546
1594750 546
1594760 546
1594770 545
1594780 545
1594790 544
1594800 543
1594810 542
1594820 541
1594830 540
1594840 539
1594850 539
1594860 538
1594870 537
1594880 536
1594890 535
1594900 534
1594910 534
1594920 533
1594930 532
1594940 531
1594950 530
1594960 530
1594970 529
1594980 528
1594990 528
1595000 527
1595010 526
1595020 526
1595030 525
1595040 524
1595050 523
1595060 522
1595070 521
1595080 521
1595090 521
1595100 520
1595110 520
1595120 519
1595130 519
1595140 518
1595150 518
1595160 518
1595170 517
1595180 517
1595190 517
1595200 516
1595210 516
1595220 516
1595230 515
1595240 515
1595250 515
1595260 515
1595270 514
1595280 514
1595290 513
1595300 513
1595310 513
1595320 512
1595330 512
1595340 512
1595350 512
1595360 511
1595370 511
1595380 511
1595390 511
1595400 511
1595410 511
1595420 511
1595430 511
1595440 511
1595450 511
1595460 511
1595470 511
1595480 511
1595490 511
1595500 511
1595510 511
1595520 511
1595530 511
1595540 511
1595550 511
1595560 510
1595570 510
1595580 510
1595590 510
1595600 509
1595610 509
1595620 508
1595630 508
1595640 507
1595650 507
1595660 506
1595670 505
1595680 503
1595690 502
1595700 500
1595710 499
1595720 498
1595730 497
1595740 496
1595750 495
1595760 494
1595770 493
1595780 492
1595790 492
1595800 491
1595810 491
1595820 490
1595830 490
1595840 490
1595850 490
1595860 489
1595870 489
1595880 489
1595890 488
1595900 488
1595910 487
1595920 487
1595930 487
1595940 486
1595950 486
1595960 486
1595970 486
1595980 486
1595990 485
1596000 485
1596010 484
1596020 484
1596030 483
1596040 483
1596050 484
1596060 484
1596070 484
1596080 483
1596090 482
1596100 482
1596110 482
1596120 482
1596130 482
1596140 482
1596150 481
1596160 481
1596170 481
1596180 480
1596190 480
1596200 480
1596210 479
1596220 478
1596230 477
1596240 476
1596250 476
1596260 475
1596270 475
1596280 475
1596290 475
1596300 475
1596310 475
1596320 474
1596330 474
1596340 474
1596350 473
1596360 472
1596370 472
1596380 471
1596390 471
1596400 471
1596410 471
1596420 470
1596430 470
1596440 470
1596450 469
1596460 469
1596470 468
1596480 468
1596490 468
1596500 467
1596510 467
1596520 467
1596530 466
1596540 466
1596550 466
1596560 465
1596570 465
1596580 465
1596590 465
1596600 464
1596610 464
1596620 464
1596630 464
1596640 463
1596650 463
1596660 463
1596670 463
1596680 462
1596690 462
1596700 462
1596710 461
1596720 461
1596730 461
1596740 460
1596750 460
1596760 460
1596770 460
1596780 459
1596790 459
1596800 458
1596810 457
1596820 457
1596830 456
1596840 456
1596850 456
1596860 456
1596870 455
1596880 455
1596890 455
1596900 455
1596910 455
1596920 455
1596930 455
1596940 455
1596950 455
1596960 455
1596970 455
1596980 455
1596990 455
1597000 455
1597010 455
1597020 455
1597030 455
1597040 455
1597050 454
1597060 454
1597070 454
1597080 454
1597090 454
1597100 454
1597110 455
1597120 455
1597130 455
1597140 455
1597150 455
1597160 455
1597170 455
1597180 455
1597190 455
1597200 455
1597210 455
1597220 455
1597230 455
1597240 455
1597250 455
1597260 455
1597270 455
1597280 455
1597290 455
1597300 455
1597310 455
1597320 455
1597330 455
1597340 455
1597350 455
1597360 456
1597370 456
1597380 456
1597390 456
1597400 456
1597410 456
1597420 455
1597430 455
1597440 455
1597450 456
1597460 455
1597470 455
1597480 455
1597490 455
1597500 455
1597510 455
1597520 455
1597530 455
1597540 455
1597550 455
1597560 455
1597570 455
1597580 455
1597590 455
1597600 455
1597610 455
1597620 455
1597630 455
1597640 455
1597650 455
1597660 456
1597670 456
1597680 456
1597690 456
1597700 456
1597710 455
1597720 455
1597730 455
1597740 455
1597750 455
1597760 455
1597770 455
1597780 455
1597790 455
1597800 455
1597810 456
1597820 456
1597830 456
1597840 455
1597850 455
1597860 455
1597870 455
1597880 455
1597890 455
1597900 455
1597910 455
1597920 455
1597930 456
1597940 456
1597950 456
1597960 456
1597970 455
1597980 455
1597990 455
1598000 455
1598010 455
1598020 455
1598030 455
1598040 455
1598050 456
1598060 456
1598070 455
1598080 455
1598090 455
1598100 455
1598110 455
1598120 456
1598130 456
1598140 456
1598150 456
1598160 456
1598170 456
1598180 456
1598190 456
1598200 456
1598210 456
1598220 456
1598230 456
1598240 456
1598250 456
1598260 456
1598270 457
1598280 457
1598290 457
1598300 457
1598310 458
1598320 458
1598330 458
1598340 459
1598350 459
1598360 459
1598370 460
1598380 460
1598390 460
1598400 460
1598410 461
1598420 462
1598430 461
1598440 460
1598450 459
1598460 459
1598470 460
1598480 460
1598490 460
1598500 460
1598510 460
1598520 460
1598530 460
1598540 460
1598550 460
1598560 460
1598570 460
1598580 460
1598590 460
1598600 460
1598610 460
1598620 460
1598630 460
1598640 460
1598650 460
1598660 460
1598670 460
1598680 460
1598690 460
1598700 460
1598710 460
1598720 460
1598730 460
1598740 460
1598750 460
1598760 460
1598770 460
1598780 460
1598790 460
1598800 460
1598810 460
1598820 461
1598830 461
1598840 461
1598850 461
1598860 461
1598870 461
1598880 462
1598890 462
1598900 462
1598910 461
1598920 461
1598930 461
1598940 461
1598950 461
1598960 461
1598970 461
1598980 462
1598990 462
1599000 462
1599010 462
1599020 462
1599030 462
1599040 462
1599050 462
1599060 463
1599070 463
1599080 463
1599090 463
1599100 463
1599110 463
1599120 463
1599130 463
1599140 463
1599150 464
1599160 464
1599170 464
1599180 465
1599190 465
1599200 465
1599210 465
1599220 465
1599230 465
1599240 465
1599250 465
1599260 465
1599270 465
1599280 465
1599290 465
1599300 466
1599310 466
1599320 467
1599330 468
1599340 468
1599350 469
1599360 470
1599370 471
1599380 473
1599390 476
1599400 478
1599410 481
1599420 483
1599430 485
1599440 487
1599450 490
1599460 493
1599470 496
1599480 499
1599490 502
1599500 505
1599510 508
1599520 511
1599530 514
1599540 517
1599550 520
1599560 523
1599570 528
1599580 531
1599590 533
1599600 534
1599610 535
1599620 537
1599630 539
1599640 541
1599650 543
1599660 546
1599670 549
1599680 553
1599690 555
1599700 556
1599710 557
1599720 557
1599730 557
1599740 558
1599750 558
1599760 558
1599770 559
1599780 559
1599790 559
1599800 558
1599810 558
1599820 557
1599830 557
1599840 556
1599850 555
1599860 555
1599870 555
1599880 554
1599890 554
1599900 554
1599910 553
1599920 553
1599930 553
1599940 553
1599950 554
1599960 555
1599970 556
1599980 557
1599990 559
