1580000 528
1580010 528
1580020 528
1580030 528
1580040 527
1580050 527
1580060 527
1580070 527
1580080 527
1580090 527
1580100 527
1580110 528
1580120 528
1580130 528
1580140 528
1580150 528
1580160 528
1580170 528
1580180 528
1580190 528
1580200 528
1580210 528
1580220 527
1580230 527
1580240 527
1580250 527
1580260 527
1580270 528
1580280 528
1580290 528
1580300 528
1580310 528
1580320 528
1580330 528
1580340 528
1580350 528
1580360 528
1580370 528
1580380 528
1580390 528
1580400 528
1580410 528
1580420 527
1580430 527
1580440 527
1580450 528
1580460 528
1580470 528
1580480 529
1580490 529
1580500 530
1580510 530
1580520 531
1580530 531
1580540 531
1580550 532
1580560 532
1580570 532
1580580 532
1580590 532
1580600 532
1580610 532
1580620 532
1580630 532
1580640 532
1580650 532
1580660 532
1580670 532
1580680 532
1580690 532
1580700 532
1580710 532
1580720 532
1580730 532
1580740 532
1580750 532
1580760 532
1580770 531
1580780 531
1580790 531
1580800 531
1580810 531
1580820 531
1580830 531
1580840 531
1580850 531
1580860 531
1580870 531
1580880 531
1580890 531
1580900 531
1580910 531
1580920 531
1580930 531
1580940 531
1580950 531
1580960 531
1580970 531
1580980 531
1580990 531
1581000 531
1581010 531
1581020 531
1581030 531
1581040 531
1581050 531
1581060 531
1581070 531
1581080 530
1581090 530
1581100 530
1581110 530
1581120 530
1581130 530
1581140 530
1581150 530
1581160 530
1581170 530
1581180 530
1581190 530
1581200 530
1581210 530
1581220 530
1581230 530
1581240 530
1581250 530
1581260 530
1581270 529
1581280 529
1581290 529
1581300 529
1581310 529
1581320 529
1581330 529
1581340 529
1581350 529
1581360 529
1581370 529
1581380 529
1581390 529
1581400 528
1581410 528
1581420 528
1581430 528
1581440 528
1581450 528
1581460 528
1581470 528
1581480 528
1581490 528
1581500 528
1581510 528
1581520 528
1581530 527
1581540 527
1581550 527
1581560 527
1581570 527
1581580 527
1581590 527
1581600 527
1581610 527
1581620 527
1581630 527
1581640 527
1581650 527
1581660 527
1581670 527
1581680 527
1581690 527
1581700 527
1581710 527
1581720 527
1581730 527
1581740 527
1581750 527
1581760 527
1581770 527
1581780 527
1581790 527
1581800 527
1581810 527
1581820 526
1581830 526
1581840 526
1581850 526
1581860 527
1581870 527
1581880 527
1581890 527
1581900 527
1581910 527
1581920 527
1581930 527
1581940 527
1581950 527
1581960 527
1581970 527
1581980 527
1581990 527
1582000 527
1582010 527
1582020 527
1582030 526
1582040 526
1582050 526
1582060 526
1582070 526
1582080 526
1582090 526
1582100 526
1582110 526
1582120 526
1582130 526
1582140 526
1582150 526
1582160 526
1582170 525
1582180 525
1582190 525
1582200 525
1582210 525
1582220 525
1582230 525
1582240 525
1582250 524
1582260 523
1582270 519
1582280 514
1582290 509
1582300 504
1582310 501
1582320 498
1582330 496
1582340 495
1582350 495
1582360 495
1582370 495
1582380 495
1582390 494
1582400 494
1582410 493
1582420 493
1582430 492
1582440 492
1582450 492
1582460 492
1582470 492
1582480 492
1582490 492
1582500 492
1582510 492
1582520 492
1582530 491
1582540 491
1582550 491
1582560 491
1582570 490
1582580 490
1582590 490
1582600 490
1582610 490
1582620 490
1582630 490
1582640 489
1582650 489
1582660 489
1582670 489
1582680 490
1582690 490
1582700 490
1582710 490
1582720 490
1582730 490
1582740 490
1582750 489
1582760 489
1582770 489
1582780 489
1582790 489
1582800 489
1582810 489
1582820 489
1582830 489
1582840 489
1582850 489
1582860 489
1582870 489
1582880 489
1582890 489
1582900 489
1582910 489
1582920 489
1582930 489
1582940 489
1582950 489
1582960 489
1582970 489
1582980 489
1582990 489
1583000 489
1583010 489
1583020 489
1583030 489
1583040 489
1583050 489
1583060 489
1583070 489
1583080 489
1583090 489
1583100 489
1583110 489
1583120 489
1583130 489
1583140 489
1583150 489
1583160 489
1583170 489
1583180 489
1583190 489
1583200 489
1583210 489
1583220 489
1583230 489
1583240 489
1583250 489
1583260 489
1583270 489
1583280 489
1583290 489
1583300 489
1583310 489
1583320 489
1583330 489
1583340 489
1583350 489
1583360 489
1583370 489
1583380 489
1583390 489
1583400 489
1583410 489
1583420 489
1583430 489
1583440 489
1583450 489
1583460 489
1583470 489
1583480 489
1583490 489
1583500 489
1583510 489
1583520 489
1583530 489
1583540 489
1583550 489
1583560 489
1583570 489
1583580 489
1583590 489
1583600 489
1583610 489
1583620 489
1583630 489
1583640 489
1583650 489
1583660 489
1583670 489
1583680 490
1583690 490
1583700 491
1583710 492
1583720 492
1583730 492
1583740 492
1583750 492
1583760 491
1583770 491
1583780 492
1583790 492
1583800 491
1583810 491
1583820 491
1583830 491
1583840 491
1583850 491
1583860 491
1583870 491
1583880 491
1583890 493
1583900 495
1583910 496
1583920 497
1583930 497
1583940 497
1583950 498
1583960 501
1583970 506
1583980 510
1583990 513
1584000 514
1584010 515
1584020 514
1584030 513
1584040 513
1584050 512
1584060 512
1584070 512
1584080 512
1584090 512
1584100 511
1584110 511
1584120 510
1584130 510
1584140 509
1584150 508
1584160 508
1584170 507
1584180 507
1584190 506
1584200 506
1584210 506
1584220 506
1584230 506
1584240 507
1584250 507
1584260 507
1584270 507
1584280 507
1584290 507
1584300 507
1584310 507
1584320 507
1584330 507
1584340 508
1584350 508
1584360 508
1584370 508
1584380 508
1584390 508
1584400 508
1584410 508
1584420 508
1584430 508
1584440 508
1584450 507
1584460 507
1584470 507
1584480 506
1584490 506
1584500 505
1584510 505
1584520 503
1584530 502
1584540 501
1584550 500
1584560 499
1584570 499
1584580 498
1584590 498
1584600 497
1584610 497
1584620 497
1584630 496
1584640 496
1584650 496
1584660 496
1584670 496
1584680 496
1584690 496
1584700 496
1584710 496
1584720 496
1584730 495
1584740 495
1584750 495
1584760 495
1584770 495
1584780 495
1584790 496
1584800 498
1584810 500
1584820 502
1584830 504
1584840 505
1584850 505
1584860 504
1584870 505
1584880 506
1584890 507
1584900 507
1584910 508
1584920 508
1584930 508
1584940 508
1584950 508
1584960 508
1584970 508
1584980 507
1584990 506
1585000 505
1585010 504
1585020 503
1585030 502
1585040 501
1585050 499
1585060 498
1585070 497
1585080 496
1585090 495
1585100 494
1585110 493
1585120 493
1585130 494
1585140 494
1585150 495
1585160 496
1585170 497
1585180 498
1585190 500
1585200 501
1585210 503
1585220 505
1585230 506
1585240 507
1585250 507
1585260 508
1585270 508
1585280 508
1585290 508
1585300 509
1585310 510
1585320 511
1585330 512
1585340 512
1585350 511
1585360 511
1585370 511
1585380 511
1585390 510
1585400 509
1585410 509
1585420 508
1585430 508
1585440 508
1585450 507
1585460 506
1585470 506
1585480 505
1585490 505
1585500 504
1585510 503
1585520 503
1585530 501
1585540 499
1585550 497
1585560 496
1585570 494
1585580 492
1585590 490
1585600 488
1585610 487
1585620 486
1585630 485
1585640 485
1585650 484
1585660 484
1585670 484
1585680 484
1585690 484
1585700 484
1585710 485
1585720 485
1585730 486
1585740 487
1585750 488
1585760 489
1585770 490
1585780 491
1585790 493
1585800 495
1585810 497
1585820 498
1585830 499
1585840 500
1585850 499
1585860 499
1585870 500
1585880 500
1585890 501
1585900 502
1585910 503
1585920 504
1585930 505
1585940 506
1585950 506
1585960 507
1585970 507
1585980 507
1585990 507
1586000 507
1586010 507
1586020 507
1586030 507
1586040 507
1586050 507
1586060 508
1586070 508
1586080 509
1586090 509
1586100 509
1586110 508
1586120 507
1586130 506
1586140 506
1586150 505
1586160 504
1586170 503
1586180 501
1586190 500
1586200 498
1586210 498
1586220 497
1586230 497
1586240 496
1586250 495
1586260 493
1586270 491
1586280 488
1586290 486
1586300 486
1586310 486
1586320 486
1586330 486
1586340 487
1586350 488
1586360 489
1586370 491
1586380 493
1586390 495
1586400 497
1586410 498
1586420 500
1586430 502
1586440 502
1586450 503
1586460 503
1586470 503
1586480 503
1586490 503
1586500 503
1586510 503
1586520 503
1586530 503
1586540 503
1586550 503
1586560 503
1586570 502
1586580 502
1586590 502
1586600 502
1586610 502
1586620 502
1586630 502
1586640 502
1586650 502
1586660 502
1586670 502
1586680 502
1586690 502
1586700 502
1586710 502
1586720 502
1586730 501
1586740 501
1586750 500
1586760 500
1586770 500
1586780 500
1586790 500
1586800 500
1586810 500
1586820 500
1586830 500
1586840 500
1586850 500
1586860 500
1586870 500
1586880 499
1586890 498
1586900 498
1586910 498
1586920 498
1586930 498
1586940 497
1586950 497
1586960 497
1586970 497
1586980 497
1586990 497
1587000 497
1587010 498
1587020 498
1587030 498
1587040 498
1587050 498
1587060 499
1587070 499
1587080 499
1587090 499
1587100 499
1587110 498
1587120 498
1587130 497
1587140 496
1587150 495
1587160 494
1587170 494
1587180 494
1587190 494
1587200 494
1587210 494
1587220 494
1587230 494
1587240 494
1587250 494
1587260 494
1587270 494
1587280 494
1587290 494
1587300 494
1587310 494
1587320 494
1587330 494
1587340 494
1587350 494
1587360 494
1587370 495
1587380 495
1587390 495
1587400 495
1587410 495
1587420 495
1587430 495
1587440 495
1587450 495
1587460 495
1587470 495
1587480 495
1587490 495
1587500 495
1587510 495
1587520 495
1587530 495
1587540 495
1587550 495
1587560 495
1587570 495
1587580 494
1587590 494
1587600 493
1587610 492
1587620 490
1587630 489
1587640 488
1587650 487
1587660 486
1587670 486
1587680 486
1587690 486
1587700 486
1587710 486
1587720 486
1587730 486
1587740 485
1587750 485
1587760 485
1587770 485
1587780 486
1587790 486
1587800 485
1587810 485
1587820 485
1587830 485
1587840 485
1587850 485
1587860 485
1587870 486
1587880 486
1587890 486
1587900 486
1587910 485
1587920 485
1587930 485
1587940 485
1587950 485
1587960 485
1587970 485
1587980 485
1587990 485
1588000 485
1588010 485
1588020 485
1588030 485
1588040 485
1588050 485
1588060 485
1588070 485
1588080 485
1588090 485
1588100 485
1588110 485
1588120 485
1588130 485
1588140 484
1588150 484
1588160 484
1588170 484
1588180 484
1588190 484
1588200 484
1588210 484
1588220 484
1588230 484
1588240 485
1588250 485
1588260 485
1588270 485
1588280 485
1588290 485
1588300 485
1588310 485
1588320 485
1588330 485
1588340 485
1588350 485
1588360 485
1588370 485
1588380 485
1588390 485
1588400 485
1588410 485
1588420 485
1588430 485
1588440 485
1588450 485
1588460 485
1588470 485
1588480 485
1588490 485
1588500 484
1588510 484
1588520 484
1588530 484
1588540 484
1588550 484
1588560 484
1588570 484
1588580 484
1588590 484
1588600 484
1588610 484
1588620 484
1588630 484
1588640 484
1588650 484
1588660 484
1588670 484
1588680 484
1588690 484
1588700 483
1588710 483
1588720 483
1588730 483
1588740 483
1588750 483
1588760 483
1588770 483
1588780 483
1588790 483
1588800 483
1588810 483
1588820 483
1588830 483
1588840 483
1588850 483
1588860 483
1588870 483
1588880 483
1588890 483
1588900 483
1588910 483
1588920 483
1588930 482
1588940 482
1588950 482
1588960 482
1588970 483
1588980 482
1588990 482
1589000 482
1589010 482
1589020 482
1589030 482
1589040 482
1589050 482
1589060 482
1589070 482
1589080 482
1589090 482
1589100 483
1589110 483
1589120 484
1589130 486
1589140 488
1589150 491
1589160 493
1589170 495
1589180 496
1589190 497
1589200 497
1589210 497
1589220 497
1589230 497
1589240 497
1589250 497
1589260 497
1589270 497
1589280 497
1589290 497
1589300 497
1589310 497
1589320 497
1589330 496
1589340 496
1589350 496
1589360 496
1589370 496
1589380 496
1589390 496
1589400 495
1589410 495
1589420 495
1589430 495
1589440 495
1589450 494
1589460 494
1589470 493
1589480 491
1589490 490
1589500 489
1589510 488
1589520 487
1589530 487
1589540 488
1589550 488
1589560 487
1589570 487
1589580 486
1589590 486
1589600 485
1589610 484
1589620 484
1589630 484
1589640 484
1589650 484
1589660 484
1589670 484
1589680 484
1589690 484
1589700 484
1589710 484
1589720 484
1589730 484
1589740 484
1589750 484
1589760 484
1589770 484
1589780 484
1589790 484
1589800 484
1589810 485
1589820 485
1589830 486
1589840 488
1589850 489
1589860 491
1589870 491
1589880 492
1589890 492
1589900 492
1589910 492
1589920 492
1589930 493
1589940 493
1589950 494
1589960 496
1589970 498
1589980 499
1589990 501
1590000 502
1590010 504
1590020 506
1590030 507
1590040 508
1590050 510
1590060 511
1590070 513
1590080 515
1590090 518
1590100 520
1590110 524
1590120 527
1590130 529
1590140 532
1590150 534
1590160 535
1590170 535
1590180 534
1590190 532
1590200 531
1590210 531
1590220 531
1590230 531
1590240 531
1590250 531
1590260 532
1590270 533
1590280 533
1590290 534
1590300 534
1590310 535
1590320 536
1590330 538
1590340 539
1590350 541
1590360 543
1590370 545
1590380 547
1590390 549
1590400 551
1590410 552
1590420 554
1590430 556
1590440 558
1590450 561
1590460 563
1590470 565
1590480 567
1590490 570
1590500 572
1590510 575
1590520 578
1590530 581
1590540 584
1590550 587
1590560 590
1590570 594
1590580 598
1590590 601
1590600 604
1590610 607
1590620 610
1590630 612
1590640 614
1590650 616
1590660 618
1590670 619
1590680 619
1590690 619
1590700 620
1590710 620
1590720 620
1590730 620
1590740 621
1590750 621
1590760 622
1590770 622
1590780 623
1590790 623
1590800 624
1590810 624
1590820 624
1590830 625
1590840 626
1590850 628
1590860 630
1590870 632
1590880 634
1590890 636
1590900 637
1590910 639
1590920 641
1590930 642
1590940 644
1590950 644
1590960 645
1590970 645
1590980 645
1590990 646
1591000 647
1591010 648
1591020 650
1591030 652
1591040 655
1591050 656
1591060 657
1591070 658
1591080 660
1591090 662
1591100 664
1591110 666
1591120 669
1591130 671
1591140 673
1591150 676
1591160 678
1591170 679
1591180 679
1591190 679
1591200 679
1591210 678
1591220 677
1591230 677
1591240 676
1591250 674
1591260 673
1591270 671
1591280 669
1591290 668
1591300 666
1591310 664
1591320 663
1591330 661
1591340 660
1591350 658
1591360 657
1591370 655
1591380 652
1591390 650
1591400 647
1591410 643
1591420 640
1591430 638
1591440 635
1591450 633
1591460 631
1591470 629
1591480 628
1591490 626
1591500 625
1591510 624
1591520 623
1591530 623
1591540 622
1591550 622
1591560 622
1591570 621
1591580 622
1591590 622
1591600 624
1591610 625
1591620 627
1591630 628
1591640 629
1591650 630
1591660 630
1591670 631
1591680 632
1591690 632
1591700 633
1591710 634
1591720 634
1591730 635
1591740 636
1591750 636
1591760 636
1591770 637
1591780 637
1591790 637
1591800 638
1591810 638
1591820 638
1591830 638
1591840 637
1591850 637
1591860 637
1591870 637
1591880 637
1591890 637
1591900 636
1591910 636
1591920 636
1591930 636
1591940 635
1591950 635
1591960 634
1591970 634
1591980 634
1591990 633
1592000 633
1592010 633
1592020 633
1592030 633
1592040 633
1592050 633
1592060 633
1592070 633
1592080 633
1592090 632
1592100 632
1592110 632
1592120 632
1592130 633
1592140 633
1592150 633
1592160 633
1592170 634
1592180 634
1592190 634
1592200 635
1592210 635
1592220 635
1592230 636
1592240 636
1592250 636
1592260 637
1592270 637
1592280 638
1592290 639
1592300 640
1592310 641
1592320 641
1592330 641
1592340 642
1592350 642
1592360 643
1592370 643
1592380 642
1592390 642
1592400 642
1592410 642
1592420 642
1592430 642
1592440 642
1592450 641
1592460 640
1592470 640
1592480 639
1592490 637
1592500 636
1592510 635
1592520 634
1592530 634
1592540 633
1592550 633
1592560 633
1592570 632
1592580 632
1592590 632
1592600 632
1592610 632
1592620 632
1592630 633
1592640 634
1592650 636
1592660 639
1592670 642
1592680 644
1592690 645
1592700 646
1592710 646
1592720 646
1592730 646
1592740 647
1592750 647
1592760 648
1592770 649
1592780 649
1592790 648
1592800 647
1592810 647
1592820 646
1592830 645
1592840 645
1592850 645
1592860 646
1592870 646
1592880 645
1592890 645
1592900 645
1592910 644
1592920 644
1592930 643
1592940 643
1592950 642
1592960 641
1592970 641
1592980 640
1592990 640
1593000 640
1593010 641
1593020 642
1593030 642
1593040 643
1593050 643
1593060 644
1593070 644
1593080 644
1593090 643
1593100 643
1593110 643
1593120 642
1593130 641
1593140 640
1593150 639
1593160 639
1593170 638
1593180 638
1593190 637
1593200 637
1593210 636
1593220 635
1593230 635
1593240 634
1593250 633
1593260 632
1593270 631
1593280 630
1593290 628
1593300 627
1593310 625
1593320 624
1593330 622
1593340 622
1593350 621
1593360 620
1593370 620
1593380 620
1593390 619
1593400 619
1593410 618
1593420 617
1593430 616
1593440 615
1593450 614
1593460 613
1593470 612
1593480 611
1593490 610
1593500 610
1593510 610
1593520 609
1593530 609
1593540 607
1593550 605
1593560 602
1593570 598
1593580 595
1593590 591
1593600 589
1593610 587
1593620 586
1593630 585
1593640 585
1593650 585
1593660 585
1593670 585
1593680 586
1593690 586
1593700 586
1593710 586
1593720 586
1593730 586
1593740 586
1593750 587
1593760 587
1593770 587
1593780 587
1593790 587
1593800 587
1593810 587
1593820 587
1593830 587
1593840 587
1593850 587
1593860 587
1593870 586
1593880 586
1593890 585
1593900 585
1593910 585
1593920 584
1593930 584
1593940 583
1593950 583
1593960 583
1593970 583
1593980 582
1593990 582
1594000 582
1594010 582
1594020 582
1594030 582
1594040 582
1594050 582
1594060 582
1594070 582
1594080 581
1594090 581
1594100 581
1594110 581
1594120 581
1594130 581
1594140 581
1594150 581
1594160 580
1594170 580
1594180 580
1594190 580
1594200 579
1594210 579
1594220 579
1594230 579
1594240 579
1594250 579
1594260 579
1594270 579
1594280 578
1594290 578
1594300 578
1594310 578
1594320 578
1594330 578
1594340 577
1594350 577
1594360 577
1594370 576
1594380 575
1594390 575
1594400 575
1594410 574
1594420 574
1594430 573
1594440 573
1594450 573
1594460 573
1594470 573
1594480 573
1594490 573
1594500 573
1594510 572
1594520 572
1594530 571
1594540 570
1594550 570
1594560 569
1594570 568
1594580 567
1594590 567
1594600 567
1594610 566
1594620 566
1594630 565
1594640 565
1594650 564
1594660 564
1594670 563
1594680 562
1594690 562
1594700 561
1594710 560
1594720 560
1594730 559
1594740 559
1594750 558
1594760 557
1594770 557
1594780 556
1594790 556
1594800 556
1594810 557
1594820 559
1594830 559
1594840 559
1594850 559
1594860 558
1594870 555
1594880 553
1594890 551
1594900 551
1594910 550
1594920 550
1594930 550
1594940 550
1594950 549
1594960 549
1594970 549
1594980 549
1594990 548
1595000 548
1595010 548
1595020 548
1595030 548
1595040 548
1595050 548
1595060 547
1595070 547
1595080 547
1595090 547
1595100 547
1595110 546
1595120 546
1595130 546
1595140 546
1595150 545
1595160 545
1595170 544
1595180 544
1595190 543
1595200 543
1595210 542
1595220 542
1595230 541
1595240 540
1595250 538
1595260 537
1595270 536
1595280 535
1595290 535
1595300 534
1595310 534
1595320 533
1595330 533
1595340 533
1595350 535
1595360 538
1595370 540
1595380 540
1595390 540
1595400 540
1595410 540
1595420 540
1595430 540
1595440 540
1595450 539
1595460 539
1595470 539
1595480 539
1595490 539
1595500 538
1595510 538
1595520 537
1595530 537
1595540 536
1595550 536
1595560 535
1595570 534
1595580 533
1595590 532
1595600 531
1595610 530
1595620 530
1595630 529
1595640 528
1595650 528
1595660 527
1595670 527
1595680 526
1595690 526
1595700 525
1595710 525
1595720 524
1595730 523
1595740 523
1595750 522
1595760 522
1595770 521
1595780 521
1595790 520
1595800 520
1595810 520
1595820 519
1595830 518
1595840 518
1595850 518
1595860 517
1595870 517
1595880 517
1595890 517
1595900 517
1595910 517
1595920 517
1595930 517
1595940 517
1595950 517
1595960 517
1595970 517
1595980 518
1595990 518
1596000 519
1596010 518
1596020 517
1596030 517
1596040 516
1596050 516
1596060 516
1596070 516
1596080 516
1596090 517
1596100 517
1596110 518
1596120 518
1596130 518
1596140 517
1596150 517
1596160 517
1596170 518
1596180 518
1596190 518
1596200 518
1596210 518
1596220 519
1596230 519
1596240 519
1596250 518
1596260 518
1596270 518
1596280 518
1596290 517
1596300 517
1596310 517
1596320 517
1596330 517
1596340 517
1596350 517
1596360 517
1596370 518
1596380 518
1596390 518
1596400 517
1596410 517
1596420 516
1596430 516
1596440 517
1596450 517
1596460 517
1596470 517
1596480 517
1596490 518
1596500 518
1596510 519
1596520 520
1596530 521
1596540 523
1596550 525
1596560 525
1596570 524
1596580 524
1596590 524
1596600 524
1596610 524
1596620 524
1596630 523
1596640 524
1596650 524
1596660 524
1596670 524
1596680 524
1596690 525
1596700 525
1596710 525
1596720 526
1596730 526
1596740 527
1596750 527
1596760 528
1596770 529
1596780 529
1596790 530
1596800 531
1596810 533
1596820 534
1596830 535
1596840 537
1596850 538
1596860 540
1596870 542
1596880 543
1596890 546
1596900 549
1596910 552
1596920 555
1596930 557
1596940 558
1596950 560
1596960 562
1596970 564
1596980 567
1596990 569
1597000 572
1597010 576
1597020 579
1597030 583
1597040 587
1597050 590
1597060 593
1597070 595
1597080 599
1597090 602
1597100 605
1597110 608
1597120 610
1597130 611
1597140 611
1597150 610
1597160 609
1597170 607
1597180 604
1597190 602
1597200 599
1597210 597
1597220 595
1597230 592
1597240 590
1597250 589
1597260 588
1597270 588
1597280 588
1597290 588
1597300 589
1597310 589
1597320 590
1597330 590
1597340 589
1597350 589
1597360 588
1597370 586
1597380 585
1597390 583
1597400 581
1597410 579
1597420 577
1597430 575
1597440 574
1597450 572
1597460 571
1597470 569
1597480 568
1597490 567
1597500 566
1597510 565
1597520 564
1597530 563
1597540 562
1597550 562
1597560 561
1597570 561
1597580 561
1597590 560
1597600 560
1597610 560
1597620 560
1597630 561
1597640 561
1597650 562
1597660 564
1597670 565
1597680 566
1597690 567
1597700 568
1597710 568
1597720 568
1597730 567
1597740 566
1597750 565
1597760 564
1597770 562
1597780 559
1597790 557
1597800 556
1597810 556
1597820 555
1597830 553
1597840 549
1597850 545
1597860 540
1597870 536
1597880 534
1597890 531
1597900 527
1597910 525
1597920 524
1597930 523
1597940 523
1597950 523
1597960 523
1597970 522
1597980 522
1597990 521
1598000 521
1598010 520
1598020 519
1598030 519
1598040 518
1598050 517
1598060 517
1598070 516
1598080 516
1598090 515
1598100 515
1598110 515
1598120 516
1598130 516
1598140 516
1598150 517
1598160 518
1598170 519
1598180 521
1598190 523
1598200 525
1598210 525
1598220 526
1598230 526
1598240 526
1598250 526
1598260 527
1598270 527
1598280 526
1598290 526
1598300 525
1598310 524
1598320 523
1598330 521
1598340 520
1598350 517
1598360 515
1598370 514
1598380 513
1598390 511
1598400 510
1598410 509
1598420 507
1598430 505
1598440 503
1598450 502
1598460 500
1598470 498
1598480 496
1598490 494
1598500 492
1598510 491
1598520 489
1598530 487
1598540 484
1598550 481
1598560 479
1598570 477
1598580 475
1598590 472
1598600 469
1598610 467
1598620 465
1598630 464
1598640 462
1598650 461
1598660 461
1598670 461
1598680 461
1598690 460
1598700 460
1598710 460
1598720 460
1598730 460
1598740 460
1598750 460
1598760 459
1598770 459
1598780 459
1598790 459
1598800 458
1598810 458
1598820 458
1598830 458
1598840 457
1598850 457
1598860 457
1598870 457
1598880 457
1598890 457
1598900 457
1598910 457
1598920 457
1598930 457
1598940 457
1598950 457
1598960 457
1598970 458
1598980 457
1598990 458
1599000 458
1599010 457
1599020 457
1599030 457
1599040 457
1599050 457
1599060 457
1599070 457
1599080 457
1599090 457
1599100 457
1599110 457
1599120 457
1599130 458
1599140 458
1599150 458
1599160 458
1599170 458
1599180 458
1599190 458
1599200 458
1599210 458
1599220 458
1599230 458
1599240 458
1599250 458
1599260 458
1599270 458
1599280 458
1599290 458
1599300 458
1599310 458
1599320 458
1599330 458
1599340 458
1599350 458
1599360 458
1599370 458
1599380 458
1599390 458
1599400 458
1599410 458
1599420 458
1599430 458
1599440 458
1599450 458
1599460 458
1599470 458
1599480 458
1599490 458
1599500 458
1599510 458
1599520 458
1599530 458
1599540 458
1599550 458
1599560 458
1599570 458
1599580 458
1599590 458
1599600 458
1599610 459
1599620 459
1599630 459
1599640 459
1599650 459
1599660 459
1599670 459
1599680 459
1599690 459
1599700 459
1599710 459
1599720 459
1599730 459
1599740 459
1599750 459
1599760 459
1599770 459
1599780 459
1599790 459
1599800 459
1599810 459
1599820 459
1599830 459
1599840 459
1599850 460
1599860 460
1599870 460
1599880 460
1599890 460
1599900 460
1599910 460
1599920 460
1599930 460
1599940 460
1599950 460
1599960 460
1599970 460
1599980 460
1599990 460
