1580000 528
1580010 529
1580020 529
1580030 529
1580040 529
1580050 528
1580060 528
1580070 528
1580080 528
1580090 528
1580100 527
1580110 527
1580120 527
1580130 527
1580140 527
1580150 527
1580160 527
1580170 527
1580180 527
1580190 527
1580200 527
1580210 528
1580220 528
1580230 528
1580240 529
1580250 530
1580260 530
1580270 531
1580280 531
1580290 531
1580300 531
1580310 531
1580320 531
1580330 531
1580340 530
1580350 530
1580360 530
1580370 529
1580380 529
1580390 529
1580400 528
1580410 528
1580420 527
1580430 527
1580440 526
1580450 526
1580460 526
1580470 525
1580480 525
1580490 525
1580500 525
1580510 525
1580520 525
1580530 525
1580540 525
1580550 525
1580560 525
1580570 525
1580580 525
1580590 525
1580600 525
1580610 525
1580620 525
1580630 525
1580640 526
1580650 527
1580660 528
1580670 527
1580680 526
1580690 526
1580700 525
1580710 525
1580720 525
1580730 525
1580740 525
1580750 525
1580760 525
1580770 525
1580780 525
1580790 525
1580800 525
1580810 525
1580820 525
1580830 525
1580840 525
1580850 525
1580860 525
1580870 525
1580880 526
1580890 526
1580900 526
1580910 527
1580920 527
1580930 527
1580940 527
1580950 527
1580960 527
1580970 527
1580980 527
1580990 527
1581000 527
1581010 527
1581020 527
1581030 527
1581040 527
1581050 528
1581060 528
1581070 528
1581080 528
1581090 528
1581100 529
1581110 529
1581120 529
1581130 529
1581140 529
1581150 529
1581160 529
1581170 529
1581180 529
1581190 529
1581200 529
1581210 529
1581220 529
1581230 528
1581240 528
1581250 528
1581260 528
1581270 528
1581280 528
1581290 528
1581300 528
1581310 528
1581320 528
1581330 528
1581340 528
1581350 528
1581360 528
1581370 528
1581380 528
1581390 528
1581400 528
1581410 528
1581420 528
1581430 528
1581440 528
1581450 528
1581460 528
1581470 528
1581480 528
1581490 528
1581500 528
1581510 528
1581520 528
1581530 528
1581540 528
1581550 527
1581560 527
1581570 527
1581580 527
1581590 527
1581600 527
1581610 527
1581620 527
1581630 527
1581640 527
1581650 527
1581660 527
1581670 527
1581680 527
1581690 526
1581700 526
1581710 526
1581720 526
1581730 526
1581740 526
1581750 526
1581760 526
1581770 526
1581780 525
1581790 525
1581800 525
1581810 525
1581820 525
1581830 524
1581840 524
1581850 524
1581860 524
1581870 524
1581880 524
1581890 524
1581900 524
1581910 524
1581920 523
1581930 523
1581940 523
1581950 523
1581960 523
1581970 522
1581980 520
1581990 520
1582000 522
1582010 522
1582020 522
1582030 522
1582040 522
1582050 522
1582060 522
1582070 522
1582080 522
1582090 522
1582100 522
1582110 522
1582120 522
1582130 522
1582140 522
1582150 521
1582160 521
1582170 521
1582180 521
1582190 521
1582200 521
1582210 521
1582220 520
1582230 520
1582240 520
1582250 519
1582260 519
1582270 519
1582280 518
1582290 518
1582300 518
1582310 518
1582320 518
1582330 518
1582340 519
1582350 519
1582360 519
1582370 519
1582380 519
1582390 519
1582400 519
1582410 519
1582420 519
1582430 520
1582440 520
1582450 520
1582460 519
1582470 519
1582480 519
1582490 519
1582500 519
1582510 519
1582520 518
1582530 518
1582540 517
1582550 515
1582560 513
1582570 511
1582580 510
1582590 509
1582600 508
1582610 507
1582620 506
1582630 505
1582640 503
1582650 502
1582660 501
1582670 501
1582680 499
1582690 498
1582700 497
1582710 497
1582720 496
1582730 495
1582740 495
1582750 494
1582760 494
1582770 494
1582780 494
1582790 494
1582800 494
1582810 494
1582820 494
1582830 494
1582840 494
1582850 494
1582860 494
1582870 493
1582880 493
1582890 493
1582900 492
1582910 492
1582920 492
1582930 492
1582940 492
1582950 491
1582960 491
1582970 491
1582980 491
1582990 491
1583000 490
1583010 490
1583020 490
1583030 490
1583040 490
1583050 490
1583060 490
1583070 490
1583080 490
1583090 490
1583100 490
1583110 490
1583120 490
1583130 489
1583140 489
1583150 489
1583160 489
1583170 489
1583180 489
1583190 489
1583200 489
1583210 489
1583220 489
1583230 489
1583240 489
1583250 489
1583260 489
1583270 489
1583280 489
1583290 489
1583300 489
1583310 489
1583320 489
1583330 489
1583340 489
1583350 489
1583360 489
1583370 489
1583380 489
1583390 489
1583400 489
1583410 489
1583420 489
1583430 489
1583440 489
1583450 489
1583460 489
1583470 488
1583480 488
1583490 488
1583500 488
1583510 488
1583520 488
1583530 488
1583540 488
1583550 488
1583560 488
1583570 488
1583580 488
1583590 488
1583600 488
1583610 488
1583620 488
1583630 488
1583640 488
1583650 488
1583660 488
1583670 488
1583680 488
1583690 488
1583700 488
1583710 488
1583720 488
1583730 488
1583740 488
1583750 488
1583760 488
1583770 488
1583780 488
1583790 488
1583800 488
1583810 488
1583820 488
1583830 488
1583840 488
1583850 488
1583860 488
1583870 488
1583880 488
1583890 488
1583900 488
1583910 488
1583920 488
1583930 488
1583940 488
1583950 488
1583960 488
1583970 488
1583980 488
1583990 488
1584000 488
1584010 488
1584020 488
1584030 488
1584040 488
1584050 488
1584060 488
1584070 489
1584080 489
1584090 489
1584100 489
1584110 489
1584120 489
1584130 489
1584140 489
1584150 489
1584160 489
1584170 489
1584180 489
1584190 489
1584200 488
1584210 488
1584220 488
1584230 488
1584240 488
1584250 488
1584260 488
1584270 488
1584280 487
1584290 487
1584300 487
1584310 487
1584320 487
1584330 487
1584340 488
1584350 488
1584360 488
1584370 488
1584380 488
1584390 488
1584400 489
1584410 489
1584420 489
1584430 490
1584440 490
1584450 491
1584460 492
1584470 493
1584480 494
1584490 494
1584500 495
1584510 495
1584520 496
1584530 497
1584540 498
1584550 499
1584560 500
1584570 501
1584580 503
1584590 504
1584600 505
1584610 506
1584620 507
1584630 508
1584640 509
1584650 510
1584660 511
1584670 511
1584680 512
1584690 513
1584700 513
1584710 513
1584720 514
1584730 514
1584740 514
1584750 514
1584760 514
1584770 513
1584780 513
1584790 513
1584800 513
1584810 513
1584820 513
1584830 513
1584840 513
1584850 513
1584860 513
1584870 513
1584880 512
1584890 512
1584900 512
1584910 511
1584920 511
1584930 510
1584940 509
1584950 508
1584960 508
1584970 507
1584980 506
1584990 506
1585000 505
1585010 505
1585020 505
1585030 504
1585040 504
1585050 504
1585060 504
1585070 504
1585080 504
1585090 504
1585100 504
1585110 504
1585120 504
1585130 504
1585140 504
1585150 504
1585160 504
1585170 504
1585180 504
1585190 504
1585200 504
1585210 504
1585220 504
1585230 504
1585240 504
1585250 504
1585260 504
1585270 504
1585280 504
1585290 504
1585300 504
1585310 504
1585320 504
1585330 504
1585340 504
1585350 504
1585360 504
1585370 504
1585380 504
1585390 504
1585400 505
1585410 505
1585420 505
1585430 504
1585440 504
1585450 504
1585460 504
1585470 504
1585480 504
1585490 504
1585500 504
1585510 504
1585520 504
1585530 504
1585540 504
1585550 504
1585560 504
1585570 504
1585580 504
1585590 504
1585600 504
1585610 504
1585620 504
1585630 504
1585640 504
1585650 504
1585660 504
1585670 504
1585680 504
1585690 504
1585700 504
1585710 504
1585720 504
1585730 504
1585740 504
1585750 504
1585760 503
1585770 502
1585780 501
1585790 500
1585800 499
1585810 499
1585820 498
1585830 498
1585840 498
1585850 498
1585860 498
1585870 497
1585880 497
1585890 496
1585900 495
1585910 494
1585920 493
1585930 492
1585940 491
1585950 491
1585960 490
1585970 491
1585980 491
1585990 491
1586000 492
1586010 492
1586020 492
1586030 492
1586040 492
1586050 492
1586060 492
1586070 492
1586080 491
1586090 490
1586100 489
1586110 489
1586120 488
1586130 487
1586140 487
1586150 488
1586160 489
1586170 491
1586180 493
1586190 496
1586200 498
1586210 499
1586220 500
1586230 499
1586240 499
1586250 498
1586260 498
1586270 498
1586280 498
1586290 498
1586300 498
1586310 498
1586320 498
1586330 499
1586340 499
1586350 500
1586360 500
1586370 501
1586380 502
1586390 503
1586400 503
1586410 503
1586420 503
1586430 503
1586440 503
1586450 503
1586460 503
1586470 503
1586480 503
1586490 503
1586500 503
1586510 503
1586520 503
1586530 503
1586540 503
1586550 503
1586560 502
1586570 502
1586580 502
1586590 502
1586600 501
1586610 501
1586620 500
1586630 500
1586640 500
1586650 499
1586660 499
1586670 499
1586680 498
1586690 498
1586700 498
1586710 498
1586720 498
1586730 498
1586740 497
1586750 497
1586760 497
1586770 496
1586780 495
1586790 494
1586800 494
1586810 493
1586820 493
1586830 494
1586840 494
1586850 495
1586860 495
1586870 496
1586880 496
1586890 496
1586900 496
1586910 496
1586920 496
1586930 496
1586940 496
1586950 496
1586960 496
1586970 496
1586980 496
1586990 496
1587000 496
1587010 496
1587020 495
1587030 495
1587040 495
1587050 494
1587060 493
1587070 492
1587080 491
1587090 489
1587100 488
1587110 487
1587120 487
1587130 486
1587140 486
1587150 486
1587160 486
1587170 486
1587180 486
1587190 486
1587200 486
1587210 486
1587220 486
1587230 486
1587240 486
1587250 486
1587260 486
1587270 486
1587280 486
1587290 486
1587300 486
1587310 486
1587320 486
1587330 486
1587340 486
1587350 485
1587360 485
1587370 485
1587380 486
1587390 486
1587400 486
1587410 486
1587420 486
1587430 485
1587440 485
1587450 485
1587460 485
1587470 485
1587480 485
1587490 486
1587500 485
1587510 485
1587520 485
1587530 485
1587540 485
1587550 485
1587560 485
1587570 485
1587580 485
1587590 485
1587600 485
1587610 485
1587620 485
1587630 485
1587640 485
1587650 485
1587660 485
1587670 485
1587680 485
1587690 485
1587700 485
1587710 485
1587720 485
1587730 485
1587740 485
1587750 485
1587760 485
1587770 485
1587780 485
1587790 485
1587800 485
1587810 485
1587820 485
1587830 485
1587840 486
1587850 486
1587860 486
1587870 485
1587880 485
1587890 485
1587900 485
1587910 485
1587920 485
1587930 485
1587940 486
1587950 486
1587960 486
1587970 486
1587980 486
1587990 486
1588000 486
1588010 486
1588020 486
1588030 486
1588040 486
1588050 487
1588060 487
1588070 487
1588080 487
1588090 487
1588100 487
1588110 487
1588120 487
1588130 487
1588140 487
1588150 487
1588160 487
1588170 487
1588180 487
1588190 487
1588200 487
1588210 487
1588220 486
1588230 486
1588240 486
1588250 486
1588260 486
1588270 486
1588280 486
1588290 486
1588300 486
1588310 486
1588320 487
1588330 486
1588340 486
1588350 486
1588360 486
1588370 486
1588380 486
1588390 486
1588400 486
1588410 486
1588420 486
1588430 486
1588440 486
1588450 486
1588460 486
1588470 486
1588480 486
1588490 486
1588500 486
1588510 486
1588520 486
1588530 486
1588540 486
1588550 485
1588560 485
1588570 485
1588580 485
1588590 485
1588600 485
1588610 485
1588620 485
1588630 485
1588640 485
1588650 485
1588660 484
1588670 484
1588680 484
1588690 484
1588700 484
1588710 484
1588720 484
1588730 484
1588740 483
1588750 483
1588760 483
1588770 483
1588780 483
1588790 482
1588800 482
1588810 482
1588820 482
1588830 482
1588840 482
1588850 482
1588860 482
1588870 482
1588880 482
1588890 482
1588900 482
1588910 482
1588920 482
1588930 482
1588940 482
1588950 482
1588960 482
1588970 482
1588980 482
1588990 482
1589000 481
1589010 481
1589020 481
1589030 481
1589040 481
1589050 481
1589060 481
1589070 481
1589080 481
1589090 481
1589100 481
1589110 481
1589120 481
1589130 481
1589140 481
1589150 481
1589160 481
1589170 481
1589180 481
1589190 481
1589200 481
1589210 481
1589220 481
1589230 481
1589240 481
1589250 481
1589260 481
1589270 481
1589280 481
1589290 481
1589300 481
1589310 481
1589320 481
1589330 481
1589340 481
1589350 481
1589360 481
1589370 481
1589380 481
1589390 481
1589400 481
1589410 481
1589420 481
1589430 481
1589440 481
1589450 481
1589460 481
1589470 481
1589480 481
1589490 481
1589500 481
1589510 481
1589520 481
1589530 481
1589540 482
1589550 482
1589560 482
1589570 482
1589580 482
1589590 482
1589600 482
1589610 482
1589620 482
1589630 482
1589640 482
1589650 482
1589660 482
1589670 482
1589680 482
1589690 482
1589700 482
1589710 482
1589720 482
1589730 483
1589740 483
1589750 483
1589760 483
1589770 482
1589780 482
1589790 482
1589800 482
1589810 482
1589820 482
1589830 482
1589840 482
1589850 481
1589860 481
1589870 481
1589880 481
1589890 481
1589900 481
1589910 481
1589920 481
1589930 481
1589940 481
1589950 481
1589960 481
1589970 481
1589980 481
1589990 481
1590000 481
1590010 481
1590020 481
1590030 481
1590040 481
1590050 481
1590060 481
1590070 481
1590080 481
1590090 482
1590100 482
1590110 483
1590120 484
1590130 484
1590140 485
1590150 487
1590160 488
1590170 489
1590180 491
1590190 492
1590200 493
1590210 494
1590220 496
1590230 497
1590240 498
1590250 500
1590260 501
1590270 502
1590280 503
1590290 503
1590300 503
1590310 503
1590320 504
1590330 504
1590340 504
1590350 504
1590360 504
1590370 505
1590380 505
1590390 506
1590400 507
1590410 508
1590420 509
1590430 509
1590440 510
1590450 510
1590460 513
1590470 515
1590480 518
1590490 522
1590500 526
1590510 530
1590520 533
1590530 537
1590540 540
1590550 544
1590560 547
1590570 549
1590580 551
1590590 553
1590600 555
1590610 557
1590620 559
1590630 560
1590640 561
1590650 562
1590660 563
1590670 565
1590680 567
1590690 568
1590700 568
1590710 568
1590720 568
1590730 569
1590740 569
1590750 570
1590760 571
1590770 572
1590780 574
1590790 575
1590800 575
1590810 576
1590820 576
1590830 577
1590840 578
1590850 578
1590860 579
1590870 579
1590880 579
1590890 579
1590900 579
1590910 580
1590920 580
1590930 581
1590940 582
1590950 583
1590960 584
1590970 586
1590980 587
1590990 588
1591000 589
1591010 591
1591020 592
1591030 594
1591040 596
1591050 597
1591060 599
1591070 601
1591080 602
1591090 603
1591100 605
1591110 606
1591120 608
1591130 609
1591140 611
1591150 612
1591160 614
1591170 616
1591180 617
1591190 618
1591200 619
1591210 619
1591220 620
1591230 622
1591240 623
1591250 625
1591260 627
1591270 629
1591280 630
1591290 631
1591300 633
1591310 635
1591320 636
1591330 637
1591340 638
1591350 640
1591360 640
1591370 641
1591380 641
1591390 640
1591400 640
1591410 639
1591420 638
1591430 638
1591440 638
1591450 636
1591460 635
1591470 634
1591480 632
1591490 631
1591500 630
1591510 629
1591520 628
1591530 627
1591540 626
1591550 626
1591560 625
1591570 625
1591580 624
1591590 624
1591600 623
1591610 623
1591620 623
1591630 623
1591640 622
1591650 622
1591660 622
1591670 621
1591680 621
1591690 620
1591700 620
1591710 619
1591720 619
1591730 618
1591740 618
1591750 617
1591760 616
1591770 616
1591780 615
1591790 614
1591800 614
1591810 613
1591820 612
1591830 612
1591840 611
1591850 611
1591860 610
1591870 610
1591880 610
1591890 610
1591900 610
1591910 610
1591920 609
1591930 609
1591940 609
1591950 609
1591960 609
1591970 610
1591980 610
1591990 610
1592000 610
1592010 610
1592020 611
1592030 611
1592040 611
1592050 612
1592060 612
1592070 613
1592080 613
1592090 613
1592100 614
1592110 614
1592120 615
1592130 615
1592140 616
1592150 616
1592160 617
1592170 617
1592180 617
1592190 618
1592200 618
1592210 619
1592220 620
1592230 620
1592240 621
1592250 622
1592260 623
1592270 624
1592280 625
1592290 626
1592300 626
1592310 628
1592320 629
1592330 630
1592340 630
1592350 631
1592360 632
1592370 633
1592380 634
1592390 634
1592400 635
1592410 636
1592420 636
1592430 637
1592440 637
1592450 637
1592460 638
1592470 638
1592480 639
1592490 639
1592500 640
1592510 640
1592520 641
1592530 642
1592540 642
1592550 643
1592560 644
1592570 645
1592580 645
1592590 646
1592600 647
1592610 647
1592620 648
1592630 649
1592640 650
1592650 650
1592660 651
1592670 652
1592680 652
1592690 653
1592700 654
1592710 655
1592720 656
1592730 657
1592740 658
1592750 659
1592760 660
1592770 661
1592780 662
1592790 663
1592800 664
1592810 665
1592820 666
1592830 666
1592840 666
1592850 666
1592860 667
1592870 667
1592880 668
1592890 669
1592900 669
1592910 669
1592920 670
1592930 670
1592940 671
1592950 671
1592960 671
1592970 672
1592980 672
1592990 673
1593000 673
1593010 674
1593020 674
1593030 675
1593040 675
1593050 675
1593060 675
1593070 675
1593080 675
1593090 675
1593100 675
1593110 675
1593120 675
1593130 675
1593140 675
1593150 675
1593160 675
1593170 675
1593180 674
1593190 674
1593200 673
1593210 672
1593220 672
1593230 671
1593240 670
1593250 670
1593260 669
1593270 668
1593280 667
1593290 666
1593300 666
1593310 665
1593320 664
1593330 663
1593340 662
1593350 661
1593360 660
1593370 658
1593380 657
1593390 655
1593400 653
1593410 652
1593420 651
1593430 652
1593440 652
1593450 653
1593460 654
1593470 655
1593480 655
1593490 654
1593500 653
1593510 652
1593520 650
1593530 649
1593540 647
1593550 645
1593560 643
1593570 641
1593580 639
1593590 637
1593600 635
1593610 634
1593620 632
1593630 630
1593640 628
1593650 626
1593660 623
1593670 621
1593680 618
1593690 614
1593700 611
1593710 608
1593720 605
1593730 603
1593740 600
1593750 598
1593760 595
1593770 593
1593780 590
1593790 587
1593800 585
1593810 583
1593820 582
1593830 582
1593840 582
1593850 581
1593860 581
1593870 580
1593880 580
1593890 580
1593900 579
1593910 579
1593920 579
1593930 578
1593940 578
1593950 578
1593960 578
1593970 578
1593980 578
1593990 578
1594000 578
1594010 578
1594020 579
1594030 579
1594040 579
1594050 579
1594060 579
1594070 579
1594080 579
1594090 579
1594100 579
1594110 579
1594120 579
1594130 579
1594140 579
1594150 579
1594160 579
1594170 579
1594180 579
1594190 579
1594200 579
1594210 579
1594220 579
1594230 579
1594240 578
1594250 578
1594260 578
1594270 578
1594280 578
1594290 578
1594300 578
1594310 578
1594320 578
1594330 578
1594340 578
1594350 578
1594360 578
1594370 578
1594380 577
1594390 577
1594400 577
1594410 577
1594420 577
1594430 576
1594440 576
1594450 575
1594460 575
1594470 575
1594480 575
1594490 575
1594500 575
1594510 574
1594520 574
1594530 574
1594540 574
1594550 574
1594560 574
1594570 573
1594580 573
1594590 573
1594600 573
1594610 573
1594620 573
1594630 573
1594640 573
1594650 573
1594660 572
1594670 572
1594680 571
1594690 571
1594700 570
1594710 569
1594720 569
1594730 568
1594740 568
1594750 567
1594760 567
1594770 567
1594780 566
1594790 566
1594800 566
1594810 566
1594820 565
1594830 565
1594840 565
1594850 564
1594860 564
1594870 564
1594880 563
1594890 563
1594900 562
1594910 562
1594920 561
1594930 561
1594940 560
1594950 560
1594960 560
1594970 559
1594980 558
1594990 557
1595000 557
1595010 556
1595020 555
1595030 554
1595040 554
1595050 553
1595060 552
1595070 552
1595080 551
1595090 550
1595100 550
1595110 549
1595120 549
1595130 548
1595140 548
1595150 547
1595160 546
1595170 545
1595180 545
1595190 544
1595200 544
1595210 543
1595220 542
1595230 541
1595240 539
1595250 538
1595260 538
1595270 537
1595280 536
1595290 535
1595300 535
1595310 534
1595320 533
1595330 532
1595340 531
1595350 531
1595360 530
1595370 530
1595380 529
1595390 528
1595400 528
1595410 528
1595420 527
1595430 527
1595440 527
1595450 527
1595460 526
1595470 526
1595480 526
1595490 526
1595500 526
1595510 525
1595520 525
1595530 525
1595540 525
1595550 524
1595560 524
1595570 524
1595580 524
1595590 524
1595600 524
1595610 524
1595620 524
1595630 523
1595640 523
1595650 523
1595660 523
1595670 522
1595680 522
1595690 522
1595700 521
1595710 521
1595720 521
1595730 521
1595740 521
1595750 521
1595760 520
1595770 520
1595780 520
1595790 520
1595800 520
1595810 519
1595820 519
1595830 519
1595840 519
1595850 519
1595860 519
1595870 519
1595880 519
1595890 519
1595900 518
1595910 518
1595920 518
1595930 517
1595940 517
1595950 517
1595960 517
1595970 517
1595980 517
1595990 516
1596000 516
1596010 516
1596020 516
1596030 516
1596040 516
1596050 516
1596060 516
1596070 516
1596080 516
1596090 516
1596100 516
1596110 516
1596120 516
1596130 516
1596140 516
1596150 516
1596160 516
1596170 516
1596180 516
1596190 516
1596200 516
1596210 516
1596220 516
1596230 516
1596240 516
1596250 516
1596260 516
1596270 516
1596280 516
1596290 516
1596300 516
1596310 516
1596320 516
1596330 516
1596340 516
1596350 516
1596360 516
1596370 516
1596380 516
1596390 516
1596400 516
1596410 516
1596420 516
1596430 516
1596440 516
1596450 516
1596460 516
1596470 516
1596480 517
1596490 517
1596500 518
1596510 518
1596520 519
1596530 519
1596540 519
1596550 520
1596560 520
1596570 520
1596580 521
1596590 521
1596600 522
1596610 522
1596620 522
1596630 523
1596640 523
1596650 523
1596660 524
1596670 524
1596680 524
1596690 524
1596700 525
1596710 525
1596720 525
1596730 526
1596740 526
1596750 526
1596760 526
1596770 526
1596780 526
1596790 527
1596800 527
1596810 527
1596820 528
1596830 528
1596840 528
1596850 528
1596860 529
1596870 531
1596880 533
1596890 535
1596900 537
1596910 537
1596920 538
1596930 540
1596940 541
1596950 543
1596960 545
1596970 547
1596980 550
1596990 552
1597000 554
1597010 558
1597020 561
1597030 565
1597040 570
1597050 574
1597060 579
1597070 583
1597080 588
1597090 592
1597100 596
1597110 599
1597120 603
1597130 606
1597140 609
1597150 612
1597160 614
1597170 616
1597180 618
1597190 619
1597200 620
1597210 619
1597220 618
1597230 616
1597240 614
1597250 611
1597260 605
1597270 600
1597280 595
1597290 590
1597300 586
1597310 583
1597320 581
1597330 580
1597340 579
1597350 579
1597360 579
1597370 579
1597380 580
1597390 582
1597400 584
1597410 586
1597420 587
1597430 588
1597440 589
1597450 589
1597460 589
1597470 589
1597480 589
1597490 589
1597500 589
1597510 589
1597520 588
1597530 588
1597540 588
1597550 588
1597560 587
1597570 587
1597580 586
1597590 586
1597600 584
1597610 583
1597620 581
1597630 578
1597640 577
1597650 575
1597660 573
1597670 572
1597680 570
1597690 569
1597700 568
1597710 566
1597720 565
1597730 564
1597740 563
1597750 561
1597760 559
1597770 556
1597780 554
1597790 551
1597800 549
1597810 547
1597820 544
1597830 542
1597840 540
1597850 538
1597860 536
1597870 534
1597880 532
1597890 530
1597900 528
1597910 526
1597920 524
1597930 522
1597940 521
1597950 519
1597960 518
1597970 516
1597980 515
1597990 514
1598000 513
1598010 512
1598020 511
1598030 511
1598040 510
1598050 510
1598060 509
1598070 508
1598080 507
1598090 506
1598100 505
1598110 505
1598120 504
1598130 504
1598140 503
1598150 503
1598160 503
1598170 502
1598180 502
1598190 503
1598200 505
1598210 507
1598220 508
1598230 509
1598240 510
1598250 512
1598260 514
1598270 516
1598280 518
1598290 521
1598300 524
1598310 526
1598320 527
1598330 527
1598340 526
1598350 525
1598360 523
1598370 522
1598380 520
1598390 519
1598400 519
1598410 518
1598420 517
1598430 517
1598440 516
1598450 516
1598460 515
1598470 514
1598480 512
1598490 511
1598500 509
1598510 506
1598520 504
1598530 502
1598540 499
1598550 497
1598560 494
1598570 492
1598580 490
1598590 487
1598600 483
1598610 479
1598620 474
1598630 469
1598640 466
1598650 463
1598660 462
1598670 462
1598680 462
1598690 461
1598700 461
1598710 461
1598720 461
1598730 462
1598740 462
1598750 462
1598760 462
1598770 462
1598780 462
1598790 462
1598800 463
1598810 463
1598820 463
1598830 463
1598840 463
1598850 463
1598860 463
1598870 462
1598880 462
1598890 462
1598900 462
1598910 462
1598920 462
1598930 462
1598940 462
1598950 461
1598960 461
1598970 461
1598980 461
1598990 460
1599000 460
1599010 459
1599020 459
1599030 458
1599040 458
1599050 458
1599060 458
1599070 458
1599080 458
1599090 458
1599100 458
1599110 458
1599120 458
1599130 459
1599140 459
1599150 458
1599160 458
1599170 458
1599180 458
1599190 458
1599200 458
1599210 458
1599220 458
1599230 458
1599240 458
1599250 458
1599260 458
1599270 458
1599280 458
1599290 458
1599300 458
1599310 458
1599320 458
1599330 458
1599340 458
1599350 458
1599360 458
1599370 458
1599380 458
1599390 458
1599400 458
1599410 458
1599420 458
1599430 458
1599440 458
1599450 458
1599460 458
1599470 458
1599480 458
1599490 458
1599500 458
1599510 458
1599520 458
1599530 458
1599540 458
1599550 458
1599560 458
1599570 458
1599580 458
1599590 458
1599600 458
1599610 458
1599620 458
1599630 458
1599640 458
1599650 458
1599660 458
1599670 458
1599680 458
1599690 458
1599700 458
1599710 458
1599720 458
1599730 458
1599740 458
1599750 458
1599760 458
1599770 458
1599780 458
1599790 458
1599800 458
1599810 458
1599820 458
1599830 458
1599840 459
1599850 459
1599860 459
1599870 459
1599880 459
1599890 459
1599900 459
1599910 459
1599920 459
1599930 459
1599940 459
1599950 459
1599960 459
1599970 459
1599980 459
1599990 459
