1580000 585
1580010 589
1580020 594
1580030 599
1580040 604
1580050 609
1580060 613
1580070 617
1580080 616
1580090 614
1580100 610
1580110 605
1580120 599
1580130 594
1580140 588
1580150 584
1580160 579
1580170 575
1580180 572
1580190 570
1580200 569
1580210 569
1580220 569
1580230 569
1580240 571
1580250 574
1580260 578
1580270 583
1580280 587
1580290 591
1580300 593
1580310 594
1580320 594
1580330 594
1580340 594
1580350 594
1580360 594
1580370 594
1580380 594
1580390 593
1580400 593
1580410 592
1580420 592
1580430 592
1580440 592
1580450 592
1580460 592
1580470 592
1580480 591
1580490 591
1580500 591
1580510 591
1580520 590
1580530 589
1580540 587
1580550 586
1580560 586
1580570 585
1580580 585
1580590 584
1580600 583
1580610 582
1580620 580
1580630 579
1580640 577
1580650 577
1580660 576
1580670 575
1580680 576
1580690 576
1580700 577
1580710 577
1580720 578
1580730 578
1580740 578
1580750 579
1580760 579
1580770 580
1580780 580
1580790 581
1580800 582
1580810 582
1580820 582
1580830 582
1580840 581
1580850 581
1580860 581
1580870 581
1580880 580
1580890 579
1580900 578
1580910 577
1580920 576
1580930 575
1580940 574
1580950 574
1580960 573
1580970 573
1580980 572
1580990 572
1581000 573
1581010 573
1581020 574
1581030 574
1581040 574
1581050 575
1581060 577
1581070 579
1581080 581
1581090 582
1581100 582
1581110 582
1581120 583
1581130 583
1581140 584
1581150 584
1581160 584
1581170 584
1581180 584
1581190 584
1581200 584
1581210 584
1581220 584
1581230 585
1581240 585
1581250 585
1581260 586
1581270 586
1581280 587
1581290 587
1581300 588
1581310 588
1581320 589
1581330 589
1581340 590
1581350 590
1581360 590
1581370 591
1581380 592
1581390 594
1581400 596
1581410 598
1581420 601
1581430 603
1581440 604
1581450 604
1581460 602
1581470 602
1581480 604
1581490 607
1581500 609
1581510 612
1581520 613
1581530 614
1581540 617
1581550 618
1581560 620
1581570 621
1581580 621
1581590 622
1581600 623
1581610 624
1581620 625
1581630 625
1581640 626
1581650 626
1581660 627
1581670 628
1581680 629
1581690 629
1581700 629
1581710 629
1581720 628
1581730 628
1581740 628
1581750 627
1581760 627
1581770 626
1581780 626
1581790 625
1581800 624
1581810 624
1581820 624
1581830 625
1581840 627
1581850 629
1581860 631
1581870 632
1581880 632
1581890 632
1581900 633
1581910 633
1581920 633
1581930 634
1581940 633
1581950 633
1581960 632
1581970 631
1581980 630
1581990 630
1582000 630
1582010 630
1582020 630
1582030 629
1582040 628
1582050 626
1582060 626
1582070 625
1582080 625
1582090 625
1582100 625
1582110 624
1582120 624
1582130 623
1582140 623
1582150 624
1582160 624
1582170 625
1582180 625
1582190 625
1582200 625
1582210 625
1582220 624
1582230 624
1582240 624
1582250 624
1582260 625
1582270 625
1582280 624
1582290 623
1582300 622
1582310 620
1582320 619
1582330 617
1582340 616
1582350 616
1582360 615
1582370 614
1582380 613
1582390 612
1582400 610
1582410 609
1582420 609
1582430 608
1582440 608
1582450 609
1582460 609
1582470 609
1582480 609
1582490 609
1582500 610
1582510 610
1582520 611
1582530 611
1582540 611
1582550 611
1582560 611
1582570 611
1582580 611
1582590 610
1582600 610
1582610 609
1582620 608
1582630 608
1582640 609
1582650 610
1582660 611
1582670 610
1582680 610
1582690 609
1582700 609
1582710 608
1582720 608
1582730 608
1582740 607
1582750 607
1582760 606
1582770 605
1582780 605
1582790 603
1582800 602
1582810 601
1582820 600
1582830 599
1582840 598
1582850 598
1582860 597
1582870 596
1582880 596
1582890 595
1582900 595
1582910 595
1582920 595
1582930 594
1582940 594
1582950 593
1582960 593
1582970 593
1582980 592
1582990 592
1583000 592
1583010 591
1583020 591
1583030 590
1583040 590
1583050 590
1583060 589
1583070 589
1583080 589
1583090 588
1583100 588
1583110 588
1583120 587
1583130 587
1583140 587
1583150 587
1583160 586
1583170 586
1583180 585
1583190 585
1583200 584
1583210 583
1583220 583
1583230 582
1583240 582
1583250 581
1583260 581
1583270 581
1583280 580
1583290 580
1583300 580
1583310 579
1583320 578
1583330 577
1583340 577
1583350 577
1583360 578
1583370 578
1583380 579
1583390 579
1583400 579
1583410 579
1583420 579
1583430 579
1583440 578
1583450 578
1583460 577
1583470 576
1583480 576
1583490 575
1583500 575
1583510 575
1583520 574
1583530 574
1583540 574
1583550 573
1583560 573
1583570 573
1583580 573
1583590 573
1583600 573
1583610 573
1583620 572
1583630 572
1583640 572
1583650 571
1583660 572
1583670 572
1583680 572
1583690 572
1583700 572
1583710 571
1583720 571
1583730 570
1583740 568
1583750 568
1583760 567
1583770 566
1583780 564
1583790 562
1583800 560
1583810 559
1583820 559
1583830 559
1583840 559
1583850 559
1583860 559
1583870 559
1583880 558
1583890 557
1583900 556
1583910 554
1583920 552
1583930 550
1583940 550
1583950 549
1583960 549
1583970 549
1583980 549
1583990 549
1584000 548
1584010 548
1584020 547
1584030 546
1584040 545
1584050 545
1584060 544
1584070 544
1584080 543
1584090 542
1584100 541
1584110 539
1584120 537
1584130 534
1584140 531
1584150 529
1584160 529
1584170 529
1584180 528
1584190 528
1584200 527
1584210 526
1584220 524
1584230 523
1584240 523
1584250 523
1584260 522
1584270 522
1584280 521
1584290 520
1584300 520
1584310 519
1584320 517
1584330 516
1584340 514
1584350 514
1584360 513
1584370 512
1584380 510
1584390 509
1584400 507
1584410 505
1584420 504
1584430 504
1584440 503
1584450 503
1584460 502
1584470 501
1584480 501
1584490 500
1584500 500
1584510 500
1584520 500
1584530 500
1584540 499
1584550 499
1584560 499
1584570 499
1584580 499
1584590 498
1584600 498
1584610 498
1584620 498
1584630 498
1584640 498
1584650 498
1584660 498
1584670 498
1584680 497
1584690 496
1584700 496
1584710 496
1584720 495
1584730 495
1584740 494
1584750 493
1584760 492
1584770 492
1584780 492
1584790 491
1584800 491
1584810 491
1584820 490
1584830 490
1584840 489
1584850 489
1584860 488
1584870 488
1584880 487
1584890 487
1584900 487
1584910 487
1584920 486
1584930 486
1584940 486
1584950 486
1584960 486
1584970 486
1584980 486
1584990 486
1585000 486
1585010 486
1585020 485
1585030 485
1585040 485
1585050 485
1585060 485
1585070 485
1585080 485
1585090 485
1585100 485
1585110 485
1585120 485
1585130 485
1585140 485
1585150 485
1585160 485
1585170 485
1585180 485
1585190 485
1585200 485
1585210 485
1585220 485
1585230 485
1585240 485
1585250 485
1585260 485
1585270 485
1585280 485
1585290 485
1585300 485
1585310 485
1585320 485
1585330 485
1585340 485
1585350 485
1585360 485
1585370 485
1585380 485
1585390 485
1585400 485
1585410 485
1585420 485
1585430 485
1585440 485
1585450 485
1585460 485
1585470 485
1585480 485
1585490 485
1585500 485
1585510 485
1585520 485
1585530 485
1585540 485
1585550 485
1585560 485
1585570 485
1585580 485
1585590 485
1585600 485
1585610 485
1585620 485
1585630 485
1585640 485
1585650 485
1585660 485
1585670 485
1585680 485
1585690 485
1585700 485
1585710 485
1585720 485
1585730 485
1585740 485
1585750 485
1585760 485
1585770 485
1585780 485
1585790 485
1585800 485
1585810 485
1585820 485
1585830 485
1585840 485
1585850 485
1585860 485
1585870 485
1585880 485
1585890 485
1585900 485
1585910 484
1585920 484
1585930 484
1585940 484
1585950 484
1585960 484
1585970 484
1585980 484
1585990 484
1586000 484
1586010 484
1586020 484
1586030 484
1586040 484
1586050 484
1586060 484
1586070 484
1586080 484
1586090 484
1586100 484
1586110 484
1586120 484
1586130 484
1586140 484
1586150 484
1586160 484
1586170 484
1586180 484
1586190 484
1586200 484
1586210 484
1586220 484
1586230 484
1586240 484
1586250 484
1586260 484
1586270 484
1586280 484
1586290 484
1586300 484
1586310 484
1586320 484
1586330 484
1586340 484
1586350 484
1586360 484
1586370 484
1586380 484
1586390 484
1586400 484
1586410 484
1586420 484
1586430 484
1586440 484
1586450 484
1586460 484
1586470 484
1586480 484
1586490 484
1586500 484
1586510 484
1586520 484
1586530 484
1586540 484
1586550 484
1586560 484
1586570 484
1586580 484
1586590 484
1586600 484
1586610 484
1586620 484
1586630 484
1586640 484
1586650 484
1586660 484
1586670 484
1586680 484
1586690 484
1586700 484
1586710 484
1586720 484
1586730 484
1586740 484
1586750 484
1586760 484
1586770 484
1586780 484
1586790 484
1586800 484
1586810 484
1586820 484
1586830 484
1586840 484
1586850 484
1586860 484
1586870 484
1586880 484
1586890 484
1586900 484
1586910 484
1586920 484
1586930 484
1586940 484
1586950 484
1586960 484
1586970 484
1586980 484
1586990 484
1587000 484
1587010 484
1587020 484
1587030 484
1587040 484
1587050 484
1587060 484
1587070 484
1587080 484
1587090 484
1587100 484
1587110 484
1587120 484
1587130 484
1587140 484
1587150 484
1587160 484
1587170 484
1587180 484
1587190 484
1587200 484
1587210 484
1587220 484
1587230 484
1587240 484
1587250 484
1587260 484
1587270 484
1587280 484
1587290 484
1587300 484
1587310 484
1587320 484
1587330 484
1587340 484
1587350 484
1587360 484
1587370 484
1587380 484
1587390 485
1587400 485
1587410 485
1587420 485
1587430 485
1587440 485
1587450 485
1587460 485
1587470 485
1587480 485
1587490 485
1587500 485
1587510 485
1587520 485
1587530 485
1587540 485
1587550 485
1587560 485
1587570 485
1587580 485
1587590 485
1587600 485
1587610 485
1587620 485
1587630 485
1587640 485
1587650 485
1587660 484
1587670 484
1587680 484
1587690 484
1587700 484
1587710 484
1587720 484
1587730 484
1587740 484
1587750 484
1587760 483
1587770 483
1587780 483
1587790 483
1587800 484
1587810 484
1587820 484
1587830 484
1587840 484
1587850 483
1587860 483
1587870 483
1587880 483
1587890 483
1587900 483
1587910 483
1587920 483
1587930 483
1587940 483
1587950 483
1587960 483
1587970 483
1587980 483
1587990 483
1588000 483
1588010 482
1588020 482
1588030 482
1588040 482
1588050 482
1588060 482
1588070 482
1588080 482
1588090 482
1588100 482
1588110 482
1588120 482
1588130 482
1588140 482
1588150 482
1588160 482
1588170 482
1588180 482
1588190 482
1588200 482
1588210 482
1588220 482
1588230 482
1588240 482
1588250 482
1588260 482
1588270 482
1588280 482
1588290 482
1588300 482
1588310 482
1588320 482
1588330 482
1588340 482
1588350 482
1588360 482
1588370 482
1588380 482
1588390 482
1588400 482
1588410 482
1588420 482
1588430 482
1588440 482
1588450 482
1588460 482
1588470 482
1588480 482
1588490 482
1588500 482
1588510 482
1588520 482
1588530 482
1588540 482
1588550 482
1588560 482
1588570 482
1588580 482
1588590 482
1588600 482
1588610 482
1588620 482
1588630 482
1588640 482
1588650 482
1588660 482
1588670 482
1588680 482
1588690 482
1588700 482
1588710 482
1588720 482
1588730 482
1588740 482
1588750 482
1588760 482
1588770 482
1588780 482
1588790 482
1588800 482
1588810 482
1588820 482
1588830 482
1588840 482
1588850 482
1588860 482
1588870 482
1588880 482
1588890 482
1588900 482
1588910 482
1588920 482
1588930 482
1588940 482
1588950 482
1588960 482
1588970 482
1588980 482
1588990 482
1589000 482
1589010 482
1589020 482
1589030 482
1589040 482
1589050 482
1589060 482
1589070 482
1589080 482
1589090 482
1589100 482
1589110 482
1589120 482
1589130 482
1589140 482
1589150 482
1589160 482
1589170 482
1589180 482
1589190 482
1589200 482
1589210 482
1589220 482
1589230 482
1589240 482
1589250 483
1589260 483
1589270 483
1589280 483
1589290 483
1589300 483
1589310 483
1589320 483
1589330 483
1589340 483
1589350 483
1589360 483
1589370 483
1589380 483
1589390 483
1589400 483
1589410 483
1589420 483
1589430 483
1589440 482
1589450 482
1589460 482
1589470 482
1589480 482
1589490 482
1589500 482
1589510 482
1589520 482
1589530 482
1589540 482
1589550 482
1589560 482
1589570 482
1589580 482
1589590 482
1589600 482
1589610 482
1589620 482
1589630 482
1589640 482
1589650 482
1589660 482
1589670 482
1589680 482
1589690 482
1589700 482
1589710 482
1589720 481
1589730 481
1589740 481
1589750 481
1589760 481
1589770 481
1589780 481
1589790 481
1589800 481
1589810 481
1589820 481
1589830 481
1589840 481
1589850 481
1589860 481
1589870 481
1589880 481
1589890 481
1589900 481
1589910 480
1589920 480
1589930 480
1589940 480
1589950 480
1589960 480
1589970 480
1589980 480
1589990 480
1590000 480
1590010 480
1590020 480
1590030 480
1590040 480
1590050 480
1590060 480
1590070 480
1590080 480
1590090 480
1590100 480
1590110 480
1590120 480
1590130 481
1590140 481
1590150 480
1590160 480
1590170 479
1590180 479
1590190 479
1590200 479
1590210 479
1590220 479
1590230 479
1590240 479
1590250 479
1590260 479
1590270 479
1590280 479
1590290 479
1590300 479
1590310 479
1590320 479
1590330 479
1590340 479
1590350 479
1590360 479
1590370 479
1590380 479
1590390 478
1590400 478
1590410 478
1590420 478
1590430 478
1590440 478
1590450 478
1590460 478
1590470 478
1590480 478
1590490 478
1590500 479
1590510 479
1590520 479
1590530 479
1590540 479
1590550 479
1590560 479
1590570 479
1590580 479
1590590 479
1590600 479
1590610 478
1590620 478
1590630 478
1590640 478
1590650 478
1590660 478
1590670 478
1590680 478
1590690 478
1590700 478
1590710 478
1590720 478
1590730 478
1590740 478
1590750 478
1590760 478
1590770 478
1590780 478
1590790 478
1590800 478
1590810 478
1590820 478
1590830 478
1590840 478
1590850 478
1590860 478
1590870 477
1590880 477
1590890 477
1590900 477
1590910 477
1590920 477
1590930 477
1590940 477
1590950 477
1590960 477
1590970 477
1590980 477
1590990 477
1591000 477
1591010 477
1591020 477
1591030 477
1591040 477
1591050 477
1591060 477
1591070 477
1591080 477
1591090 478
1591100 478
1591110 479
1591120 480
1591130 481
1591140 483
1591150 485
1591160 488
1591170 490
1591180 493
1591190 496
1591200 498
1591210 498
1591220 499
1591230 500
1591240 501
1591250 503
1591260 504
1591270 506
1591280 508
1591290 511
1591300 514
1591310 516
1591320 519
1591330 522
1591340 524
1591350 526
1591360 528
1591370 528
1591380 527
1591390 527
1591400 528
1591410 530
1591420 532
1591430 534
1591440 535
1591450 536
1591460 537
1591470 538
1591480 540
1591490 540
1591500 541
1591510 541
1591520 541
1591530 542
1591540 544
1591550 546
1591560 548
1591570 549
1591580 551
1591590 553
1591600 554
1591610 556
1591620 558
1591630 559
1591640 560
1591650 561
1591660 562
1591670 564
1591680 565
1591690 567
1591700 567
1591710 568
1591720 569
1591730 570
1591740 570
1591750 571
1591760 571
1591770 571
1591780 573
1591790 575
1591800 578
1591810 582
1591820 587
1591830 591
1591840 595
1591850 599
1591860 604
1591870 610
1591880 611
1591890 611
1591900 611
1591910 610
1591920 609
1591930 608
1591940 607
1591950 606
1591960 604
1591970 601
1591980 597
1591990 593
1592000 589
1592010 584
1592020 581
1592030 578
1592040 576
1592050 573
1592060 570
1592070 565
1592080 565
1592090 568
1592100 574
1592110 577
1592120 580
1592130 582
1592140 584
1592150 586
1592160 587
1592170 589
1592180 591
1592190 592
1592200 593
1592210 594
1592220 596
1592230 597
1592240 599
1592250 600
1592260 602
1592270 603
1592280 605
1592290 607
1592300 609
1592310 610
1592320 612
1592330 614
1592340 615
1592350 616
1592360 616
1592370 616
1592380 616
1592390 616
1592400 615
1592410 614
1592420 614
1592430 614
1592440 614
1592450 613
1592460 613
1592470 613
1592480 613
1592490 615
1592500 616
1592510 618
1592520 619
1592530 621
1592540 621
1592550 622
1592560 623
1592570 623
1592580 624
1592590 624
1592600 624
1592610 624
1592620 624
1592630 623
1592640 623
1592650 622
1592660 621
1592670 620
1592680 621
1592690 621
1592700 622
1592710 624
1592720 627
1592730 629
1592740 632
1592750 634
1592760 635
1592770 637
1592780 640
1592790 642
1592800 645
1592810 647
1592820 650
1592830 653
1592840 656
1592850 659
1592860 662
1592870 663
1592880 664
1592890 664
1592900 664
1592910 662
1592920 661
1592930 659
1592940 660
1592950 660
1592960 661
1592970 663
1592980 665
1592990 666
1593000 668
1593010 669
1593020 672
1593030 673
1593040 675
1593050 677
1593060 680
1593070 684
1593080 689
1593090 696
1593100 703
1593110 711
1593120 717
1593130 719
1593140 720
1593150 719
1593160 717
1593170 716
1593180 714
1593190 711
1593200 708
1593210 704
1593220 701
1593230 698
1593240 695
1593250 692
1593260 690
1593270 688
1593280 686
1593290 684
1593300 682
1593310 681
1593320 679
1593330 678
1593340 676
1593350 673
1593360 670
1593370 668
1593380 666
1593390 665
1593400 663
1593410 661
1593420 660
1593430 660
1593440 659
1593450 658
1593460 656
1593470 653
1593480 649
1593490 644
1593500 639
1593510 635
1593520 631
1593530 627
1593540 623
1593550 621
1593560 619
1593570 618
1593580 616
1593590 615
1593600 614
1593610 613
1593620 612
1593630 612
1593640 611
1593650 610
1593660 609
1593670 609
1593680 609
1593690 608
1593700 608
1593710 608
1593720 607
1593730 607
1593740 607
1593750 607
1593760 607
1593770 607
1593780 607
1593790 607
1593800 607
1593810 607
1593820 606
1593830 604
1593840 602
1593850 600
1593860 598
1593870 597
1593880 596
1593890 595
1593900 594
1593910 593
1593920 593
1593930 593
1593940 592
1593950 592
1593960 593
1593970 593
1593980 593
1593990 593
1594000 593
1594010 593
1594020 593
1594030 593
1594040 593
1594050 593
1594060 594
1594070 594
1594080 594
1594090 594
1594100 594
1594110 593
1594120 593
1594130 593
1594140 593
1594150 592
1594160 592
1594170 591
1594180 591
1594190 590
1594200 589
1594210 589
1594220 588
1594230 588
1594240 587
1594250 587
1594260 587
1594270 588
1594280 588
1594290 589
1594300 590
1594310 591
1594320 592
1594330 592
1594340 592
1594350 592
1594360 592
1594370 592
1594380 592
1594390 591
1594400 591
1594410 590
1594420 589
1594430 587
1594440 586
1594450 585
1594460 584
1594470 583
1594480 582
1594490 581
1594500 581
1594510 580
1594520 579
1594530 579
1594540 578
1594550 577
1594560 574
1594570 572
1594580 569
1594590 567
1594600 565
1594610 565
1594620 567
1594630 571
1594640 575
1594650 577
1594660 578
1594670 578
1594680 578
1594690 578
1594700 578
1594710 578
1594720 579
1594730 579
1594740 579
1594750 580
1594760 581
1594770 582
1594780 582
1594790 583
1594800 584
1594810 584
1594820 585
1594830 585
1594840 586
1594850 586
1594860 586
1594870 587
1594880 587
1594890 587
1594900 587
1594910 587
1594920 588
1594930 589
1594940 589
1594950 591
1594960 592
1594970 594
1594980 594
1594990 594
1595000 593
1595010 593
1595020 593
1595030 592
1595040 592
1595050 592
1595060 593
1595070 593
1595080 594
1595090 594
1595100 595
1595110 597
1595120 598
1595130 599
1595140 600
1595150 601
1595160 602
1595170 602
1595180 602
1595190 600
1595200 600
1595210 599
1595220 599
1595230 599
1595240 600
1595250 600
1595260 600
1595270 600
1595280 599
1595290 596
1595300 593
1595310 589
1595320 586
1595330 582
1595340 579
1595350 575
1595360 571
1595370 568
1595380 564
1595390 560
1595400 555
1595410 551
1595420 549
1595430 547
1595440 545
1595450 545
1595460 544
1595470 543
1595480 543
1595490 542
1595500 542
1595510 541
1595520 541
1595530 541
1595540 540
1595550 540
1595560 539
1595570 539
1595580 538
1595590 538
1595600 537
1595610 537
1595620 536
1595630 536
1595640 535
1595650 535
1595660 535
1595670 535
1595680 536
1595690 536
1595700 536
1595710 537
1595720 537
1595730 537
1595740 537
1595750 538
1595760 538
1595770 538
1595780 538
1595790 538
1595800 537
1595810 537
1595820 537
1595830 537
1595840 537
1595850 537
1595860 537
1595870 537
1595880 537
1595890 537
1595900 536
1595910 536
1595920 536
1595930 536
1595940 536
1595950 536
1595960 535
1595970 535
1595980 535
1595990 534
1596000 534
1596010 534
1596020 534
1596030 531
1596040 528
1596050 526
1596060 525
1596070 524
1596080 523
1596090 522
1596100 522
1596110 521
1596120 521
1596130 520
1596140 519
1596150 518
1596160 517
1596170 516
1596180 515
1596190 515
1596200 514
1596210 514
1596220 514
1596230 514
1596240 514
1596250 514
1596260 514
1596270 514
1596280 514
1596290 513
1596300 513
1596310 512
1596320 511
1596330 510
1596340 509
1596350 508
1596360 506
1596370 504
1596380 503
1596390 502
1596400 501
1596410 500
1596420 500
1596430 499
1596440 499
1596450 499
1596460 500
1596470 500
1596480 501
1596490 501
1596500 502
1596510 502
1596520 503
1596530 504
1596540 505
1596550 507
1596560 508
1596570 510
1596580 510
1596590 511
1596600 512
1596610 512
1596620 513
1596630 514
1596640 515
1596650 516
1596660 517
1596670 518
1596680 519
1596690 520
1596700 522
1596710 523
1596720 524
1596730 526
1596740 527
1596750 528
1596760 530
1596770 531
1596780 533
1596790 534
1596800 535
1596810 537
1596820 538
1596830 539
1596840 540
1596850 540
1596860 541
1596870 542
1596880 542
1596890 543
1596900 544
1596910 544
1596920 545
1596930 545
1596940 546
1596950 546
1596960 547
1596970 548
1596980 548
1596990 548
1597000 549
1597010 549
1597020 549
1597030 549
1597040 549
1597050 549
1597060 549
1597070 549
1597080 549
1597090 549
1597100 549
1597110 549
1597120 550
1597130 550
1597140 550
1597150 550
1597160 550
1597170 551
1597180 551
1597190 551
1597200 551
1597210 551
1597220 551
1597230 552
1597240 552
1597250 552
1597260 552
1597270 553
1597280 553
1597290 553
1597300 553
1597310 553
1597320 554
1597330 554
1597340 554
1597350 555
1597360 555
1597370 556
1597380 556
1597390 557
1597400 557
1597410 557
1597420 558
1597430 558
1597440 558
1597450 558
1597460 558
1597470 558
1597480 558
1597490 557
1597500 557
1597510 556
1597520 556
1597530 556
1597540 556
1597550 555
1597560 555
1597570 555
1597580 555
1597590 555
1597600 554
1597610 553
1597620 551
1597630 548
1597640 546
1597650 545
1597660 543
1597670 542
1597680 541
1597690 539
1597700 538
1597710 536
1597720 535
1597730 534
1597740 533
1597750 531
1597760 530
1597770 529
1597780 527
1597790 526
1597800 525
1597810 524
1597820 523
1597830 522
1597840 521
1597850 520
1597860 519
1597870 518
1597880 517
1597890 517
1597900 516
1597910 515
1597920 515
1597930 514
1597940 513
1597950 513
1597960 512
1597970 512
1597980 511
1597990 511
1598000 510
1598010 510
1598020 510
1598030 509
1598040 509
1598050 509
1598060 509
1598070 508
1598080 508
1598090 508
1598100 508
1598110 507
1598120 507
1598130 507
1598140 507
1598150 507
1598160 506
1598170 506
1598180 506
1598190 506
1598200 506
1598210 505
1598220 505
1598230 505
1598240 505
1598250 506
1598260 506
1598270 506
1598280 507
1598290 508
1598300 508
1598310 508
1598320 508
1598330 507
1598340 506
1598350 505
1598360 504
1598370 503
1598380 502
1598390 501
1598400 500
1598410 499
1598420 497
1598430 496
1598440 495
1598450 494
1598460 493
1598470 492
1598480 490
1598490 489
1598500 488
1598510 487
1598520 486
1598530 485
1598540 483
1598550 481
1598560 479
1598570 476
1598580 474
1598590 472
1598600 470
1598610 470
1598620 469
1598630 469
1598640 469
1598650 468
1598660 468
1598670 468
1598680 468
1598690 467
1598700 467
1598710 467
1598720 467
1598730 466
1598740 466
1598750 466
1598760 466
1598770 466
1598780 466
1598790 466
1598800 466
1598810 466
1598820 466
1598830 466
1598840 466
1598850 466
1598860 466
1598870 466
1598880 466
1598890 466
1598900 466
1598910 466
1598920 466
1598930 466
1598940 466
1598950 466
1598960 466
1598970 466
1598980 466
1598990 466
1599000 466
1599010 466
1599020 466
1599030 467
1599040 467
1599050 467
1599060 467
1599070 467
1599080 466
1599090 466
1599100 466
1599110 466
1599120 466
1599130 466
1599140 466
1599150 466
1599160 466
1599170 466
1599180 466
1599190 466
1599200 466
1599210 466
1599220 466
1599230 466
1599240 466
1599250 466
1599260 466
1599270 466
1599280 466
1599290 466
1599300 466
1599310 466
1599320 466
1599330 465
1599340 465
1599350 465
1599360 465
1599370 465
1599380 465
1599390 465
1599400 466
1599410 465
1599420 465
1599430 465
1599440 465
1599450 465
1599460 465
1599470 465
1599480 465
1599490 465
1599500 464
1599510 464
1599520 463
1599530 463
1599540 462
1599550 461
1599560 461
1599570 460
1599580 459
1599590 459
1599600 459
1599610 458
1599620 458
1599630 458
1599640 458
1599650 458
1599660 458
1599670 458
1599680 458
1599690 458
1599700 458
1599710 458
1599720 458
1599730 458
1599740 458
1599750 458
1599760 458
1599770 458
1599780 458
1599790 458
1599800 458
1599810 458
1599820 458
1599830 458
1599840 458
1599850 459
1599860 459
1599870 459
1599880 458
1599890 458
1599900 458
1599910 458
1599920 459
1599930 459
1599940 459
1599950 459
1599960 459
1599970 458
1599980 458
1599990 458
