1580000 773
1580010 773
1580020 773
1580030 773
1580040 774
1580050 776
1580060 777
1580070 778
1580080 779
1580090 781
1580100 782
1580110 784
1580120 785
1580130 787
1580140 788
1580150 789
1580160 790
1580170 791
1580180 792
1580190 794
1580200 795
1580210 796
1580220 796
1580230 797
1580240 797
1580250 797
1580260 797
1580270 797
1580280 797
1580290 797
1580300 797
1580310 797
1580320 797
1580330 796
1580340 795
1580350 794
1580360 793
1580370 792
1580380 792
1580390 792
1580400 792
1580410 792
1580420 793
1580430 794
1580440 796
1580450 798
1580460 800
1580470 801
1580480 801
1580490 800
1580500 799
1580510 797
1580520 795
1580530 793
1580540 792
1580550 791
1580560 789
1580570 788
1580580 785
1580590 783
1580600 781
1580610 780
1580620 777
1580630 774
1580640 768
1580650 764
1580660 761
1580670 758
1580680 753
1580690 750
1580700 747
1580710 744
1580720 741
1580730 739
1580740 738
1580750 737
1580760 735
1580770 734
1580780 732
1580790 731
1580800 730
1580810 729
1580820 728
1580830 727
1580840 725
1580850 724
1580860 723
1580870 722
1580880 720
1580890 719
1580900 717
1580910 717
1580920 716
1580930 716
1580940 715
1580950 714
1580960 714
1580970 714
1580980 713
1580990 712
1581000 712
1581010 712
1581020 711
1581030 711
1581040 711
1581050 712
1581060 713
1581070 714
1581080 714
1581090 714
1581100 714
1581110 714
1581120 714
1581130 714
1581140 714
1581150 714
1581160 714
1581170 714
1581180 714
1581190 715
1581200 716
1581210 718
1581220 720
1581230 723
1581240 725
1581250 728
1581260 731
1581270 734
1581280 738
1581290 741
1581300 743
1581310 744
1581320 746
1581330 748
1581340 750
1581350 751
1581360 753
1581370 755
1581380 757
1581390 760
1581400 763
1581410 765
1581420 767
1581430 769
1581440 771
1581450 772
1581460 774
1581470 774
1581480 775
1581490 776
1581500 778
1581510 779
1581520 781
1581530 784
1581540 786
1581550 789
1581560 791
1581570 794
1581580 796
1581590 798
1581600 800
1581610 802
1581620 804
1581630 805
1581640 807
1581650 807
1581660 808
1581670 808
1581680 807
1581690 807
1581700 807
1581710 808
1581720 808
1581730 809
1581740 809
1581750 810
1581760 810
1581770 811
1581780 812
1581790 812
1581800 812
1581810 812
1581820 811
1581830 811
1581840 810
1581850 810
1581860 809
1581870 808
1581880 807
1581890 805
1581900 804
1581910 802
1581920 801
1581930 800
1581940 799
1581950 798
1581960 798
1581970 798
1581980 799
1581990 801
1582000 802
1582010 802
1582020 802
1582030 802
1582040 802
1582050 803
1582060 803
1582070 803
1582080 802
1582090 801
1582100 801
1582110 801
1582120 801
1582130 802
1582140 803
1582150 803
1582160 804
1582170 805
1582180 804
1582190 803
1582200 802
1582210 802
1582220 802
1582230 802
1582240 802
1582250 802
1582260 803
1582270 803
1582280 803
1582290 803
1582300 803
1582310 802
1582320 801
1582330 799
1582340 797
1582350 796
1582360 796
1582370 796
1582380 796
1582390 796
1582400 795
1582410 794
1582420 793
1582430 792
1582440 792
1582450 791
1582460 790
1582470 789
1582480 788
1582490 786
1582500 784
1582510 782
1582520 780
1582530 777
1582540 776
1582550 774
1582560 773
1582570 772
1582580 771
1582590 771
1582600 770
1582610 769
1582620 768
1582630 768
1582640 767
1582650 766
1582660 766
1582670 765
1582680 764
1582690 764
1582700 764
1582710 763
1582720 763
1582730 762
1582740 761
1582750 761
1582760 760
1582770 759
1582780 758
1582790 758
1582800 757
1582810 757
1582820 756
1582830 756
1582840 756
1582850 756
1582860 756
1582870 756
1582880 756
1582890 756
1582900 756
1582910 756
1582920 756
1582930 756
1582940 756
1582950 756
1582960 757
1582970 757
1582980 758
1582990 758
1583000 759
1583010 760
1583020 760
1583030 761
1583040 762
1583050 762
1583060 763
1583070 763
1583080 763
1583090 763
1583100 763
1583110 762
1583120 762
1583130 761
1583140 760
1583150 758
1583160 757
1583170 756
1583180 755
1583190 753
1583200 752
1583210 750
1583220 749
1583230 747
1583240 746
1583250 744
1583260 743
1583270 742
1583280 741
1583290 740
1583300 739
1583310 738
1583320 737
1583330 736
1583340 735
1583350 735
1583360 734
1583370 734
1583380 733
1583390 732
1583400 731
1583410 730
1583420 729
1583430 728
1583440 728
1583450 727
1583460 726
1583470 725
1583480 725
1583490 724
1583500 723
1583510 722
1583520 721
1583530 721
1583540 720
1583550 719
1583560 719
1583570 718
1583580 718
1583590 717
1583600 717
1583610 716
1583620 715
1583630 715
1583640 714
1583650 713
1583660 712
1583670 711
1583680 710
1583690 709
1583700 708
1583710 707
1583720 706
1583730 706
1583740 704
1583750 704
1583760 703
1583770 702
1583780 701
1583790 700
1583800 699
1583810 698
1583820 698
1583830 697
1583840 696
1583850 695
1583860 694
1583870 694
1583880 693
1583890 692
1583900 692
1583910 692
1583920 693
1583930 693
1583940 694
1583950 694
1583960 694
1583970 694
1583980 693
1583990 692
1584000 691
1584010 691
1584020 690
1584030 689
1584040 689
1584050 689
1584060 689
1584070 688
1584080 688
1584090 688
1584100 688
1584110 687
1584120 687
1584130 686
1584140 685
1584150 684
1584160 683
1584170 682
1584180 682
1584190 682
1584200 681
1584210 681
1584220 681
1584230 681
1584240 680
1584250 680
1584260 680
1584270 680
1584280 680
1584290 679
1584300 679
1584310 679
1584320 678
1584330 678
1584340 678
1584350 678
1584360 677
1584370 677
1584380 676
1584390 675
1584400 674
1584410 674
1584420 673
1584430 671
1584440 670
1584450 669
1584460 669
1584470 668
1584480 668
1584490 667
1584500 666
1584510 665
1584520 664
1584530 664
1584540 663
1584550 662
1584560 661
1584570 660
1584580 660
1584590 659
1584600 659
1584610 658
1584620 658
1584630 658
1584640 658
1584650 658
1584660 658
1584670 658
1584680 658
1584690 657
1584700 657
1584710 657
1584720 657
1584730 656
1584740 656
1584750 655
1584760 655
1584770 655
1584780 655
1584790 654
1584800 654
1584810 653
1584820 653
1584830 653
1584840 652
1584850 652
1584860 652
1584870 652
1584880 652
1584890 652
1584900 652
1584910 652
1584920 652
1584930 652
1584940 651
1584950 651
1584960 650
1584970 650
1584980 649
1584990 649
1585000 648
1585010 648
1585020 648
1585030 647
1585040 647
1585050 647
1585060 646
1585070 645
1585080 645
1585090 645
1585100 644
1585110 642
1585120 642
1585130 641
1585140 641
1585150 641
1585160 641
1585170 641
1585180 642
1585190 642
1585200 642
1585210 642
1585220 642
1585230 642
1585240 642
1585250 642
1585260 643
1585270 643
1585280 643
1585290 643
1585300 644
1585310 644
1585320 644
1585330 644
1585340 644
1585350 644
1585360 644
1585370 645
1585380 645
1585390 645
1585400 645
1585410 645
1585420 646
1585430 646
1585440 647
1585450 648
1585460 649
1585470 650
1585480 651
1585490 652
1585500 653
1585510 654
1585520 655
1585530 655
1585540 656
1585550 656
1585560 657
1585570 657
1585580 658
1585590 659
1585600 659
1585610 660
1585620 661
1585630 661
1585640 662
1585650 663
1585660 664
1585670 666
1585680 668
1585690 670
1585700 672
1585710 674
1585720 675
1585730 676
1585740 676
1585750 675
1585760 674
1585770 672
1585780 672
1585790 672
1585800 673
1585810 674
1585820 674
1585830 675
1585840 675
1585850 675
1585860 675
1585870 675
1585880 675
1585890 675
1585900 675
1585910 675
1585920 675
1585930 675
1585940 675
1585950 675
1585960 675
1585970 675
1585980 676
1585990 676
1586000 676
1586010 676
1586020 677
1586030 677
1586040 678
1586050 679
1586060 679
1586070 680
1586080 681
1586090 682
1586100 682
1586110 682
1586120 682
1586130 682
1586140 683
1586150 683
1586160 683
1586170 684
1586180 684
1586190 684
1586200 684
1586210 684
1586220 684
1586230 684
1586240 684
1586250 685
1586260 685
1586270 685
1586280 685
1586290 685
1586300 685
1586310 686
1586320 688
1586330 689
1586340 690
1586350 691
1586360 691
1586370 690
1586380 690
1586390 689
1586400 689
1586410 688
1586420 687
1586430 686
1586440 684
1586450 682
1586460 680
1586470 679
1586480 678
1586490 676
1586500 675
1586510 673
1586520 670
1586530 668
1586540 666
1586550 664
1586560 662
1586570 660
1586580 659
1586590 657
1586600 656
1586610 654
1586620 653
1586630 653
1586640 653
1586650 653
1586660 653
1586670 652
1586680 651
1586690 649
1586700 647
1586710 645
1586720 642
1586730 640
1586740 639
1586750 638
1586760 636
1586770 634
1586780 632
1586790 631
1586800 631
1586810 631
1586820 631
1586830 630
1586840 628
1586850 625
1586860 621
1586870 619
1586880 618
1586890 616
1586900 615
1586910 615
1586920 614
1586930 613
1586940 613
1586950 612
1586960 611
1586970 610
1586980 609
1586990 608
1587000 608
1587010 607
1587020 607
1587030 607
1587040 606
1587050 606
1587060 606
1587070 605
1587080 605
1587090 604
1587100 603
1587110 601
1587120 601
1587130 600
1587140 598
1587150 597
1587160 595
1587170 594
1587180 593
1587190 591
1587200 590
1587210 590
1587220 589
1587230 589
1587240 588
1587250 587
1587260 585
1587270 584
1587280 582
1587290 580
1587300 577
1587310 578
1587320 578
1587330 579
1587340 579
1587350 579
1587360 579
1587370 579
1587380 580
1587390 580
1587400 580
1587410 580
1587420 581
1587430 581
1587440 581
1587450 582
1587460 582
1587470 583
1587480 584
1587490 585
1587500 585
1587510 585
1587520 585
1587530 585
1587540 585
1587550 584
1587560 584
1587570 583
1587580 582
1587590 582
1587600 582
1587610 582
1587620 583
1587630 584
1587640 584
1587650 585
1587660 586
1587670 587
1587680 587
1587690 588
1587700 589
1587710 590
1587720 590
1587730 591
1587740 591
1587750 591
1587760 591
1587770 592
1587780 592
1587790 592
1587800 592
1587810 593
1587820 593
1587830 594
1587840 594
1587850 595
1587860 595
1587870 596
1587880 597
1587890 598
1587900 598
1587910 599
1587920 599
1587930 600
1587940 600
1587950 600
1587960 601
1587970 601
1587980 601
1587990 601
1588000 602
1588010 602
1588020 602
1588030 602
1588040 602
1588050 602
1588060 602
1588070 602
1588080 602
1588090 602
1588100 602
1588110 602
1588120 601
1588130 601
1588140 600
1588150 599
1588160 598
1588170 597
1588180 597
1588190 597
1588200 598
1588210 598
1588220 598
1588230 598
1588240 598
1588250 597
1588260 596
1588270 595
1588280 594
1588290 594
1588300 593
1588310 592
1588320 592
1588330 591
1588340 591
1588350 591
1588360 590
1588370 590
1588380 589
1588390 589
1588400 588
1588410 587
1588420 587
1588430 586
1588440 586
1588450 585
1588460 584
1588470 583
1588480 582
1588490 582
1588500 580
1588510 579
1588520 578
1588530 576
1588540 575
1588550 573
1588560 572
1588570 571
1588580 571
1588590 570
1588600 569
1588610 568
1588620 567
1588630 566
1588640 565
1588650 565
1588660 565
1588670 565
1588680 565
1588690 565
1588700 566
1588710 565
1588720 565
1588730 565
1588740 564
1588750 563
1588760 561
1588770 560
1588780 558
1588790 557
1588800 556
1588810 556
1588820 555
1588830 554
1588840 553
1588850 552
1588860 552
1588870 551
1588880 550
1588890 549
1588900 549
1588910 549
1588920 549
1588930 549
1588940 550
1588950 551
1588960 552
1588970 553
1588980 555
1588990 556
1589000 557
1589010 559
1589020 561
1589030 562
1589040 561
1589050 560
1589060 559
1589070 557
1589080 557
1589090 556
1589100 556
1589110 556
1589120 556
1589130 557
1589140 558
1589150 559
1589160 561
1589170 561
1589180 561
1589190 561
1589200 561
1589210 560
1589220 560
1589230 560
1589240 559
1589250 559
1589260 558
1589270 558
1589280 557
1589290 557
1589300 557
1589310 557
1589320 557
1589330 558
1589340 558
1589350 558
1589360 558
1589370 558
1589380 558
1589390 558
1589400 557
1589410 557
1589420 557
1589430 556
1589440 556
1589450 555
1589460 555
1589470 555
1589480 555
1589490 555
1589500 555
1589510 554
1589520 555
1589530 555
1589540 555
1589550 554
1589560 554
1589570 553
1589580 553
1589590 553
1589600 553
1589610 553
1589620 553
1589630 554
1589640 555
1589650 556
1589660 558
1589670 558
1589680 558
1589690 558
1589700 557
1589710 556
1589720 555
1589730 554
1589740 553
1589750 552
1589760 552
1589770 551
1589780 551
1589790 550
1589800 550
1589810 551
1589820 551
1589830 552
1589840 553
1589850 554
1589860 555
1589870 555
1589880 554
1589890 553
1589900 551
1589910 549
1589920 547
1589930 546
1589940 544
1589950 542
1589960 539
1589970 536
1589980 534
1589990 531
1590000 529
1590010 527
1590020 525
1590030 523
1590040 521
1590050 520
1590060 518
1590070 517
1590080 514
1590090 512
1590100 509
1590110 505
1590120 502
1590130 499
1590140 496
1590150 494
1590160 491
1590170 489
1590180 488
1590190 488
1590200 488
1590210 488
1590220 488
1590230 488
1590240 488
1590250 488
1590260 488
1590270 488
1590280 488
1590290 489
1590300 489
1590310 489
1590320 489
1590330 489
1590340 489
1590350 489
1590360 489
1590370 488
1590380 488
1590390 488
1590400 488
1590410 488
1590420 488
1590430 488
1590440 488
1590450 488
1590460 488
1590470 489
1590480 489
1590490 489
1590500 489
1590510 489
1590520 489
1590530 489
1590540 489
1590550 490
1590560 489
1590570 489
1590580 489
1590590 489
1590600 489
1590610 489
1590620 489
1590630 489
1590640 489
1590650 489
1590660 489
1590670 489
1590680 488
1590690 488
1590700 488
1590710 488
1590720 488
1590730 488
1590740 488
1590750 487
1590760 487
1590770 487
1590780 487
1590790 487
1590800 486
1590810 486
1590820 486
1590830 486
1590840 486
1590850 486
1590860 486
1590870 486
1590880 486
1590890 486
1590900 486
1590910 486
1590920 486
1590930 485
1590940 485
1590950 485
1590960 485
1590970 485
1590980 485
1590990 485
1591000 485
1591010 485
1591020 485
1591030 485
1591040 484
1591050 484
1591060 484
1591070 484
1591080 484
1591090 484
1591100 484
1591110 484
1591120 484
1591130 483
1591140 483
1591150 483
1591160 483
1591170 483
1591180 483
1591190 483
1591200 483
1591210 483
1591220 483
1591230 483
1591240 482
1591250 482
1591260 482
1591270 482
1591280 483
1591290 483
1591300 482
1591310 482
1591320 481
1591330 481
1591340 481
1591350 481
1591360 481
1591370 481
1591380 481
1591390 481
1591400 481
1591410 481
1591420 481
1591430 480
1591440 480
1591450 480
1591460 480
1591470 480
1591480 480
1591490 480
1591500 480
1591510 480
1591520 480
1591530 480
1591540 480
1591550 480
1591560 480
1591570 480
1591580 480
1591590 480
1591600 479
1591610 479
1591620 479
1591630 479
1591640 479
1591650 479
1591660 479
1591670 479
1591680 480
1591690 480
1591700 480
1591710 480
1591720 480
1591730 481
1591740 481
1591750 482
1591760 482
1591770 483
1591780 483
1591790 483
1591800 484
1591810 484
1591820 484
1591830 484
1591840 484
1591850 484
1591860 484
1591870 484
1591880 484
1591890 484
1591900 484
1591910 484
1591920 484
1591930 484
1591940 484
1591950 483
1591960 483
1591970 483
1591980 483
1591990 483
1592000 483
1592010 483
1592020 483
1592030 482
1592040 482
1592050 482
1592060 482
1592070 482
1592080 482
1592090 482
1592100 482
1592110 482
1592120 482
1592130 481
1592140 481
1592150 481
1592160 480
1592170 480
1592180 480
1592190 480
1592200 480
1592210 480
1592220 480
1592230 480
1592240 480
1592250 480
1592260 480
1592270 480
1592280 480
1592290 480
1592300 480
1592310 480
1592320 480
1592330 480
1592340 480
1592350 480
1592360 480
1592370 480
1592380 480
1592390 480
1592400 479
1592410 479
1592420 479
1592430 479
1592440 479
1592450 479
1592460 479
1592470 479
1592480 479
1592490 479
1592500 479
1592510 479
1592520 479
1592530 479
1592540 479
1592550 479
1592560 479
1592570 479
1592580 479
1592590 479
1592600 479
1592610 479
1592620 479
1592630 479
1592640 479
1592650 479
1592660 479
1592670 478
1592680 478
1592690 478
1592700 478
1592710 478
1592720 478
1592730 478
1592740 478
1592750 478
1592760 478
1592770 478
1592780 478
1592790 478
1592800 478
1592810 478
1592820 478
1592830 478
1592840 477
1592850 477
1592860 477
1592870 477
1592880 477
1592890 477
1592900 477
1592910 477
1592920 477
1592930 477
1592940 477
1592950 477
1592960 477
1592970 477
1592980 477
1592990 477
1593000 477
1593010 477
1593020 477
1593030 477
1593040 477
1593050 477
1593060 477
1593070 477
1593080 477
1593090 477
1593100 477
1593110 477
1593120 477
1593130 477
1593140 477
1593150 477
1593160 477
1593170 477
1593180 477
1593190 477
1593200 477
1593210 477
1593220 477
1593230 477
1593240 477
1593250 476
1593260 476
1593270 476
1593280 476
1593290 476
1593300 476
1593310 476
1593320 476
1593330 476
1593340 476
1593350 476
1593360 476
1593370 476
1593380 476
1593390 476
1593400 476
1593410 476
1593420 476
1593430 476
1593440 476
1593450 476
1593460 476
1593470 476
1593480 476
1593490 476
1593500 476
1593510 476
1593520 476
1593530 476
1593540 475
1593550 475
1593560 475
1593570 475
1593580 475
1593590 475
1593600 475
1593610 475
1593620 475
1593630 475
1593640 475
1593650 475
1593660 475
1593670 475
1593680 475
1593690 475
1593700 475
1593710 475
1593720 475
1593730 475
1593740 475
1593750 474
1593760 474
1593770 474
1593780 474
1593790 474
1593800 474
1593810 474
1593820 474
1593830 474
1593840 474
1593850 473
1593860 473
1593870 473
1593880 473
1593890 473
1593900 473
1593910 473
1593920 473
1593930 473
1593940 473
1593950 473
1593960 473
1593970 473
1593980 473
1593990 473
1594000 473
1594010 473
1594020 473
1594030 473
1594040 473
1594050 473
1594060 473
1594070 474
1594080 474
1594090 474
1594100 474
1594110 473
1594120 473
1594130 473
1594140 473
1594150 473
1594160 473
1594170 473
1594180 473
1594190 473
1594200 473
1594210 473
1594220 473
1594230 473
1594240 473
1594250 473
1594260 473
1594270 473
1594280 473
1594290 473
1594300 473
1594310 473
1594320 473
1594330 473
1594340 473
1594350 472
1594360 472
1594370 472
1594380 473
1594390 474
1594400 475
1594410 477
1594420 478
1594430 477
1594440 475
1594450 474
1594460 473
1594470 473
1594480 473
1594490 473
1594500 473
1594510 472
1594520 473
1594530 474
1594540 473
1594550 473
1594560 473
1594570 473
1594580 473
1594590 473
1594600 473
1594610 473
1594620 473
1594630 474
1594640 474
1594650 474
1594660 474
1594670 474
1594680 474
1594690 474
1594700 474
1594710 474
1594720 474
1594730 474
1594740 474
1594750 474
1594760 474
1594770 474
1594780 474
1594790 474
1594800 474
1594810 474
1594820 475
1594830 475
1594840 476
1594850 476
1594860 477
1594870 478
1594880 479
1594890 479
1594900 479
1594910 479
1594920 480
1594930 480
1594940 480
1594950 480
1594960 480
1594970 480
1594980 480
1594990 480
1595000 479
1595010 479
1595020 479
1595030 479
1595040 479
1595050 479
1595060 479
1595070 479
1595080 479
1595090 479
1595100 478
1595110 478
1595120 478
1595130 478
1595140 478
1595150 478
1595160 478
1595170 478
1595180 478
1595190 478
1595200 478
1595210 478
1595220 478
1595230 478
1595240 478
1595250 478
1595260 478
1595270 478
1595280 478
1595290 478
1595300 478
1595310 478
1595320 478
1595330 479
1595340 478
1595350 478
1595360 478
1595370 478
1595380 477
1595390 477
1595400 477
1595410 477
1595420 477
1595430 477
1595440 477
1595450 477
1595460 477
1595470 477
1595480 477
1595490 477
1595500 477
1595510 477
1595520 477
1595530 477
1595540 477
1595550 477
1595560 477
1595570 477
1595580 477
1595590 477
1595600 477
1595610 477
1595620 477
1595630 477
1595640 477
1595650 477
1595660 477
1595670 477
1595680 477
1595690 477
1595700 477
1595710 477
1595720 477
1595730 477
1595740 477
1595750 477
1595760 477
1595770 477
1595780 477
1595790 477
1595800 477
1595810 477
1595820 477
1595830 477
1595840 477
1595850 477
1595860 477
1595870 478
1595880 478
1595890 478
1595900 478
1595910 478
1595920 478
1595930 478
1595940 478
1595950 478
1595960 478
1595970 478
1595980 478
1595990 478
1596000 478
1596010 478
1596020 478
1596030 478
1596040 478
1596050 478
1596060 478
1596070 478
1596080 478
1596090 478
1596100 479
1596110 479
1596120 479
1596130 479
1596140 479
1596150 479
1596160 479
1596170 480
1596180 480
1596190 480
1596200 481
1596210 481
1596220 481
1596230 481
1596240 480
1596250 480
1596260 480
1596270 480
1596280 480
1596290 480
1596300 480
1596310 480
1596320 480
1596330 481
1596340 481
1596350 481
1596360 481
1596370 481
1596380 481
1596390 481
1596400 481
1596410 481
1596420 481
1596430 481
1596440 481
1596450 481
1596460 481
1596470 481
1596480 481
1596490 481
1596500 481
1596510 481
1596520 481
1596530 481
1596540 481
1596550 481
1596560 481
1596570 481
1596580 481
1596590 482
1596600 482
1596610 482
1596620 483
1596630 483
1596640 484
1596650 484
1596660 485
1596670 485
1596680 485
1596690 486
1596700 486
1596710 487
1596720 488
1596730 489
1596740 490
1596750 491
1596760 492
1596770 493
1596780 494
1596790 495
1596800 496
1596810 496
1596820 497
1596830 498
1596840 499
1596850 500
1596860 501
1596870 501
1596880 502
1596890 503
1596900 504
1596910 504
1596920 505
1596930 505
1596940 506
1596950 507
1596960 507
1596970 508
1596980 508
1596990 509
1597000 510
1597010 510
1597020 511
1597030 511
1597040 512
1597050 513
1597060 513
1597070 514
1597080 514
1597090 515
1597100 515
1597110 516
1597120 516
1597130 517
1597140 517
1597150 518
1597160 518
1597170 519
1597180 519
1597190 519
1597200 519
1597210 520
1597220 520
1597230 521
1597240 521
1597250 521
1597260 522
1597270 522
1597280 523
1597290 523
1597300 524
1597310 525
1597320 526
1597330 526
1597340 527
1597350 528
1597360 528
1597370 529
1597380 529
1597390 530
1597400 531
1597410 531
1597420 532
1597430 533
1597440 533
1597450 534
1597460 534
1597470 535
1597480 535
1597490 536
1597500 536
1597510 537
1597520 538
1597530 538
1597540 539
1597550 539
1597560 540
1597570 541
1597580 542
1597590 543
1597600 543
1597610 544
1597620 545
1597630 545
1597640 546
1597650 546
1597660 546
1597670 546
1597680 545
1597690 544
1597700 543
1597710 542
1597720 542
1597730 541
1597740 541
1597750 541
1597760 540
1597770 540
1597780 540
1597790 540
1597800 540
1597810 539
1597820 539
1597830 539
1597840 539
1597850 538
1597860 538
1597870 538
1597880 538
1597890 538
1597900 537
1597910 537
1597920 537
1597930 537
1597940 536
1597950 536
1597960 535
1597970 535
1597980 535
1597990 535
1598000 535
1598010 535
1598020 534
1598030 534
1598040 533
1598050 533
1598060 532
1598070 532
1598080 531
1598090 531
1598100 530
1598110 529
1598120 529
1598130 528
1598140 528
1598150 527
1598160 527
1598170 526
1598180 526
1598190 526
1598200 525
1598210 525
1598220 524
1598230 524
1598240 524
1598250 524
1598260 523
1598270 523
1598280 523
1598290 522
1598300 522
1598310 522
1598320 522
1598330 521
1598340 521
1598350 521
1598360 520
1598370 520
1598380 520
1598390 520
1598400 520
1598410 520
1598420 520
1598430 519
1598440 519
1598450 519
1598460 519
1598470 520
1598480 520
1598490 520
1598500 521
1598510 521
1598520 522
1598530 522
1598540 523
1598550 523
1598560 524
1598570 524
1598580 525
1598590 525
1598600 526
1598610 527
1598620 528
1598630 529
1598640 529
1598650 529
1598660 529
1598670 529
1598680 528
1598690 528
1598700 528
1598710 528
1598720 528
1598730 529
1598740 529
1598750 530
1598760 531
1598770 531
1598780 531
1598790 532
1598800 532
1598810 531
1598820 531
1598830 530
1598840 530
1598850 529
1598860 528
1598870 526
1598880 524
1598890 523
1598900 521
1598910 521
1598920 518
1598930 517
1598940 517
1598950 518
1598960 520
1598970 521
1598980 522
1598990 523
1599000 524
1599010 525
1599020 525
1599030 525
1599040 525
1599050 524
1599060 523
1599070 521
1599080 519
1599090 518
1599100 518
1599110 517
1599120 517
1599130 516
1599140 516
1599150 516
1599160 515
1599170 514
1599180 514
1599190 513
1599200 511
1599210 510
1599220 509
1599230 508
1599240 507
1599250 506
1599260 505
1599270 504
1599280 503
1599290 502
1599300 501
1599310 501
1599320 500
1599330 499
1599340 498
1599350 497
1599360 495
1599370 494
1599380 493
1599390 492
1599400 491
1599410 490
1599420 490
1599430 489
1599440 489
1599450 488
1599460 487
1599470 486
1599480 485
1599490 484
1599500 483
1599510 482
1599520 481
1599530 480
1599540 479
1599550 479
1599560 478
1599570 478
1599580 478
1599590 478
1599600 478
1599610 478
1599620 478
1599630 478
1599640 478
1599650 478
1599660 478
1599670 478
1599680 478
1599690 478
1599700 478
1599710 479
1599720 479
1599730 478
1599740 476
1599750 475
1599760 474
1599770 474
1599780 472
1599790 470
1599800 468
1599810 466
1599820 465
1599830 464
1599840 463
1599850 462
1599860 462
1599870 462
1599880 462
1599890 462
1599900 462
1599910 462
1599920 463
1599930 464
1599940 465
1599950 466
1599960 467
1599970 467
1599980 469
1599990 472
