1580000 1152
1580010 1153
1580020 1155
1580030 1157
1580040 1159
1580050 1160
1580060 1161
1580070 1163
1580080 1164
1580090 1165
1580100 1165
1580110 1166
1580120 1166
1580130 1165
1580140 1164
1580150 1163
1580160 1162
1580170 1160
1580180 1159
1580190 1158
1580200 1157
1580210 1156
1580220 1155
1580230 1154
1580240 1153
1580250 1152
1580260 1151
1580270 1150
1580280 1150
1580290 1149
1580300 1148
1580310 1148
1580320 1147
1580330 1147
1580340 1147
1580350 1148
1580360 1148
1580370 1149
1580380 1149
1580390 1150
1580400 1151
1580410 1151
1580420 1152
1580430 1153
1580440 1153
1580450 1154
1580460 1154
1580470 1154
1580480 1154
1580490 1154
1580500 1154
1580510 1154
1580520 1154
1580530 1154
1580540 1154
1580550 1154
1580560 1154
1580570 1155
1580580 1156
1580590 1157
1580600 1158
1580610 1159
1580620 1160
1580630 1162
1580640 1163
1580650 1165
1580660 1167
1580670 1168
1580680 1169
1580690 1169
1580700 1169
1580710 1169
1580720 1168
1580730 1168
1580740 1167
1580750 1166
1580760 1165
1580770 1164
1580780 1162
1580790 1160
1580800 1158
1580810 1157
1580820 1155
1580830 1154
1580840 1152
1580850 1151
1580860 1150
1580870 1148
1580880 1147
1580890 1145
1580900 1144
1580910 1143
1580920 1141
1580930 1140
1580940 1139
1580950 1138
1580960 1137
1580970 1137
1580980 1136
1580990 1136
1581000 1135
1581010 1135
1581020 1135
1581030 1135
1581040 1135
1581050 1135
1581060 1135
1581070 1135
1581080 1135
1581090 1135
1581100 1135
1581110 1136
1581120 1136
1581130 1135
1581140 1135
1581150 1134
1581160 1133
1581170 1132
1581180 1130
1581190 1127
1581200 1125
1581210 1123
1581220 1123
1581230 1123
1581240 1124
1581250 1125
1581260 1125
1581270 1125
1581280 1124
1581290 1124
1581300 1124
1581310 1124
1581320 1125
1581330 1125
1581340 1126
1581350 1126
1581360 1127
1581370 1127
1581380 1128
1581390 1129
1581400 1130
1581410 1131
1581420 1131
1581430 1131
1581440 1132
1581450 1132
1581460 1132
1581470 1131
1581480 1131
1581490 1131
1581500 1130
1581510 1129
1581520 1129
1581530 1128
1581540 1127
1581550 1126
1581560 1125
1581570 1124
1581580 1123
1581590 1122
1581600 1122
1581610 1121
1581620 1120
1581630 1119
1581640 1118
1581650 1117
1581660 1116
1581670 1115
1581680 1113
1581690 1111
1581700 1109
1581710 1106
1581720 1104
1581730 1101
1581740 1098
1581750 1095
1581760 1092
1581770 1089
1581780 1086
1581790 1084
1581800 1081
1581810 1078
1581820 1076
1581830 1073
1581840 1071
1581850 1069
1581860 1067
1581870 1065
1581880 1064
1581890 1064
1581900 1063
1581910 1062
1581920 1061
1581930 1059
1581940 1057
1581950 1055
1581960 1053
1581970 1052
1581980 1051
1581990 1051
1582000 1050
1582010 1050
1582020 1049
1582030 1049
1582040 1049
1582050 1049
1582060 1048
1582070 1048
1582080 1048
1582090 1048
1582100 1048
1582110 1048
1582120 1048
1582130 1048
1582140 1048
1582150 1048
1582160 1048
1582170 1048
1582180 1048
1582190 1048
1582200 1048
1582210 1048
1582220 1048
1582230 1048
1582240 1047
1582250 1047
1582260 1047
1582270 1046
1582280 1046
1582290 1045
1582300 1044
1582310 1044
1582320 1043
1582330 1042
1582340 1041
1582350 1040
1582360 1039
1582370 1037
1582380 1035
1582390 1033
1582400 1031
1582410 1028
1582420 1025
1582430 1021
1582440 1018
1582450 1015
1582460 1013
1582470 1011
1582480 1010
1582490 1009
1582500 1008
1582510 1008
1582520 1007
1582530 1006
1582540 1005
1582550 1005
1582560 1005
1582570 1005
1582580 1006
1582590 1006
1582600 1008
1582610 1010
1582620 1014
1582630 1017
1582640 1019
1582650 1022
1582660 1024
1582670 1025
1582680 1025
1582690 1024
1582700 1023
1582710 1022
1582720 1021
1582730 1019
1582740 1017
1582750 1015
1582760 1013
1582770 1010
1582780 1008
1582790 1005
1582800 1003
1582810 1000
1582820 997
1582830 993
1582840 990
1582850 987
1582860 984
1582870 981
1582880 979
1582890 978
1582900 976
1582910 974
1582920 972
1582930 970
1582940 967
1582950 964
1582960 961
1582970 958
1582980 955
1582990 952
1583000 949
1583010 947
1583020 944
1583030 942
1583040 939
1583050 937
1583060 935
1583070 932
1583080 930
1583090 928
1583100 926
1583110 924
1583120 921
1583130 920
1583140 918
1583150 917
1583160 915
1583170 914
1583180 913
1583190 913
1583200 912
1583210 911
1583220 911
1583230 910
1583240 909
1583250 908
1583260 907
1583270 906
1583280 906
1583290 906
1583300 906
1583310 907
1583320 907
1583330 907
1583340 906
1583350 905
1583360 904
1583370 902
1583380 901
1583390 900
1583400 900
1583410 899
1583420 898
1583430 898
1583440 898
1583450 899
1583460 901
1583470 902
1583480 903
1583490 903
1583500 904
1583510 904
1583520 904
1583530 902
1583540 900
1583550 898
1583560 896
1583570 894
1583580 893
1583590 892
1583600 891
1583610 891
1583620 890
1583630 889
1583640 888
1583650 886
1583660 884
1583670 883
1583680 881
1583690 880
1583700 879
1583710 878
1583720 878
1583730 878
1583740 878
1583750 877
1583760 875
1583770 874
1583780 873
1583790 872
1583800 871
1583810 871
1583820 870
1583830 868
1583840 867
1583850 865
1583860 863
1583870 861
1583880 859
1583890 857
1583900 854
1583910 852
1583920 850
1583930 848
1583940 847
1583950 846
1583960 844
1583970 843
1583980 841
1583990 840
1584000 839
1584010 838
1584020 837
1584030 835
1584040 833
1584050 831
1584060 830
1584070 828
1584080 827
1584090 826
1584100 824
1584110 823
1584120 822
1584130 821
1584140 821
1584150 820
1584160 819
1584170 818
1584180 817
1584190 816
1584200 816
1584210 815
1584220 814
1584230 814
1584240 813
1584250 813
1584260 813
1584270 813
1584280 813
1584290 813
1584300 812
1584310 811
1584320 810
1584330 810
1584340 809
1584350 810
1584360 810
1584370 811
1584380 811
1584390 812
1584400 813
1584410 814
1584420 816
1584430 817
1584440 818
1584450 818
1584460 819
1584470 818
1584480 818
1584490 818
1584500 818
1584510 819
1584520 819
1584530 820
1584540 820
1584550 820
1584560 820
1584570 819
1584580 819
1584590 819
1584600 818
1584610 818
1584620 818
1584630 818
1584640 817
1584650 816
1584660 815
1584670 814
1584680 812
1584690 810
1584700 808
1584710 807
1584720 805
1584730 805
1584740 803
1584750 801
1584760 798
1584770 796
1584780 793
1584790 791
1584800 790
1584810 789
1584820 789
1584830 789
1584840 789
1584850 789
1584860 791
1584870 793
1584880 796
1584890 798
1584900 799
1584910 800
1584920 802
1584930 804
1584940 805
1584950 806
1584960 806
1584970 806
1584980 807
1584990 807
1585000 808
1585010 810
1585020 811
1585030 811
1585040 810
1585050 810
1585060 810
1585070 809
1585080 809
1585090 808
1585100 807
1585110 807
1585120 806
1585130 806
1585140 806
1585150 806
1585160 805
1585170 804
1585180 802
1585190 801
1585200 799
1585210 797
1585220 795
1585230 793
1585240 791
1585250 789
1585260 786
1585270 785
1585280 783
1585290 782
1585300 780
1585310 778
1585320 774
1585330 770
1585340 767
1585350 763
1585360 760
1585370 756
1585380 753
1585390 749
1585400 742
1585410 736
1585420 732
1585430 733
1585440 734
1585450 736
1585460 738
1585470 740
1585480 742
1585490 742
1585500 743
1585510 745
1585520 746
1585530 748
1585540 750
1585550 751
1585560 751
1585570 753
1585580 756
1585590 758
1585600 761
1585610 763
1585620 767
1585630 772
1585640 778
1585650 782
1585660 785
1585670 787
1585680 789
1585690 791
1585700 793
1585710 796
1585720 798
1585730 799
1585740 801
1585750 801
1585760 802
1585770 802
1585780 802
1585790 801
1585800 801
1585810 801
1585820 801
1585830 800
1585840 800
1585850 800
1585860 800
1585870 800
1585880 800
1585890 800
1585900 800
1585910 800
1585920 800
1585930 800
1585940 800
1585950 800
1585960 800
1585970 801
1585980 801
1585990 802
1586000 803
1586010 803
1586020 804
1586030 804
1586040 805
1586050 806
1586060 807
1586070 807
1586080 807
1586090 806
1586100 805
1586110 804
1586120 804
1586130 803
1586140 802
1586150 801
1586160 800
1586170 799
1586180 798
1586190 796
1586200 795
1586210 793
1586220 793
1586230 792
1586240 792
1586250 792
1586260 791
1586270 791
1586280 790
1586290 790
1586300 789
1586310 788
1586320 787
1586330 787
1586340 786
1586350 784
1586360 782
1586370 780
1586380 778
1586390 777
1586400 775
1586410 774
1586420 774
1586430 774
1586440 774
1586450 774
1586460 772
1586470 770
1586480 766
1586490 764
1586500 762
1586510 762
1586520 762
1586530 761
1586540 761
1586550 760
1586560 759
1586570 758
1586580 757
1586590 756
1586600 756
1586610 755
1586620 754
1586630 753
1586640 752
1586650 751
1586660 750
1586670 749
1586680 748
1586690 747
1586700 747
1586710 746
1586720 745
1586730 745
1586740 745
1586750 744
1586760 743
1586770 742
1586780 742
1586790 741
1586800 741
1586810 741
1586820 740
1586830 739
1586840 739
1586850 738
1586860 737
1586870 736
1586880 735
1586890 734
1586900 733
1586910 732
1586920 731
1586930 730
1586940 730
1586950 729
1586960 729
1586970 728
1586980 728
1586990 726
1587000 725
1587010 723
1587020 722
1587030 720
1587040 719
1587050 717
1587060 716
1587070 714
1587080 713
1587090 712
1587100 711
1587110 710
1587120 709
1587130 708
1587140 706
1587150 703
1587160 700
1587170 697
1587180 693
1587190 690
1587200 689
1587210 692
1587220 693
1587230 694
1587240 694
1587250 694
1587260 693
1587270 692
1587280 690
1587290 689
1587300 686
1587310 685
1587320 684
1587330 682
1587340 682
1587350 681
1587360 680
1587370 679
1587380 679
1587390 678
1587400 677
1587410 676
1587420 676
1587430 675
1587440 675
1587450 674
1587460 674
1587470 673
1587480 673
1587490 673
1587500 673
1587510 673
1587520 673
1587530 672
1587540 672
1587550 671
1587560 671
1587570 670
1587580 669
1587590 669
1587600 668
1587610 668
1587620 668
1587630 667
1587640 667
1587650 667
1587660 667
1587670 667
1587680 667
1587690 667
1587700 667
1587710 667
1587720 667
1587730 667
1587740 667
1587750 667
1587760 667
1587770 668
1587780 668
1587790 667
1587800 667
1587810 667
1587820 667
1587830 666
1587840 666
1587850 666
1587860 665
1587870 665
1587880 665
1587890 665
1587900 665
1587910 665
1587920 665
1587930 665
1587940 665
1587950 665
1587960 665
1587970 665
1587980 665
1587990 665
1588000 665
1588010 665
1588020 665
1588030 665
1588040 664
1588050 663
1588060 663
1588070 663
1588080 664
1588090 665
1588100 665
1588110 666
1588120 666
1588130 667
1588140 667
1588150 668
1588160 668
1588170 669
1588180 671
1588190 672
1588200 673
1588210 675
1588220 676
1588230 677
1588240 678
1588250 678
1588260 678
1588270 678
1588280 679
1588290 679
1588300 680
1588310 680
1588320 680
1588330 681
1588340 681
1588350 682
1588360 684
1588370 688
1588380 691
1588390 695
1588400 696
1588410 697
1588420 696
1588430 693
1588440 690
1588450 687
1588460 686
1588470 684
1588480 682
1588490 678
1588500 673
1588510 666
1588520 661
1588530 657
1588540 654
1588550 653
1588560 651
1588570 649
1588580 647
1588590 645
1588600 644
1588610 642
1588620 640
1588630 638
1588640 636
1588650 635
1588660 634
1588670 631
1588680 629
1588690 626
1588700 625
1588710 622
1588720 620
1588730 617
1588740 618
1588750 620
1588760 623
1588770 627
1588780 631
1588790 635
1588800 637
1588810 638
1588820 639
1588830 641
1588840 643
1588850 645
1588860 647
1588870 649
1588880 651
1588890 652
1588900 654
1588910 655
1588920 657
1588930 658
1588940 658
1588950 658
1588960 658
1588970 658
1588980 658
1588990 659
1589000 658
1589010 657
1589020 654
1589030 651
1589040 646
1589050 640
1589060 637
1589070 634
1589080 633
1589090 632
1589100 631
1589110 631
1589120 632
1589130 632
1589140 633
1589150 634
1589160 635
1589170 637
1589180 639
1589190 641
1589200 643
1589210 644
1589220 645
1589230 646
1589240 646
1589250 647
1589260 647
1589270 647
1589280 647
1589290 647
1589300 647
1589310 647
1589320 648
1589330 648
1589340 648
1589350 650
1589360 651
1589370 652
1589380 653
1589390 654
1589400 655
1589410 657
1589420 658
1589430 658
1589440 659
1589450 659
1589460 660
1589470 660
1589480 661
1589490 662
1589500 663
1589510 664
1589520 663
1589530 661
1589540 662
1589550 663
1589560 666
1589570 668
1589580 669
1589590 670
1589600 670
1589610 670
1589620 671
1589630 671
1589640 671
1589650 672
1589660 673
1589670 675
1589680 676
1589690 677
1589700 678
1589710 680
1589720 681
1589730 681
1589740 682
1589750 683
1589760 683
1589770 683
1589780 683
1589790 683
1589800 683
1589810 683
1589820 683
1589830 683
1589840 682
1589850 680
1589860 676
1589870 673
1589880 671
1589890 670
1589900 670
1589910 670
1589920 672
1589930 674
1589940 676
1589950 677
1589960 679
1589970 680
1589980 681
1589990 682
1590000 682
1590010 683
1590020 685
1590030 687
1590040 688
1590050 688
1590060 687
1590070 687
1590080 688
1590090 689
1590100 689
1590110 688
1590120 687
1590130 684
1590140 680
1590150 676
1590160 673
1590170 670
1590180 667
1590190 664
1590200 662
1590210 659
1590220 657
1590230 656
1590240 654
1590250 651
1590260 647
1590270 641
1590280 636
1590290 632
1590300 628
1590310 626
1590320 624
1590330 623
1590340 622
1590350 621
1590360 619
1590370 617
1590380 616
1590390 615
1590400 614
1590410 614
1590420 613
1590430 614
1590440 615
1590450 616
1590460 616
1590470 617
1590480 617
1590490 617
1590500 617
1590510 617
1590520 616
1590530 615
1590540 614
1590550 613
1590560 611
1590570 609
1590580 607
1590590 606
1590600 605
1590610 603
1590620 601
1590630 599
1590640 597
1590650 597
1590660 596
1590670 596
1590680 596
1590690 595
1590700 595
1590710 594
1590720 594
1590730 593
1590740 593
1590750 592
1590760 592
1590770 591
1590780 590
1590790 589
1590800 588
1590810 587
1590820 586
1590830 586
1590840 586
1590850 585
1590860 585
1590870 585
1590880 585
1590890 584
1590900 584
1590910 584
1590920 584
1590930 584
1590940 583
1590950 583
1590960 583
1590970 583
1590980 583
1590990 583
1591000 582
1591010 582
1591020 581
1591030 581
1591040 581
1591050 580
1591060 580
1591070 579
1591080 579
1591090 579
1591100 578
1591110 578
1591120 577
1591130 577
1591140 577
1591150 577
1591160 576
1591170 576
1591180 576
1591190 575
1591200 575
1591210 575
1591220 574
1591230 573
1591240 573
1591250 573
1591260 573
1591270 573
1591280 573
1591290 573
1591300 573
1591310 573
1591320 573
1591330 573
1591340 573
1591350 573
1591360 573
1591370 573
1591380 573
1591390 572
1591400 572
1591410 572
1591420 572
1591430 571
1591440 571
1591450 571
1591460 570
1591470 570
1591480 569
1591490 569
1591500 569
1591510 568
1591520 568
1591530 568
1591540 567
1591550 567
1591560 567
1591570 566
1591580 566
1591590 566
1591600 566
1591610 566
1591620 566
1591630 565
1591640 565
1591650 565
1591660 565
1591670 565
1591680 565
1591690 565
1591700 565
1591710 565
1591720 565
1591730 565
1591740 565
1591750 564
1591760 564
1591770 564
1591780 564
1591790 564
1591800 564
1591810 564
1591820 564
1591830 564
1591840 564
1591850 564
1591860 564
1591870 564
1591880 564
1591890 563
1591900 563
1591910 563
1591920 563
1591930 563
1591940 563
1591950 563
1591960 563
1591970 563
1591980 563
1591990 563
1592000 563
1592010 563
1592020 564
1592030 564
1592040 564
1592050 564
1592060 563
1592070 563
1592080 562
1592090 562
1592100 562
1592110 562
1592120 561
1592130 561
1592140 561
1592150 561
1592160 561
1592170 560
1592180 560
1592190 560
1592200 560
1592210 560
1592220 560
1592230 560
1592240 560
1592250 560
1592260 559
1592270 559
1592280 559
1592290 559
1592300 559
1592310 559
1592320 559
1592330 559
1592340 559
1592350 559
1592360 558
1592370 558
1592380 558
1592390 558
1592400 558
1592410 558
1592420 558
1592430 558
1592440 558
1592450 558
1592460 558
1592470 558
1592480 558
1592490 558
1592500 558
1592510 559
1592520 559
1592530 559
1592540 559
1592550 560
1592560 561
1592570 561
1592580 561
1592590 561
1592600 561
1592610 561
1592620 561
1592630 561
1592640 561
1592650 561
1592660 561
1592670 561
1592680 562
1592690 562
1592700 563
1592710 563
1592720 564
1592730 566
1592740 568
1592750 570
1592760 571
1592770 573
1592780 574
1592790 575
1592800 575
1592810 575
1592820 574
1592830 573
1592840 572
1592850 570
1592860 568
1592870 566
1592880 563
1592890 562
1592900 561
1592910 561
1592920 561
1592930 561
1592940 560
1592950 560
1592960 560
1592970 560
1592980 560
1592990 560
1593000 560
1593010 560
1593020 560
1593030 560
1593040 560
1593050 560
1593060 560
1593070 560
1593080 560
1593090 560
1593100 560
1593110 560
1593120 560
1593130 560
1593140 560
1593150 560
1593160 561
1593170 563
1593180 565
1593190 568
1593200 571
1593210 573
1593220 573
1593230 572
1593240 571
1593250 569
1593260 568
1593270 565
1593280 563
1593290 562
1593300 562
1593310 561
1593320 561
1593330 561
1593340 560
1593350 560
1593360 560
1593370 560
1593380 559
1593390 559
1593400 559
1593410 559
1593420 559
1593430 559
1593440 559
1593450 559
1593460 559
1593470 559
1593480 559
1593490 559
1593500 560
1593510 561
1593520 564
1593530 567
1593540 572
1593550 575
1593560 577
1593570 579
1593580 581
1593590 583
1593600 585
1593610 585
1593620 586
1593630 586
1593640 586
1593650 586
1593660 586
1593670 586
1593680 586
1593690 586
1593700 586
1593710 586
1593720 586
1593730 586
1593740 585
1593750 583
1593760 581
1593770 578
1593780 575
1593790 571
1593800 567
1593810 564
1593820 561
1593830 559
1593840 558
1593850 557
1593860 555
1593870 555
1593880 554
1593890 554
1593900 553
1593910 553
1593920 552
1593930 552
1593940 551
1593950 551
1593960 551
1593970 550
1593980 550
1593990 550
1594000 550
1594010 550
1594020 550
1594030 550
1594040 549
1594050 549
1594060 549
1594070 549
1594080 549
1594090 549
1594100 549
1594110 549
1594120 549
1594130 549
1594140 549
1594150 549
1594160 549
1594170 549
1594180 548
1594190 548
1594200 548
1594210 548
1594220 547
1594230 547
1594240 547
1594250 546
1594260 546
1594270 545
1594280 545
1594290 544
1594300 543
1594310 542
1594320 542
1594330 541
1594340 539
1594350 536
1594360 533
1594370 531
1594380 530
1594390 528
1594400 526
1594410 524
1594420 522
1594430 520
1594440 519
1594450 520
1594460 521
1594470 521
1594480 521
1594490 521
1594500 521
1594510 522
1594520 522
1594530 522
1594540 522
1594550 523
1594560 523
1594570 523
1594580 523
1594590 524
1594600 524
1594610 524
1594620 524
1594630 525
1594640 524
1594650 522
1594660 519
1594670 518
1594680 517
1594690 517
1594700 517
1594710 517
1594720 517
1594730 516
1594740 516
1594750 516
1594760 516
1594770 515
1594780 515
1594790 515
1594800 514
1594810 514
1594820 514
1594830 514
1594840 515
1594850 515
1594860 515
1594870 515
1594880 515
1594890 514
1594900 514
1594910 515
1594920 516
1594930 518
1594940 519
1594950 519
1594960 518
1594970 517
1594980 517
1594990 516
1595000 516
1595010 516
1595020 515
1595030 515
1595040 515
1595050 514
1595060 514
1595070 514
1595080 514
1595090 514
1595100 513
1595110 513
1595120 512
1595130 511
1595140 510
1595150 509
1595160 508
1595170 508
1595180 507
1595190 506
1595200 505
1595210 504
1595220 503
1595230 502
1595240 501
1595250 500
1595260 499
1595270 498
1595280 497
1595290 496
1595300 495
1595310 494
1595320 493
1595330 492
1595340 491
1595350 490
1595360 489
1595370 489
1595380 488
1595390 488
1595400 487
1595410 487
1595420 486
1595430 486
1595440 485
1595450 484
1595460 482
1595470 482
1595480 481
1595490 480
1595500 480
1595510 479
1595520 479
1595530 479
1595540 479
1595550 479
1595560 479
1595570 478
1595580 478
1595590 477
1595600 477
1595610 477
1595620 477
1595630 476
1595640 476
1595650 476
1595660 476
1595670 476
1595680 476
1595690 476
1595700 475
1595710 475
1595720 474
1595730 474
1595740 473
1595750 473
1595760 472
1595770 472
1595780 472
1595790 472
1595800 472
1595810 473
1595820 473
1595830 472
1595840 471
1595850 471
1595860 471
1595870 470
1595880 470
1595890 470
1595900 470
1595910 470
1595920 470
1595930 470
1595940 470
1595950 470
1595960 470
1595970 470
1595980 470
1595990 470
1596000 470
1596010 470
1596020 470
1596030 470
1596040 470
1596050 470
1596060 470
1596070 470
1596080 470
1596090 470
1596100 470
1596110 470
1596120 470
1596130 470
1596140 470
1596150 470
1596160 470
1596170 470
1596180 470
1596190 470
1596200 470
1596210 470
1596220 470
1596230 471
1596240 471
1596250 471
1596260 471
1596270 471
1596280 471
1596290 471
1596300 471
1596310 470
1596320 471
1596330 471
1596340 471
1596350 471
1596360 471
1596370 471
1596380 471
1596390 471
1596400 471
1596410 470
1596420 470
1596430 470
1596440 470
1596450 470
1596460 470
1596470 470
1596480 470
1596490 470
1596500 470
1596510 470
1596520 470
1596530 470
1596540 470
1596550 470
1596560 470
1596570 470
1596580 470
1596590 470
1596600 470
1596610 470
1596620 470
1596630 470
1596640 470
1596650 470
1596660 470
1596670 470
1596680 470
1596690 470
1596700 470
1596710 470
1596720 470
1596730 470
1596740 470
1596750 470
1596760 470
1596770 470
1596780 470
1596790 470
1596800 470
1596810 470
1596820 470
1596830 470
1596840 470
1596850 470
1596860 470
1596870 470
1596880 470
1596890 470
1596900 470
1596910 470
1596920 470
1596930 470
1596940 470
1596950 470
1596960 469
1596970 469
1596980 469
1596990 469
1597000 469
1597010 469
1597020 469
1597030 469
1597040 469
1597050 469
1597060 469
1597070 469
1597080 469
1597090 469
1597100 469
1597110 469
1597120 469
1597130 469
1597140 469
1597150 469
1597160 469
1597170 469
1597180 469
1597190 469
1597200 469
1597210 469
1597220 469
1597230 469
1597240 469
1597250 469
1597260 469
1597270 469
1597280 469
1597290 469
1597300 469
1597310 469
1597320 470
1597330 470
1597340 469
1597350 469
1597360 469
1597370 469
1597380 469
1597390 469
1597400 469
1597410 469
1597420 469
1597430 469
1597440 469
1597450 469
1597460 469
1597470 469
1597480 469
1597490 469
1597500 469
1597510 469
1597520 469
1597530 469
1597540 469
1597550 469
1597560 469
1597570 469
1597580 469
1597590 469
1597600 469
1597610 469
1597620 469
1597630 469
1597640 469
1597650 469
1597660 469
1597670 469
1597680 469
1597690 469
1597700 470
1597710 470
1597720 470
1597730 471
1597740 471
1597750 471
1597760 471
1597770 471
1597780 471
1597790 471
1597800 471
1597810 471
1597820 471
1597830 471
1597840 470
1597850 470
1597860 471
1597870 471
1597880 472
1597890 473
1597900 474
1597910 475
1597920 476
1597930 478
1597940 479
1597950 481
1597960 483
1597970 485
1597980 486
1597990 487
1598000 488
1598010 489
1598020 490
1598030 491
1598040 491
1598050 492
1598060 494
1598070 495
1598080 497
1598090 499
1598100 501
1598110 504
1598120 506
1598130 508
1598140 511
1598150 513
1598160 515
1598170 517
1598180 519
1598190 522
1598200 524
1598210 527
1598220 529
1598230 531
1598240 533
1598250 536
1598260 539
1598270 543
1598280 547
1598290 549
1598300 552
1598310 554
1598320 556
1598330 560
1598340 564
1598350 567
1598360 570
1598370 573
1598380 577
1598390 582
1598400 585
1598410 586
1598420 585
1598430 585
1598440 586
1598450 587
1598460 589
1598470 592
1598480 595
1598490 599
1598500 603
1598510 606
1598520 607
1598530 610
1598540 613
1598550 615
1598560 618
1598570 621
1598580 622
1598590 624
1598600 625
1598610 627
1598620 628
1598630 630
1598640 631
1598650 631
1598660 631
1598670 629
1598680 629
1598690 628
1598700 627
1598710 626
1598720 625
1598730 624
1598740 623
1598750 622
1598760 621
1598770 620
1598780 619
1598790 617
1598800 615
1598810 613
1598820 611
1598830 609
1598840 607
1598850 605
1598860 602
1598870 600
1598880 598
1598890 595
1598900 593
1598910 591
1598920 589
1598930 587
1598940 584
1598950 582
1598960 580
1598970 578
1598980 575
1598990 573
1599000 572
1599010 570
1599020 569
1599030 568
1599040 567
1599050 566
1599060 565
1599070 564
1599080 563
1599090 562
1599100 561
1599110 561
1599120 560
1599130 559
1599140 558
1599150 558
1599160 557
1599170 556
1599180 556
1599190 556
1599200 556
1599210 557
1599220 558
1599230 559
1599240 560
1599250 562
1599260 563
1599270 565
1599280 566
1599290 567
1599300 568
1599310 569
1599320 571
1599330 572
1599340 574
1599350 575
1599360 576
1599370 577
1599380 577
1599390 578
1599400 578
1599410 578
1599420 578
1599430 578
1599440 579
1599450 580
1599460 582
1599470 583
1599480 586
1599490 588
1599500 589
1599510 591
1599520 592
1599530 594
1599540 596
1599550 598
1599560 599
1599570 600
1599580 599
1599590 599
1599600 598
1599610 598
1599620 597
1599630 596
1599640 594
1599650 593
1599660 591
1599670 589
1599680 586
1599690 583
1599700 580
1599710 577
1599720 575
1599730 572
1599740 569
1599750 565
1599760 562
1599770 559
1599780 556
1599790 553
1599800 550
1599810 548
1599820 546
1599830 544
1599840 541
1599850 538
1599860 534
1599870 530
1599880 526
1599890 522
1599900 518
1599910 515
1599920 513
1599930 510
1599940 508
1599950 505
1599960 502
1599970 498
1599980 495
1599990 493
