1580000 1039
1580010 1037
1580020 1035
1580030 1034
1580040 1033
1580050 1032
1580060 1032
1580070 1031
1580080 1030
1580090 1030
1580100 1029
1580110 1029
1580120 1029
1580130 1029
1580140 1030
1580150 1031
1580160 1031
1580170 1032
1580180 1032
1580190 1033
1580200 1035
1580210 1036
1580220 1037
1580230 1039
1580240 1040
1580250 1042
1580260 1045
1580270 1048
1580280 1050
1580290 1052
1580300 1054
1580310 1056
1580320 1058
1580330 1060
1580340 1062
1580350 1064
1580360 1067
1580370 1069
1580380 1071
1580390 1073
1580400 1076
1580410 1078
1580420 1079
1580430 1081
1580440 1083
1580450 1086
1580460 1088
1580470 1092
1580480 1095
1580490 1098
1580500 1101
1580510 1102
1580520 1104
1580530 1105
1580540 1106
1580550 1107
1580560 1108
1580570 1109
1580580 1109
1580590 1109
1580600 1107
1580610 1105
1580620 1103
1580630 1101
1580640 1098
1580650 1095
1580660 1092
1580670 1088
1580680 1084
1580690 1081
1580700 1078
1580710 1076
1580720 1074
1580730 1072
1580740 1070
1580750 1068
1580760 1066
1580770 1065
1580780 1063
1580790 1062
1580800 1060
1580810 1057
1580820 1053
1580830 1049
1580840 1046
1580850 1043
1580860 1043
1580870 1044
1580880 1045
1580890 1045
1580900 1045
1580910 1045
1580920 1045
1580930 1046
1580940 1047
1580950 1048
1580960 1049
1580970 1050
1580980 1051
1580990 1052
1581000 1054
1581010 1055
1581020 1056
1581030 1058
1581040 1058
1581050 1058
1581060 1057
1581070 1057
1581080 1055
1581090 1054
1581100 1052
1581110 1050
1581120 1048
1581130 1046
1581140 1044
1581150 1040
1581160 1037
1581170 1034
1581180 1030
1581190 1028
1581200 1025
1581210 1023
1581220 1020
1581230 1018
1581240 1015
1581250 1013
1581260 1012
1581270 1010
1581280 1009
1581290 1007
1581300 1006
1581310 1004
1581320 1003
1581330 1002
1581340 1001
1581350 1000
1581360 998
1581370 997
1581380 995
1581390 994
1581400 993
1581410 993
1581420 992
1581430 991
1581440 990
1581450 990
1581460 989
1581470 988
1581480 988
1581490 987
1581500 987
1581510 986
1581520 985
1581530 984
1581540 982
1581550 981
1581560 980
1581570 979
1581580 978
1581590 977
1581600 977
1581610 976
1581620 976
1581630 976
1581640 976
1581650 976
1581660 976
1581670 975
1581680 975
1581690 975
1581700 975
1581710 975
1581720 975
1581730 976
1581740 976
1581750 976
1581760 977
1581770 977
1581780 977
1581790 978
1581800 979
1581810 980
1581820 980
1581830 981
1581840 982
1581850 982
1581860 983
1581870 983
1581880 984
1581890 984
1581900 984
1581910 984
1581920 984
1581930 984
1581940 983
1581950 982
1581960 981
1581970 981
1581980 980
1581990 980
1582000 979
1582010 979
1582020 978
1582030 978
1582040 977
1582050 977
1582060 977
1582070 977
1582080 976
1582090 976
1582100 976
1582110 976
1582120 976
1582130 976
1582140 977
1582150 977
1582160 976
1582170 975
1582180 973
1582190 972
1582200 970
1582210 970
1582220 969
1582230 968
1582240 966
1582250 963
1582260 960
1582270 958
1582280 956
1582290 953
1582300 949
1582310 945
1582320 942
1582330 939
1582340 937
1582350 935
1582360 933
1582370 932
1582380 930
1582390 928
1582400 926
1582410 924
1582420 922
1582430 920
1582440 919
1582450 918
1582460 917
1582470 917
1582480 916
1582490 916
1582500 916
1582510 916
1582520 915
1582530 915
1582540 915
1582550 915
1582560 915
1582570 914
1582580 914
1582590 913
1582600 913
1582610 914
1582620 914
1582630 915
1582640 916
1582650 916
1582660 917
1582670 918
1582680 918
1582690 919
1582700 920
1582710 920
1582720 921
1582730 922
1582740 923
1582750 924
1582760 924
1582770 925
1582780 926
1582790 927
1582800 928
1582810 929
1582820 930
1582830 931
1582840 933
1582850 934
1582860 936
1582870 937
1582880 939
1582890 941
1582900 943
1582910 944
1582920 945
1582930 947
1582940 949
1582950 951
1582960 953
1582970 955
1582980 957
1582990 958
1583000 960
1583010 962
1583020 963
1583030 965
1583040 967
1583050 969
1583060 971
1583070 972
1583080 974
1583090 976
1583100 977
1583110 978
1583120 979
1583130 980
1583140 980
1583150 980
1583160 980
1583170 980
1583180 980
1583190 980
1583200 981
1583210 981
1583220 981
1583230 980
1583240 979
1583250 977
1583260 975
1583270 973
1583280 972
1583290 971
1583300 970
1583310 969
1583320 968
1583330 967
1583340 966
1583350 964
1583360 962
1583370 960
1583380 959
1583390 958
1583400 956
1583410 955
1583420 953
1583430 952
1583440 950
1583450 949
1583460 948
1583470 946
1583480 943
1583490 941
1583500 938
1583510 936
1583520 934
1583530 933
1583540 932
1583550 931
1583560 930
1583570 929
1583580 928
1583590 928
1583600 927
1583610 926
1583620 926
1583630 925
1583640 925
1583650 924
1583660 923
1583670 923
1583680 922
1583690 922
1583700 921
1583710 920
1583720 920
1583730 919
1583740 919
1583750 918
1583760 918
1583770 917
1583780 917
1583790 917
1583800 916
1583810 916
1583820 915
1583830 915
1583840 914
1583850 913
1583860 913
1583870 913
1583880 912
1583890 912
1583900 911
1583910 911
1583920 911
1583930 910
1583940 910
1583950 910
1583960 910
1583970 910
1583980 910
1583990 911
1584000 911
1584010 912
1584020 913
1584030 913
1584040 914
1584050 914
1584060 914
1584070 914
1584080 913
1584090 913
1584100 913
1584110 912
1584120 912
1584130 911
1584140 910
1584150 908
1584160 905
1584170 903
1584180 901
1584190 900
1584200 899
1584210 897
1584220 896
1584230 894
1584240 893
1584250 890
1584260 888
1584270 885
1584280 883
1584290 881
1584300 878
1584310 876
1584320 873
1584330 870
1584340 867
1584350 864
1584360 861
1584370 858
1584380 855
1584390 852
1584400 850
1584410 847
1584420 844
1584430 841
1584440 837
1584450 834
1584460 831
1584470 828
1584480 826
1584490 823
1584500 821
1584510 818
1584520 815
1584530 812
1584540 809
1584550 806
1584560 803
1584570 800
1584580 798
1584590 796
1584600 794
1584610 792
1584620 791
1584630 789
1584640 788
1584650 788
1584660 790
1584670 795
1584680 799
1584690 802
1584700 803
1584710 804
1584720 804
1584730 805
1584740 805
1584750 806
1584760 806
1584770 807
1584780 807
1584790 807
1584800 808
1584810 808
1584820 809
1584830 809
1584840 809
1584850 809
1584860 808
1584870 808
1584880 807
1584890 806
1584900 805
1584910 805
1584920 808
1584930 811
1584940 815
1584950 820
1584960 824
1584970 828
1584980 831
1584990 834
1585000 836
1585010 837
1585020 838
1585030 839
1585040 841
1585050 842
1585060 843
1585070 844
1585080 845
1585090 846
1585100 847
1585110 848
1585120 849
1585130 850
1585140 851
1585150 852
1585160 852
1585170 853
1585180 853
1585190 854
1585200 854
1585210 855
1585220 855
1585230 855
1585240 855
1585250 855
1585260 855
1585270 855
1585280 855
1585290 855
1585300 855
1585310 855
1585320 854
1585330 854
1585340 854
1585350 853
1585360 853
1585370 853
1585380 853
1585390 853
1585400 853
1585410 853
1585420 852
1585430 852
1585440 852
1585450 852
1585460 852
1585470 852
1585480 852
1585490 853
1585500 853
1585510 853
1585520 853
1585530 853
1585540 853
1585550 853
1585560 854
1585570 854
1585580 854
1585590 854
1585600 855
1585610 855
1585620 856
1585630 856
1585640 856
1585650 857
1585660 857
1585670 858
1585680 858
1585690 859
1585700 859
1585710 860
1585720 860
1585730 861
1585740 861
1585750 862
1585760 863
1585770 863
1585780 863
1585790 864
1585800 864
1585810 865
1585820 865
1585830 866
1585840 866
1585850 867
1585860 867
1585870 867
1585880 867
1585890 867
1585900 868
1585910 869
1585920 870
1585930 871
1585940 871
1585950 872
1585960 873
1585970 874
1585980 875
1585990 876
1586000 877
1586010 878
1586020 879
1586030 881
1586040 883
1586050 888
1586060 891
1586070 894
1586080 895
1586090 897
1586100 899
1586110 901
1586120 902
1586130 904
1586140 906
1586150 907
1586160 907
1586170 908
1586180 908
1586190 907
1586200 905
1586210 904
1586220 902
1586230 901
1586240 902
1586250 902
1586260 902
1586270 903
1586280 903
1586290 904
1586300 904
1586310 905
1586320 906
1586330 906
1586340 906
1586350 906
1586360 905
1586370 904
1586380 903
1586390 903
1586400 902
1586410 902
1586420 901
1586430 901
1586440 901
1586450 901
1586460 902
1586470 902
1586480 903
1586490 904
1586500 906
1586510 907
1586520 909
1586530 910
1586540 911
1586550 912
1586560 912
1586570 912
1586580 913
1586590 913
1586600 912
1586610 912
1586620 912
1586630 912
1586640 912
1586650 913
1586660 913
1586670 913
1586680 914
1586690 915
1586700 917
1586710 919
1586720 920
1586730 921
1586740 921
1586750 922
1586760 922
1586770 923
1586780 923
1586790 922
1586800 921
1586810 919
1586820 917
1586830 916
1586840 914
1586850 912
1586860 909
1586870 906
1586880 902
1586890 900
1586900 897
1586910 895
1586920 892
1586930 890
1586940 889
1586950 888
1586960 889
1586970 890
1586980 891
1586990 892
1587000 893
1587010 893
1587020 893
1587030 893
1587040 891
1587050 890
1587060 888
1587070 888
1587080 887
1587090 887
1587100 887
1587110 887
1587120 888
1587130 888
1587140 888
1587150 888
1587160 888
1587170 887
1587180 886
1587190 883
1587200 881
1587210 878
1587220 876
1587230 874
1587240 872
1587250 870
1587260 868
1587270 864
1587280 860
1587290 858
1587300 857
1587310 856
1587320 856
1587330 854
1587340 853
1587350 851
1587360 849
1587370 846
1587380 842
1587390 832
1587400 823
1587410 814
1587420 809
1587430 805
1587440 801
1587450 798
1587460 795
1587470 793
1587480 792
1587490 790
1587500 789
1587510 789
1587520 788
1587530 786
1587540 785
1587550 782
1587560 780
1587570 778
1587580 781
1587590 785
1587600 791
1587610 799
1587620 804
1587630 808
1587640 809
1587650 809
1587660 808
1587670 806
1587680 803
1587690 799
1587700 795
1587710 791
1587720 787
1587730 784
1587740 779
1587750 773
1587760 767
1587770 765
1587780 762
1587790 760
1587800 758
1587810 757
1587820 756
1587830 756
1587840 756
1587850 757
1587860 757
1587870 757
1587880 756
1587890 756
1587900 756
1587910 756
1587920 756
1587930 755
1587940 755
1587950 754
1587960 753
1587970 752
1587980 750
1587990 749
1588000 747
1588010 746
1588020 745
1588030 744
1588040 743
1588050 742
1588060 741
1588070 740
1588080 739
1588090 739
1588100 738
1588110 737
1588120 736
1588130 735
1588140 734
1588150 733
1588160 732
1588170 731
1588180 731
1588190 731
1588200 731
1588210 731
1588220 731
1588230 731
1588240 731
1588250 731
1588260 732
1588270 732
1588280 730
1588290 728
1588300 726
1588310 723
1588320 719
1588330 716
1588340 712
1588350 709
1588360 704
1588370 697
1588380 691
1588390 685
1588400 681
1588410 682
1588420 685
1588430 690
1588440 695
1588450 700
1588460 704
1588470 708
1588480 711
1588490 714
1588500 716
1588510 717
1588520 719
1588530 722
1588540 724
1588550 726
1588560 727
1588570 728
1588580 729
1588590 729
1588600 730
1588610 731
1588620 732
1588630 733
1588640 734
1588650 734
1588660 736
1588670 737
1588680 739
1588690 740
1588700 740
1588710 740
1588720 740
1588730 740
1588740 739
1588750 738
1588760 738
1588770 737
1588780 736
1588790 736
1588800 736
1588810 736
1588820 736
1588830 737
1588840 737
1588850 738
1588860 739
1588870 740
1588880 741
1588890 742
1588900 743
1588910 743
1588920 742
1588930 741
1588940 739
1588950 737
1588960 735
1588970 734
1588980 733
1588990 733
1589000 732
1589010 731
1589020 731
1589030 730
1589040 730
1589050 730
1589060 730
1589070 730
1589080 731
1589090 731
1589100 731
1589110 732
1589120 732
1589130 732
1589140 733
1589150 733
1589160 733
1589170 734
1589180 734
1589190 734
1589200 735
1589210 735
1589220 736
1589230 736
1589240 737
1589250 737
1589260 737
1589270 738
1589280 738
1589290 739
1589300 740
1589310 741
1589320 743
1589330 744
1589340 744
1589350 744
1589360 744
1589370 744
1589380 744
1589390 744
1589400 743
1589410 743
1589420 742
1589430 741
1589440 739
1589450 738
1589460 737
1589470 737
1589480 737
1589490 737
1589500 737
1589510 737
1589520 737
1589530 737
1589540 737
1589550 737
1589560 737
1589570 738
1589580 738
1589590 738
1589600 739
1589610 739
1589620 739
1589630 739
1589640 740
1589650 740
1589660 740
1589670 740
1589680 740
1589690 740
1589700 740
1589710 740
1589720 740
1589730 740
1589740 740
1589750 740
1589760 740
1589770 740
1589780 739
1589790 739
1589800 739
1589810 738
1589820 738
1589830 737
1589840 736
1589850 736
1589860 735
1589870 733
1589880 731
1589890 730
1589900 729
1589910 729
1589920 728
1589930 728
1589940 727
1589950 727
1589960 727
1589970 726
1589980 726
1589990 725
1590000 724
1590010 724
1590020 723
1590030 722
1590040 721
1590050 721
1590060 720
1590070 719
1590080 718
1590090 717
1590100 717
1590110 716
1590120 716
1590130 715
1590140 715
1590150 714
1590160 714
1590170 713
1590180 712
1590190 711
1590200 710
1590210 710
1590220 709
1590230 709
1590240 709
1590250 709
1590260 709
1590270 709
1590280 709
1590290 709
1590300 709
1590310 709
1590320 709
1590330 709
1590340 709
1590350 708
1590360 708
1590370 708
1590380 707
1590390 707
1590400 707
1590410 706
1590420 707
1590430 707
1590440 708
1590450 708
1590460 709
1590470 709
1590480 709
1590490 709
1590500 709
1590510 709
1590520 710
1590530 710
1590540 710
1590550 710
1590560 711
1590570 711
1590580 712
1590590 713
1590600 714
1590610 715
1590620 716
1590630 718
1590640 720
1590650 722
1590660 722
1590670 722
1590680 722
1590690 722
1590700 722
1590710 722
1590720 723
1590730 723
1590740 723
1590750 724
1590760 724
1590770 725
1590780 726
1590790 727
1590800 728
1590810 729
1590820 730
1590830 730
1590840 731
1590850 731
1590860 731
1590870 730
1590880 730
1590890 729
1590900 729
1590910 728
1590920 728
1590930 727
1590940 726
1590950 724
1590960 723
1590970 721
1590980 720
1590990 719
1591000 718
1591010 717
1591020 716
1591030 714
1591040 713
1591050 711
1591060 710
1591070 709
1591080 707
1591090 706
1591100 705
1591110 703
1591120 701
1591130 699
1591140 698
1591150 697
1591160 695
1591170 693
1591180 692
1591190 691
1591200 689
1591210 688
1591220 687
1591230 686
1591240 685
1591250 683
1591260 680
1591270 677
1591280 675
1591290 672
1591300 668
1591310 666
1591320 663
1591330 659
1591340 657
1591350 655
1591360 653
1591370 652
1591380 650
1591390 646
1591400 643
1591410 643
1591420 645
1591430 646
1591440 645
1591450 644
1591460 644
1591470 643
1591480 642
1591490 642
1591500 641
1591510 641
1591520 640
1591530 640
1591540 639
1591550 639
1591560 639
1591570 639
1591580 638
1591590 638
1591600 637
1591610 637
1591620 636
1591630 634
1591640 632
1591650 630
1591660 628
1591670 626
1591680 625
1591690 623
1591700 621
1591710 619
1591720 617
1591730 615
1591740 614
1591750 612
1591760 611
1591770 610
1591780 608
1591790 607
1591800 606
1591810 605
1591820 604
1591830 603
1591840 603
1591850 602
1591860 602
1591870 602
1591880 602
1591890 603
1591900 604
1591910 605
1591920 607
1591930 608
1591940 611
1591950 614
1591960 617
1591970 622
1591980 626
1591990 629
1592000 630
1592010 631
1592020 631
1592030 631
1592040 631
1592050 630
1592060 630
1592070 630
1592080 629
1592090 628
1592100 627
1592110 625
1592120 624
1592130 622
1592140 622
1592150 621
1592160 621
1592170 622
1592180 622
1592190 622
1592200 618
1592210 613
1592220 608
1592230 605
1592240 603
1592250 601
1592260 600
1592270 599
1592280 598
1592290 597
1592300 597
1592310 596
1592320 596
1592330 596
1592340 597
1592350 597
1592360 597
1592370 598
1592380 599
1592390 599
1592400 600
1592410 600
1592420 600
1592430 599
1592440 599
1592450 599
1592460 598
1592470 598
1592480 598
1592490 597
1592500 597
1592510 596
1592520 596
1592530 596
1592540 596
1592550 596
1592560 596
1592570 596
1592580 596
1592590 596
1592600 596
1592610 596
1592620 597
1592630 597
1592640 597
1592650 598
1592660 598
1592670 599
1592680 599
1592690 599
1592700 600
1592710 601
1592720 602
1592730 603
1592740 606
1592750 609
1592760 611
1592770 613
1592780 614
1592790 615
1592800 615
1592810 617
1592820 618
1592830 618
1592840 618
1592850 618
1592860 618
1592870 618
1592880 618
1592890 617
1592900 616
1592910 614
1592920 613
1592930 612
1592940 612
1592950 612
1592960 612
1592970 611
1592980 609
1592990 608
1593000 604
1593010 601
1593020 599
1593030 599
1593040 598
1593050 598
1593060 598
1593070 598
1593080 598
1593090 597
1593100 597
1593110 597
1593120 597
1593130 597
1593140 597
1593150 597
1593160 598
1593170 599
1593180 600
1593190 601
1593200 602
1593210 603
1593220 602
1593230 602
1593240 601
1593250 604
1593260 606
1593270 609
1593280 611
1593290 613
1593300 614
1593310 614
1593320 613
1593330 614
1593340 614
1593350 613
1593360 612
1593370 612
1593380 612
1593390 612
1593400 611
1593410 610
1593420 608
1593430 605
1593440 601
1593450 598
1593460 596
1593470 596
1593480 594
1593490 591
1593500 589
1593510 588
1593520 586
1593530 585
1593540 584
1593550 584
1593560 583
1593570 583
1593580 584
1593590 584
1593600 583
1593610 582
1593620 582
1593630 582
1593640 581
1593650 581
1593660 581
1593670 581
1593680 581
1593690 581
1593700 581
1593710 581
1593720 581
1593730 581
1593740 581
1593750 582
1593760 584
1593770 587
1593780 591
1593790 595
1593800 599
1593810 602
1593820 602
1593830 601
1593840 600
1593850 598
1593860 597
1593870 596
1593880 595
1593890 595
1593900 596
1593910 596
1593920 598
1593930 600
1593940 603
1593950 605
1593960 606
1593970 607
1593980 607
1593990 606
1594000 604
1594010 600
1594020 596
1594030 593
1594040 592
1594050 591
1594060 589
1594070 586
1594080 583
1594090 580
1594100 577
1594110 575
1594120 575
1594130 574
1594140 574
1594150 574
1594160 573
1594170 573
1594180 573
1594190 573
1594200 572
1594210 572
1594220 572
1594230 572
1594240 572
1594250 572
1594260 572
1594270 572
1594280 572
1594290 573
1594300 574
1594310 576
1594320 577
1594330 579
1594340 581
1594350 583
1594360 587
1594370 590
1594380 592
1594390 594
1594400 596
1594410 597
1594420 598
1594430 599
1594440 600
1594450 600
1594460 601
1594470 601
1594480 601
1594490 602
1594500 602
1594510 602
1594520 602
1594530 602
1594540 602
1594550 601
1594560 601
1594570 599
1594580 598
1594590 596
1594600 595
1594610 593
1594620 592
1594630 590
1594640 589
1594650 588
1594660 587
1594670 586
1594680 586
1594690 585
1594700 585
1594710 585
1594720 584
1594730 583
1594740 582
1594750 580
1594760 577
1594770 574
1594780 573
1594790 571
1594800 570
1594810 567
1594820 565
1594830 563
1594840 561
1594850 559
1594860 558
1594870 556
1594880 556
1594890 555
1594900 555
1594910 555
1594920 555
1594930 555
1594940 555
1594950 556
1594960 558
1594970 561
1594980 563
1594990 563
1595000 562
1595010 563
1595020 563
1595030 564
1595040 563
1595050 561
1595060 560
1595070 559
1595080 558
1595090 556
1595100 554
1595110 551
1595120 548
1595130 547
1595140 545
1595150 541
1595160 538
1595170 535
1595180 533
1595190 531
1595200 530
1595210 529
1595220 527
1595230 526
1595240 525
1595250 524
1595260 523
1595270 522
1595280 520
1595290 521
1595300 523
1595310 526
1595320 528
1595330 531
1595340 534
1595350 538
1595360 541
1595370 543
1595380 544
1595390 544
1595400 544
1595410 545
1595420 545
1595430 546
1595440 546
1595450 547
1595460 547
1595470 547
1595480 548
1595490 548
1595500 548
1595510 548
1595520 548
1595530 548
1595540 548
1595550 548
1595560 549
1595570 549
1595580 549
1595590 548
1595600 548
1595610 548
1595620 548
1595630 547
1595640 547
1595650 546
1595660 545
1595670 545
1595680 544
1595690 543
1595700 542
1595710 540
1595720 538
1595730 535
1595740 534
1595750 532
1595760 531
1595770 530
1595780 529
1595790 528
1595800 526
1595810 524
1595820 522
1595830 520
1595840 519
1595850 517
1595860 516
1595870 514
1595880 513
1595890 512
1595900 511
1595910 510
1595920 509
1595930 508
1595940 507
1595950 506
1595960 505
1595970 504
1595980 503
1595990 502
1596000 501
1596010 500
1596020 498
1596030 497
1596040 496
1596050 495
1596060 494
1596070 493
1596080 492
1596090 491
1596100 490
1596110 489
1596120 488
1596130 487
1596140 487
1596150 486
1596160 486
1596170 486
1596180 485
1596190 485
1596200 484
1596210 484
1596220 483
1596230 483
1596240 483
1596250 482
1596260 482
1596270 482
1596280 482
1596290 482
1596300 482
1596310 481
1596320 481
1596330 481
1596340 481
1596350 481
1596360 481
1596370 481
1596380 481
1596390 481
1596400 481
1596410 481
1596420 481
1596430 481
1596440 481
1596450 481
1596460 481
1596470 481
1596480 481
1596490 481
1596500 481
1596510 480
1596520 480
1596530 480
1596540 481
1596550 481
1596560 481
1596570 481
1596580 480
1596590 480
1596600 479
1596610 478
1596620 478
1596630 478
1596640 477
1596650 477
1596660 477
1596670 477
1596680 477
1596690 477
1596700 476
1596710 476
1596720 474
1596730 473
1596740 473
1596750 472
1596760 471
1596770 471
1596780 471
1596790 471
1596800 471
1596810 471
1596820 471
1596830 471
1596840 471
1596850 472
1596860 473
1596870 474
1596880 474
1596890 474
1596900 474
1596910 474
1596920 474
1596930 474
1596940 474
1596950 474
1596960 474
1596970 474
1596980 474
1596990 474
1597000 474
1597010 474
1597020 474
1597030 474
1597040 474
1597050 474
1597060 473
1597070 473
1597080 473
1597090 473
1597100 473
1597110 473
1597120 473
1597130 473
1597140 473
1597150 474
1597160 474
1597170 474
1597180 475
1597190 474
1597200 474
1597210 473
1597220 473
1597230 472
1597240 471
1597250 470
1597260 470
1597270 470
1597280 470
1597290 469
1597300 469
1597310 469
1597320 469
1597330 469
1597340 469
1597350 469
1597360 469
1597370 469
1597380 469
1597390 469
1597400 469
1597410 469
1597420 469
1597430 469
1597440 469
1597450 469
1597460 469
1597470 469
1597480 469
1597490 469
1597500 469
1597510 470
1597520 470
1597530 470
1597540 471
1597550 471
1597560 471
1597570 470
1597580 470
1597590 470
1597600 470
1597610 470
1597620 470
1597630 470
1597640 470
1597650 470
1597660 470
1597670 470
1597680 470
1597690 470
1597700 470
1597710 470
1597720 471
1597730 471
1597740 471
1597750 471
1597760 471
1597770 471
1597780 471
1597790 471
1597800 471
1597810 471
1597820 471
1597830 471
1597840 471
1597850 470
1597860 470
1597870 470
1597880 470
1597890 470
1597900 470
1597910 470
1597920 470
1597930 470
1597940 470
1597950 470
1597960 470
1597970 470
1597980 470
1597990 470
1598000 470
1598010 470
1598020 470
1598030 470
1598040 470
1598050 470
1598060 470
1598070 470
1598080 470
1598090 470
1598100 470
1598110 470
1598120 470
1598130 471
1598140 471
1598150 471
1598160 471
1598170 471
1598180 471
1598190 471
1598200 471
1598210 471
1598220 471
1598230 471
1598240 471
1598250 471
1598260 471
1598270 470
1598280 471
1598290 471
1598300 471
1598310 470
1598320 470
1598330 470
1598340 470
1598350 470
1598360 470
1598370 470
1598380 469
1598390 469
1598400 469
1598410 469
1598420 470
1598430 470
1598440 471
1598450 471
1598460 471
1598470 470
1598480 470
1598490 470
1598500 470
1598510 470
1598520 470
1598530 470
1598540 470
1598550 470
1598560 470
1598570 470
1598580 470
1598590 471
1598600 473
1598610 475
1598620 478
1598630 482
1598640 486
1598650 489
1598660 493
1598670 497
1598680 501
1598690 505
1598700 510
1598710 514
1598720 518
1598730 522
1598740 525
1598750 529
1598760 533
1598770 536
1598780 540
1598790 544
1598800 548
1598810 551
1598820 552
1598830 553
1598840 554
1598850 555
1598860 556
1598870 557
1598880 558
1598890 560
1598900 561
1598910 562
1598920 563
1598930 564
1598940 565
1598950 566
1598960 567
1598970 568
1598980 570
1598990 571
1599000 571
1599010 572
1599020 573
1599030 574
1599040 575
1599050 576
1599060 576
1599070 577
1599080 578
1599090 578
1599100 579
1599110 579
1599120 580
1599130 580
1599140 581
1599150 582
1599160 583
1599170 583
1599180 584
1599190 585
1599200 585
1599210 585
1599220 585
1599230 585
1599240 585
1599250 585
1599260 585
1599270 584
1599280 584
1599290 583
1599300 583
1599310 583
1599320 583
1599330 583
1599340 582
1599350 581
1599360 580
1599370 579
1599380 578
1599390 577
1599400 576
1599410 575
1599420 574
1599430 574
1599440 573
1599450 572
1599460 572
1599470 570
1599480 569
1599490 566
1599500 562
1599510 559
1599520 555
1599530 552
1599540 550
1599550 547
1599560 546
1599570 545
1599580 545
1599590 545
1599600 545
1599610 544
1599620 545
1599630 544
1599640 544
1599650 544
1599660 544
1599670 543
1599680 543
1599690 544
1599700 545
1599710 545
1599720 545
1599730 546
1599740 546
1599750 545
1599760 545
1599770 546
1599780 547
1599790 549
1599800 551
1599810 552
1599820 553
1599830 553
1599840 552
1599850 551
1599860 550
1599870 548
1599880 546
1599890 543
1599900 541
1599910 539
1599920 537
1599930 535
1599940 531
1599950 527
1599960 522
1599970 516
1599980 511
1599990 506
