1580000 917
1580010 916
1580020 916
1580030 916
1580040 916
1580050 915
1580060 915
1580070 915
1580080 915
1580090 915
1580100 914
1580110 914
1580120 914
1580130 914
1580140 914
1580150 913
1580160 913
1580170 913
1580180 913
1580190 913
1580200 912
1580210 912
1580220 912
1580230 912
1580240 912
1580250 911
1580260 911
1580270 911
1580280 911
1580290 911
1580300 911
1580310 911
1580320 911
1580330 911
1580340 910
1580350 910
1580360 910
1580370 910
1580380 910
1580390 910
1580400 909
1580410 909
1580420 909
1580430 909
1580440 909
1580450 908
1580460 908
1580470 908
1580480 908
1580490 908
1580500 908
1580510 908
1580520 908
1580530 907
1580540 907
1580550 907
1580560 907
1580570 907
1580580 907
1580590 907
1580600 906
1580610 906
1580620 906
1580630 906
1580640 906
1580650 906
1580660 905
1580670 905
1580680 905
1580690 905
1580700 905
1580710 905
1580720 905
1580730 904
1580740 904
1580750 904
1580760 904
1580770 904
1580780 904
1580790 903
1580800 903
1580810 903
1580820 903
1580830 903
1580840 903
1580850 903
1580860 902
1580870 902
1580880 902
1580890 902
1580900 901
1580910 901
1580920 901
1580930 901
1580940 901
1580950 901
1580960 901
1580970 900
1580980 900
1580990 900
1581000 900
1581010 900
1581020 900
1581030 900
1581040 900
1581050 900
1581060 900
1581070 900
1581080 900
1581090 899
1581100 899
1581110 899
1581120 899
1581130 899
1581140 899
1581150 899
1581160 899
1581170 899
1581180 899
1581190 899
1581200 899
1581210 899
1581220 899
1581230 899
1581240 899
1581250 899
1581260 899
1581270 899
1581280 899
1581290 898
1581300 898
1581310 898
1581320 898
1581330 898
1581340 898
1581350 898
1581360 898
1581370 898
1581380 898
1581390 898
1581400 897
1581410 897
1581420 897
1581430 897
1581440 897
1581450 896
1581460 896
1581470 896
1581480 896
1581490 896
1581500 896
1581510 896
1581520 895
1581530 895
1581540 895
1581550 895
1581560 895
1581570 895
1581580 895
1581590 895
1581600 895
1581610 895
1581620 895
1581630 894
1581640 894
1581650 894
1581660 894
1581670 894
1581680 894
1581690 894
1581700 894
1581710 894
1581720 894
1581730 894
1581740 894
1581750 894
1581760 894
1581770 894
1581780 894
1581790 894
1581800 894
1581810 894
1581820 893
1581830 893
1581840 893
1581850 894
1581860 894
1581870 894
1581880 894
1581890 894
1581900 894
1581910 894
1581920 894
1581930 894
1581940 894
1581950 894
1581960 894
1581970 894
1581980 894
1581990 894
1582000 894
1582010 894
1582020 894
1582030 894
1582040 894
1582050 894
1582060 894
1582070 894
1582080 894
1582090 895
1582100 895
1582110 895
1582120 895
1582130 895
1582140 895
1582150 895
1582160 895
1582170 895
1582180 895
1582190 895
1582200 895
1582210 895
1582220 895
1582230 895
1582240 896
1582250 896
1582260 896
1582270 896
1582280 896
1582290 896
1582300 896
1582310 896
1582320 896
1582330 896
1582340 896
1582350 896
1582360 896
1582370 896
1582380 896
1582390 896
1582400 896
1582410 896
1582420 896
1582430 896
1582440 896
1582450 896
1582460 896
1582470 896
1582480 896
1582490 896
1582500 896
1582510 896
1582520 896
1582530 896
1582540 896
1582550 897
1582560 897
1582570 899
1582580 899
1582590 900
1582600 900
1582610 901
1582620 901
1582630 900
1582640 899
1582650 898
1582660 898
1582670 898
1582680 898
1582690 898
1582700 898
1582710 898
1582720 898
1582730 898
1582740 898
1582750 898
1582760 899
1582770 899
1582780 899
1582790 899
1582800 899
1582810 899
1582820 899
1582830 899
1582840 899
1582850 900
1582860 900
1582870 900
1582880 901
1582890 901
1582900 902
1582910 902
1582920 903
1582930 903
1582940 903
1582950 904
1582960 904
1582970 904
1582980 904
1582990 905
1583000 905
1583010 906
1583020 906
1583030 907
1583040 908
1583050 909
1583060 910
1583070 911
1583080 912
1583090 914
1583100 915
1583110 916
1583120 918
1583130 919
1583140 920
1583150 921
1583160 921
1583170 922
1583180 924
1583190 925
1583200 926
1583210 927
1583220 927
1583230 928
1583240 928
1583250 928
1583260 929
1583270 929
1583280 929
1583290 930
1583300 930
1583310 930
1583320 931
1583330 931
1583340 932
1583350 933
1583360 933
1583370 934
1583380 935
1583390 935
1583400 935
1583410 935
1583420 935
1583430 935
1583440 935
1583450 935
1583460 935
1583470 935
1583480 935
1583490 935
1583500 934
1583510 933
1583520 932
1583530 931
1583540 931
1583550 930
1583560 930
1583570 928
1583580 926
1583590 925
1583600 924
1583610 923
1583620 921
1583630 921
1583640 920
1583650 919
1583660 918
1583670 917
1583680 917
1583690 916
1583700 916
1583710 915
1583720 914
1583730 913
1583740 912
1583750 911
1583760 910
1583770 910
1583780 910
1583790 910
1583800 911
1583810 910
1583820 910
1583830 910
1583840 910
1583850 910
1583860 910
1583870 909
1583880 909
1583890 908
1583900 908
1583910 908
1583920 910
1583930 912
1583940 915
1583950 917
1583960 919
1583970 920
1583980 922
1583990 924
1584000 926
1584010 928
1584020 929
1584030 931
1584040 932
1584050 934
1584060 936
1584070 938
1584080 941
1584090 944
1584100 947
1584110 949
1584120 951
1584130 953
1584140 954
1584150 955
1584160 956
1584170 958
1584180 959
1584190 960
1584200 961
1584210 962
1584220 963
1584230 965
1584240 966
1584250 967
1584260 970
1584270 973
1584280 975
1584290 976
1584300 976
1584310 976
1584320 977
1584330 977
1584340 978
1584350 978
1584360 978
1584370 979
1584380 979
1584390 979
1584400 979
1584410 979
1584420 978
1584430 978
1584440 978
1584450 977
1584460 977
1584470 977
1584480 977
1584490 978
1584500 978
1584510 978
1584520 979
1584530 979
1584540 980
1584550 980
1584560 980
1584570 981
1584580 981
1584590 981
1584600 981
1584610 981
1584620 981
1584630 982
1584640 982
1584650 982
1584660 982
1584670 982
1584680 983
1584690 983
1584700 983
1584710 983
1584720 983
1584730 983
1584740 983
1584750 983
1584760 983
1584770 984
1584780 984
1584790 984
1584800 984
1584810 984
1584820 984
1584830 984
1584840 984
1584850 985
1584860 985
1584870 985
1584880 986
1584890 986
1584900 987
1584910 988
1584920 989
1584930 991
1584940 994
1584950 996
1584960 999
1584970 1001
1584980 1002
1584990 1003
1585000 1004
1585010 1005
1585020 1005
1585030 1004
1585040 1004
1585050 1002
1585060 1000
1585070 998
1585080 996
1585090 993
1585100 991
1585110 990
1585120 988
1585130 988
1585140 987
1585150 987
1585160 987
1585170 988
1585180 988
1585190 988
1585200 988
1585210 988
1585220 988
1585230 988
1585240 987
1585250 987
1585260 986
1585270 985
1585280 984
1585290 983
1585300 982
1585310 982
1585320 981
1585330 981
1585340 981
1585350 981
1585360 980
1585370 980
1585380 980
1585390 980
1585400 980
1585410 980
1585420 980
1585430 981
1585440 982
1585450 982
1585460 983
1585470 983
1585480 984
1585490 984
1585500 984
1585510 984
1585520 983
1585530 983
1585540 982
1585550 982
1585560 981
1585570 981
1585580 981
1585590 981
1585600 981
1585610 981
1585620 981
1585630 981
1585640 982
1585650 982
1585660 982
1585670 982
1585680 983
1585690 983
1585700 984
1585710 985
1585720 985
1585730 986
1585740 986
1585750 987
1585760 988
1585770 989
1585780 991
1585790 992
1585800 993
1585810 995
1585820 997
1585830 1000
1585840 1003
1585850 1005
1585860 1006
1585870 1006
1585880 1007
1585890 1007
1585900 1006
1585910 1006
1585920 1005
1585930 1001
1585940 996
1585950 992
1585960 990
1585970 989
1585980 988
1585990 986
1586000 984
1586010 981
1586020 975
1586030 970
1586040 967
1586050 966
1586060 964
1586070 963
1586080 962
1586090 962
1586100 963
1586110 963
1586120 962
1586130 961
1586140 958
1586150 956
1586160 953
1586170 952
1586180 951
1586190 949
1586200 947
1586210 944
1586220 940
1586230 935
1586240 932
1586250 929
1586260 928
1586270 928
1586280 928
1586290 929
1586300 933
1586310 937
1586320 940
1586330 943
1586340 946
1586350 948
1586360 949
1586370 950
1586380 951
1586390 952
1586400 952
1586410 952
1586420 952
1586430 952
1586440 953
1586450 954
1586460 955
1586470 955
1586480 956
1586490 956
1586500 956
1586510 957
1586520 957
1586530 956
1586540 956
1586550 955
1586560 955
1586570 955
1586580 954
1586590 954
1586600 954
1586610 953
1586620 953
1586630 953
1586640 953
1586650 953
1586660 954
1586670 955
1586680 956
1586690 957
1586700 958
1586710 959
1586720 960
1586730 961
1586740 962
1586750 963
1586760 964
1586770 965
1586780 966
1586790 967
1586800 968
1586810 968
1586820 968
1586830 969
1586840 969
1586850 968
1586860 967
1586870 967
1586880 965
1586890 963
1586900 961
1586910 958
1586920 955
1586930 952
1586940 949
1586950 947
1586960 944
1586970 942
1586980 940
1586990 938
1587000 937
1587010 935
1587020 933
1587030 931
1587040 929
1587050 927
1587060 926
1587070 925
1587080 924
1587090 924
1587100 923
1587110 922
1587120 921
1587130 920
1587140 918
1587150 915
1587160 913
1587170 912
1587180 911
1587190 911
1587200 910
1587210 908
1587220 906
1587230 903
1587240 902
1587250 900
1587260 899
1587270 898
1587280 897
1587290 896
1587300 895
1587310 894
1587320 893
1587330 893
1587340 892
1587350 892
1587360 891
1587370 889
1587380 888
1587390 885
1587400 883
1587410 882
1587420 881
1587430 880
1587440 879
1587450 878
1587460 877
1587470 877
1587480 877
1587490 877
1587500 876
1587510 876
1587520 876
1587530 876
1587540 875
1587550 875
1587560 874
1587570 874
1587580 872
1587590 871
1587600 868
1587610 866
1587620 864
1587630 862
1587640 860
1587650 858
1587660 856
1587670 855
1587680 854
1587690 852
1587700 851
1587710 850
1587720 849
1587730 848
1587740 847
1587750 846
1587760 845
1587770 844
1587780 843
1587790 842
1587800 840
1587810 839
1587820 838
1587830 837
1587840 836
1587850 836
1587860 835
1587870 834
1587880 833
1587890 833
1587900 831
1587910 830
1587920 829
1587930 828
1587940 827
1587950 826
1587960 825
1587970 824
1587980 823
1587990 822
1588000 821
1588010 820
1588020 819
1588030 818
1588040 817
1588050 816
1588060 814
1588070 813
1588080 812
1588090 811
1588100 810
1588110 808
1588120 807
1588130 805
1588140 803
1588150 801
1588160 799
1588170 796
1588180 794
1588190 792
1588200 790
1588210 788
1588220 786
1588230 784
1588240 782
1588250 780
1588260 778
1588270 776
1588280 775
1588290 773
1588300 770
1588310 769
1588320 767
1588330 766
1588340 766
1588350 765
1588360 765
1588370 767
1588380 770
1588390 772
1588400 774
1588410 778
1588420 780
1588430 781
1588440 781
1588450 781
1588460 782
1588470 782
1588480 783
1588490 784
1588500 784
1588510 785
1588520 785
1588530 786
1588540 787
1588550 787
1588560 788
1588570 789
1588580 790
1588590 791
1588600 792
1588610 793
1588620 794
1588630 795
1588640 796
1588650 797
1588660 798
1588670 799
1588680 800
1588690 801
1588700 802
1588710 803
1588720 804
1588730 805
1588740 806
1588750 806
1588760 807
1588770 808
1588780 808
1588790 809
1588800 810
1588810 811
1588820 812
1588830 813
1588840 814
1588850 815
1588860 817
1588870 818
1588880 819
1588890 821
1588900 822
1588910 824
1588920 826
1588930 827
1588940 829
1588950 830
1588960 831
1588970 832
1588980 833
1588990 834
1589000 835
1589010 836
1589020 836
1589030 838
1589040 842
1589050 845
1589060 847
1589070 848
1589080 850
1589090 851
1589100 851
1589110 849
1589120 848
1589130 846
1589140 845
1589150 845
1589160 845
1589170 845
1589180 845
1589190 846
1589200 847
1589210 848
1589220 849
1589230 850
1589240 850
1589250 850
1589260 850
1589270 850
1589280 850
1589290 850
1589300 850
1589310 849
1589320 849
1589330 849
1589340 849
1589350 849
1589360 849
1589370 850
1589380 850
1589390 851
1589400 852
1589410 853
1589420 855
1589430 855
1589440 856
1589450 857
1589460 858
1589470 859
1589480 860
1589490 860
1589500 860
1589510 861
1589520 864
1589530 866
1589540 868
1589550 871
1589560 874
1589570 876
1589580 878
1589590 878
1589600 879
1589610 879
1589620 880
1589630 881
1589640 880
1589650 880
1589660 878
1589670 876
1589680 874
1589690 872
1589700 870
1589710 869
1589720 868
1589730 867
1589740 866
1589750 864
1589760 863
1589770 862
1589780 861
1589790 859
1589800 858
1589810 856
1589820 854
1589830 851
1589840 847
1589850 844
1589860 841
1589870 839
1589880 838
1589890 837
1589900 835
1589910 834
1589920 833
1589930 832
1589940 831
1589950 830
1589960 829
1589970 828
1589980 827
1589990 826
1590000 825
1590010 825
1590020 824
1590030 824
1590040 823
1590050 823
1590060 822
1590070 822
1590080 821
1590090 821
1590100 820
1590110 820
1590120 820
1590130 819
1590140 819
1590150 820
1590160 820
1590170 818
1590180 816
1590190 814
1590200 811
1590210 809
1590220 808
1590230 808
1590240 807
1590250 807
1590260 806
1590270 806
1590280 805
1590290 804
1590300 804
1590310 803
1590320 802
1590330 802
1590340 801
1590350 800
1590360 799
1590370 798
1590380 798
1590390 797
1590400 797
1590410 796
1590420 796
1590430 796
1590440 795
1590450 795
1590460 794
1590470 794
1590480 794
1590490 793
1590500 793
1590510 793
1590520 792
1590530 792
1590540 792
1590550 791
1590560 791
1590570 791
1590580 791
1590590 791
1590600 791
1590610 791
1590620 791
1590630 792
1590640 792
1590650 792
1590660 792
1590670 793
1590680 794
1590690 795
1590700 795
1590710 794
1590720 793
1590730 791
1590740 790
1590750 790
1590760 789
1590770 789
1590780 788
1590790 788
1590800 788
1590810 788
1590820 788
1590830 788
1590840 789
1590850 789
1590860 789
1590870 789
1590880 790
1590890 790
1590900 791
1590910 791
1590920 791
1590930 792
1590940 793
1590950 793
1590960 794
1590970 794
1590980 795
1590990 795
1591000 795
1591010 794
1591020 794
1591030 793
1591040 793
1591050 792
1591060 792
1591070 791
1591080 790
1591090 790
1591100 789
1591110 788
1591120 788
1591130 787
1591140 787
1591150 786
1591160 786
1591170 786
1591180 785
1591190 785
1591200 785
1591210 785
1591220 784
1591230 784
1591240 784
1591250 784
1591260 784
1591270 784
1591280 784
1591290 784
1591300 784
1591310 784
1591320 784
1591330 784
1591340 784
1591350 784
1591360 784
1591370 785
1591380 785
1591390 785
1591400 786
1591410 787
1591420 787
1591430 788
1591440 789
1591450 791
1591460 792
1591470 792
1591480 792
1591490 792
1591500 792
1591510 792
1591520 792
1591530 792
1591540 791
1591550 791
1591560 791
1591570 790
1591580 790
1591590 789
1591600 789
1591610 789
1591620 789
1591630 789
1591640 788
1591650 788
1591660 788
1591670 787
1591680 787
1591690 786
1591700 786
1591710 786
1591720 785
1591730 784
1591740 784
1591750 783
1591760 782
1591770 782
1591780 781
1591790 781
1591800 780
1591810 780
1591820 779
1591830 777
1591840 776
1591850 775
1591860 773
1591870 772
1591880 771
1591890 770
1591900 769
1591910 769
1591920 769
1591930 768
1591940 768
1591950 768
1591960 768
1591970 768
1591980 768
1591990 768
1592000 768
1592010 769
1592020 769
1592030 769
1592040 769
1592050 768
1592060 766
1592070 765
1592080 763
1592090 762
1592100 761
1592110 760
1592120 759
1592130 757
1592140 756
1592150 755
1592160 755
1592170 754
1592180 754
1592190 754
1592200 754
1592210 754
1592220 754
1592230 753
1592240 753
1592250 752
1592260 751
1592270 750
1592280 750
1592290 750
1592300 750
1592310 750
1592320 750
1592330 752
1592340 753
1592350 755
1592360 758
1592370 761
1592380 764
1592390 769
1592400 772
1592410 775
1592420 777
1592430 778
1592440 779
1592450 781
1592460 783
1592470 785
1592480 786
1592490 787
1592500 789
1592510 790
1592520 791
1592530 792
1592540 793
1592550 793
1592560 793
1592570 793
1592580 793
1592590 790
1592600 785
1592610 780
1592620 775
1592630 771
1592640 768
1592650 765
1592660 763
1592670 761
1592680 760
1592690 758
1592700 755
1592710 752
1592720 749
1592730 747
1592740 745
1592750 742
1592760 740
1592770 737
1592780 735
1592790 732
1592800 730
1592810 727
1592820 725
1592830 722
1592840 720
1592850 717
1592860 715
1592870 713
1592880 711
1592890 710
1592900 708
1592910 707
1592920 706
1592930 706
1592940 705
1592950 705
1592960 704
1592970 701
1592980 698
1592990 698
1593000 699
1593010 699
1593020 699
1593030 699
1593040 699
1593050 699
1593060 699
1593070 699
1593080 699
1593090 699
1593100 701
1593110 704
1593120 710
1593130 716
1593140 721
1593150 724
1593160 724
1593170 724
1593180 722
1593190 720
1593200 719
1593210 719
1593220 718
1593230 718
1593240 717
1593250 717
1593260 716
1593270 716
1593280 716
1593290 716
1593300 715
1593310 715
1593320 714
1593330 714
1593340 713
1593350 712
1593360 711
1593370 710
1593380 711
1593390 712
1593400 714
1593410 716
1593420 717
1593430 719
1593440 719
1593450 718
1593460 717
1593470 716
1593480 716
1593490 715
1593500 714
1593510 712
1593520 710
1593530 708
1593540 707
1593550 706
1593560 704
1593570 702
1593580 700
1593590 697
1593600 695
1593610 692
1593620 690
1593630 687
1593640 685
1593650 683
1593660 681
1593670 679
1593680 677
1593690 677
1593700 675
1593710 673
1593720 671
1593730 670
1593740 670
1593750 669
1593760 668
1593770 667
1593780 666
1593790 664
1593800 663
1593810 662
1593820 662
1593830 661
1593840 660
1593850 659
1593860 659
1593870 658
1593880 657
1593890 657
1593900 656
1593910 655
1593920 654
1593930 653
1593940 652
1593950 651
1593960 650
1593970 650
1593980 650
1593990 649
1594000 648
1594010 648
1594020 647
1594030 646
1594040 645
1594050 644
1594060 643
1594070 642
1594080 640
1594090 638
1594100 638
1594110 640
1594120 640
1594130 639
1594140 639
1594150 639
1594160 638
1594170 638
1594180 638
1594190 638
1594200 638
1594210 638
1594220 638
1594230 638
1594240 638
1594250 638
1594260 638
1594270 638
1594280 638
1594290 638
1594300 638
1594310 638
1594320 637
1594330 637
1594340 636
1594350 635
1594360 633
1594370 632
1594380 631
1594390 630
1594400 629
1594410 628
1594420 627
1594430 626
1594440 625
1594450 625
1594460 624
1594470 623
1594480 622
1594490 621
1594500 621
1594510 620
1594520 619
1594530 619
1594540 618
1594550 618
1594560 617
1594570 617
1594580 616
1594590 615
1594600 615
1594610 615
1594620 614
1594630 614
1594640 614
1594650 614
1594660 613
1594670 613
1594680 612
1594690 612
1594700 612
1594710 611
1594720 611
1594730 611
1594740 610
1594750 610
1594760 609
1594770 609
1594780 608
1594790 608
1594800 607
1594810 607
1594820 607
1594830 607
1594840 606
1594850 606
1594860 605
1594870 605
1594880 604
1594890 603
1594900 602
1594910 601
1594920 600
1594930 600
1594940 599
1594950 598
1594960 597
1594970 596
1594980 595
1594990 594
1595000 594
1595010 593
1595020 591
1595030 589
1595040 587
1595050 586
1595060 584
1595070 584
1595080 583
1595090 582
1595100 581
1595110 580
1595120 579
1595130 579
1595140 578
1595150 577
1595160 577
1595170 576
1595180 575
1595190 574
1595200 574
1595210 575
1595220 577
1595230 579
1595240 581
1595250 582
1595260 583
1595270 583
1595280 583
1595290 584
1595300 585
1595310 586
1595320 589
1595330 592
1595340 595
1595350 596
1595360 596
1595370 596
1595380 596
1595390 595
1595400 595
1595410 595
1595420 594
1595430 594
1595440 594
1595450 593
1595460 592
1595470 591
1595480 591
1595490 590
1595500 589
1595510 589
1595520 589
1595530 589
1595540 589
1595550 588
1595560 588
1595570 588
1595580 587
1595590 587
1595600 586
1595610 585
1595620 584
1595630 583
1595640 582
1595650 582
1595660 581
1595670 581
1595680 581
1595690 581
1595700 580
1595710 580
1595720 579
1595730 579
1595740 578
1595750 577
1595760 576
1595770 575
1595780 575
1595790 574
1595800 573
1595810 572
1595820 572
1595830 571
1595840 571
1595850 570
1595860 570
1595870 569
1595880 568
1595890 567
1595900 566
1595910 566
1595920 565
1595930 565
1595940 565
1595950 564
1595960 564
1595970 563
1595980 562
1595990 561
1596000 561
1596010 561
1596020 560
1596030 560
1596040 559
1596050 559
1596060 559
1596070 559
1596080 558
1596090 558
1596100 557
1596110 557
1596120 557
1596130 557
1596140 556
1596150 556
1596160 556
1596170 555
1596180 555
1596190 555
1596200 555
1596210 555
1596220 555
1596230 554
1596240 554
1596250 554
1596260 553
1596270 553
1596280 553
1596290 553
1596300 553
1596310 553
1596320 553
1596330 552
1596340 552
1596350 552
1596360 552
1596370 552
1596380 552
1596390 552
1596400 552
1596410 552
1596420 552
1596430 552
1596440 553
1596450 553
1596460 553
1596470 553
1596480 553
1596490 552
1596500 552
1596510 551
1596520 551
1596530 551
1596540 551
1596550 550
1596560 550
1596570 550
1596580 550
1596590 549
1596600 549
1596610 548
1596620 548
1596630 547
1596640 547
1596650 547
1596660 547
1596670 546
1596680 546
1596690 546
1596700 546
1596710 547
1596720 547
1596730 547
1596740 547
1596750 547
1596760 546
1596770 546
1596780 546
1596790 546
1596800 546
1596810 546
1596820 546
1596830 546
1596840 546
1596850 546
1596860 545
1596870 545
1596880 545
1596890 545
1596900 545
1596910 545
1596920 544
1596930 544
1596940 543
1596950 543
1596960 542
1596970 542
1596980 541
1596990 541
1597000 541
1597010 540
1597020 540
1597030 540
1597040 540
1597050 539
1597060 539
1597070 539
1597080 539
1597090 539
1597100 539
1597110 539
1597120 539
1597130 539
1597140 539
1597150 538
1597160 538
1597170 538
1597180 537
1597190 536
1597200 535
1597210 534
1597220 533
1597230 531
1597240 529
1597250 527
1597260 524
1597270 522
1597280 520
1597290 518
1597300 516
1597310 515
1597320 514
1597330 512
1597340 511
1597350 509
1597360 508
1597370 508
1597380 507
1597390 507
1597400 506
1597410 504
1597420 503
1597430 502
1597440 501
1597450 500
1597460 499
1597470 498
1597480 497
1597490 496
1597500 495
1597510 494
1597520 493
1597530 492
1597540 491
1597550 489
1597560 488
1597570 486
1597580 485
1597590 484
1597600 484
1597610 483
1597620 483
1597630 482
1597640 482
1597650 481
1597660 481
1597670 481
1597680 481
1597690 481
1597700 482
1597710 482
1597720 482
1597730 483
1597740 483
1597750 482
1597760 482
1597770 482
1597780 482
1597790 482
1597800 482
1597810 481
1597820 481
1597830 480
1597840 479
1597850 478
1597860 478
1597870 477
1597880 477
1597890 477
1597900 477
1597910 477
1597920 477
1597930 477
1597940 477
1597950 477
1597960 478
1597970 478
1597980 478
1597990 478
1598000 478
1598010 478
1598020 479
1598030 479
1598040 479
1598050 480
1598060 480
1598070 480
1598080 480
1598090 480
1598100 480
1598110 480
1598120 480
1598130 479
1598140 479
1598150 479
1598160 479
1598170 479
1598180 479
1598190 478
1598200 478
1598210 478
1598220 478
1598230 478
1598240 478
1598250 478
1598260 478
1598270 477
1598280 477
1598290 477
1598300 477
1598310 477
1598320 477
1598330 476
1598340 476
1598350 476
1598360 476
1598370 476
1598380 476
1598390 476
1598400 476
1598410 476
1598420 476
1598430 476
1598440 476
1598450 476
1598460 476
1598470 476
1598480 476
1598490 475
1598500 475
1598510 475
1598520 475
1598530 475
1598540 475
1598550 475
1598560 475
1598570 475
1598580 475
1598590 475
1598600 475
1598610 475
1598620 475
1598630 475
1598640 475
1598650 475
1598660 475
1598670 475
1598680 475
1598690 475
1598700 475
1598710 475
1598720 474
1598730 475
1598740 475
1598750 475
1598760 475
1598770 475
1598780 474
1598790 474
1598800 474
1598810 474
1598820 474
1598830 474
1598840 474
1598850 473
1598860 473
1598870 473
1598880 473
1598890 473
1598900 473
1598910 473
1598920 473
1598930 473
1598940 473
1598950 472
1598960 472
1598970 472
1598980 472
1598990 472
1599000 472
1599010 472
1599020 472
1599030 472
1599040 472
1599050 472
1599060 472
1599070 472
1599080 472
1599090 472
1599100 472
1599110 471
1599120 471
1599130 471
1599140 471
1599150 471
1599160 471
1599170 471
1599180 471
1599190 471
1599200 471
1599210 471
1599220 471
1599230 471
1599240 472
1599250 473
1599260 473
1599270 472
1599280 471
1599290 470
1599300 470
1599310 471
1599320 472
1599330 473
1599340 473
1599350 472
1599360 470
1599370 469
1599380 469
1599390 468
1599400 468
1599410 468
1599420 468
1599430 468
1599440 468
1599450 468
1599460 468
1599470 468
1599480 468
1599490 468
1599500 468
1599510 468
1599520 468
1599530 468
1599540 468
1599550 468
1599560 468
1599570 468
1599580 468
1599590 468
1599600 467
1599610 467
1599620 467
1599630 467
1599640 467
1599650 467
1599660 467
1599670 467
1599680 467
1599690 467
1599700 467
1599710 467
1599720 467
1599730 467
1599740 467
1599750 466
1599760 466
1599770 467
1599780 466
1599790 466
1599800 466
1599810 466
1599820 466
1599830 466
1599840 466
1599850 466
1599860 466
1599870 466
1599880 466
1599890 466
1599900 466
1599910 466
1599920 466
1599930 466
1599940 466
1599950 466
1599960 466
1599970 466
1599980 466
1599990 466
