1580000 970
1580010 968
1580020 966
1580030 965
1580040 965
1580050 964
1580060 964
1580070 963
1580080 963
1580090 962
1580100 962
1580110 962
1580120 962
1580130 963
1580140 963
1580150 963
1580160 964
1580170 964
1580180 965
1580190 966
1580200 966
1580210 967
1580220 967
1580230 967
1580240 967
1580250 967
1580260 966
1580270 965
1580280 963
1580290 961
1580300 959
1580310 958
1580320 956
1580330 954
1580340 952
1580350 949
1580360 946
1580370 944
1580380 941
1580390 939
1580400 937
1580410 937
1580420 937
1580430 936
1580440 936
1580450 935
1580460 935
1580470 937
1580480 940
1580490 942
1580500 944
1580510 946
1580520 947
1580530 947
1580540 947
1580550 946
1580560 946
1580570 945
1580580 944
1580590 944
1580600 945
1580610 945
1580620 946
1580630 949
1580640 951
1580650 954
1580660 956
1580670 958
1580680 961
1580690 963
1580700 965
1580710 966
1580720 967
1580730 968
1580740 969
1580750 969
1580760 970
1580770 971
1580780 972
1580790 973
1580800 974
1580810 975
1580820 976
1580830 976
1580840 977
1580850 977
1580860 977
1580870 977
1580880 977
1580890 976
1580900 976
1580910 975
1580920 975
1580930 974
1580940 974
1580950 974
1580960 974
1580970 974
1580980 974
1580990 973
1581000 973
1581010 973
1581020 973
1581030 974
1581040 975
1581050 976
1581060 977
1581070 978
1581080 978
1581090 979
1581100 979
1581110 979
1581120 978
1581130 978
1581140 978
1581150 977
1581160 977
1581170 977
1581180 978
1581190 979
1581200 980
1581210 980
1581220 981
1581230 981
1581240 981
1581250 982
1581260 982
1581270 982
1581280 982
1581290 983
1581300 983
1581310 984
1581320 985
1581330 987
1581340 990
1581350 992
1581360 993
1581370 995
1581380 996
1581390 997
1581400 997
1581410 997
1581420 998
1581430 999
1581440 1000
1581450 1002
1581460 1005
1581470 1009
1581480 1011
1581490 1013
1581500 1015
1581510 1017
1581520 1018
1581530 1020
1581540 1022
1581550 1025
1581560 1027
1581570 1029
1581580 1031
1581590 1033
1581600 1035
1581610 1038
1581620 1040
1581630 1042
1581640 1044
1581650 1046
1581660 1048
1581670 1049
1581680 1051
1581690 1052
1581700 1054
1581710 1056
1581720 1057
1581730 1058
1581740 1060
1581750 1061
1581760 1063
1581770 1064
1581780 1065
1581790 1066
1581800 1067
1581810 1068
1581820 1068
1581830 1069
1581840 1070
1581850 1070
1581860 1071
1581870 1071
1581880 1071
1581890 1072
1581900 1072
1581910 1072
1581920 1073
1581930 1073
1581940 1074
1581950 1074
1581960 1074
1581970 1073
1581980 1073
1581990 1073
1582000 1073
1582010 1073
1582020 1073
1582030 1072
1582040 1072
1582050 1072
1582060 1072
1582070 1072
1582080 1073
1582090 1074
1582100 1075
1582110 1076
1582120 1077
1582130 1078
1582140 1079
1582150 1079
1582160 1079
1582170 1078
1582180 1077
1582190 1077
1582200 1077
1582210 1078
1582220 1079
1582230 1079
1582240 1080
1582250 1081
1582260 1083
1582270 1084
1582280 1086
1582290 1088
1582300 1090
1582310 1092
1582320 1094
1582330 1097
1582340 1099
1582350 1101
1582360 1103
1582370 1105
1582380 1107
1582390 1109
1582400 1112
1582410 1114
1582420 1116
1582430 1118
1582440 1121
1582450 1124
1582460 1126
1582470 1128
1582480 1130
1582490 1132
1582500 1133
1582510 1135
1582520 1136
1582530 1138
1582540 1139
1582550 1140
1582560 1141
1582570 1142
1582580 1143
1582590 1144
1582600 1144
1582610 1145
1582620 1145
1582630 1144
1582640 1143
1582650 1143
1582660 1142
1582670 1141
1582680 1139
1582690 1138
1582700 1137
1582710 1136
1582720 1135
1582730 1135
1582740 1134
1582750 1133
1582760 1132
1582770 1131
1582780 1130
1582790 1130
1582800 1129
1582810 1128
1582820 1126
1582830 1125
1582840 1124
1582850 1123
1582860 1121
1582870 1120
1582880 1118
1582890 1117
1582900 1116
1582910 1115
1582920 1113
1582930 1112
1582940 1111
1582950 1110
1582960 1109
1582970 1108
1582980 1107
1582990 1106
1583000 1105
1583010 1104
1583020 1103
1583030 1102
1583040 1101
1583050 1100
1583060 1099
1583070 1098
1583080 1097
1583090 1096
1583100 1095
1583110 1094
1583120 1093
1583130 1092
1583140 1092
1583150 1091
1583160 1090
1583170 1090
1583180 1089
1583190 1088
1583200 1087
1583210 1087
1583220 1086
1583230 1085
1583240 1085
1583250 1084
1583260 1084
1583270 1083
1583280 1083
1583290 1082
1583300 1081
1583310 1081
1583320 1080
1583330 1079
1583340 1078
1583350 1077
1583360 1077
1583370 1076
1583380 1075
1583390 1074
1583400 1073
1583410 1072
1583420 1071
1583430 1070
1583440 1070
1583450 1069
1583460 1068
1583470 1067
1583480 1065
1583490 1064
1583500 1063
1583510 1062
1583520 1061
1583530 1059
1583540 1058
1583550 1056
1583560 1055
1583570 1053
1583580 1051
1583590 1049
1583600 1047
1583610 1045
1583620 1043
1583630 1042
1583640 1040
1583650 1038
1583660 1037
1583670 1035
1583680 1034
1583690 1032
1583700 1031
1583710 1030
1583720 1028
1583730 1027
1583740 1026
1583750 1025
1583760 1023
1583770 1022
1583780 1021
1583790 1020
1583800 1018
1583810 1017
1583820 1016
1583830 1015
1583840 1014
1583850 1013
1583860 1012
1583870 1011
1583880 1010
1583890 1009
1583900 1009
1583910 1008
1583920 1007
1583930 1007
1583940 1006
1583950 1005
1583960 1004
1583970 1004
1583980 1004
1583990 1003
1584000 1003
1584010 1003
1584020 1003
1584030 1003
1584040 1004
1584050 1005
1584060 1005
1584070 1005
1584080 1005
1584090 1005
1584100 1006
1584110 1006
1584120 1006
1584130 1006
1584140 1005
1584150 1005
1584160 1005
1584170 1005
1584180 1006
1584190 1006
1584200 1006
1584210 1006
1584220 1006
1584230 1006
1584240 1005
1584250 1004
1584260 1003
1584270 1002
1584280 1001
1584290 1000
1584300 1000
1584310 999
1584320 999
1584330 999
1584340 999
1584350 998
1584360 997
1584370 997
1584380 996
1584390 995
1584400 994
1584410 992
1584420 991
1584430 989
1584440 987
1584450 985
1584460 983
1584470 981
1584480 978
1584490 975
1584500 972
1584510 969
1584520 967
1584530 965
1584540 964
1584550 963
1584560 963
1584570 964
1584580 964
1584590 964
1584600 964
1584610 964
1584620 965
1584630 965
1584640 966
1584650 966
1584660 967
1584670 967
1584680 968
1584690 968
1584700 968
1584710 968
1584720 969
1584730 969
1584740 969
1584750 968
1584760 968
1584770 968
1584780 968
1584790 967
1584800 966
1584810 965
1584820 963
1584830 962
1584840 960
1584850 958
1584860 956
1584870 955
1584880 953
1584890 952
1584900 950
1584910 948
1584920 947
1584930 945
1584940 943
1584950 942
1584960 941
1584970 940
1584980 939
1584990 938
1585000 937
1585010 937
1585020 936
1585030 936
1585040 936
1585050 935
1585060 935
1585070 935
1585080 934
1585090 933
1585100 933
1585110 932
1585120 932
1585130 931
1585140 931
1585150 931
1585160 931
1585170 930
1585180 929
1585190 929
1585200 928
1585210 928
1585220 927
1585230 926
1585240 924
1585250 923
1585260 922
1585270 920
1585280 919
1585290 918
1585300 916
1585310 915
1585320 914
1585330 912
1585340 911
1585350 910
1585360 909
1585370 908
1585380 907
1585390 906
1585400 905
1585410 903
1585420 901
1585430 900
1585440 898
1585450 896
1585460 895
1585470 893
1585480 891
1585490 889
1585500 888
1585510 887
1585520 887
1585530 886
1585540 886
1585550 885
1585560 885
1585570 884
1585580 884
1585590 883
1585600 883
1585610 882
1585620 882
1585630 882
1585640 882
1585650 882
1585660 881
1585670 881
1585680 881
1585690 881
1585700 881
1585710 881
1585720 881
1585730 882
1585740 882
1585750 882
1585760 883
1585770 883
1585780 883
1585790 884
1585800 884
1585810 885
1585820 885
1585830 886
1585840 886
1585850 887
1585860 887
1585870 888
1585880 888
1585890 888
1585900 888
1585910 887
1585920 887
1585930 887
1585940 887
1585950 888
1585960 888
1585970 888
1585980 888
1585990 888
1586000 888
1586010 887
1586020 887
1586030 887
1586040 887
1586050 887
1586060 887
1586070 886
1586080 885
1586090 884
1586100 885
1586110 886
1586120 886
1586130 886
1586140 886
1586150 886
1586160 886
1586170 886
1586180 886
1586190 886
1586200 885
1586210 885
1586220 885
1586230 884
1586240 884
1586250 884
1586260 883
1586270 883
1586280 883
1586290 883
1586300 882
1586310 882
1586320 882
1586330 881
1586340 881
1586350 881
1586360 880
1586370 880
1586380 880
1586390 880
1586400 880
1586410 880
1586420 880
1586430 879
1586440 879
1586450 879
1586460 879
1586470 879
1586480 879
1586490 879
1586500 879
1586510 879
1586520 879
1586530 880
1586540 880
1586550 880
1586560 880
1586570 880
1586580 880
1586590 881
1586600 881
1586610 881
1586620 882
1586630 882
1586640 882
1586650 883
1586660 883
1586670 884
1586680 884
1586690 885
1586700 886
1586710 887
1586720 887
1586730 888
1586740 889
1586750 890
1586760 890
1586770 890
1586780 891
1586790 891
1586800 890
1586810 890
1586820 890
1586830 890
1586840 890
1586850 890
1586860 891
1586870 892
1586880 893
1586890 894
1586900 895
1586910 897
1586920 899
1586930 902
1586940 904
1586950 906
1586960 908
1586970 909
1586980 911
1586990 912
1587000 913
1587010 914
1587020 914
1587030 914
1587040 914
1587050 914
1587060 914
1587070 914
1587080 914
1587090 914
1587100 914
1587110 914
1587120 914
1587130 914
1587140 914
1587150 914
1587160 913
1587170 913
1587180 913
1587190 913
1587200 913
1587210 913
1587220 912
1587230 912
1587240 912
1587250 911
1587260 910
1587270 909
1587280 908
1587290 907
1587300 905
1587310 904
1587320 902
1587330 901
1587340 900
1587350 899
1587360 898
1587370 897
1587380 896
1587390 895
1587400 894
1587410 893
1587420 892
1587430 891
1587440 891
1587450 891
1587460 890
1587470 890
1587480 890
1587490 889
1587500 889
1587510 888
1587520 888
1587530 888
1587540 887
1587550 886
1587560 886
1587570 885
1587580 885
1587590 884
1587600 883
1587610 883
1587620 883
1587630 882
1587640 881
1587650 881
1587660 880
1587670 879
1587680 878
1587690 876
1587700 876
1587710 877
1587720 879
1587730 880
1587740 881
1587750 882
1587760 883
1587770 884
1587780 885
1587790 885
1587800 886
1587810 887
1587820 888
1587830 889
1587840 890
1587850 891
1587860 891
1587870 892
1587880 892
1587890 893
1587900 894
1587910 895
1587920 897
1587930 899
1587940 901
1587950 903
1587960 905
1587970 907
1587980 910
1587990 912
1588000 914
1588010 917
1588020 919
1588030 922
1588040 924
1588050 926
1588060 927
1588070 928
1588080 929
1588090 930
1588100 931
1588110 932
1588120 933
1588130 935
1588140 936
1588150 937
1588160 938
1588170 939
1588180 941
1588190 942
1588200 943
1588210 945
1588220 947
1588230 948
1588240 949
1588250 950
1588260 951
1588270 953
1588280 954
1588290 956
1588300 957
1588310 958
1588320 960
1588330 962
1588340 964
1588350 966
1588360 967
1588370 969
1588380 971
1588390 972
1588400 974
1588410 975
1588420 977
1588430 979
1588440 980
1588450 982
1588460 983
1588470 984
1588480 986
1588490 987
1588500 988
1588510 990
1588520 991
1588530 992
1588540 994
1588550 995
1588560 997
1588570 998
1588580 1000
1588590 1001
1588600 1003
1588610 1005
1588620 1006
1588630 1008
1588640 1009
1588650 1011
1588660 1012
1588670 1014
1588680 1016
1588690 1017
1588700 1019
1588710 1020
1588720 1021
1588730 1023
1588740 1026
1588750 1028
1588760 1030
1588770 1032
1588780 1034
1588790 1036
1588800 1038
1588810 1040
1588820 1042
1588830 1044
1588840 1047
1588850 1049
1588860 1051
1588870 1053
1588880 1055
1588890 1057
1588900 1060
1588910 1062
1588920 1064
1588930 1066
1588940 1068
1588950 1070
1588960 1072
1588970 1075
1588980 1078
1588990 1081
1589000 1083
1589010 1084
1589020 1085
1589030 1087
1589040 1090
1589050 1092
1589060 1094
1589070 1095
1589080 1096
1589090 1098
1589100 1099
1589110 1099
1589120 1099
1589130 1099
1589140 1099
1589150 1098
1589160 1097
1589170 1095
1589180 1094
1589190 1092
1589200 1091
1589210 1089
1589220 1087
1589230 1085
1589240 1083
1589250 1081
1589260 1079
1589270 1076
1589280 1074
1589290 1072
1589300 1069
1589310 1067
1589320 1064
1589330 1062
1589340 1060
1589350 1058
1589360 1056
1589370 1054
1589380 1051
1589390 1049
1589400 1047
1589410 1045
1589420 1043
1589430 1040
1589440 1038
1589450 1037
1589460 1035
1589470 1033
1589480 1031
1589490 1029
1589500 1027
1589510 1025
1589520 1023
1589530 1021
1589540 1019
1589550 1017
1589560 1015
1589570 1014
1589580 1012
1589590 1010
1589600 1008
1589610 1007
1589620 1005
1589630 1003
1589640 1001
1589650 999
1589660 997
1589670 995
1589680 993
1589690 991
1589700 989
1589710 986
1589720 984
1589730 981
1589740 979
1589750 976
1589760 974
1589770 971
1589780 969
1589790 966
1589800 963
1589810 959
1589820 956
1589830 953
1589840 949
1589850 946
1589860 943
1589870 940
1589880 937
1589890 934
1589900 931
1589910 928
1589920 924
1589930 921
1589940 918
1589950 915
1589960 912
1589970 910
1589980 907
1589990 907
1590000 908
1590010 909
1590020 910
1590030 912
1590040 914
1590050 915
1590060 915
1590070 914
1590080 912
1590090 911
1590100 909
1590110 907
1590120 906
1590130 904
1590140 903
1590150 902
1590160 901
1590170 901
1590180 900
1590190 899
1590200 898
1590210 897
1590220 896
1590230 895
1590240 894
1590250 893
1590260 892
1590270 891
1590280 890
1590290 889
1590300 888
1590310 887
1590320 886
1590330 886
1590340 886
1590350 885
1590360 884
1590370 884
1590380 884
1590390 884
1590400 883
1590410 883
1590420 882
1590430 882
1590440 881
1590450 880
1590460 880
1590470 880
1590480 879
1590490 879
1590500 879
1590510 879
1590520 878
1590530 877
1590540 877
1590550 875
1590560 874
1590570 872
1590580 871
1590590 870
1590600 869
1590610 867
1590620 865
1590630 864
1590640 863
1590650 862
1590660 861
1590670 859
1590680 858
1590690 856
1590700 854
1590710 852
1590720 850
1590730 846
1590740 842
1590750 837
1590760 832
1590770 826
1590780 822
1590790 818
1590800 815
1590810 813
1590820 812
1590830 812
1590840 811
1590850 811
1590860 811
1590870 811
1590880 811
1590890 811
1590900 811
1590910 811
1590920 811
1590930 811
1590940 811
1590950 811
1590960 811
1590970 811
1590980 811
1590990 811
1591000 811
1591010 813
1591020 816
1591030 824
1591040 827
1591050 828
1591060 825
1591070 823
1591080 822
1591090 822
1591100 826
1591110 830
1591120 835
1591130 840
1591140 843
1591150 845
1591160 845
1591170 845
1591180 845
1591190 844
1591200 843
1591210 841
1591220 839
1591230 838
1591240 837
1591250 836
1591260 836
1591270 836
1591280 837
1591290 838
1591300 838
1591310 839
1591320 839
1591330 840
1591340 841
1591350 841
1591360 842
1591370 844
1591380 845
1591390 847
1591400 851
1591410 855
1591420 859
1591430 862
1591440 864
1591450 865
1591460 865
1591470 864
1591480 864
1591490 865
1591500 866
1591510 868
1591520 870
1591530 872
1591540 874
1591550 877
1591560 879
1591570 880
1591580 881
1591590 881
1591600 881
1591610 882
1591620 883
1591630 884
1591640 885
1591650 887
1591660 889
1591670 892
1591680 894
1591690 895
1591700 897
1591710 898
1591720 898
1591730 899
1591740 899
1591750 900
1591760 902
1591770 903
1591780 904
1591790 905
1591800 905
1591810 905
1591820 904
1591830 904
1591840 902
1591850 900
1591860 899
1591870 899
1591880 898
1591890 898
1591900 898
1591910 898
1591920 899
1591930 901
1591940 903
1591950 905
1591960 906
1591970 908
1591980 909
1591990 911
1592000 912
1592010 914
1592020 916
1592030 917
1592040 919
1592050 922
1592060 925
1592070 928
1592080 931
1592090 934
1592100 937
1592110 939
1592120 942
1592130 945
1592140 948
1592150 951
1592160 953
1592170 956
1592180 959
1592190 961
1592200 964
1592210 966
1592220 968
1592230 969
1592240 971
1592250 974
1592260 976
1592270 978
1592280 980
1592290 982
1592300 984
1592310 986
1592320 988
1592330 990
1592340 992
1592350 995
1592360 997
1592370 999
1592380 1002
1592390 1004
1592400 1008
1592410 1011
1592420 1013
1592430 1016
1592440 1018
1592450 1021
1592460 1023
1592470 1026
1592480 1029
1592490 1032
1592500 1037
1592510 1040
1592520 1042
1592530 1045
1592540 1046
1592550 1048
1592560 1050
1592570 1051
1592580 1053
1592590 1055
1592600 1056
1592610 1057
1592620 1058
1592630 1059
1592640 1060
1592650 1061
1592660 1062
1592670 1062
1592680 1063
1592690 1063
1592700 1064
1592710 1064
1592720 1064
1592730 1063
1592740 1063
1592750 1062
1592760 1061
1592770 1060
1592780 1059
1592790 1058
1592800 1056
1592810 1055
1592820 1053
1592830 1051
1592840 1050
1592850 1047
1592860 1045
1592870 1044
1592880 1042
1592890 1040
1592900 1038
1592910 1037
1592920 1035
1592930 1033
1592940 1032
1592950 1030
1592960 1029
1592970 1028
1592980 1026
1592990 1025
1593000 1024
1593010 1022
1593020 1021
1593030 1020
1593040 1018
1593050 1017
1593060 1016
1593070 1016
1593080 1015
1593090 1014
1593100 1014
1593110 1014
1593120 1014
1593130 1014
1593140 1014
1593150 1014
1593160 1013
1593170 1014
1593180 1014
1593190 1015
1593200 1016
1593210 1017
1593220 1018
1593230 1020
1593240 1021
1593250 1022
1593260 1023
1593270 1024
1593280 1025
1593290 1027
1593300 1028
1593310 1029
1593320 1030
1593330 1031
1593340 1032
1593350 1033
1593360 1034
1593370 1034
1593380 1035
1593390 1035
1593400 1035
1593410 1035
1593420 1034
1593430 1033
1593440 1031
1593450 1029
1593460 1027
1593470 1025
1593480 1022
1593490 1018
1593500 1016
1593510 1013
1593520 1011
1593530 1008
1593540 1005
1593550 1003
1593560 1001
1593570 999
1593580 997
1593590 995
1593600 993
1593610 991
1593620 990
1593630 988
1593640 987
1593650 985
1593660 984
1593670 982
1593680 981
1593690 980
1593700 979
1593710 978
1593720 977
1593730 975
1593740 974
1593750 973
1593760 971
1593770 969
1593780 968
1593790 966
1593800 964
1593810 962
1593820 960
1593830 958
1593840 957
1593850 955
1593860 954
1593870 952
1593880 951
1593890 949
1593900 947
1593910 945
1593920 943
1593930 941
1593940 939
1593950 936
1593960 933
1593970 931
1593980 928
1593990 925
1594000 922
1594010 919
1594020 917
1594030 914
1594040 911
1594050 909
1594060 906
1594070 904
1594080 901
1594090 899
1594100 896
1594110 893
1594120 891
1594130 888
1594140 885
1594150 883
1594160 881
1594170 878
1594180 875
1594190 873
1594200 870
1594210 868
1594220 866
1594230 864
1594240 862
1594250 860
1594260 858
1594270 856
1594280 855
1594290 853
1594300 851
1594310 849
1594320 848
1594330 846
1594340 845
1594350 844
1594360 842
1594370 841
1594380 839
1594390 837
1594400 836
1594410 834
1594420 832
1594430 830
1594440 828
1594450 826
1594460 823
1594470 821
1594480 818
1594490 816
1594500 815
1594510 814
1594520 812
1594530 810
1594540 809
1594550 807
1594560 804
1594570 801
1594580 799
1594590 797
1594600 794
1594610 790
1594620 784
1594630 779
1594640 773
1594650 768
1594660 762
1594670 757
1594680 752
1594690 747
1594700 743
1594710 739
1594720 735
1594730 731
1594740 727
1594750 724
1594760 720
1594770 717
1594780 714
1594790 712
1594800 710
1594810 709
1594820 707
1594830 706
1594840 705
1594850 704
1594860 704
1594870 703
1594880 702
1594890 700
1594900 698
1594910 696
1594920 693
1594930 690
1594940 687
1594950 685
1594960 683
1594970 682
1594980 681
1594990 680
1595000 679
1595010 678
1595020 677
1595030 676
1595040 676
1595050 674
1595060 672
1595070 669
1595080 668
1595090 667
1595100 665
1595110 663
1595120 661
1595130 660
1595140 659
1595150 658
1595160 658
1595170 658
1595180 657
1595190 657
1595200 656
1595210 655
1595220 653
1595230 650
1595240 646
1595250 643
1595260 641
1595270 640
1595280 638
1595290 637
1595300 636
1595310 635
1595320 634
1595330 633
1595340 632
1595350 632
1595360 631
1595370 630
1595380 630
1595390 629
1595400 629
1595410 628
1595420 628
1595430 627
1595440 627
1595450 627
1595460 626
1595470 625
1595480 625
1595490 624
1595500 623
1595510 622
1595520 622
1595530 621
1595540 620
1595550 620
1595560 619
1595570 618
1595580 618
1595590 617
1595600 616
1595610 616
1595620 615
1595630 615
1595640 614
1595650 614
1595660 613
1595670 612
1595680 612
1595690 611
1595700 610
1595710 609
1595720 609
1595730 608
1595740 608
1595750 607
1595760 607
1595770 606
1595780 606
1595790 606
1595800 606
1595810 606
1595820 606
1595830 605
1595840 605
1595850 605
1595860 605
1595870 605
1595880 605
1595890 604
1595900 604
1595910 604
1595920 603
1595930 603
1595940 602
1595950 602
1595960 601
1595970 601
1595980 601
1595990 600
1596000 600
1596010 600
1596020 600
1596030 599
1596040 599
1596050 599
1596060 599
1596070 599
1596080 599
1596090 599
1596100 599
1596110 599
1596120 598
1596130 598
1596140 598
1596150 598
1596160 597
1596170 597
1596180 597
1596190 597
1596200 597
1596210 596
1596220 596
1596230 596
1596240 596
1596250 596
1596260 596
1596270 595
1596280 595
1596290 595
1596300 595
1596310 595
1596320 595
1596330 594
1596340 594
1596350 594
1596360 594
1596370 594
1596380 594
1596390 594
1596400 593
1596410 593
1596420 592
1596430 592
1596440 591
1596450 591
1596460 591
1596470 590
1596480 590
1596490 590
1596500 589
1596510 589
1596520 589
1596530 588
1596540 588
1596550 587
1596560 587
1596570 586
1596580 585
1596590 585
1596600 584
1596610 583
1596620 582
1596630 581
1596640 580
1596650 580
1596660 580
1596670 582
1596680 583
1596690 584
1596700 585
1596710 585
1596720 583
1596730 582
1596740 582
1596750 582
1596760 581
1596770 578
1596780 575
1596790 573
1596800 570
1596810 568
1596820 566
1596830 566
1596840 565
1596850 564
1596860 563
1596870 562
1596880 562
1596890 563
1596900 568
1596910 572
1596920 576
1596930 577
1596940 577
1596950 578
1596960 578
1596970 579
1596980 579
1596990 579
1597000 579
1597010 580
1597020 580
1597030 580
1597040 580
1597050 579
1597060 579
1597070 579
1597080 579
1597090 579
1597100 579
1597110 579
1597120 580
1597130 580
1597140 581
1597150 581
1597160 582
1597170 582
1597180 581
1597190 581
1597200 582
1597210 582
1597220 582
1597230 582
1597240 581
1597250 581
1597260 581
1597270 580
1597280 580
1597290 580
1597300 580
1597310 580
1597320 580
1597330 579
1597340 579
1597350 579
1597360 579
1597370 578
1597380 578
1597390 578
1597400 578
1597410 578
1597420 578
1597430 578
1597440 578
1597450 578
1597460 578
1597470 579
1597480 579
1597490 579
1597500 579
1597510 579
1597520 579
1597530 579
1597540 579
1597550 579
1597560 579
1597570 579
1597580 579
1597590 579
1597600 579
1597610 579
1597620 579
1597630 579
1597640 579
1597650 580
1597660 580
1597670 580
1597680 580
1597690 580
1597700 580
1597710 580
1597720 580
1597730 580
1597740 580
1597750 580
1597760 579
1597770 579
1597780 579
1597790 578
1597800 578
1597810 577
1597820 577
1597830 576
1597840 575
1597850 575
1597860 574
1597870 574
1597880 573
1597890 572
1597900 571
1597910 571
1597920 570
1597930 569
1597940 569
1597950 568
1597960 568
1597970 568
1597980 567
1597990 567
1598000 567
1598010 567
1598020 566
1598030 566
1598040 566
1598050 566
1598060 565
1598070 565
1598080 564
1598090 564
1598100 563
1598110 563
1598120 562
1598130 561
1598140 561
1598150 560
1598160 559
1598170 559
1598180 559
1598190 558
1598200 558
1598210 557
1598220 557
1598230 557
1598240 556
1598250 556
1598260 556
1598270 556
1598280 555
1598290 555
1598300 555
1598310 555
1598320 554
1598330 554
1598340 553
1598350 553
1598360 553
1598370 553
1598380 553
1598390 553
1598400 553
1598410 553
1598420 553
1598430 553
1598440 553
1598450 552
1598460 551
1598470 550
1598480 549
1598490 546
1598500 543
1598510 540
1598520 536
1598530 532
1598540 527
1598550 523
1598560 520
1598570 517
1598580 514
1598590 513
1598600 512
1598610 512
1598620 512
1598630 512
1598640 512
1598650 512
1598660 511
1598670 511
1598680 511
1598690 512
1598700 512
1598710 512
1598720 512
1598730 513
1598740 513
1598750 513
1598760 513
1598770 514
1598780 516
1598790 518
1598800 522
1598810 525
1598820 528
1598830 530
1598840 532
1598850 533
1598860 535
1598870 538
1598880 540
1598890 542
1598900 542
1598910 542
1598920 542
1598930 540
1598940 537
1598950 534
1598960 530
1598970 526
1598980 523
1598990 520
1599000 518
1599010 516
1599020 516
1599030 517
1599040 519
1599050 521
1599060 522
1599070 523
1599080 523
1599090 523
1599100 522
1599110 521
1599120 519
1599130 517
1599140 516
1599150 515
1599160 516
1599170 515
1599180 513
1599190 511
1599200 509
1599210 508
1599220 508
1599230 509
1599240 509
1599250 509
1599260 509
1599270 507
1599280 506
1599290 505
1599300 504
1599310 503
1599320 502
1599330 502
1599340 502
1599350 501
1599360 501
1599370 500
1599380 501
1599390 501
1599400 502
1599410 502
1599420 502
1599430 501
1599440 500
1599450 499
1599460 498
1599470 497
1599480 496
1599490 495
1599500 493
1599510 492
1599520 491
1599530 490
1599540 490
1599550 489
1599560 489
1599570 489
1599580 488
1599590 488
1599600 487
1599610 486
1599620 485
1599630 482
1599640 481
1599650 479
1599660 479
1599670 478
1599680 478
1599690 477
1599700 476
1599710 476
1599720 476
1599730 476
1599740 476
1599750 476
1599760 476
1599770 477
1599780 478
1599790 479
1599800 479
1599810 478
1599820 477
1599830 478
1599840 480
1599850 480
1599860 479
1599870 478
1599880 476
1599890 475
1599900 474
1599910 474
1599920 473
1599930 473
1599940 473
1599950 473
1599960 473
1599970 473
1599980 473
1599990 473
