1580000 1073
1580010 1074
1580020 1074
1580030 1074
1580040 1074
1580050 1074
1580060 1074
1580070 1075
1580080 1077
1580090 1079
1580100 1081
1580110 1084
1580120 1086
1580130 1088
1580140 1090
1580150 1092
1580160 1094
1580170 1095
1580180 1097
1580190 1098
1580200 1099
1580210 1100
1580220 1100
1580230 1100
1580240 1100
1580250 1100
1580260 1099
1580270 1099
1580280 1098
1580290 1097
1580300 1096
1580310 1096
1580320 1096
1580330 1096
1580340 1096
1580350 1096
1580360 1097
1580370 1097
1580380 1098
1580390 1098
1580400 1099
1580410 1100
1580420 1101
1580430 1101
1580440 1102
1580450 1104
1580460 1106
1580470 1108
1580480 1110
1580490 1112
1580500 1113
1580510 1115
1580520 1116
1580530 1117
1580540 1118
1580550 1120
1580560 1121
1580570 1122
1580580 1123
1580590 1125
1580600 1126
1580610 1127
1580620 1129
1580630 1130
1580640 1132
1580650 1133
1580660 1134
1580670 1135
1580680 1136
1580690 1136
1580700 1137
1580710 1137
1580720 1138
1580730 1138
1580740 1138
1580750 1139
1580760 1139
1580770 1139
1580780 1140
1580790 1140
1580800 1140
1580810 1140
1580820 1140
1580830 1140
1580840 1140
1580850 1141
1580860 1141
1580870 1141
1580880 1141
1580890 1142
1580900 1142
1580910 1142
1580920 1142
1580930 1142
1580940 1143
1580950 1143
1580960 1143
1580970 1142
1580980 1142
1580990 1141
1581000 1139
1581010 1137
1581020 1134
1581030 1132
1581040 1130
1581050 1129
1581060 1128
1581070 1127
1581080 1126
1581090 1125
1581100 1125
1581110 1124
1581120 1124
1581130 1123
1581140 1123
1581150 1123
1581160 1123
1581170 1124
1581180 1124
1581190 1124
1581200 1123
1581210 1123
1581220 1123
1581230 1123
1581240 1123
1581250 1123
1581260 1123
1581270 1124
1581280 1124
1581290 1125
1581300 1125
1581310 1126
1581320 1126
1581330 1127
1581340 1128
1581350 1128
1581360 1129
1581370 1129
1581380 1130
1581390 1130
1581400 1131
1581410 1131
1581420 1132
1581430 1132
1581440 1133
1581450 1133
1581460 1134
1581470 1135
1581480 1135
1581490 1136
1581500 1136
1581510 1135
1581520 1134
1581530 1132
1581540 1130
1581550 1129
1581560 1128
1581570 1127
1581580 1126
1581590 1125
1581600 1124
1581610 1123
1581620 1123
1581630 1122
1581640 1122
1581650 1121
1581660 1120
1581670 1120
1581680 1120
1581690 1120
1581700 1121
1581710 1122
1581720 1123
1581730 1124
1581740 1124
1581750 1125
1581760 1126
1581770 1127
1581780 1128
1581790 1128
1581800 1129
1581810 1130
1581820 1131
1581830 1132
1581840 1134
1581850 1135
1581860 1135
1581870 1136
1581880 1137
1581890 1137
1581900 1138
1581910 1138
1581920 1139
1581930 1140
1581940 1141
1581950 1142
1581960 1142
1581970 1143
1581980 1143
1581990 1143
1582000 1144
1582010 1144
1582020 1144
1582030 1145
1582040 1145
1582050 1145
1582060 1145
1582070 1145
1582080 1145
1582090 1145
1582100 1146
1582110 1146
1582120 1146
1582130 1147
1582140 1147
1582150 1147
1582160 1147
1582170 1147
1582180 1147
1582190 1148
1582200 1148
1582210 1148
1582220 1148
1582230 1148
1582240 1149
1582250 1149
1582260 1149
1582270 1150
1582280 1150
1582290 1150
1582300 1151
1582310 1151
1582320 1151
1582330 1152
1582340 1152
1582350 1152
1582360 1152
1582370 1152
1582380 1153
1582390 1153
1582400 1153
1582410 1154
1582420 1154
1582430 1154
1582440 1155
1582450 1155
1582460 1156
1582470 1156
1582480 1156
1582490 1157
1582500 1157
1582510 1158
1582520 1158
1582530 1159
1582540 1160
1582550 1160
1582560 1160
1582570 1159
1582580 1159
1582590 1160
1582600 1160
1582610 1161
1582620 1161
1582630 1162
1582640 1162
1582650 1163
1582660 1164
1582670 1164
1582680 1165
1582690 1165
1582700 1166
1582710 1166
1582720 1167
1582730 1167
1582740 1168
1582750 1168
1582760 1168
1582770 1169
1582780 1168
1582790 1168
1582800 1168
1582810 1168
1582820 1167
1582830 1167
1582840 1166
1582850 1166
1582860 1165
1582870 1165
1582880 1164
1582890 1163
1582900 1162
1582910 1162
1582920 1161
1582930 1160
1582940 1160
1582950 1159
1582960 1158
1582970 1157
1582980 1157
1582990 1156
1583000 1155
1583010 1155
1583020 1154
1583030 1154
1583040 1153
1583050 1153
1583060 1153
1583070 1153
1583080 1154
1583090 1154
1583100 1155
1583110 1155
1583120 1155
1583130 1156
1583140 1156
1583150 1156
1583160 1156
1583170 1156
1583180 1156
1583190 1156
1583200 1156
1583210 1156
1583220 1156
1583230 1156
1583240 1155
1583250 1155
1583260 1154
1583270 1154
1583280 1155
1583290 1155
1583300 1155
1583310 1156
1583320 1155
1583330 1155
1583340 1155
1583350 1155
1583360 1155
1583370 1155
1583380 1156
1583390 1156
1583400 1156
1583410 1155
1583420 1154
1583430 1152
1583440 1149
1583450 1146
1583460 1143
1583470 1141
1583480 1139
1583490 1137
1583500 1137
1583510 1136
1583520 1136
1583530 1135
1583540 1134
1583550 1134
1583560 1134
1583570 1134
1583580 1134
1583590 1134
1583600 1135
1583610 1136
1583620 1137
1583630 1137
1583640 1138
1583650 1139
1583660 1140
1583670 1141
1583680 1142
1583690 1143
1583700 1144
1583710 1145
1583720 1147
1583730 1148
1583740 1149
1583750 1150
1583760 1151
1583770 1152
1583780 1152
1583790 1153
1583800 1153
1583810 1154
1583820 1154
1583830 1155
1583840 1156
1583850 1157
1583860 1158
1583870 1159
1583880 1160
1583890 1161
1583900 1163
1583910 1164
1583920 1165
1583930 1167
1583940 1168
1583950 1168
1583960 1169
1583970 1170
1583980 1172
1583990 1173
1584000 1174
1584010 1176
1584020 1177
1584030 1178
1584040 1179
1584050 1180
1584060 1181
1584070 1182
1584080 1182
1584090 1182
1584100 1182
1584110 1182
1584120 1182
1584130 1181
1584140 1179
1584150 1177
1584160 1174
1584170 1172
1584180 1169
1584190 1167
1584200 1165
1584210 1163
1584220 1160
1584230 1157
1584240 1155
1584250 1152
1584260 1149
1584270 1146
1584280 1143
1584290 1140
1584300 1137
1584310 1133
1584320 1130
1584330 1127
1584340 1124
1584350 1121
1584360 1118
1584370 1116
1584380 1113
1584390 1111
1584400 1108
1584410 1105
1584420 1103
1584430 1100
1584440 1097
1584450 1095
1584460 1093
1584470 1090
1584480 1088
1584490 1086
1584500 1084
1584510 1082
1584520 1079
1584530 1077
1584540 1075
1584550 1072
1584560 1070
1584570 1069
1584580 1070
1584590 1071
1584600 1072
1584610 1074
1584620 1076
1584630 1078
1584640 1079
1584650 1081
1584660 1082
1584670 1083
1584680 1084
1584690 1085
1584700 1086
1584710 1088
1584720 1089
1584730 1089
1584740 1090
1584750 1090
1584760 1091
1584770 1091
1584780 1091
1584790 1091
1584800 1090
1584810 1088
1584820 1086
1584830 1083
1584840 1080
1584850 1079
1584860 1078
1584870 1076
1584880 1073
1584890 1069
1584900 1066
1584910 1064
1584920 1063
1584930 1063
1584940 1065
1584950 1068
1584960 1070
1584970 1071
1584980 1072
1584990 1074
1585000 1075
1585010 1076
1585020 1077
1585030 1078
1585040 1079
1585050 1080
1585060 1080
1585070 1081
1585080 1082
1585090 1082
1585100 1083
1585110 1084
1585120 1085
1585130 1086
1585140 1088
1585150 1090
1585160 1091
1585170 1092
1585180 1093
1585190 1094
1585200 1095
1585210 1095
1585220 1095
1585230 1096
1585240 1097
1585250 1098
1585260 1099
1585270 1101
1585280 1102
1585290 1104
1585300 1106
1585310 1108
1585320 1109
1585330 1111
1585340 1112
1585350 1114
1585360 1116
1585370 1118
1585380 1120
1585390 1121
1585400 1123
1585410 1124
1585420 1124
1585430 1125
1585440 1125
1585450 1125
1585460 1123
1585470 1120
1585480 1116
1585490 1112
1585500 1108
1585510 1104
1585520 1101
1585530 1099
1585540 1097
1585550 1096
1585560 1095
1585570 1095
1585580 1095
1585590 1095
1585600 1096
1585610 1096
1585620 1095
1585630 1094
1585640 1092
1585650 1091
1585660 1090
1585670 1090
1585680 1091
1585690 1093
1585700 1094
1585710 1096
1585720 1097
1585730 1098
1585740 1099
1585750 1100
1585760 1101
1585770 1102
1585780 1103
1585790 1106
1585800 1108
1585810 1109
1585820 1111
1585830 1112
1585840 1113
1585850 1114
1585860 1114
1585870 1114
1585880 1115
1585890 1114
1585900 1114
1585910 1113
1585920 1112
1585930 1110
1585940 1108
1585950 1105
1585960 1102
1585970 1098
1585980 1095
1585990 1092
1586000 1089
1586010 1086
1586020 1084
1586030 1082
1586040 1080
1586050 1077
1586060 1075
1586070 1072
1586080 1069
1586090 1067
1586100 1064
1586110 1062
1586120 1061
1586130 1059
1586140 1057
1586150 1056
1586160 1055
1586170 1053
1586180 1051
1586190 1050
1586200 1048
1586210 1046
1586220 1045
1586230 1046
1586240 1048
1586250 1048
1586260 1049
1586270 1050
1586280 1051
1586290 1054
1586300 1056
1586310 1058
1586320 1061
1586330 1064
1586340 1067
1586350 1070
1586360 1072
1586370 1075
1586380 1078
1586390 1080
1586400 1083
1586410 1086
1586420 1088
1586430 1091
1586440 1093
1586450 1094
1586460 1095
1586470 1097
1586480 1097
1586490 1098
1586500 1098
1586510 1098
1586520 1096
1586530 1095
1586540 1093
1586550 1091
1586560 1089
1586570 1089
1586580 1089
1586590 1089
1586600 1089
1586610 1089
1586620 1089
1586630 1088
1586640 1088
1586650 1089
1586660 1091
1586670 1092
1586680 1093
1586690 1096
1586700 1098
1586710 1101
1586720 1102
1586730 1104
1586740 1106
1586750 1108
1586760 1110
1586770 1112
1586780 1114
1586790 1116
1586800 1118
1586810 1120
1586820 1122
1586830 1123
1586840 1125
1586850 1127
1586860 1129
1586870 1130
1586880 1131
1586890 1133
1586900 1134
1586910 1135
1586920 1136
1586930 1138
1586940 1139
1586950 1140
1586960 1141
1586970 1142
1586980 1143
1586990 1144
1587000 1145
1587010 1145
1587020 1146
1587030 1147
1587040 1148
1587050 1149
1587060 1150
1587070 1151
1587080 1152
1587090 1153
1587100 1154
1587110 1155
1587120 1156
1587130 1157
1587140 1158
1587150 1160
1587160 1161
1587170 1162
1587180 1164
1587190 1165
1587200 1167
1587210 1168
1587220 1170
1587230 1172
1587240 1174
1587250 1177
1587260 1179
1587270 1181
1587280 1184
1587290 1186
1587300 1188
1587310 1190
1587320 1191
1587330 1193
1587340 1195
1587350 1196
1587360 1198
1587370 1199
1587380 1201
1587390 1203
1587400 1205
1587410 1207
1587420 1210
1587430 1213
1587440 1216
1587450 1219
1587460 1221
1587470 1224
1587480 1226
1587490 1228
1587500 1230
1587510 1232
1587520 1234
1587530 1235
1587540 1236
1587550 1236
1587560 1236
1587570 1236
1587580 1235
1587590 1234
1587600 1233
1587610 1233
1587620 1232
1587630 1231
1587640 1229
1587650 1227
1587660 1225
1587670 1223
1587680 1221
1587690 1219
1587700 1216
1587710 1214
1587720 1210
1587730 1207
1587740 1203
1587750 1200
1587760 1197
1587770 1194
1587780 1191
1587790 1189
1587800 1186
1587810 1184
1587820 1182
1587830 1179
1587840 1177
1587850 1174
1587860 1172
1587870 1170
1587880 1168
1587890 1167
1587900 1165
1587910 1163
1587920 1161
1587930 1158
1587940 1156
1587950 1154
1587960 1153
1587970 1151
1587980 1149
1587990 1146
1588000 1144
1588010 1142
1588020 1139
1588030 1136
1588040 1133
1588050 1130
1588060 1127
1588070 1124
1588080 1121
1588090 1119
1588100 1116
1588110 1113
1588120 1111
1588130 1109
1588140 1106
1588150 1104
1588160 1102
1588170 1101
1588180 1099
1588190 1097
1588200 1095
1588210 1093
1588220 1091
1588230 1089
1588240 1088
1588250 1087
1588260 1085
1588270 1083
1588280 1081
1588290 1079
1588300 1078
1588310 1076
1588320 1074
1588330 1073
1588340 1071
1588350 1070
1588360 1068
1588370 1066
1588380 1064
1588390 1063
1588400 1061
1588410 1060
1588420 1059
1588430 1059
1588440 1058
1588450 1057
1588460 1055
1588470 1054
1588480 1053
1588490 1052
1588500 1050
1588510 1049
1588520 1048
1588530 1047
1588540 1046
1588550 1045
1588560 1043
1588570 1042
1588580 1041
1588590 1039
1588600 1038
1588610 1037
1588620 1035
1588630 1034
1588640 1033
1588650 1032
1588660 1031
1588670 1029
1588680 1028
1588690 1026
1588700 1025
1588710 1023
1588720 1022
1588730 1020
1588740 1018
1588750 1017
1588760 1015
1588770 1014
1588780 1013
1588790 1011
1588800 1010
1588810 1009
1588820 1007
1588830 1006
1588840 1005
1588850 1003
1588860 1002
1588870 1000
1588880 999
1588890 998
1588900 999
1588910 999
1588920 998
1588930 998
1588940 997
1588950 996
1588960 995
1588970 995
1588980 994
1588990 993
1589000 991
1589010 990
1589020 988
1589030 987
1589040 986
1589050 985
1589060 983
1589070 982
1589080 981
1589090 980
1589100 979
1589110 978
1589120 977
1589130 977
1589140 975
1589150 974
1589160 973
1589170 971
1589180 970
1589190 968
1589200 967
1589210 966
1589220 964
1589230 963
1589240 962
1589250 960
1589260 959
1589270 958
1589280 956
1589290 955
1589300 954
1589310 953
1589320 951
1589330 950
1589340 948
1589350 947
1589360 945
1589370 944
1589380 942
1589390 941
1589400 939
1589410 937
1589420 936
1589430 935
1589440 934
1589450 933
1589460 931
1589470 930
1589480 928
1589490 928
1589500 928
1589510 928
1589520 926
1589530 925
1589540 924
1589550 922
1589560 921
1589570 920
1589580 918
1589590 917
1589600 915
1589610 914
1589620 913
1589630 912
1589640 911
1589650 910
1589660 909
1589670 908
1589680 907
1589690 906
1589700 904
1589710 904
1589720 903
1589730 902
1589740 902
1589750 901
1589760 900
1589770 899
1589780 898
1589790 896
1589800 895
1589810 894
1589820 892
1589830 891
1589840 889
1589850 888
1589860 886
1589870 884
1589880 882
1589890 880
1589900 878
1589910 876
1589920 875
1589930 873
1589940 871
1589950 869
1589960 867
1589970 866
1589980 864
1589990 863
1590000 862
1590010 861
1590020 860
1590030 860
1590040 859
1590050 859
1590060 858
1590070 858
1590080 857
1590090 857
1590100 857
1590110 856
1590120 856
1590130 855
1590140 855
1590150 854
1590160 853
1590170 853
1590180 853
1590190 853
1590200 852
1590210 852
1590220 851
1590230 851
1590240 850
1590250 849
1590260 848
1590270 847
1590280 846
1590290 844
1590300 843
1590310 841
1590320 838
1590330 834
1590340 830
1590350 826
1590360 822
1590370 818
1590380 815
1590390 811
1590400 808
1590410 805
1590420 803
1590430 800
1590440 798
1590450 796
1590460 795
1590470 793
1590480 792
1590490 790
1590500 788
1590510 785
1590520 783
1590530 780
1590540 778
1590550 775
1590560 772
1590570 770
1590580 769
1590590 767
1590600 766
1590610 766
1590620 765
1590630 765
1590640 764
1590650 764
1590660 764
1590670 764
1590680 763
1590690 763
1590700 763
1590710 763
1590720 762
1590730 762
1590740 762
1590750 762
1590760 762
1590770 762
1590780 762
1590790 762
1590800 762
1590810 762
1590820 763
1590830 764
1590840 765
1590850 767
1590860 769
1590870 772
1590880 773
1590890 773
1590900 773
1590910 773
1590920 773
1590930 773
1590940 772
1590950 771
1590960 769
1590970 767
1590980 764
1590990 762
1591000 760
1591010 759
1591020 758
1591030 757
1591040 756
1591050 756
1591060 756
1591070 756
1591080 756
1591090 756
1591100 756
1591110 757
1591120 757
1591130 757
1591140 758
1591150 759
1591160 760
1591170 762
1591180 765
1591190 768
1591200 770
1591210 772
1591220 774
1591230 775
1591240 777
1591250 779
1591260 780
1591270 780
1591280 780
1591290 780
1591300 779
1591310 779
1591320 779
1591330 778
1591340 778
1591350 778
1591360 778
1591370 778
1591380 777
1591390 776
1591400 776
1591410 776
1591420 776
1591430 775
1591440 774
1591450 772
1591460 767
1591470 763
1591480 762
1591490 764
1591500 767
1591510 771
1591520 774
1591530 777
1591540 780
1591550 783
1591560 786
1591570 789
1591580 793
1591590 797
1591600 801
1591610 806
1591620 811
1591630 815
1591640 818
1591650 821
1591660 823
1591670 825
1591680 827
1591690 830
1591700 832
1591710 834
1591720 835
1591730 835
1591740 835
1591750 834
1591760 833
1591770 831
1591780 828
1591790 826
1591800 824
1591810 822
1591820 820
1591830 818
1591840 817
1591850 815
1591860 814
1591870 813
1591880 812
1591890 810
1591900 809
1591910 809
1591920 808
1591930 807
1591940 807
1591950 806
1591960 806
1591970 806
1591980 805
1591990 805
1592000 805
1592010 805
1592020 804
1592030 804
1592040 804
1592050 804
1592060 804
1592070 804
1592080 804
1592090 805
1592100 806
1592110 807
1592120 807
1592130 808
1592140 809
1592150 810
1592160 810
1592170 811
1592180 811
1592190 811
1592200 810
1592210 810
1592220 810
1592230 810
1592240 810
1592250 809
1592260 809
1592270 809
1592280 809
1592290 810
1592300 810
1592310 810
1592320 810
1592330 809
1592340 809
1592350 809
1592360 809
1592370 809
1592380 809
1592390 808
1592400 808
1592410 809
1592420 809
1592430 810
1592440 810
1592450 811
1592460 811
1592470 811
1592480 811
1592490 811
1592500 811
1592510 811
1592520 811
1592530 811
1592540 811
1592550 810
1592560 809
1592570 807
1592580 806
1592590 805
1592600 804
1592610 803
1592620 802
1592630 801
1592640 800
1592650 798
1592660 797
1592670 795
1592680 794
1592690 793
1592700 791
1592710 790
1592720 789
1592730 788
1592740 788
1592750 787
1592760 787
1592770 786
1592780 786
1592790 785
1592800 785
1592810 784
1592820 783
1592830 782
1592840 781
1592850 781
1592860 782
1592870 782
1592880 782
1592890 782
1592900 783
1592910 783
1592920 783
1592930 783
1592940 783
1592950 783
1592960 783
1592970 783
1592980 783
1592990 783
1593000 783
1593010 783
1593020 784
1593030 783
1593040 783
1593050 782
1593060 782
1593070 782
1593080 782
1593090 782
1593100 782
1593110 782
1593120 781
1593130 781
1593140 781
1593150 781
1593160 781
1593170 781
1593180 781
1593190 781
1593200 781
1593210 781
1593220 781
1593230 781
1593240 781
1593250 781
1593260 780
1593270 780
1593280 780
1593290 780
1593300 780
1593310 780
1593320 780
1593330 779
1593340 779
1593350 779
1593360 779
1593370 779
1593380 779
1593390 779
1593400 779
1593410 779
1593420 779
1593430 779
1593440 779
1593450 779
1593460 779
1593470 779
1593480 779
1593490 779
1593500 778
1593510 778
1593520 779
1593530 779
1593540 778
1593550 778
1593560 778
1593570 778
1593580 778
1593590 778
1593600 778
1593610 778
1593620 778
1593630 778
1593640 778
1593650 777
1593660 777
1593670 777
1593680 776
1593690 776
1593700 776
1593710 775
1593720 775
1593730 774
1593740 774
1593750 773
1593760 773
1593770 773
1593780 772
1593790 772
1593800 772
1593810 771
1593820 771
1593830 771
1593840 770
1593850 770
1593860 770
1593870 769
1593880 769
1593890 768
1593900 767
1593910 767
1593920 766
1593930 766
1593940 766
1593950 765
1593960 764
1593970 763
1593980 762
1593990 760
1594000 759
1594010 758
1594020 758
1594030 757
1594040 756
1594050 756
1594060 755
1594070 754
1594080 754
1594090 754
1594100 754
1594110 754
1594120 754
1594130 754
1594140 754
1594150 754
1594160 755
1594170 755
1594180 755
1594190 754
1594200 754
1594210 753
1594220 752
1594230 751
1594240 751
1594250 749
1594260 748
1594270 747
1594280 746
1594290 744
1594300 743
1594310 742
1594320 740
1594330 739
1594340 737
1594350 735
1594360 734
1594370 733
1594380 733
1594390 732
1594400 732
1594410 731
1594420 731
1594430 730
1594440 730
1594450 729
1594460 729
1594470 729
1594480 729
1594490 728
1594500 728
1594510 728
1594520 728
1594530 728
1594540 728
1594550 728
1594560 728
1594570 728
1594580 728
1594590 728
1594600 728
1594610 728
1594620 728
1594630 727
1594640 727
1594650 727
1594660 727
1594670 727
1594680 727
1594690 727
1594700 727
1594710 727
1594720 727
1594730 726
1594740 726
1594750 726
1594760 725
1594770 725
1594780 724
1594790 724
1594800 723
1594810 722
1594820 721
1594830 720
1594840 719
1594850 719
1594860 719
1594870 719
1594880 719
1594890 719
1594900 719
1594910 719
1594920 719
1594930 719
1594940 718
1594950 718
1594960 718
1594970 718
1594980 718
1594990 718
1595000 718
1595010 718
1595020 718
1595030 718
1595040 717
1595050 717
1595060 717
1595070 716
1595080 716
1595090 715
1595100 715
1595110 714
1595120 714
1595130 714
1595140 713
1595150 711
1595160 709
1595170 705
1595180 702
1595190 700
1595200 698
1595210 698
1595220 699
1595230 701
1595240 704
1595250 705
1595260 706
1595270 706
1595280 708
1595290 711
1595300 713
1595310 713
1595320 713
1595330 713
1595340 713
1595350 713
1595360 713
1595370 713
1595380 713
1595390 713
1595400 713
1595410 713
1595420 713
1595430 712
1595440 712
1595450 712
1595460 712
1595470 712
1595480 712
1595490 712
1595500 713
1595510 713
1595520 713
1595530 713
1595540 714
1595550 713
1595560 713
1595570 712
1595580 712
1595590 712
1595600 712
1595610 711
1595620 711
1595630 711
1595640 710
1595650 710
1595660 710
1595670 710
1595680 710
1595690 709
1595700 709
1595710 709
1595720 709
1595730 709
1595740 709
1595750 709
1595760 709
1595770 709
1595780 709
1595790 709
1595800 709
1595810 709
1595820 708
1595830 708
1595840 708
1595850 708
1595860 708
1595870 708
1595880 708
1595890 709
1595900 709
1595910 709
1595920 709
1595930 710
1595940 711
1595950 712
1595960 713
1595970 715
1595980 717
1595990 718
1596000 719
1596010 720
1596020 720
1596030 721
1596040 721
1596050 722
1596060 722
1596070 722
1596080 722
1596090 722
1596100 722
1596110 722
1596120 722
1596130 723
1596140 723
1596150 723
1596160 723
1596170 723
1596180 723
1596190 724
1596200 724
1596210 724
1596220 724
1596230 724
1596240 724
1596250 724
1596260 724
1596270 725
1596280 726
1596290 727
1596300 729
1596310 731
1596320 733
1596330 738
1596340 745
1596350 753
1596360 756
1596370 756
1596380 754
1596390 753
1596400 751
1596410 751
1596420 750
1596430 750
1596440 750
1596450 750
1596460 751
1596470 751
1596480 751
1596490 750
1596500 748
1596510 747
1596520 745
1596530 743
1596540 741
1596550 739
1596560 737
1596570 735
1596580 733
1596590 732
1596600 732
1596610 731
1596620 731
1596630 730
1596640 730
1596650 731
1596660 731
1596670 732
1596680 733
1596690 734
1596700 734
1596710 734
1596720 735
1596730 735
1596740 735
1596750 735
1596760 734
1596770 733
1596780 732
1596790 731
1596800 730
1596810 729
1596820 729
1596830 729
1596840 728
1596850 728
1596860 728
1596870 728
1596880 728
1596890 728
1596900 727
1596910 727
1596920 725
1596930 725
1596940 724
1596950 724
1596960 723
1596970 722
1596980 722
1596990 720
1597000 719
1597010 718
1597020 718
1597030 717
1597040 716
1597050 715
1597060 715
1597070 714
1597080 714
1597090 714
1597100 713
1597110 713
1597120 713
1597130 714
1597140 714
1597150 715
1597160 716
1597170 717
1597180 718
1597190 718
1597200 718
1597210 719
1597220 720
1597230 721
1597240 721
1597250 721
1597260 720
1597270 718
1597280 717
1597290 716
1597300 715
1597310 714
1597320 711
1597330 708
1597340 705
1597350 701
1597360 699
1597370 697
1597380 695
1597390 693
1597400 691
1597410 690
1597420 688
1597430 686
1597440 685
1597450 683
1597460 681
1597470 680
1597480 678
1597490 677
1597500 676
1597510 675
1597520 674
1597530 673
1597540 671
1597550 669
1597560 667
1597570 666
1597580 664
1597590 663
1597600 663
1597610 662
1597620 661
1597630 660
1597640 659
1597650 658
1597660 657
1597670 656
1597680 655
1597690 654
1597700 653
1597710 652
1597720 651
1597730 651
1597740 650
1597750 649
1597760 648
1597770 647
1597780 647
1597790 646
1597800 645
1597810 645
1597820 644
1597830 643
1597840 643
1597850 643
1597860 642
1597870 642
1597880 641
1597890 641
1597900 641
1597910 641
1597920 641
1597930 640
1597940 640
1597950 640
1597960 640
1597970 639
1597980 639
1597990 639
1598000 639
1598010 639
1598020 639
1598030 638
1598040 638
1598050 638
1598060 638
1598070 638
1598080 638
1598090 638
1598100 638
1598110 638
1598120 637
1598130 637
1598140 637
1598150 636
1598160 635
1598170 634
1598180 633
1598190 631
1598200 630
1598210 629
1598220 628
1598230 627
1598240 626
1598250 625
1598260 624
1598270 623
1598280 623
1598290 622
1598300 622
1598310 621
1598320 621
1598330 620
1598340 619
1598350 617
1598360 616
1598370 615
1598380 614
1598390 613
1598400 613
1598410 613
1598420 612
1598430 612
1598440 612
1598450 612
1598460 612
1598470 612
1598480 611
1598490 611
1598500 610
1598510 610
1598520 609
1598530 609
1598540 609
1598550 609
1598560 608
1598570 608
1598580 608
1598590 608
1598600 608
1598610 608
1598620 608
1598630 607
1598640 607
1598650 607
1598660 606
1598670 606
1598680 606
1598690 606
1598700 606
1598710 606
1598720 606
1598730 606
1598740 606
1598750 606
1598760 605
1598770 605
1598780 605
1598790 604
1598800 604
1598810 603
1598820 601
1598830 598
1598840 595
1598850 593
1598860 590
1598870 588
1598880 587
1598890 586
1598900 585
1598910 584
1598920 583
1598930 582
1598940 582
1598950 581
1598960 580
1598970 579
1598980 579
1598990 578
1599000 577
1599010 576
1599020 576
1599030 575
1599040 575
1599050 574
1599060 574
1599070 573
1599080 573
1599090 572
1599100 571
1599110 571
1599120 570
1599130 569
1599140 568
1599150 568
1599160 567
1599170 567
1599180 566
1599190 566
1599200 565
1599210 565
1599220 566
1599230 567
1599240 569
1599250 572
1599260 575
1599270 577
1599280 577
1599290 577
1599300 577
1599310 577
1599320 577
1599330 577
1599340 577
1599350 577
1599360 577
1599370 577
1599380 577
1599390 577
1599400 577
1599410 576
1599420 576
1599430 576
1599440 576
1599450 576
1599460 576
1599470 576
1599480 576
1599490 576
1599500 576
1599510 576
1599520 576
1599530 575
1599540 575
1599550 575
1599560 574
1599570 573
1599580 571
1599590 568
1599600 565
1599610 562
1599620 561
1599630 561
1599640 560
1599650 559
1599660 559
1599670 558
1599680 557
1599690 557
1599700 557
1599710 556
1599720 556
1599730 555
1599740 555
1599750 555
1599760 554
1599770 554
1599780 553
1599790 553
1599800 552
1599810 551
1599820 551
1599830 550
1599840 550
1599850 550
1599860 549
1599870 549
1599880 549
1599890 548
1599900 548
1599910 548
1599920 547
1599930 547
1599940 546
1599950 545
1599960 545
1599970 544
1599980 544
1599990 543
