1580000 935
1580010 936
1580020 936
1580030 937
1580040 937
1580050 937
1580060 937
1580070 937
1580080 937
1580090 937
1580100 937
1580110 938
1580120 938
1580130 938
1580140 937
1580150 937
1580160 937
1580170 937
1580180 936
1580190 936
1580200 935
1580210 935
1580220 934
1580230 934
1580240 933
1580250 932
1580260 931
1580270 929
1580280 928
1580290 926
1580300 926
1580310 925
1580320 925
1580330 925
1580340 926
1580350 927
1580360 928
1580370 929
1580380 929
1580390 930
1580400 930
1580410 931
1580420 931
1580430 931
1580440 931
1580450 930
1580460 929
1580470 928
1580480 927
1580490 925
1580500 924
1580510 922
1580520 920
1580530 919
1580540 917
1580550 915
1580560 914
1580570 913
1580580 913
1580590 912
1580600 910
1580610 909
1580620 908
1580630 907
1580640 906
1580650 905
1580660 905
1580670 904
1580680 903
1580690 902
1580700 900
1580710 899
1580720 898
1580730 898
1580740 898
1580750 897
1580760 897
1580770 896
1580780 896
1580790 896
1580800 895
1580810 895
1580820 895
1580830 894
1580840 894
1580850 893
1580860 892
1580870 891
1580880 890
1580890 889
1580900 888
1580910 887
1580920 885
1580930 883
1580940 881
1580950 878
1580960 876
1580970 873
1580980 870
1580990 866
1581000 861
1581010 857
1581020 856
1581030 855
1581040 855
1581050 855
1581060 855
1581070 855
1581080 855
1581090 855
1581100 855
1581110 856
1581120 857
1581130 857
1581140 858
1581150 858
1581160 858
1581170 859
1581180 859
1581190 859
1581200 858
1581210 857
1581220 857
1581230 857
1581240 858
1581250 859
1581260 860
1581270 860
1581280 860
1581290 859
1581300 858
1581310 856
1581320 853
1581330 850
1581340 847
1581350 843
1581360 840
1581370 837
1581380 833
1581390 830
1581400 827
1581410 825
1581420 823
1581430 822
1581440 822
1581450 821
1581460 822
1581470 822
1581480 822
1581490 823
1581500 825
1581510 828
1581520 831
1581530 834
1581540 836
1581550 835
1581560 835
1581570 836
1581580 839
1581590 841
1581600 843
1581610 844
1581620 844
1581630 845
1581640 847
1581650 852
1581660 857
1581670 862
1581680 865
1581690 867
1581700 869
1581710 869
1581720 868
1581730 866
1581740 862
1581750 856
1581760 851
1581770 846
1581780 843
1581790 841
1581800 840
1581810 843
1581820 846
1581830 849
1581840 853
1581850 856
1581860 859
1581870 861
1581880 861
1581890 861
1581900 861
1581910 861
1581920 860
1581930 860
1581940 860
1581950 859
1581960 859
1581970 857
1581980 856
1581990 854
1582000 855
1582010 854
1582020 853
1582030 851
1582040 850
1582050 849
1582060 848
1582070 846
1582080 845
1582090 843
1582100 840
1582110 837
1582120 834
1582130 830
1582140 825
1582150 821
1582160 818
1582170 814
1582180 810
1582190 807
1582200 803
1582210 798
1582220 794
1582230 792
1582240 789
1582250 786
1582260 783
1582270 780
1582280 776
1582290 772
1582300 767
1582310 761
1582320 761
1582330 764
1582340 769
1582350 773
1582360 776
1582370 778
1582380 779
1582390 780
1582400 781
1582410 783
1582420 783
1582430 784
1582440 785
1582450 786
1582460 787
1582470 788
1582480 784
1582490 777
1582500 768
1582510 762
1582520 758
1582530 753
1582540 749
1582550 746
1582560 742
1582570 741
1582580 739
1582590 738
1582600 736
1582610 735
1582620 733
1582630 733
1582640 732
1582650 732
1582660 732
1582670 732
1582680 732
1582690 732
1582700 732
1582710 733
1582720 733
1582730 733
1582740 733
1582750 733
1582760 733
1582770 733
1582780 733
1582790 733
1582800 733
1582810 733
1582820 733
1582830 733
1582840 733
1582850 733
1582860 732
1582870 732
1582880 732
1582890 732
1582900 732
1582910 732
1582920 733
1582930 736
1582940 740
1582950 743
1582960 746
1582970 748
1582980 749
1582990 750
1583000 751
1583010 752
1583020 753
1583030 754
1583040 756
1583050 757
1583060 759
1583070 760
1583080 762
1583090 763
1583100 764
1583110 765
1583120 766
1583130 767
1583140 768
1583150 768
1583160 768
1583170 768
1583180 770
1583190 772
1583200 775
1583210 777
1583220 779
1583230 782
1583240 784
1583250 786
1583260 787
1583270 788
1583280 789
1583290 790
1583300 791
1583310 792
1583320 792
1583330 793
1583340 795
1583350 797
1583360 800
1583370 804
1583380 808
1583390 812
1583400 816
1583410 819
1583420 820
1583430 822
1583440 824
1583450 826
1583460 828
1583470 829
1583480 830
1583490 830
1583500 829
1583510 830
1583520 835
1583530 838
1583540 840
1583550 842
1583560 843
1583570 843
1583580 843
1583590 843
1583600 843
1583610 845
1583620 845
1583630 845
1583640 845
1583650 845
1583660 845
1583670 845
1583680 848
1583690 853
1583700 859
1583710 867
1583720 873
1583730 879
1583740 885
1583750 888
1583760 891
1583770 895
1583780 898
1583790 901
1583800 904
1583810 907
1583820 909
1583830 911
1583840 915
1583850 918
1583860 919
1583870 920
1583880 922
1583890 923
1583900 924
1583910 926
1583920 927
1583930 928
1583940 929
1583950 930
1583960 932
1583970 933
1583980 934
1583990 935
1584000 936
1584010 937
1584020 938
1584030 938
1584040 939
1584050 940
1584060 941
1584070 942
1584080 942
1584090 943
1584100 944
1584110 945
1584120 947
1584130 948
1584140 948
1584150 949
1584160 950
1584170 951
1584180 952
1584190 952
1584200 953
1584210 954
1584220 955
1584230 956
1584240 957
1584250 958
1584260 959
1584270 959
1584280 960
1584290 961
1584300 962
1584310 963
1584320 964
1584330 966
1584340 966
1584350 967
1584360 967
1584370 968
1584380 969
1584390 969
1584400 970
1584410 970
1584420 970
1584430 969
1584440 969
1584450 967
1584460 965
1584470 963
1584480 959
1584490 956
1584500 951
1584510 946
1584520 941
1584530 936
1584540 932
1584550 927
1584560 923
1584570 918
1584580 914
1584590 909
1584600 905
1584610 900
1584620 896
1584630 891
1584640 887
1584650 882
1584660 878
1584670 873
1584680 868
1584690 863
1584700 859
1584710 855
1584720 851
1584730 847
1584740 843
1584750 839
1584760 835
1584770 830
1584780 825
1584790 820
1584800 815
1584810 811
1584820 806
1584830 803
1584840 799
1584850 794
1584860 794
1584870 797
1584880 801
1584890 806
1584900 810
1584910 814
1584920 818
1584930 821
1584940 825
1584950 828
1584960 831
1584970 834
1584980 836
1584990 839
1585000 842
1585010 845
1585020 848
1585030 851
1585040 853
1585050 856
1585060 859
1585070 862
1585080 864
1585090 867
1585100 870
1585110 873
1585120 876
1585130 879
1585140 882
1585150 885
1585160 888
1585170 891
1585180 894
1585190 897
1585200 900
1585210 903
1585220 905
1585230 907
1585240 909
1585250 910
1585260 910
1585270 910
1585280 910
1585290 909
1585300 908
1585310 907
1585320 905
1585330 904
1585340 902
1585350 900
1585360 898
1585370 896
1585380 895
1585390 892
1585400 889
1585410 888
1585420 889
1585430 894
1585440 898
1585450 902
1585460 906
1585470 910
1585480 914
1585490 918
1585500 921
1585510 924
1585520 927
1585530 931
1585540 934
1585550 937
1585560 941
1585570 944
1585580 946
1585590 949
1585600 952
1585610 955
1585620 957
1585630 960
1585640 962
1585650 963
1585660 965
1585670 966
1585680 967
1585690 967
1585700 967
1585710 967
1585720 966
1585730 965
1585740 964
1585750 962
1585760 960
1585770 959
1585780 956
1585790 954
1585800 953
1585810 952
1585820 950
1585830 948
1585840 946
1585850 944
1585860 941
1585870 940
1585880 938
1585890 936
1585900 935
1585910 933
1585920 932
1585930 931
1585940 929
1585950 928
1585960 927
1585970 926
1585980 924
1585990 923
1586000 922
1586010 926
1586020 931
1586030 933
1586040 936
1586050 940
1586060 943
1586070 946
1586080 949
1586090 952
1586100 954
1586110 957
1586120 959
1586130 961
1586140 963
1586150 965
1586160 968
1586170 971
1586180 973
1586190 974
1586200 976
1586210 978
1586220 979
1586230 980
1586240 981
1586250 982
1586260 982
1586270 981
1586280 981
1586290 979
1586300 978
1586310 976
1586320 975
1586330 973
1586340 972
1586350 970
1586360 969
1586370 968
1586380 967
1586390 967
1586400 966
1586410 966
1586420 965
1586430 965
1586440 964
1586450 962
1586460 960
1586470 957
1586480 954
1586490 950
1586500 946
1586510 941
1586520 937
1586530 933
1586540 928
1586550 923
1586560 919
1586570 914
1586580 910
1586590 906
1586600 902
1586610 898
1586620 894
1586630 891
1586640 887
1586650 883
1586660 879
1586670 876
1586680 873
1586690 869
1586700 865
1586710 861
1586720 858
1586730 854
1586740 849
1586750 845
1586760 840
1586770 836
1586780 833
1586790 831
1586800 829
1586810 827
1586820 825
1586830 822
1586840 818
1586850 815
1586860 811
1586870 808
1586880 806
1586890 806
1586900 806
1586910 807
1586920 808
1586930 808
1586940 807
1586950 806
1586960 807
1586970 808
1586980 809
1586990 812
1587000 814
1587010 816
1587020 817
1587030 819
1587040 821
1587050 823
1587060 825
1587070 827
1587080 829
1587090 830
1587100 831
1587110 832
1587120 832
1587130 831
1587140 829
1587150 824
1587160 819
1587170 815
1587180 813
1587190 811
1587200 809
1587210 806
1587220 803
1587230 799
1587240 796
1587250 794
1587260 795
1587270 801
1587280 807
1587290 812
1587300 818
1587310 823
1587320 828
1587330 833
1587340 838
1587350 843
1587360 848
1587370 853
1587380 857
1587390 861
1587400 862
1587410 863
1587420 864
1587430 864
1587440 864
1587450 864
1587460 863
1587470 863
1587480 863
1587490 863
1587500 863
1587510 864
1587520 865
1587530 866
1587540 867
1587550 868
1587560 870
1587570 872
1587580 874
1587590 876
1587600 878
1587610 881
1587620 882
1587630 884
1587640 885
1587650 887
1587660 889
1587670 891
1587680 894
1587690 896
1587700 898
1587710 900
1587720 901
1587730 903
1587740 906
1587750 908
1587760 911
1587770 913
1587780 916
1587790 919
1587800 921
1587810 924
1587820 927
1587830 928
1587840 930
1587850 932
1587860 933
1587870 935
1587880 937
1587890 939
1587900 940
1587910 942
1587920 944
1587930 946
1587940 948
1587950 950
1587960 952
1587970 953
1587980 955
1587990 957
1588000 959
1588010 961
1588020 963
1588030 964
1588040 966
1588050 968
1588060 970
1588070 972
1588080 973
1588090 974
1588100 975
1588110 975
1588120 976
1588130 977
1588140 978
1588150 979
1588160 981
1588170 982
1588180 984
1588190 985
1588200 986
1588210 987
1588220 989
1588230 990
1588240 992
1588250 994
1588260 995
1588270 997
1588280 999
1588290 1001
1588300 1003
1588310 1006
1588320 1008
1588330 1010
1588340 1011
1588350 1012
1588360 1014
1588370 1016
1588380 1018
1588390 1020
1588400 1022
1588410 1023
1588420 1025
1588430 1027
1588440 1029
1588450 1033
1588460 1034
1588470 1035
1588480 1037
1588490 1038
1588500 1040
1588510 1041
1588520 1043
1588530 1044
1588540 1045
1588550 1047
1588560 1048
1588570 1049
1588580 1050
1588590 1051
1588600 1052
1588610 1053
1588620 1054
1588630 1055
1588640 1056
1588650 1056
1588660 1056
1588670 1056
1588680 1056
1588690 1056
1588700 1055
1588710 1055
1588720 1055
1588730 1055
1588740 1055
1588750 1056
1588760 1056
1588770 1056
1588780 1055
1588790 1055
1588800 1054
1588810 1053
1588820 1052
1588830 1051
1588840 1050
1588850 1050
1588860 1049
1588870 1049
1588880 1049
1588890 1050
1588900 1050
1588910 1051
1588920 1051
1588930 1052
1588940 1053
1588950 1053
1588960 1053
1588970 1054
1588980 1054
1588990 1055
1589000 1054
1589010 1054
1589020 1053
1589030 1052
1589040 1051
1589050 1049
1589060 1048
1589070 1048
1589080 1048
1589090 1048
1589100 1049
1589110 1050
1589120 1051
1589130 1053
1589140 1054
1589150 1054
1589160 1055
1589170 1056
1589180 1056
1589190 1056
1589200 1056
1589210 1056
1589220 1056
1589230 1055
1589240 1055
1589250 1055
1589260 1055
1589270 1055
1589280 1057
1589290 1058
1589300 1060
1589310 1061
1589320 1064
1589330 1066
1589340 1068
1589350 1070
1589360 1072
1589370 1075
1589380 1078
1589390 1081
1589400 1083
1589410 1085
1589420 1087
1589430 1089
1589440 1091
1589450 1092
1589460 1095
1589470 1097
1589480 1099
1589490 1101
1589500 1101
1589510 1101
1589520 1101
1589530 1101
1589540 1101
1589550 1101
1589560 1101
1589570 1100
1589580 1099
1589590 1099
1589600 1098
1589610 1097
1589620 1096
1589630 1095
1589640 1094
1589650 1092
1589660 1090
1589670 1088
1589680 1085
1589690 1082
1589700 1080
1589710 1077
1589720 1074
1589730 1071
1589740 1069
1589750 1067
1589760 1065
1589770 1064
1589780 1063
1589790 1062
1589800 1061
1589810 1061
1589820 1060
1589830 1060
1589840 1060
1589850 1060
1589860 1060
1589870 1060
1589880 1060
1589890 1060
1589900 1060
1589910 1061
1589920 1061
1589930 1062
1589940 1063
1589950 1063
1589960 1064
1589970 1065
1589980 1066
1589990 1067
1590000 1068
1590010 1068
1590020 1069
1590030 1069
1590040 1070
1590050 1070
1590060 1070
1590070 1070
1590080 1071
1590090 1070
1590100 1070
1590110 1069
1590120 1068
1590130 1067
1590140 1066
1590150 1065
1590160 1064
1590170 1062
1590180 1061
1590190 1061
1590200 1060
1590210 1059
1590220 1058
1590230 1055
1590240 1052
1590250 1049
1590260 1045
1590270 1040
1590280 1036
1590290 1032
1590300 1028
1590310 1024
1590320 1020
1590330 1015
1590340 1011
1590350 1007
1590360 1002
1590370 998
1590380 995
1590390 992
1590400 988
1590410 984
1590420 981
1590430 977
1590440 973
1590450 968
1590460 963
1590470 959
1590480 955
1590490 951
1590500 948
1590510 945
1590520 944
1590530 943
1590540 942
1590550 942
1590560 942
1590570 943
1590580 943
1590590 943
1590600 943
1590610 944
1590620 945
1590630 946
1590640 948
1590650 950
1590660 951
1590670 952
1590680 952
1590690 952
1590700 953
1590710 950
1590720 946
1590730 939
1590740 935
1590750 932
1590760 932
1590770 935
1590780 939
1590790 944
1590800 947
1590810 949
1590820 951
1590830 953
1590840 954
1590850 956
1590860 958
1590870 960
1590880 961
1590890 962
1590900 964
1590910 965
1590920 966
1590930 967
1590940 968
1590950 970
1590960 972
1590970 974
1590980 976
1590990 978
1591000 980
1591010 982
1591020 984
1591030 986
1591040 988
1591050 990
1591060 993
1591070 995
1591080 997
1591090 1000
1591100 1002
1591110 1004
1591120 1005
1591130 1005
1591140 1006
1591150 1005
1591160 1005
1591170 1005
1591180 1005
1591190 1006
1591200 1006
1591210 1007
1591220 1007
1591230 1008
1591240 1008
1591250 1008
1591260 1008
1591270 1008
1591280 1007
1591290 1006
1591300 1004
1591310 1003
1591320 1002
1591330 1001
1591340 1002
1591350 1002
1591360 1003
1591370 1004
1591380 1007
1591390 1010
1591400 1012
1591410 1014
1591420 1016
1591430 1019
1591440 1021
1591450 1022
1591460 1022
1591470 1022
1591480 1022
1591490 1022
1591500 1022
1591510 1022
1591520 1023
1591530 1024
1591540 1025
1591550 1027
1591560 1029
1591570 1031
1591580 1034
1591590 1037
1591600 1040
1591610 1043
1591620 1046
1591630 1049
1591640 1051
1591650 1052
1591660 1053
1591670 1054
1591680 1055
1591690 1057
1591700 1060
1591710 1062
1591720 1064
1591730 1066
1591740 1068
1591750 1071
1591760 1073
1591770 1076
1591780 1079
1591790 1081
1591800 1084
1591810 1086
1591820 1088
1591830 1090
1591840 1092
1591850 1094
1591860 1095
1591870 1097
1591880 1098
1591890 1099
1591900 1101
1591910 1103
1591920 1104
1591930 1105
1591940 1107
1591950 1108
1591960 1110
1591970 1111
1591980 1113
1591990 1115
1592000 1118
1592010 1120
1592020 1123
1592030 1124
1592040 1126
1592050 1128
1592060 1129
1592070 1131
1592080 1133
1592090 1135
1592100 1137
1592110 1138
1592120 1139
1592130 1141
1592140 1142
1592150 1143
1592160 1144
1592170 1145
1592180 1147
1592190 1148
1592200 1150
1592210 1151
1592220 1152
1592230 1153
1592240 1154
1592250 1155
1592260 1156
1592270 1157
1592280 1158
1592290 1160
1592300 1160
1592310 1161
1592320 1162
1592330 1162
1592340 1161
1592350 1161
1592360 1161
1592370 1160
1592380 1160
1592390 1159
1592400 1159
1592410 1158
1592420 1158
1592430 1157
1592440 1157
1592450 1156
1592460 1156
1592470 1155
1592480 1154
1592490 1154
1592500 1153
1592510 1152
1592520 1151
1592530 1151
1592540 1150
1592550 1150
1592560 1149
1592570 1148
1592580 1147
1592590 1146
1592600 1145
1592610 1144
1592620 1143
1592630 1142
1592640 1141
1592650 1140
1592660 1138
1592670 1136
1592680 1134
1592690 1131
1592700 1129
1592710 1127
1592720 1126
1592730 1124
1592740 1123
1592750 1122
1592760 1120
1592770 1120
1592780 1119
1592790 1120
1592800 1120
1592810 1120
1592820 1120
1592830 1120
1592840 1121
1592850 1122
1592860 1123
1592870 1124
1592880 1125
1592890 1125
1592900 1126
1592910 1127
1592920 1128
1592930 1128
1592940 1129
1592950 1130
1592960 1131
1592970 1132
1592980 1133
1592990 1134
1593000 1135
1593010 1136
1593020 1137
1593030 1138
1593040 1139
1593050 1140
1593060 1141
1593070 1142
1593080 1143
1593090 1143
1593100 1144
1593110 1146
1593120 1146
1593130 1147
1593140 1148
1593150 1149
1593160 1151
1593170 1152
1593180 1154
1593190 1155
1593200 1157
1593210 1159
1593220 1161
1593230 1163
1593240 1164
1593250 1165
1593260 1166
1593270 1167
1593280 1168
1593290 1169
1593300 1170
1593310 1171
1593320 1172
1593330 1172
1593340 1173
1593350 1173
1593360 1174
1593370 1174
1593380 1174
1593390 1174
1593400 1174
1593410 1174
1593420 1175
1593430 1175
1593440 1175
1593450 1175
1593460 1175
1593470 1175
1593480 1175
1593490 1175
1593500 1175
1593510 1176
1593520 1177
1593530 1178
1593540 1178
1593550 1178
1593560 1178
1593570 1178
1593580 1178
1593590 1177
1593600 1177
1593610 1176
1593620 1175
1593630 1175
1593640 1174
1593650 1174
1593660 1173
1593670 1173
1593680 1173
1593690 1173
1593700 1172
1593710 1172
1593720 1172
1593730 1171
1593740 1171
1593750 1171
1593760 1171
1593770 1171
1593780 1170
1593790 1170
1593800 1169
1593810 1168
1593820 1168
1593830 1167
1593840 1167
1593850 1167
1593860 1166
1593870 1166
1593880 1165
1593890 1165
1593900 1164
1593910 1163
1593920 1162
1593930 1162
1593940 1161
1593950 1160
1593960 1159
1593970 1158
1593980 1157
1593990 1156
1594000 1155
1594010 1155
1594020 1154
1594030 1154
1594040 1153
1594050 1152
1594060 1152
1594070 1151
1594080 1151
1594090 1151
1594100 1150
1594110 1149
1594120 1148
1594130 1146
1594140 1145
1594150 1143
1594160 1141
1594170 1139
1594180 1137
1594190 1136
1594200 1134
1594210 1133
1594220 1131
1594230 1130
1594240 1129
1594250 1128
1594260 1127
1594270 1126
1594280 1125
1594290 1125
1594300 1124
1594310 1124
1594320 1123
1594330 1122
1594340 1121
1594350 1120
1594360 1119
1594370 1118
1594380 1117
1594390 1116
1594400 1114
1594410 1112
1594420 1111
1594430 1110
1594440 1109
1594450 1108
1594460 1108
1594470 1107
1594480 1106
1594490 1105
1594500 1105
1594510 1104
1594520 1104
1594530 1103
1594540 1103
1594550 1102
1594560 1102
1594570 1102
1594580 1101
1594590 1100
1594600 1100
1594610 1099
1594620 1098
1594630 1098
1594640 1097
1594650 1096
1594660 1095
1594670 1095
1594680 1094
1594690 1093
1594700 1093
1594710 1092
1594720 1092
1594730 1091
1594740 1091
1594750 1090
1594760 1090
1594770 1089
1594780 1088
1594790 1088
1594800 1087
1594810 1086
1594820 1085
1594830 1084
1594840 1084
1594850 1083
1594860 1082
1594870 1082
1594880 1081
1594890 1080
1594900 1079
1594910 1079
1594920 1078
1594930 1078
1594940 1078
1594950 1077
1594960 1077
1594970 1076
1594980 1076
1594990 1075
1595000 1074
1595010 1073
1595020 1073
1595030 1072
1595040 1071
1595050 1071
1595060 1070
1595070 1069
1595080 1069
1595090 1068
1595100 1067
1595110 1066
1595120 1066
1595130 1065
1595140 1065
1595150 1064
1595160 1064
1595170 1064
1595180 1063
1595190 1063
1595200 1063
1595210 1064
1595220 1064
1595230 1065
1595240 1065
1595250 1065
1595260 1065
1595270 1064
1595280 1064
1595290 1064
1595300 1064
1595310 1064
1595320 1063
1595330 1063
1595340 1062
1595350 1061
1595360 1060
1595370 1059
1595380 1057
1595390 1056
1595400 1054
1595410 1052
1595420 1049
1595430 1046
1595440 1042
1595450 1039
1595460 1035
1595470 1033
1595480 1030
1595490 1027
1595500 1025
1595510 1023
1595520 1020
1595530 1018
1595540 1015
1595550 1011
1595560 1008
1595570 1004
1595580 1000
1595590 995
1595600 990
1595610 984
1595620 979
1595630 974
1595640 971
1595650 967
1595660 964
1595670 960
1595680 957
1595690 953
1595700 950
1595710 947
1595720 944
1595730 942
1595740 939
1595750 936
1595760 933
1595770 930
1595780 927
1595790 924
1595800 922
1595810 922
1595820 922
1595830 922
1595840 923
1595850 923
1595860 923
1595870 924
1595880 924
1595890 925
1595900 925
1595910 925
1595920 926
1595930 926
1595940 927
1595950 928
1595960 929
1595970 930
1595980 932
1595990 933
1596000 934
1596010 935
1596020 936
1596030 937
1596040 939
1596050 940
1596060 940
1596070 941
1596080 942
1596090 943
1596100 944
1596110 943
1596120 941
1596130 939
1596140 937
1596150 934
1596160 930
1596170 926
1596180 923
1596190 919
1596200 917
1596210 916
1596220 915
1596230 914
1596240 914
1596250 913
1596260 913
1596270 914
1596280 914
1596290 915
1596300 915
1596310 916
1596320 916
1596330 916
1596340 916
1596350 916
1596360 916
1596370 915
1596380 915
1596390 915
1596400 915
1596410 916
1596420 916
1596430 915
1596440 915
1596450 914
1596460 914
1596470 914
1596480 914
1596490 914
1596500 915
1596510 915
1596520 914
1596530 914
1596540 914
1596550 913
1596560 912
1596570 911
1596580 910
1596590 910
1596600 911
1596610 911
1596620 910
1596630 910
1596640 909
1596650 908
1596660 908
1596670 907
1596680 907
1596690 906
1596700 906
1596710 905
1596720 904
1596730 903
1596740 902
1596750 902
1596760 901
1596770 900
1596780 899
1596790 896
1596800 893
1596810 890
1596820 887
1596830 885
1596840 884
1596850 882
1596860 881
1596870 879
1596880 877
1596890 875
1596900 873
1596910 872
1596920 871
1596930 870
1596940 869
1596950 867
1596960 866
1596970 864
1596980 863
1596990 862
1597000 862
1597010 861
1597020 860
1597030 859
1597040 858
1597050 857
1597060 856
1597070 855
1597080 854
1597090 854
1597100 853
1597110 853
1597120 852
1597130 850
1597140 848
1597150 846
1597160 844
1597170 843
1597180 842
1597190 841
1597200 839
1597210 837
1597220 836
1597230 834
1597240 833
1597250 832
1597260 830
1597270 828
1597280 826
1597290 825
1597300 823
1597310 821
1597320 819
1597330 816
1597340 814
1597350 812
1597360 810
1597370 808
1597380 806
1597390 804
1597400 801
1597410 799
1597420 796
1597430 794
1597440 793
1597450 792
1597460 791
1597470 790
1597480 789
1597490 787
1597500 786
1597510 784
1597520 783
1597530 781
1597540 779
1597550 778
1597560 776
1597570 775
1597580 774
1597590 773
1597600 772
1597610 771
1597620 769
1597630 768
1597640 767
1597650 766
1597660 765
1597670 764
1597680 762
1597690 761
1597700 758
1597710 756
1597720 754
1597730 752
1597740 750
1597750 747
1597760 745
1597770 742
1597780 740
1597790 736
1597800 733
1597810 731
1597820 728
1597830 725
1597840 722
1597850 720
1597860 718
1597870 717
1597880 713
1597890 710
1597900 707
1597910 704
1597920 702
1597930 699
1597940 695
1597950 691
1597960 686
1597970 681
1597980 677
1597990 672
1598000 668
1598010 665
1598020 662
1598030 660
1598040 658
1598050 657
1598060 657
1598070 656
1598080 656
1598090 656
1598100 655
1598110 655
1598120 655
1598130 654
1598140 654
1598150 654
1598160 653
1598170 653
1598180 653
1598190 652
1598200 652
1598210 651
1598220 651
1598230 651
1598240 650
1598250 650
1598260 650
1598270 650
1598280 649
1598290 649
1598300 649
1598310 648
1598320 647
1598330 647
1598340 647
1598350 647
1598360 647
1598370 646
1598380 646
1598390 646
1598400 646
1598410 646
1598420 646
1598430 646
1598440 646
1598450 646
1598460 647
1598470 649
1598480 651
1598490 653
1598500 655
1598510 657
1598520 658
1598530 659
1598540 659
1598550 657
1598560 654
1598570 651
1598580 648
1598590 645
1598600 643
1598610 642
1598620 641
1598630 641
1598640 640
1598650 640
1598660 640
1598670 640
1598680 640
1598690 640
1598700 639
1598710 639
1598720 639
1598730 639
1598740 639
1598750 638
1598760 638
1598770 638
1598780 638
1598790 638
1598800 638
1598810 638
1598820 638
1598830 637
1598840 637
1598850 637
1598860 637
1598870 637
1598880 637
1598890 637
1598900 637
1598910 637
1598920 637
1598930 638
1598940 641
1598950 646
1598960 651
1598970 655
1598980 659
1598990 663
1599000 667
1599010 672
1599020 677
1599030 683
1599040 688
1599050 694
1599060 699
1599070 700
1599080 699
1599090 697
1599100 694
1599110 691
1599120 689
1599130 686
1599140 683
1599150 681
1599160 678
1599170 676
1599180 673
1599190 669
1599200 667
1599210 664
1599220 661
1599230 658
1599240 656
1599250 655
1599260 653
1599270 651
1599280 649
1599290 648
1599300 647
1599310 647
1599320 646
1599330 645
1599340 643
1599350 641
1599360 640
1599370 641
1599380 642
1599390 642
1599400 641
1599410 639
1599420 637
1599430 635
1599440 632
1599450 630
1599460 627
1599470 624
1599480 621
1599490 619
1599500 618
1599510 618
1599520 618
1599530 618
1599540 618
1599550 618
1599560 618
1599570 618
1599580 618
1599590 617
1599600 617
1599610 617
1599620 616
1599630 616
1599640 615
1599650 614
1599660 614
1599670 613
1599680 613
1599690 613
1599700 612
1599710 612
1599720 612
1599730 611
1599740 611
1599750 611
1599760 611
1599770 610
1599780 610
1599790 610
1599800 610
1599810 610
1599820 610
1599830 609
1599840 609
1599850 609
1599860 609
1599870 609
1599880 609
1599890 609
1599900 609
1599910 609
1599920 609
1599930 609
1599940 609
1599950 609
1599960 609
1599970 608
1599980 608
1599990 608
