1580000 929
1580010 929
1580020 929
1580030 929
1580040 929
1580050 929
1580060 928
1580070 928
1580080 928
1580090 927
1580100 927
1580110 927
1580120 927
1580130 927
1580140 927
1580150 927
1580160 926
1580170 926
1580180 926
1580190 925
1580200 925
1580210 924
1580220 923
1580230 922
1580240 921
1580250 919
1580260 917
1580270 916
1580280 916
1580290 917
1580300 918
1580310 919
1580320 919
1580330 920
1580340 921
1580350 921
1580360 922
1580370 923
1580380 924
1580390 925
1580400 926
1580410 926
1580420 927
1580430 927
1580440 927
1580450 927
1580460 927
1580470 927
1580480 927
1580490 926
1580500 925
1580510 925
1580520 924
1580530 924
1580540 923
1580550 923
1580560 923
1580570 922
1580580 922
1580590 921
1580600 920
1580610 919
1580620 918
1580630 916
1580640 915
1580650 914
1580660 913
1580670 913
1580680 912
1580690 912
1580700 912
1580710 912
1580720 911
1580730 911
1580740 911
1580750 910
1580760 910
1580770 910
1580780 909
1580790 909
1580800 908
1580810 908
1580820 908
1580830 907
1580840 907
1580850 906
1580860 906
1580870 905
1580880 904
1580890 903
1580900 902
1580910 901
1580920 899
1580930 898
1580940 896
1580950 894
1580960 891
1580970 888
1580980 885
1580990 882
1581000 879
1581010 877
1581020 877
1581030 877
1581040 877
1581050 877
1581060 877
1581070 876
1581080 875
1581090 874
1581100 872
1581110 871
1581120 869
1581130 867
1581140 866
1581150 865
1581160 863
1581170 861
1581180 860
1581190 859
1581200 859
1581210 859
1581220 858
1581230 857
1581240 856
1581250 855
1581260 854
1581270 852
1581280 851
1581290 850
1581300 848
1581310 848
1581320 847
1581330 847
1581340 848
1581350 848
1581360 850
1581370 851
1581380 852
1581390 853
1581400 854
1581410 855
1581420 854
1581430 853
1581440 852
1581450 850
1581460 847
1581470 843
1581480 838
1581490 834
1581500 830
1581510 825
1581520 821
1581530 816
1581540 811
1581550 806
1581560 800
1581570 794
1581580 790
1581590 791
1581600 794
1581610 798
1581620 805
1581630 810
1581640 815
1581650 816
1581660 818
1581670 819
1581680 823
1581690 825
1581700 826
1581710 823
1581720 820
1581730 816
1581740 814
1581750 812
1581760 811
1581770 810
1581780 809
1581790 810
1581800 811
1581810 814
1581820 817
1581830 820
1581840 823
1581850 825
1581860 827
1581870 828
1581880 829
1581890 831
1581900 833
1581910 835
1581920 837
1581930 840
1581940 843
1581950 847
1581960 851
1581970 853
1581980 856
1581990 858
1582000 860
1582010 862
1582020 864
1582030 864
1582040 862
1582050 861
1582060 861
1582070 861
1582080 861
1582090 858
1582100 856
1582110 853
1582120 850
1582130 846
1582140 843
1582150 839
1582160 835
1582170 831
1582180 826
1582190 821
1582200 816
1582210 809
1582220 803
1582230 799
1582240 796
1582250 794
1582260 791
1582270 788
1582280 785
1582290 782
1582300 779
1582310 777
1582320 775
1582330 772
1582340 769
1582350 759
1582360 750
1582370 742
1582380 740
1582390 740
1582400 739
1582410 739
1582420 738
1582430 738
1582440 737
1582450 737
1582460 736
1582470 735
1582480 735
1582490 734
1582500 734
1582510 733
1582520 733
1582530 733
1582540 733
1582550 733
1582560 733
1582570 733
1582580 733
1582590 733
1582600 732
1582610 732
1582620 732
1582630 732
1582640 732
1582650 733
1582660 733
1582670 734
1582680 734
1582690 735
1582700 736
1582710 737
1582720 738
1582730 738
1582740 739
1582750 739
1582760 740
1582770 740
1582780 740
1582790 740
1582800 740
1582810 741
1582820 742
1582830 744
1582840 747
1582850 749
1582860 751
1582870 752
1582880 752
1582890 753
1582900 753
1582910 753
1582920 753
1582930 754
1582940 756
1582950 759
1582960 761
1582970 764
1582980 768
1582990 770
1583000 771
1583010 772
1583020 773
1583030 775
1583040 776
1583050 779
1583060 784
1583070 789
1583080 794
1583090 797
1583100 800
1583110 801
1583120 800
1583130 798
1583140 799
1583150 800
1583160 802
1583170 805
1583180 809
1583190 813
1583200 816
1583210 818
1583220 820
1583230 822
1583240 822
1583250 822
1583260 821
1583270 822
1583280 823
1583290 824
1583300 826
1583310 828
1583320 830
1583330 831
1583340 833
1583350 834
1583360 834
1583370 834
1583380 835
1583390 835
1583400 836
1583410 837
1583420 839
1583430 840
1583440 841
1583450 842
1583460 843
1583470 845
1583480 847
1583490 850
1583500 852
1583510 854
1583520 855
1583530 855
1583540 855
1583550 856
1583560 858
1583570 861
1583580 863
1583590 863
1583600 864
1583610 864
1583620 864
1583630 865
1583640 866
1583650 868
1583660 870
1583670 872
1583680 874
1583690 877
1583700 880
1583710 883
1583720 888
1583730 892
1583740 896
1583750 901
1583760 905
1583770 909
1583780 914
1583790 917
1583800 920
1583810 922
1583820 925
1583830 927
1583840 929
1583850 931
1583860 933
1583870 934
1583880 936
1583890 937
1583900 938
1583910 939
1583920 941
1583930 942
1583940 943
1583950 944
1583960 944
1583970 945
1583980 946
1583990 947
1584000 948
1584010 949
1584020 950
1584030 951
1584040 952
1584050 952
1584060 953
1584070 954
1584080 955
1584090 956
1584100 957
1584110 958
1584120 959
1584130 960
1584140 960
1584150 961
1584160 961
1584170 962
1584180 962
1584190 963
1584200 963
1584210 963
1584220 964
1584230 964
1584240 964
1584250 965
1584260 965
1584270 965
1584280 964
1584290 964
1584300 964
1584310 964
1584320 963
1584330 963
1584340 962
1584350 962
1584360 961
1584370 960
1584380 958
1584390 956
1584400 954
1584410 952
1584420 950
1584430 948
1584440 945
1584450 943
1584460 940
1584470 937
1584480 935
1584490 932
1584500 928
1584510 925
1584520 923
1584530 920
1584540 918
1584550 915
1584560 912
1584570 910
1584580 907
1584590 904
1584600 901
1584610 898
1584620 895
1584630 893
1584640 890
1584650 887
1584660 883
1584670 879
1584680 875
1584690 871
1584700 867
1584710 862
1584720 858
1584730 856
1584740 851
1584750 846
1584760 840
1584770 834
1584780 828
1584790 822
1584800 817
1584810 813
1584820 808
1584830 804
1584840 801
1584850 800
1584860 805
1584870 810
1584880 815
1584890 819
1584900 824
1584910 827
1584920 831
1584930 834
1584940 838
1584950 841
1584960 844
1584970 847
1584980 850
1584990 853
1585000 857
1585010 860
1585020 863
1585030 866
1585040 869
1585050 872
1585060 875
1585070 878
1585080 882
1585090 885
1585100 887
1585110 890
1585120 893
1585130 896
1585140 899
1585150 901
1585160 904
1585170 907
1585180 909
1585190 912
1585200 915
1585210 917
1585220 920
1585230 923
1585240 925
1585250 927
1585260 929
1585270 931
1585280 932
1585290 933
1585300 933
1585310 933
1585320 932
1585330 930
1585340 928
1585350 927
1585360 925
1585370 923
1585380 922
1585390 921
1585400 920
1585410 919
1585420 919
1585430 918
1585440 917
1585450 916
1585460 917
1585470 921
1585480 924
1585490 927
1585500 929
1585510 932
1585520 934
1585530 937
1585540 940
1585550 943
1585560 946
1585570 949
1585580 952
1585590 955
1585600 958
1585610 961
1585620 964
1585630 968
1585640 970
1585650 972
1585660 974
1585670 977
1585680 979
1585690 981
1585700 982
1585710 983
1585720 984
1585730 985
1585740 985
1585750 984
1585760 984
1585770 983
1585780 981
1585790 979
1585800 977
1585810 975
1585820 973
1585830 971
1585840 969
1585850 967
1585860 965
1585870 963
1585880 961
1585890 959
1585900 957
1585910 956
1585920 954
1585930 952
1585940 950
1585950 949
1585960 947
1585970 946
1585980 944
1585990 942
1586000 940
1586010 936
1586020 934
1586030 934
1586040 938
1586050 941
1586060 943
1586070 946
1586080 948
1586090 950
1586100 953
1586110 956
1586120 959
1586130 962
1586140 965
1586150 968
1586160 970
1586170 972
1586180 974
1586190 977
1586200 979
1586210 981
1586220 984
1586230 986
1586240 988
1586250 990
1586260 991
1586270 991
1586280 991
1586290 992
1586300 992
1586310 992
1586320 991
1586330 990
1586340 989
1586350 988
1586360 986
1586370 984
1586380 981
1586390 978
1586400 975
1586410 972
1586420 967
1586430 962
1586440 957
1586450 953
1586460 948
1586470 942
1586480 938
1586490 932
1586500 928
1586510 923
1586520 919
1586530 915
1586540 911
1586550 907
1586560 903
1586570 899
1586580 895
1586590 892
1586600 889
1586610 885
1586620 882
1586630 879
1586640 876
1586650 874
1586660 872
1586670 870
1586680 867
1586690 865
1586700 863
1586710 860
1586720 858
1586730 855
1586740 852
1586750 850
1586760 847
1586770 844
1586780 842
1586790 839
1586800 836
1586810 832
1586820 828
1586830 823
1586840 820
1586850 819
1586860 821
1586870 824
1586880 826
1586890 828
1586900 829
1586910 830
1586920 831
1586930 832
1586940 832
1586950 832
1586960 832
1586970 833
1586980 834
1586990 835
1587000 836
1587010 837
1587020 838
1587030 839
1587040 841
1587050 843
1587060 844
1587070 845
1587080 846
1587090 846
1587100 847
1587110 847
1587120 846
1587130 844
1587140 841
1587150 839
1587160 837
1587170 836
1587180 834
1587190 832
1587200 830
1587210 827
1587220 824
1587230 821
1587240 818
1587250 815
1587260 811
1587270 806
1587280 803
1587290 803
1587300 808
1587310 812
1587320 817
1587330 822
1587340 827
1587350 832
1587360 837
1587370 841
1587380 846
1587390 850
1587400 854
1587410 857
1587420 861
1587430 864
1587440 868
1587450 871
1587460 873
1587470 875
1587480 877
1587490 878
1587500 879
1587510 880
1587520 880
1587530 880
1587540 880
1587550 881
1587560 881
1587570 882
1587580 883
1587590 884
1587600 886
1587610 888
1587620 889
1587630 890
1587640 890
1587650 891
1587660 892
1587670 893
1587680 894
1587690 894
1587700 895
1587710 895
1587720 896
1587730 896
1587740 897
1587750 898
1587760 899
1587770 899
1587780 901
1587790 902
1587800 904
1587810 906
1587820 908
1587830 909
1587840 911
1587850 913
1587860 914
1587870 917
1587880 919
1587890 922
1587900 924
1587910 927
1587920 929
1587930 930
1587940 932
1587950 934
1587960 936
1587970 938
1587980 940
1587990 941
1588000 942
1588010 943
1588020 944
1588030 946
1588040 947
1588050 949
1588060 950
1588070 952
1588080 954
1588090 955
1588100 957
1588110 959
1588120 961
1588130 963
1588140 965
1588150 967
1588160 970
1588170 972
1588180 973
1588190 975
1588200 977
1588210 979
1588220 982
1588230 984
1588240 985
1588250 987
1588260 989
1588270 991
1588280 992
1588290 994
1588300 996
1588310 998
1588320 999
1588330 1002
1588340 1005
1588350 1008
1588360 1010
1588370 1011
1588380 1013
1588390 1015
1588400 1017
1588410 1019
1588420 1022
1588430 1023
1588440 1025
1588450 1027
1588460 1030
1588470 1033
1588480 1035
1588490 1036
1588500 1037
1588510 1038
1588520 1040
1588530 1042
1588540 1043
1588550 1045
1588560 1047
1588570 1048
1588580 1050
1588590 1052
1588600 1053
1588610 1055
1588620 1056
1588630 1057
1588640 1058
1588650 1059
1588660 1060
1588670 1061
1588680 1062
1588690 1064
1588700 1065
1588710 1066
1588720 1068
1588730 1069
1588740 1071
1588750 1071
1588760 1072
1588770 1072
1588780 1071
1588790 1071
1588800 1071
1588810 1070
1588820 1070
1588830 1069
1588840 1068
1588850 1068
1588860 1068
1588870 1068
1588880 1068
1588890 1069
1588900 1069
1588910 1070
1588920 1071
1588930 1071
1588940 1072
1588950 1073
1588960 1074
1588970 1075
1588980 1075
1588990 1076
1589000 1076
1589010 1077
1589020 1076
1589030 1076
1589040 1075
1589050 1074
1589060 1073
1589070 1073
1589080 1074
1589090 1074
1589100 1075
1589110 1076
1589120 1077
1589130 1078
1589140 1079
1589150 1080
1589160 1080
1589170 1080
1589180 1080
1589190 1080
1589200 1080
1589210 1079
1589220 1079
1589230 1078
1589240 1077
1589250 1076
1589260 1075
1589270 1074
1589280 1073
1589290 1073
1589300 1072
1589310 1072
1589320 1073
1589330 1075
1589340 1076
1589350 1078
1589360 1079
1589370 1081
1589380 1083
1589390 1085
1589400 1086
1589410 1088
1589420 1090
1589430 1092
1589440 1094
1589450 1096
1589460 1097
1589470 1098
1589480 1099
1589490 1100
1589500 1101
1589510 1102
1589520 1102
1589530 1102
1589540 1103
1589550 1103
1589560 1102
1589570 1102
1589580 1101
1589590 1100
1589600 1100
1589610 1099
1589620 1097
1589630 1096
1589640 1094
1589650 1092
1589660 1090
1589670 1089
1589680 1087
1589690 1085
1589700 1084
1589710 1083
1589720 1081
1589730 1080
1589740 1080
1589750 1079
1589760 1078
1589770 1078
1589780 1078
1589790 1077
1589800 1077
1589810 1076
1589820 1076
1589830 1076
1589840 1076
1589850 1076
1589860 1077
1589870 1077
1589880 1077
1589890 1078
1589900 1078
1589910 1078
1589920 1078
1589930 1078
1589940 1079
1589950 1080
1589960 1081
1589970 1082
1589980 1082
1589990 1083
1590000 1084
1590010 1084
1590020 1085
1590030 1085
1590040 1086
1590050 1086
1590060 1086
1590070 1086
1590080 1087
1590090 1087
1590100 1087
1590110 1087
1590120 1086
1590130 1083
1590140 1080
1590150 1077
1590160 1073
1590170 1070
1590180 1065
1590190 1060
1590200 1056
1590210 1052
1590220 1047
1590230 1042
1590240 1038
1590250 1034
1590260 1030
1590270 1027
1590280 1023
1590290 1019
1590300 1013
1590310 1008
1590320 1003
1590330 999
1590340 994
1590350 990
1590360 986
1590370 981
1590380 977
1590390 972
1590400 969
1590410 967
1590420 966
1590430 966
1590440 966
1590450 966
1590460 967
1590470 968
1590480 969
1590490 970
1590500 970
1590510 971
1590520 971
1590530 972
1590540 972
1590550 973
1590560 973
1590570 974
1590580 975
1590590 976
1590600 976
1590610 977
1590620 979
1590630 980
1590640 981
1590650 981
1590660 981
1590670 981
1590680 980
1590690 978
1590700 974
1590710 970
1590720 966
1590730 962
1590740 959
1590750 956
1590760 953
1590770 950
1590780 948
1590790 947
1590800 950
1590810 954
1590820 959
1590830 963
1590840 966
1590850 969
1590860 971
1590870 973
1590880 975
1590890 977
1590900 978
1590910 979
1590920 980
1590930 983
1590940 985
1590950 988
1590960 990
1590970 991
1590980 992
1590990 993
1591000 994
1591010 996
1591020 997
1591030 998
1591040 1000
1591050 1002
1591060 1004
1591070 1007
1591080 1009
1591090 1013
1591100 1016
1591110 1019
1591120 1021
1591130 1023
1591140 1024
1591150 1025
1591160 1026
1591170 1027
1591180 1028
1591190 1029
1591200 1029
1591210 1030
1591220 1031
1591230 1031
1591240 1032
1591250 1032
1591260 1031
1591270 1031
1591280 1030
1591290 1029
1591300 1029
1591310 1029
1591320 1028
1591330 1027
1591340 1026
1591350 1026
1591360 1027
1591370 1027
1591380 1027
1591390 1027
1591400 1028
1591410 1028
1591420 1031
1591430 1035
1591440 1037
1591450 1038
1591460 1038
1591470 1038
1591480 1038
1591490 1038
1591500 1039
1591510 1039
1591520 1040
1591530 1041
1591540 1042
1591550 1043
1591560 1043
1591570 1044
1591580 1045
1591590 1047
1591600 1050
1591610 1052
1591620 1055
1591630 1058
1591640 1061
1591650 1063
1591660 1064
1591670 1066
1591680 1067
1591690 1069
1591700 1070
1591710 1072
1591720 1073
1591730 1075
1591740 1076
1591750 1078
1591760 1079
1591770 1081
1591780 1082
1591790 1084
1591800 1085
1591810 1087
1591820 1089
1591830 1090
1591840 1092
1591850 1094
1591860 1096
1591870 1097
1591880 1099
1591890 1100
1591900 1102
1591910 1104
1591920 1105
1591930 1107
1591940 1109
1591950 1111
1591960 1112
1591970 1114
1591980 1116
1591990 1118
1592000 1119
1592010 1121
1592020 1123
1592030 1125
1592040 1127
1592050 1129
1592060 1131
1592070 1132
1592080 1134
1592090 1135
1592100 1137
1592110 1138
1592120 1139
1592130 1141
1592140 1142
1592150 1143
1592160 1145
1592170 1146
1592180 1147
1592190 1149
1592200 1150
1592210 1151
1592220 1152
1592230 1154
1592240 1155
1592250 1157
1592260 1158
1592270 1159
1592280 1161
1592290 1162
1592300 1163
1592310 1164
1592320 1165
1592330 1166
1592340 1166
1592350 1167
1592360 1167
1592370 1168
1592380 1168
1592390 1168
1592400 1167
1592410 1167
1592420 1167
1592430 1166
1592440 1166
1592450 1165
1592460 1165
1592470 1165
1592480 1164
1592490 1164
1592500 1163
1592510 1163
1592520 1163
1592530 1162
1592540 1162
1592550 1162
1592560 1161
1592570 1161
1592580 1161
1592590 1161
1592600 1160
1592610 1159
1592620 1159
1592630 1158
1592640 1157
1592650 1155
1592660 1154
1592670 1152
1592680 1151
1592690 1149
1592700 1147
1592710 1145
1592720 1143
1592730 1140
1592740 1138
1592750 1136
1592760 1135
1592770 1133
1592780 1132
1592790 1132
1592800 1131
1592810 1131
1592820 1131
1592830 1131
1592840 1131
1592850 1132
1592860 1132
1592870 1132
1592880 1133
1592890 1134
1592900 1135
1592910 1135
1592920 1136
1592930 1137
1592940 1138
1592950 1138
1592960 1139
1592970 1140
1592980 1141
1592990 1142
1593000 1143
1593010 1144
1593020 1145
1593030 1146
1593040 1147
1593050 1148
1593060 1149
1593070 1149
1593080 1150
1593090 1151
1593100 1152
1593110 1154
1593120 1155
1593130 1156
1593140 1157
1593150 1158
1593160 1159
1593170 1160
1593180 1162
1593190 1163
1593200 1165
1593210 1167
1593220 1168
1593230 1170
1593240 1172
1593250 1173
1593260 1175
1593270 1176
1593280 1178
1593290 1179
1593300 1180
1593310 1181
1593320 1182
1593330 1182
1593340 1183
1593350 1183
1593360 1184
1593370 1184
1593380 1185
1593390 1185
1593400 1185
1593410 1185
1593420 1186
1593430 1186
1593440 1187
1593450 1188
1593460 1188
1593470 1189
1593480 1190
1593490 1190
1593500 1191
1593510 1192
1593520 1192
1593530 1192
1593540 1192
1593550 1193
1593560 1193
1593570 1193
1593580 1193
1593590 1193
1593600 1193
1593610 1193
1593620 1193
1593630 1193
1593640 1193
1593650 1192
1593660 1192
1593670 1192
1593680 1192
1593690 1192
1593700 1192
1593710 1192
1593720 1192
1593730 1192
1593740 1192
1593750 1192
1593760 1193
1593770 1193
1593780 1192
1593790 1192
1593800 1192
1593810 1192
1593820 1192
1593830 1191
1593840 1190
1593850 1188
1593860 1187
1593870 1187
1593880 1186
1593890 1185
1593900 1185
1593910 1184
1593920 1183
1593930 1182
1593940 1181
1593950 1180
1593960 1179
1593970 1178
1593980 1177
1593990 1175
1594000 1173
1594010 1172
1594020 1170
1594030 1169
1594040 1168
1594050 1166
1594060 1165
1594070 1164
1594080 1163
1594090 1162
1594100 1162
1594110 1162
1594120 1161
1594130 1160
1594140 1159
1594150 1158
1594160 1157
1594170 1155
1594180 1154
1594190 1152
1594200 1150
1594210 1148
1594220 1146
1594230 1144
1594240 1143
1594250 1141
1594260 1140
1594270 1139
1594280 1138
1594290 1137
1594300 1137
1594310 1136
1594320 1135
1594330 1134
1594340 1133
1594350 1132
1594360 1130
1594370 1128
1594380 1126
1594390 1124
1594400 1123
1594410 1122
1594420 1121
1594430 1120
1594440 1119
1594450 1118
1594460 1117
1594470 1116
1594480 1115
1594490 1114
1594500 1113
1594510 1112
1594520 1111
1594530 1110
1594540 1110
1594550 1109
1594560 1108
1594570 1107
1594580 1105
1594590 1104
1594600 1103
1594610 1101
1594620 1100
1594630 1099
1594640 1098
1594650 1097
1594660 1096
1594670 1095
1594680 1095
1594690 1094
1594700 1093
1594710 1092
1594720 1091
1594730 1090
1594740 1089
1594750 1087
1594760 1086
1594770 1084
1594780 1083
1594790 1081
1594800 1080
1594810 1078
1594820 1077
1594830 1075
1594840 1073
1594850 1071
1594860 1069
1594870 1067
1594880 1066
1594890 1064
1594900 1063
1594910 1062
1594920 1061
1594930 1060
1594940 1059
1594950 1058
1594960 1057
1594970 1056
1594980 1056
1594990 1055
1595000 1053
1595010 1052
1595020 1051
1595030 1050
1595040 1049
1595050 1048
1595060 1047
1595070 1046
1595080 1045
1595090 1044
1595100 1043
1595110 1043
1595120 1042
1595130 1042
1595140 1041
1595150 1041
1595160 1040
1595170 1040
1595180 1039
1595190 1039
1595200 1038
1595210 1038
1595220 1037
1595230 1036
1595240 1036
1595250 1036
1595260 1035
1595270 1035
1595280 1035
1595290 1034
1595300 1034
1595310 1033
1595320 1033
1595330 1033
1595340 1033
1595350 1033
1595360 1033
1595370 1033
1595380 1032
1595390 1032
1595400 1031
1595410 1030
1595420 1029
1595430 1028
1595440 1026
1595450 1024
1595460 1023
1595470 1022
1595480 1020
1595490 1018
1595500 1016
1595510 1014
1595520 1012
1595530 1009
1595540 1005
1595550 1001
1595560 996
1595570 991
1595580 987
1595590 982
1595600 978
1595610 974
1595620 970
1595630 967
1595640 963
1595650 958
1595660 953
1595670 947
1595680 943
1595690 939
1595700 939
1595710 939
1595720 940
1595730 941
1595740 942
1595750 944
1595760 945
1595770 946
1595780 947
1595790 948
1595800 948
1595810 949
1595820 950
1595830 950
1595840 951
1595850 951
1595860 952
1595870 952
1595880 953
1595890 953
1595900 954
1595910 954
1595920 955
1595930 956
1595940 957
1595950 958
1595960 959
1595970 960
1595980 961
1595990 962
1596000 962
1596010 963
1596020 964
1596030 964
1596040 964
1596050 964
1596060 963
1596070 963
1596080 962
1596090 961
1596100 959
1596110 957
1596120 955
1596130 952
1596140 949
1596150 946
1596160 943
1596170 941
1596180 940
1596190 939
1596200 938
1596210 938
1596220 938
1596230 938
1596240 938
1596250 938
1596260 938
1596270 939
1596280 939
1596290 939
1596300 940
1596310 940
1596320 939
1596330 939
1596340 938
1596350 938
1596360 938
1596370 937
1596380 936
1596390 935
1596400 935
1596410 934
1596420 934
1596430 934
1596440 934
1596450 934
1596460 935
1596470 935
1596480 936
1596490 936
1596500 936
1596510 937
1596520 937
1596530 937
1596540 938
1596550 938
1596560 939
1596570 940
1596580 941
1596590 941
1596600 940
1596610 940
1596620 940
1596630 939
1596640 938
1596650 937
1596660 936
1596670 934
1596680 933
1596690 931
1596700 930
1596710 929
1596720 929
1596730 928
1596740 927
1596750 925
1596760 923
1596770 920
1596780 918
1596790 916
1596800 914
1596810 912
1596820 911
1596830 909
1596840 908
1596850 906
1596860 905
1596870 904
1596880 902
1596890 901
1596900 900
1596910 898
1596920 897
1596930 895
1596940 894
1596950 892
1596960 891
1596970 889
1596980 887
1596990 886
1597000 885
1597010 884
1597020 883
1597030 882
1597040 881
1597050 879
1597060 879
1597070 878
1597080 878
1597090 878
1597100 877
1597110 876
1597120 875
1597130 874
1597140 872
1597150 870
1597160 869
1597170 867
1597180 866
1597190 864
1597200 862
1597210 861
1597220 860
1597230 858
1597240 856
1597250 855
1597260 852
1597270 850
1597280 848
1597290 846
1597300 844
1597310 842
1597320 841
1597330 840
1597340 839
1597350 838
1597360 837
1597370 835
1597380 831
1597390 827
1597400 823
1597410 820
1597420 817
1597430 815
1597440 813
1597450 812
1597460 811
1597470 810
1597480 809
1597490 808
1597500 807
1597510 805
1597520 803
1597530 801
1597540 799
1597550 797
1597560 795
1597570 793
1597580 791
1597590 789
1597600 787
1597610 785
1597620 783
1597630 781
1597640 780
1597650 778
1597660 777
1597670 775
1597680 774
1597690 772
1597700 770
1597710 769
1597720 767
1597730 764
1597740 762
1597750 759
1597760 756
1597770 753
1597780 750
1597790 746
1597800 742
1597810 738
1597820 735
1597830 731
1597840 727
1597850 723
1597860 719
1597870 715
1597880 711
1597890 708
1597900 705
1597910 703
1597920 700
1597930 697
1597940 694
1597950 691
1597960 687
1597970 684
1597980 680
1597990 677
1598000 674
1598010 671
1598020 669
1598030 666
1598040 664
1598050 662
1598060 660
1598070 658
1598080 658
1598090 657
1598100 657
1598110 656
1598120 656
1598130 656
1598140 655
1598150 655
1598160 655
1598170 654
1598180 654
1598190 653
1598200 653
1598210 653
1598220 652
1598230 652
1598240 651
1598250 651
1598260 650
1598270 650
1598280 650
1598290 649
1598300 649
1598310 648
1598320 648
1598330 648
1598340 647
1598350 647
1598360 647
1598370 646
1598380 646
1598390 646
1598400 645
1598410 644
1598420 643
1598430 642
1598440 642
1598450 643
1598460 643
1598470 643
1598480 643
1598490 643
1598500 643
1598510 643
1598520 643
1598530 642
1598540 642
1598550 642
1598560 642
1598570 642
1598580 642
1598590 641
1598600 641
1598610 641
1598620 641
1598630 641
1598640 640
1598650 640
1598660 640
1598670 640
1598680 640
1598690 640
1598700 640
1598710 640
1598720 639
1598730 639
1598740 639
1598750 639
1598760 639
1598770 639
1598780 639
1598790 638
1598800 638
1598810 638
1598820 638
1598830 637
1598840 637
1598850 636
1598860 636
1598870 634
1598880 633
1598890 632
1598900 631
1598910 631
1598920 631
1598930 630
1598940 630
1598950 631
1598960 633
1598970 635
1598980 639
1598990 643
1599000 647
1599010 653
1599020 659
1599030 666
1599040 672
1599050 677
1599060 682
1599070 686
1599080 689
1599090 690
1599100 688
1599110 686
1599120 684
1599130 682
1599140 680
1599150 678
1599160 676
1599170 673
1599180 671
1599190 667
1599200 664
1599210 660
1599220 657
1599230 654
1599240 651
1599250 649
1599260 646
1599270 644
1599280 641
1599290 639
1599300 638
1599310 638
1599320 639
1599330 641
1599340 645
1599350 648
1599360 650
1599370 651
1599380 650
1599390 647
1599400 645
1599410 642
1599420 639
1599430 636
1599440 632
1599450 628
1599460 624
1599470 621
1599480 619
1599490 618
1599500 617
1599510 617
1599520 617
1599530 617
1599540 617
1599550 617
1599560 617
1599570 617
1599580 616
1599590 615
1599600 614
1599610 613
1599620 612
1599630 612
1599640 611
1599650 611
1599660 611
1599670 611
1599680 611
1599690 610
1599700 610
1599710 610
1599720 610
1599730 610
1599740 611
1599750 610
1599760 610
1599770 610
1599780 610
1599790 610
1599800 610
1599810 609
1599820 609
1599830 609
1599840 609
1599850 609
1599860 608
1599870 608
1599880 608
1599890 608
1599900 608
1599910 607
1599920 607
1599930 607
1599940 607
1599950 607
1599960 607
1599970 606
1599980 606
1599990 606
