1580000 969
1580010 970
1580020 971
1580030 971
1580040 972
1580050 973
1580060 973
1580070 974
1580080 975
1580090 975
1580100 975
1580110 975
1580120 975
1580130 974
1580140 972
1580150 971
1580160 970
1580170 969
1580180 968
1580190 967
1580200 966
1580210 965
1580220 963
1580230 961
1580240 959
1580250 958
1580260 957
1580270 955
1580280 954
1580290 953
1580300 951
1580310 950
1580320 949
1580330 948
1580340 947
1580350 946
1580360 945
1580370 944
1580380 943
1580390 942
1580400 941
1580410 940
1580420 939
1580430 937
1580440 936
1580450 934
1580460 932
1580470 930
1580480 927
1580490 925
1580500 924
1580510 922
1580520 920
1580530 918
1580540 916
1580550 914
1580560 912
1580570 911
1580580 909
1580590 907
1580600 906
1580610 905
1580620 904
1580630 903
1580640 902
1580650 901
1580660 900
1580670 898
1580680 896
1580690 894
1580700 891
1580710 889
1580720 888
1580730 887
1580740 887
1580750 888
1580760 888
1580770 889
1580780 890
1580790 890
1580800 889
1580810 886
1580820 884
1580830 883
1580840 884
1580850 885
1580860 887
1580870 889
1580880 891
1580890 892
1580900 894
1580910 896
1580920 897
1580930 899
1580940 900
1580950 901
1580960 902
1580970 903
1580980 905
1580990 906
1581000 907
1581010 908
1581020 908
1581030 909
1581040 910
1581050 910
1581060 911
1581070 911
1581080 911
1581090 911
1581100 912
1581110 913
1581120 913
1581130 912
1581140 912
1581150 912
1581160 912
1581170 912
1581180 912
1581190 912
1581200 912
1581210 912
1581220 912
1581230 912
1581240 911
1581250 911
1581260 911
1581270 911
1581280 911
1581290 911
1581300 910
1581310 910
1581320 910
1581330 909
1581340 909
1581350 908
1581360 908
1581370 907
1581380 906
1581390 905
1581400 905
1581410 904
1581420 903
1581430 902
1581440 902
1581450 901
1581460 900
1581470 899
1581480 899
1581490 899
1581500 899
1581510 899
1581520 898
1581530 898
1581540 898
1581550 898
1581560 897
1581570 896
1581580 895
1581590 893
1581600 891
1581610 890
1581620 888
1581630 887
1581640 886
1581650 884
1581660 882
1581670 881
1581680 879
1581690 877
1581700 875
1581710 872
1581720 870
1581730 867
1581740 864
1581750 862
1581760 859
1581770 858
1581780 856
1581790 854
1581800 852
1581810 850
1581820 848
1581830 845
1581840 842
1581850 839
1581860 836
1581870 833
1581880 830
1581890 827
1581900 824
1581910 821
1581920 818
1581930 815
1581940 811
1581950 807
1581960 804
1581970 802
1581980 803
1581990 805
1582000 807
1582010 809
1582020 813
1582030 816
1582040 819
1582050 821
1582060 822
1582070 822
1582080 822
1582090 824
1582100 826
1582110 829
1582120 833
1582130 836
1582140 839
1582150 843
1582160 846
1582170 848
1582180 850
1582190 852
1582200 854
1582210 855
1582220 857
1582230 858
1582240 859
1582250 860
1582260 860
1582270 859
1582280 857
1582290 856
1582300 854
1582310 854
1582320 855
1582330 858
1582340 860
1582350 862
1582360 864
1582370 866
1582380 868
1582390 870
1582400 872
1582410 874
1582420 876
1582430 878
1582440 879
1582450 881
1582460 882
1582470 883
1582480 884
1582490 885
1582500 886
1582510 887
1582520 887
1582530 888
1582540 888
1582550 889
1582560 889
1582570 889
1582580 889
1582590 889
1582600 888
1582610 888
1582620 887
1582630 884
1582640 881
1582650 877
1582660 875
1582670 872
1582680 869
1582690 865
1582700 861
1582710 857
1582720 853
1582730 850
1582740 846
1582750 841
1582760 837
1582770 832
1582780 828
1582790 825
1582800 824
1582810 822
1582820 820
1582830 817
1582840 813
1582850 809
1582860 806
1582870 803
1582880 801
1582890 799
1582900 799
1582910 800
1582920 802
1582930 804
1582940 805
1582950 805
1582960 804
1582970 804
1582980 804
1582990 802
1583000 800
1583010 796
1583020 791
1583030 786
1583040 784
1583050 783
1583060 781
1583070 776
1583080 772
1583090 767
1583100 762
1583110 756
1583120 751
1583130 747
1583140 743
1583150 739
1583160 736
1583170 734
1583180 732
1583190 732
1583200 732
1583210 733
1583220 735
1583230 736
1583240 736
1583250 737
1583260 738
1583270 739
1583280 740
1583290 741
1583300 742
1583310 742
1583320 743
1583330 744
1583340 745
1583350 746
1583360 747
1583370 747
1583380 748
1583390 749
1583400 751
1583410 752
1583420 754
1583430 756
1583440 759
1583450 761
1583460 763
1583470 763
1583480 763
1583490 764
1583500 766
1583510 768
1583520 771
1583530 774
1583540 777
1583550 781
1583560 784
1583570 788
1583580 791
1583590 794
1583600 798
1583610 800
1583620 802
1583630 803
1583640 804
1583650 805
1583660 806
1583670 808
1583680 812
1583690 816
1583700 820
1583710 825
1583720 828
1583730 831
1583740 834
1583750 836
1583760 838
1583770 840
1583780 842
1583790 844
1583800 846
1583810 848
1583820 851
1583830 854
1583840 857
1583850 861
1583860 865
1583870 867
1583880 870
1583890 872
1583900 873
1583910 875
1583920 876
1583930 877
1583940 879
1583950 882
1583960 886
1583970 889
1583980 892
1583990 895
1584000 897
1584010 900
1584020 902
1584030 905
1584040 907
1584050 909
1584060 911
1584070 914
1584080 916
1584090 920
1584100 923
1584110 926
1584120 928
1584130 930
1584140 932
1584150 933
1584160 934
1584170 935
1584180 937
1584190 938
1584200 939
1584210 940
1584220 941
1584230 942
1584240 943
1584250 944
1584260 945
1584270 946
1584280 946
1584290 947
1584300 947
1584310 948
1584320 948
1584330 948
1584340 948
1584350 948
1584360 947
1584370 946
1584380 944
1584390 943
1584400 941
1584410 940
1584420 939
1584430 937
1584440 937
1584450 936
1584460 935
1584470 933
1584480 931
1584490 929
1584500 927
1584510 924
1584520 922
1584530 920
1584540 917
1584550 914
1584560 910
1584570 907
1584580 905
1584590 903
1584600 902
1584610 899
1584620 896
1584630 893
1584640 890
1584650 887
1584660 885
1584670 882
1584680 879
1584690 875
1584700 872
1584710 868
1584720 865
1584730 862
1584740 859
1584750 857
1584760 854
1584770 851
1584780 849
1584790 846
1584800 843
1584810 840
1584820 837
1584830 833
1584840 829
1584850 825
1584860 821
1584870 817
1584880 812
1584890 807
1584900 803
1584910 800
1584920 796
1584930 793
1584940 789
1584950 786
1584960 783
1584970 779
1584980 776
1584990 774
1585000 772
1585010 775
1585020 779
1585030 782
1585040 784
1585050 787
1585060 789
1585070 791
1585080 793
1585090 795
1585100 797
1585110 800
1585120 803
1585130 806
1585140 809
1585150 811
1585160 811
1585170 811
1585180 811
1585190 810
1585200 810
1585210 811
1585220 812
1585230 813
1585240 814
1585250 814
1585260 816
1585270 820
1585280 824
1585290 829
1585300 833
1585310 837
1585320 842
1585330 845
1585340 849
1585350 853
1585360 857
1585370 861
1585380 865
1585390 870
1585400 874
1585410 878
1585420 883
1585430 887
1585440 890
1585450 892
1585460 891
1585470 888
1585480 884
1585490 880
1585500 877
1585510 874
1585520 873
1585530 872
1585540 872
1585550 873
1585560 875
1585570 877
1585580 879
1585590 882
1585600 883
1585610 885
1585620 886
1585630 886
1585640 885
1585650 883
1585660 881
1585670 879
1585680 877
1585690 875
1585700 873
1585710 871
1585720 870
1585730 869
1585740 867
1585750 866
1585760 864
1585770 863
1585780 864
1585790 866
1585800 868
1585810 872
1585820 876
1585830 879
1585840 882
1585850 885
1585860 888
1585870 891
1585880 894
1585890 897
1585900 899
1585910 900
1585920 901
1585930 903
1585940 905
1585950 907
1585960 908
1585970 909
1585980 911
1585990 913
1586000 915
1586010 917
1586020 919
1586030 922
1586040 926
1586050 930
1586060 932
1586070 933
1586080 934
1586090 934
1586100 935
1586110 935
1586120 935
1586130 935
1586140 934
1586150 934
1586160 934
1586170 933
1586180 932
1586190 931
1586200 930
1586210 929
1586220 927
1586230 925
1586240 923
1586250 920
1586260 917
1586270 914
1586280 912
1586290 909
1586300 907
1586310 904
1586320 901
1586330 898
1586340 895
1586350 892
1586360 891
1586370 891
1586380 891
1586390 891
1586400 890
1586410 889
1586420 888
1586430 888
1586440 889
1586450 889
1586460 890
1586470 890
1586480 891
1586490 892
1586500 892
1586510 893
1586520 894
1586530 895
1586540 895
1586550 896
1586560 897
1586570 897
1586580 897
1586590 897
1586600 897
1586610 896
1586620 896
1586630 895
1586640 894
1586650 892
1586660 891
1586670 890
1586680 888
1586690 886
1586700 884
1586710 881
1586720 879
1586730 876
1586740 873
1586750 870
1586760 867
1586770 864
1586780 861
1586790 858
1586800 855
1586810 853
1586820 850
1586830 848
1586840 847
1586850 846
1586860 844
1586870 842
1586880 839
1586890 837
1586900 834
1586910 831
1586920 828
1586930 825
1586940 822
1586950 820
1586960 817
1586970 814
1586980 812
1586990 809
1587000 806
1587010 804
1587020 801
1587030 798
1587040 795
1587050 791
1587060 788
1587070 785
1587080 782
1587090 779
1587100 776
1587110 773
1587120 770
1587130 767
1587140 765
1587150 761
1587160 755
1587170 751
1587180 751
1587190 755
1587200 759
1587210 763
1587220 767
1587230 769
1587240 773
1587250 777
1587260 781
1587270 785
1587280 788
1587290 792
1587300 794
1587310 796
1587320 797
1587330 799
1587340 802
1587350 805
1587360 808
1587370 810
1587380 812
1587390 814
1587400 817
1587410 820
1587420 824
1587430 826
1587440 828
1587450 828
1587460 829
1587470 831
1587480 833
1587490 835
1587500 837
1587510 839
1587520 842
1587530 844
1587540 847
1587550 850
1587560 853
1587570 857
1587580 861
1587590 865
1587600 868
1587610 871
1587620 875
1587630 878
1587640 881
1587650 883
1587660 885
1587670 887
1587680 889
1587690 891
1587700 894
1587710 895
1587720 897
1587730 899
1587740 900
1587750 901
1587760 903
1587770 904
1587780 905
1587790 906
1587800 907
1587810 907
1587820 907
1587830 908
1587840 909
1587850 909
1587860 910
1587870 911
1587880 913
1587890 916
1587900 920
1587910 923
1587920 926
1587930 929
1587940 931
1587950 934
1587960 937
1587970 939
1587980 941
1587990 943
1588000 944
1588010 946
1588020 949
1588030 953
1588040 957
1588050 960
1588060 963
1588070 966
1588080 969
1588090 971
1588100 973
1588110 976
1588120 978
1588130 980
1588140 982
1588150 985
1588160 988
1588170 990
1588180 993
1588190 994
1588200 996
1588210 997
1588220 997
1588230 998
1588240 999
1588250 1000
1588260 1001
1588270 1002
1588280 1003
1588290 1003
1588300 1004
1588310 1004
1588320 1005
1588330 1005
1588340 1006
1588350 1006
1588360 1007
1588370 1007
1588380 1007
1588390 1008
1588400 1008
1588410 1008
1588420 1008
1588430 1009
1588440 1009
1588450 1009
1588460 1009
1588470 1009
1588480 1009
1588490 1010
1588500 1010
1588510 1009
1588520 1009
1588530 1009
1588540 1009
1588550 1009
1588560 1008
1588570 1008
1588580 1007
1588590 1007
1588600 1006
1588610 1006
1588620 1005
1588630 1005
1588640 1004
1588650 1004
1588660 1004
1588670 1004
1588680 1003
1588690 1003
1588700 1002
1588710 1002
1588720 1001
1588730 1001
1588740 1000
1588750 1000
1588760 1000
1588770 1000
1588780 999
1588790 998
1588800 996
1588810 994
1588820 993
1588830 992
1588840 992
1588850 991
1588860 990
1588870 990
1588880 989
1588890 988
1588900 985
1588910 982
1588920 979
1588930 976
1588940 974
1588950 973
1588960 973
1588970 972
1588980 972
1588990 973
1589000 974
1589010 978
1589020 980
1589030 983
1589040 985
1589050 988
1589060 990
1589070 994
1589080 997
1589090 999
1589100 1002
1589110 1005
1589120 1007
1589130 1010
1589140 1012
1589150 1014
1589160 1016
1589170 1019
1589180 1021
1589190 1023
1589200 1025
1589210 1027
1589220 1029
1589230 1031
1589240 1033
1589250 1035
1589260 1037
1589270 1040
1589280 1042
1589290 1044
1589300 1047
1589310 1050
1589320 1053
1589330 1055
1589340 1058
1589350 1061
1589360 1063
1589370 1065
1589380 1068
1589390 1070
1589400 1072
1589410 1074
1589420 1076
1589430 1077
1589440 1079
1589450 1080
1589460 1082
1589470 1083
1589480 1084
1589490 1085
1589500 1087
1589510 1088
1589520 1089
1589530 1091
1589540 1092
1589550 1093
1589560 1094
1589570 1094
1589580 1095
1589590 1095
1589600 1095
1589610 1095
1589620 1094
1589630 1093
1589640 1091
1589650 1089
1589660 1087
1589670 1085
1589680 1083
1589690 1080
1589700 1078
1589710 1076
1589720 1074
1589730 1072
1589740 1070
1589750 1067
1589760 1065
1589770 1063
1589780 1062
1589790 1060
1589800 1059
1589810 1056
1589820 1054
1589830 1051
1589840 1049
1589850 1046
1589860 1043
1589870 1040
1589880 1037
1589890 1033
1589900 1030
1589910 1025
1589920 1021
1589930 1017
1589940 1013
1589950 1009
1589960 1005
1589970 1000
1589980 995
1589990 990
1590000 985
1590010 980
1590020 975
1590030 971
1590040 969
1590050 968
1590060 968
1590070 969
1590080 969
1590090 970
1590100 971
1590110 973
1590120 974
1590130 976
1590140 978
1590150 981
1590160 982
1590170 984
1590180 985
1590190 987
1590200 988
1590210 990
1590220 991
1590230 991
1590240 991
1590250 990
1590260 989
1590270 987
1590280 985
1590290 983
1590300 981
1590310 978
1590320 976
1590330 974
1590340 973
1590350 973
1590360 972
1590370 971
1590380 971
1590390 971
1590400 971
1590410 970
1590420 969
1590430 968
1590440 967
1590450 965
1590460 962
1590470 959
1590480 956
1590490 953
1590500 951
1590510 948
1590520 946
1590530 944
1590540 941
1590550 938
1590560 935
1590570 932
1590580 929
1590590 926
1590600 923
1590610 920
1590620 917
1590630 913
1590640 910
1590650 907
1590660 903
1590670 899
1590680 896
1590690 894
1590700 892
1590710 892
1590720 892
1590730 894
1590740 896
1590750 900
1590760 906
1590770 911
1590780 917
1590790 919
1590800 922
1590810 924
1590820 927
1590830 931
1590840 935
1590850 938
1590860 942
1590870 945
1590880 949
1590890 952
1590900 956
1590910 959
1590920 962
1590930 965
1590940 968
1590950 971
1590960 974
1590970 977
1590980 980
1590990 983
1591000 986
1591010 988
1591020 989
1591030 991
1591040 992
1591050 993
1591060 994
1591070 994
1591080 994
1591090 994
1591100 994
1591110 994
1591120 994
1591130 994
1591140 995
1591150 995
1591160 996
1591170 997
1591180 998
1591190 999
1591200 1000
1591210 1001
1591220 1002
1591230 1004
1591240 1006
1591250 1008
1591260 1010
1591270 1012
1591280 1014
1591290 1015
1591300 1017
1591310 1019
1591320 1020
1591330 1022
1591340 1024
1591350 1025
1591360 1027
1591370 1028
1591380 1029
1591390 1031
1591400 1033
1591410 1035
1591420 1037
1591430 1038
1591440 1039
1591450 1041
1591460 1043
1591470 1045
1591480 1048
1591490 1050
1591500 1053
1591510 1055
1591520 1058
1591530 1060
1591540 1061
1591550 1063
1591560 1064
1591570 1065
1591580 1066
1591590 1067
1591600 1068
1591610 1069
1591620 1070
1591630 1071
1591640 1072
1591650 1073
1591660 1074
1591670 1075
1591680 1076
1591690 1077
1591700 1078
1591710 1080
1591720 1081
1591730 1082
1591740 1083
1591750 1084
1591760 1086
1591770 1087
1591780 1088
1591790 1090
1591800 1091
1591810 1092
1591820 1093
1591830 1094
1591840 1096
1591850 1097
1591860 1098
1591870 1100
1591880 1101
1591890 1102
1591900 1104
1591910 1105
1591920 1106
1591930 1108
1591940 1110
1591950 1112
1591960 1114
1591970 1116
1591980 1118
1591990 1120
1592000 1122
1592010 1124
1592020 1126
1592030 1128
1592040 1130
1592050 1131
1592060 1133
1592070 1134
1592080 1136
1592090 1138
1592100 1139
1592110 1141
1592120 1143
1592130 1144
1592140 1145
1592150 1146
1592160 1147
1592170 1147
1592180 1148
1592190 1148
1592200 1148
1592210 1148
1592220 1148
1592230 1147
1592240 1147
1592250 1146
1592260 1144
1592270 1143
1592280 1140
1592290 1138
1592300 1135
1592310 1133
1592320 1131
1592330 1129
1592340 1128
1592350 1126
1592360 1124
1592370 1123
1592380 1121
1592390 1120
1592400 1118
1592410 1116
1592420 1115
1592430 1113
1592440 1112
1592450 1109
1592460 1106
1592470 1103
1592480 1100
1592490 1097
1592500 1094
1592510 1090
1592520 1086
1592530 1083
1592540 1080
1592550 1077
1592560 1075
1592570 1073
1592580 1072
1592590 1071
1592600 1070
1592610 1069
1592620 1068
1592630 1068
1592640 1067
1592650 1067
1592660 1066
1592670 1066
1592680 1066
1592690 1065
1592700 1063
1592710 1062
1592720 1061
1592730 1064
1592740 1067
1592750 1071
1592760 1074
1592770 1076
1592780 1078
1592790 1080
1592800 1083
1592810 1085
1592820 1087
1592830 1089
1592840 1091
1592850 1093
1592860 1094
1592870 1095
1592880 1095
1592890 1095
1592900 1095
1592910 1096
1592920 1096
1592930 1095
1592940 1094
1592950 1093
1592960 1092
1592970 1091
1592980 1089
1592990 1088
1593000 1088
1593010 1087
1593020 1086
1593030 1085
1593040 1084
1593050 1084
1593060 1084
1593070 1084
1593080 1084
1593090 1084
1593100 1084
1593110 1085
1593120 1085
1593130 1085
1593140 1086
1593150 1087
1593160 1089
1593170 1090
1593180 1091
1593190 1092
1593200 1093
1593210 1095
1593220 1096
1593230 1098
1593240 1099
1593250 1100
1593260 1102
1593270 1103
1593280 1104
1593290 1106
1593300 1107
1593310 1108
1593320 1109
1593330 1109
1593340 1109
1593350 1109
1593360 1109
1593370 1109
1593380 1110
1593390 1110
1593400 1111
1593410 1112
1593420 1113
1593430 1114
1593440 1115
1593450 1116
1593460 1116
1593470 1116
1593480 1116
1593490 1115
1593500 1115
1593510 1115
1593520 1114
1593530 1114
1593540 1113
1593550 1111
1593560 1110
1593570 1109
1593580 1107
1593590 1106
1593600 1105
1593610 1104
1593620 1102
1593630 1102
1593640 1102
1593650 1102
1593660 1102
1593670 1103
1593680 1103
1593690 1104
1593700 1105
1593710 1106
1593720 1107
1593730 1108
1593740 1108
1593750 1108
1593760 1108
1593770 1108
1593780 1107
1593790 1107
1593800 1106
1593810 1105
1593820 1104
1593830 1104
1593840 1103
1593850 1102
1593860 1101
1593870 1101
1593880 1100
1593890 1100
1593900 1099
1593910 1098
1593920 1097
1593930 1096
1593940 1095
1593950 1094
1593960 1093
1593970 1092
1593980 1091
1593990 1090
1594000 1090
1594010 1089
1594020 1088
1594030 1086
1594040 1085
1594050 1084
1594060 1083
1594070 1082
1594080 1081
1594090 1080
1594100 1078
1594110 1077
1594120 1076
1594130 1075
1594140 1075
1594150 1074
1594160 1074
1594170 1073
1594180 1073
1594190 1072
1594200 1072
1594210 1071
1594220 1071
1594230 1071
1594240 1071
1594250 1071
1594260 1071
1594270 1070
1594280 1070
1594290 1070
1594300 1070
1594310 1070
1594320 1069
1594330 1068
1594340 1067
1594350 1066
1594360 1065
1594370 1065
1594380 1064
1594390 1063
1594400 1062
1594410 1062
1594420 1061
1594430 1061
1594440 1062
1594450 1062
1594460 1063
1594470 1063
1594480 1063
1594490 1063
1594500 1063
1594510 1063
1594520 1063
1594530 1064
1594540 1064
1594550 1064
1594560 1064
1594570 1064
1594580 1064
1594590 1064
1594600 1065
1594610 1065
1594620 1065
1594630 1066
1594640 1066
1594650 1067
1594660 1067
1594670 1067
1594680 1067
1594690 1067
1594700 1067
1594710 1067
1594720 1068
1594730 1068
1594740 1068
1594750 1068
1594760 1068
1594770 1068
1594780 1068
1594790 1068
1594800 1068
1594810 1068
1594820 1068
1594830 1068
1594840 1068
1594850 1067
1594860 1067
1594870 1067
1594880 1067
1594890 1066
1594900 1066
1594910 1066
1594920 1065
1594930 1065
1594940 1065
1594950 1064
1594960 1064
1594970 1063
1594980 1063
1594990 1062
1595000 1062
1595010 1061
1595020 1060
1595030 1060
1595040 1059
1595050 1058
1595060 1058
1595070 1057
1595080 1056
1595090 1055
1595100 1055
1595110 1054
1595120 1054
1595130 1054
1595140 1054
1595150 1053
1595160 1053
1595170 1053
1595180 1053
1595190 1052
1595200 1052
1595210 1052
1595220 1051
1595230 1051
1595240 1051
1595250 1051
1595260 1050
1595270 1050
1595280 1050
1595290 1050
1595300 1050
1595310 1049
1595320 1049
1595330 1048
1595340 1047
1595350 1047
1595360 1046
1595370 1045
1595380 1044
1595390 1042
1595400 1039
1595410 1037
1595420 1035
1595430 1033
1595440 1032
1595450 1030
1595460 1029
1595470 1028
1595480 1027
1595490 1026
1595500 1024
1595510 1023
1595520 1021
1595530 1019
1595540 1017
1595550 1014
1595560 1012
1595570 1009
1595580 1007
1595590 1004
1595600 1002
1595610 999
1595620 996
1595630 994
1595640 991
1595650 988
1595660 986
1595670 984
1595680 981
1595690 979
1595700 977
1595710 974
1595720 972
1595730 969
1595740 966
1595750 962
1595760 959
1595770 955
1595780 953
1595790 952
1595800 950
1595810 947
1595820 944
1595830 941
1595840 938
1595850 934
1595860 931
1595870 928
1595880 925
1595890 923
1595900 921
1595910 920
1595920 919
1595930 918
1595940 916
1595950 915
1595960 913
1595970 912
1595980 911
1595990 910
1596000 908
1596010 907
1596020 905
1596030 904
1596040 904
1596050 904
1596060 906
1596070 906
1596080 906
1596090 905
1596100 902
1596110 899
1596120 895
1596130 891
1596140 887
1596150 884
1596160 882
1596170 879
1596180 875
1596190 872
1596200 868
1596210 865
1596220 863
1596230 861
1596240 859
1596250 857
1596260 855
1596270 852
1596280 850
1596290 848
1596300 846
1596310 845
1596320 843
1596330 840
1596340 838
1596350 835
1596360 832
1596370 830
1596380 827
1596390 824
1596400 822
1596410 819
1596420 818
1596430 816
1596440 815
1596450 813
1596460 812
1596470 810
1596480 809
1596490 809
1596500 809
1596510 809
1596520 808
1596530 808
1596540 809
1596550 809
1596560 810
1596570 809
1596580 809
1596590 808
1596600 808
1596610 807
1596620 807
1596630 806
1596640 806
1596650 806
1596660 806
1596670 806
1596680 806
1596690 806
1596700 805
1596710 803
1596720 802
1596730 801
1596740 800
1596750 799
1596760 797
1596770 795
1596780 792
1596790 789
1596800 786
1596810 782
1596820 779
1596830 777
1596840 777
1596850 777
1596860 778
1596870 778
1596880 777
1596890 775
1596900 772
1596910 768
1596920 764
1596930 761
1596940 759
1596950 758
1596960 756
1596970 756
1596980 756
1596990 757
1597000 757
1597010 757
1597020 757
1597030 756
1597040 756
1597050 756
1597060 755
1597070 754
1597080 754
1597090 753
1597100 752
1597110 752
1597120 751
1597130 750
1597140 750
1597150 749
1597160 748
1597170 747
1597180 746
1597190 745
1597200 744
1597210 744
1597220 743
1597230 742
1597240 741
1597250 740
1597260 739
1597270 738
1597280 738
1597290 737
1597300 736
1597310 735
1597320 734
1597330 734
1597340 733
1597350 732
1597360 732
1597370 731
1597380 731
1597390 730
1597400 729
1597410 728
1597420 726
1597430 725
1597440 724
1597450 722
1597460 721
1597470 721
1597480 720
1597490 720
1597500 719
1597510 718
1597520 717
1597530 716
1597540 715
1597550 713
1597560 712
1597570 709
1597580 707
1597590 704
1597600 701
1597610 698
1597620 696
1597630 695
1597640 693
1597650 691
1597660 689
1597670 687
1597680 686
1597690 685
1597700 683
1597710 682
1597720 682
1597730 681
1597740 680
1597750 680
1597760 680
1597770 680
1597780 680
1597790 680
1597800 680
1597810 680
1597820 681
1597830 682
1597840 682
1597850 683
1597860 683
1597870 683
1597880 684
1597890 685
1597900 686
1597910 686
1597920 686
1597930 685
1597940 685
1597950 686
1597960 687
1597970 688
1597980 689
1597990 689
1598000 689
1598010 691
1598020 693
1598030 698
1598040 700
1598050 700
1598060 699
1598070 699
1598080 701
1598090 705
1598100 707
1598110 708
1598120 710
1598130 711
1598140 712
1598150 713
1598160 712
1598170 711
1598180 709
1598190 708
1598200 705
1598210 702
1598220 699
1598230 697
1598240 696
1598250 695
1598260 694
1598270 693
1598280 691
1598290 691
1598300 692
1598310 693
1598320 696
1598330 700
1598340 705
1598350 710
1598360 716
1598370 721
1598380 727
1598390 732
1598400 738
1598410 744
1598420 749
1598430 755
1598440 761
1598450 766
1598460 770
1598470 773
1598480 772
1598490 769
1598500 765
1598510 759
1598520 752
1598530 746
1598540 739
1598550 734
1598560 729
1598570 724
1598580 720
1598590 716
1598600 712
1598610 709
1598620 706
1598630 703
1598640 700
1598650 697
1598660 694
1598670 691
1598680 687
1598690 684
1598700 681
1598710 678
1598720 674
1598730 671
1598740 668
1598750 666
1598760 663
1598770 660
1598780 657
1598790 654
1598800 651
1598810 648
1598820 645
1598830 642
1598840 640
1598850 638
1598860 637
1598870 636
1598880 635
1598890 635
1598900 635
1598910 634
1598920 634
1598930 634
1598940 634
1598950 633
1598960 633
1598970 633
1598980 633
1598990 633
1599000 633
1599010 633
1599020 633
1599030 635
1599040 638
1599050 645
1599060 647
1599070 648
1599080 648
1599090 649
1599100 651
1599110 652
1599120 652
1599130 652
1599140 653
1599150 652
1599160 651
1599170 650
1599180 648
1599190 647
1599200 645
1599210 644
1599220 643
1599230 642
1599240 641
1599250 640
1599260 639
1599270 638
1599280 637
1599290 636
1599300 635
1599310 634
1599320 633
1599330 632
1599340 630
1599350 628
1599360 627
1599370 627
1599380 627
1599390 627
1599400 626
1599410 626
1599420 626
1599430 626
1599440 626
1599450 626
1599460 626
1599470 625
1599480 625
1599490 625
1599500 626
1599510 626
1599520 626
1599530 626
1599540 626
1599550 625
1599560 625
1599570 625
1599580 625
1599590 625
1599600 625
1599610 625
1599620 625
1599630 625
1599640 625
1599650 625
1599660 625
1599670 625
1599680 625
1599690 625
1599700 625
1599710 625
1599720 625
1599730 625
1599740 626
1599750 627
1599760 627
1599770 628
1599780 628
1599790 628
1599800 627
1599810 627
1599820 627
1599830 626
1599840 626
1599850 626
1599860 626
1599870 625
1599880 625
1599890 625
1599900 625
1599910 624
1599920 624
1599930 624
1599940 623
1599950 623
1599960 623
1599970 623
1599980 623
1599990 622
