1580000 795
1580010 795
1580020 795
1580030 796
1580040 796
1580050 796
1580060 795
1580070 794
1580080 794
1580090 793
1580100 792
1580110 791
1580120 790
1580130 789
1580140 787
1580150 786
1580160 785
1580170 784
1580180 783
1580190 781
1580200 780
1580210 779
1580220 778
1580230 778
1580240 777
1580250 776
1580260 775
1580270 774
1580280 773
1580290 772
1580300 771
1580310 771
1580320 770
1580330 770
1580340 769
1580350 768
1580360 767
1580370 766
1580380 765
1580390 765
1580400 765
1580410 764
1580420 763
1580430 760
1580440 758
1580450 756
1580460 754
1580470 752
1580480 750
1580490 747
1580500 745
1580510 742
1580520 740
1580530 737
1580540 735
1580550 734
1580560 732
1580570 732
1580580 731
1580590 731
1580600 730
1580610 729
1580620 728
1580630 728
1580640 727
1580650 726
1580660 725
1580670 725
1580680 726
1580690 727
1580700 729
1580710 730
1580720 730
1580730 730
1580740 729
1580750 730
1580760 732
1580770 734
1580780 736
1580790 739
1580800 742
1580810 744
1580820 747
1580830 749
1580840 752
1580850 754
1580860 756
1580870 758
1580880 760
1580890 761
1580900 763
1580910 765
1580920 766
1580930 768
1580940 770
1580950 772
1580960 774
1580970 775
1580980 777
1580990 779
1581000 781
1581010 783
1581020 785
1581030 787
1581040 787
1581050 788
1581060 788
1581070 790
1581080 792
1581090 794
1581100 796
1581110 797
1581120 799
1581130 801
1581140 802
1581150 803
1581160 803
1581170 804
1581180 806
1581190 807
1581200 809
1581210 812
1581220 813
1581230 814
1581240 815
1581250 815
1581260 816
1581270 817
1581280 817
1581290 818
1581300 818
1581310 819
1581320 819
1581330 820
1581340 820
1581350 819
1581360 819
1581370 818
1581380 818
1581390 818
1581400 818
1581410 818
1581420 816
1581430 813
1581440 809
1581450 806
1581460 805
1581470 803
1581480 803
1581490 803
1581500 802
1581510 802
1581520 802
1581530 802
1581540 802
1581550 802
1581560 802
1581570 801
1581580 801
1581590 801
1581600 800
1581610 800
1581620 799
1581630 798
1581640 797
1581650 796
1581660 795
1581670 792
1581680 788
1581690 786
1581700 787
1581710 788
1581720 790
1581730 791
1581740 792
1581750 793
1581760 795
1581770 798
1581780 800
1581790 801
1581800 802
1581810 802
1581820 804
1581830 806
1581840 808
1581850 809
1581860 810
1581870 811
1581880 813
1581890 815
1581900 817
1581910 819
1581920 821
1581930 822
1581940 823
1581950 823
1581960 823
1581970 823
1581980 824
1581990 824
1582000 824
1582010 823
1582020 823
1582030 824
1582040 826
1582050 829
1582060 832
1582070 835
1582080 838
1582090 841
1582100 843
1582110 846
1582120 849
1582130 852
1582140 855
1582150 858
1582160 861
1582170 864
1582180 866
1582190 868
1582200 870
1582210 872
1582220 873
1582230 874
1582240 876
1582250 878
1582260 879
1582270 881
1582280 882
1582290 883
1582300 884
1582310 885
1582320 886
1582330 886
1582340 887
1582350 888
1582360 888
1582370 889
1582380 889
1582390 889
1582400 889
1582410 889
1582420 890
1582430 890
1582440 890
1582450 891
1582460 891
1582470 892
1582480 893
1582490 893
1582500 894
1582510 894
1582520 895
1582530 896
1582540 896
1582550 897
1582560 897
1582570 898
1582580 898
1582590 899
1582600 900
1582610 901
1582620 901
1582630 902
1582640 903
1582650 903
1582660 904
1582670 905
1582680 905
1582690 906
1582700 907
1582710 907
1582720 908
1582730 909
1582740 910
1582750 910
1582760 911
1582770 911
1582780 911
1582790 911
1582800 911
1582810 910
1582820 909
1582830 908
1582840 905
1582850 902
1582860 899
1582870 896
1582880 893
1582890 889
1582900 886
1582910 883
1582920 880
1582930 878
1582940 878
1582950 878
1582960 879
1582970 881
1582980 883
1582990 885
1583000 886
1583010 888
1583020 890
1583030 893
1583040 896
1583050 899
1583060 901
1583070 904
1583080 905
1583090 905
1583100 904
1583110 902
1583120 900
1583130 899
1583140 898
1583150 897
1583160 897
1583170 897
1583180 898
1583190 900
1583200 902
1583210 905
1583220 907
1583230 909
1583240 911
1583250 913
1583260 915
1583270 917
1583280 919
1583290 921
1583300 924
1583310 926
1583320 927
1583330 928
1583340 928
1583350 929
1583360 930
1583370 931
1583380 932
1583390 933
1583400 933
1583410 935
1583420 936
1583430 938
1583440 940
1583450 943
1583460 945
1583470 948
1583480 951
1583490 953
1583500 955
1583510 957
1583520 958
1583530 959
1583540 960
1583550 961
1583560 961
1583570 962
1583580 963
1583590 965
1583600 967
1583610 970
1583620 973
1583630 975
1583640 976
1583650 977
1583660 977
1583670 978
1583680 979
1583690 981
1583700 982
1583710 982
1583720 982
1583730 983
1583740 983
1583750 983
1583760 983
1583770 983
1583780 983
1583790 983
1583800 984
1583810 984
1583820 984
1583830 984
1583840 984
1583850 984
1583860 984
1583870 984
1583880 984
1583890 984
1583900 985
1583910 985
1583920 985
1583930 986
1583940 987
1583950 988
1583960 989
1583970 989
1583980 990
1583990 991
1584000 992
1584010 993
1584020 994
1584030 995
1584040 997
1584050 998
1584060 999
1584070 1000
1584080 1001
1584090 1002
1584100 1003
1584110 1004
1584120 1005
1584130 1006
1584140 1007
1584150 1007
1584160 1008
1584170 1008
1584180 1009
1584190 1009
1584200 1010
1584210 1011
1584220 1011
1584230 1011
1584240 1012
1584250 1013
1584260 1013
1584270 1014
1584280 1015
1584290 1016
1584300 1017
1584310 1018
1584320 1018
1584330 1019
1584340 1021
1584350 1022
1584360 1023
1584370 1024
1584380 1025
1584390 1026
1584400 1027
1584410 1028
1584420 1029
1584430 1030
1584440 1032
1584450 1033
1584460 1034
1584470 1035
1584480 1036
1584490 1038
1584500 1039
1584510 1040
1584520 1041
1584530 1043
1584540 1044
1584550 1046
1584560 1047
1584570 1048
1584580 1049
1584590 1050
1584600 1052
1584610 1054
1584620 1056
1584630 1058
1584640 1060
1584650 1062
1584660 1063
1584670 1064
1584680 1065
1584690 1067
1584700 1069
1584710 1070
1584720 1072
1584730 1073
1584740 1075
1584750 1077
1584760 1079
1584770 1081
1584780 1083
1584790 1085
1584800 1088
1584810 1090
1584820 1092
1584830 1093
1584840 1095
1584850 1098
1584860 1100
1584870 1102
1584880 1105
1584890 1107
1584900 1110
1584910 1113
1584920 1115
1584930 1118
1584940 1120
1584950 1122
1584960 1125
1584970 1127
1584980 1129
1584990 1131
1585000 1133
1585010 1134
1585020 1136
1585030 1138
1585040 1139
1585050 1140
1585060 1140
1585070 1141
1585080 1142
1585090 1143
1585100 1145
1585110 1146
1585120 1147
1585130 1148
1585140 1149
1585150 1150
1585160 1151
1585170 1151
1585180 1152
1585190 1153
1585200 1153
1585210 1154
1585220 1154
1585230 1154
1585240 1155
1585250 1155
1585260 1155
1585270 1156
1585280 1156
1585290 1155
1585300 1155
1585310 1155
1585320 1155
1585330 1155
1585340 1155
1585350 1155
1585360 1155
1585370 1156
1585380 1156
1585390 1156
1585400 1157
1585410 1157
1585420 1158
1585430 1158
1585440 1158
1585450 1159
1585460 1159
1585470 1159
1585480 1158
1585490 1157
1585500 1156
1585510 1154
1585520 1153
1585530 1152
1585540 1151
1585550 1150
1585560 1149
1585570 1148
1585580 1147
1585590 1146
1585600 1145
1585610 1144
1585620 1144
1585630 1143
1585640 1143
1585650 1142
1585660 1142
1585670 1143
1585680 1144
1585690 1145
1585700 1145
1585710 1146
1585720 1146
1585730 1146
1585740 1146
1585750 1146
1585760 1145
1585770 1145
1585780 1144
1585790 1143
1585800 1141
1585810 1139
1585820 1137
1585830 1135
1585840 1133
1585850 1131
1585860 1129
1585870 1128
1585880 1128
1585890 1128
1585900 1127
1585910 1128
1585920 1128
1585930 1128
1585940 1127
1585950 1127
1585960 1126
1585970 1125
1585980 1125
1585990 1126
1586000 1127
1586010 1127
1586020 1127
1586030 1127
1586040 1127
1586050 1127
1586060 1127
1586070 1126
1586080 1126
1586090 1126
1586100 1126
1586110 1126
1586120 1126
1586130 1126
1586140 1126
1586150 1126
1586160 1126
1586170 1126
1586180 1126
1586190 1126
1586200 1125
1586210 1125
1586220 1124
1586230 1124
1586240 1123
1586250 1122
1586260 1121
1586270 1120
1586280 1118
1586290 1116
1586300 1115
1586310 1113
1586320 1111
1586330 1110
1586340 1109
1586350 1107
1586360 1106
1586370 1106
1586380 1105
1586390 1105
1586400 1105
1586410 1105
1586420 1105
1586430 1105
1586440 1105
1586450 1106
1586460 1107
1586470 1107
1586480 1108
1586490 1110
1586500 1111
1586510 1112
1586520 1114
1586530 1115
1586540 1116
1586550 1117
1586560 1118
1586570 1119
1586580 1119
1586590 1120
1586600 1121
1586610 1123
1586620 1123
1586630 1124
1586640 1124
1586650 1125
1586660 1126
1586670 1127
1586680 1127
1586690 1128
1586700 1128
1586710 1128
1586720 1128
1586730 1127
1586740 1127
1586750 1127
1586760 1126
1586770 1126
1586780 1125
1586790 1125
1586800 1124
1586810 1124
1586820 1124
1586830 1123
1586840 1123
1586850 1122
1586860 1121
1586870 1120
1586880 1119
1586890 1118
1586900 1117
1586910 1115
1586920 1114
1586930 1112
1586940 1111
1586950 1110
1586960 1109
1586970 1108
1586980 1106
1586990 1105
1587000 1104
1587010 1102
1587020 1101
1587030 1100
1587040 1098
1587050 1097
1587060 1096
1587070 1095
1587080 1093
1587090 1092
1587100 1091
1587110 1090
1587120 1088
1587130 1087
1587140 1086
1587150 1084
1587160 1083
1587170 1082
1587180 1081
1587190 1080
1587200 1079
1587210 1079
1587220 1078
1587230 1078
1587240 1078
1587250 1078
1587260 1078
1587270 1078
1587280 1079
1587290 1079
1587300 1079
1587310 1079
1587320 1079
1587330 1079
1587340 1079
1587350 1078
1587360 1078
1587370 1078
1587380 1078
1587390 1077
1587400 1077
1587410 1076
1587420 1076
1587430 1075
1587440 1074
1587450 1074
1587460 1073
1587470 1072
1587480 1071
1587490 1070
1587500 1069
1587510 1069
1587520 1068
1587530 1067
1587540 1066
1587550 1065
1587560 1064
1587570 1063
1587580 1062
1587590 1061
1587600 1059
1587610 1057
1587620 1056
1587630 1054
1587640 1053
1587650 1052
1587660 1051
1587670 1049
1587680 1048
1587690 1047
1587700 1045
1587710 1044
1587720 1042
1587730 1041
1587740 1040
1587750 1038
1587760 1037
1587770 1036
1587780 1034
1587790 1033
1587800 1031
1587810 1030
1587820 1028
1587830 1026
1587840 1025
1587850 1024
1587860 1022
1587870 1021
1587880 1019
1587890 1018
1587900 1016
1587910 1014
1587920 1013
1587930 1011
1587940 1009
1587950 1008
1587960 1006
1587970 1005
1587980 1003
1587990 1002
1588000 1001
1588010 999
1588020 998
1588030 997
1588040 995
1588050 994
1588060 993
1588070 992
1588080 991
1588090 991
1588100 990
1588110 989
1588120 988
1588130 987
1588140 986
1588150 985
1588160 984
1588170 983
1588180 983
1588190 982
1588200 981
1588210 981
1588220 980
1588230 979
1588240 979
1588250 978
1588260 978
1588270 978
1588280 977
1588290 977
1588300 977
1588310 978
1588320 977
1588330 977
1588340 977
1588350 977
1588360 977
1588370 976
1588380 976
1588390 976
1588400 975
1588410 975
1588420 974
1588430 973
1588440 972
1588450 972
1588460 971
1588470 970
1588480 968
1588490 967
1588500 965
1588510 964
1588520 962
1588530 960
1588540 958
1588550 957
1588560 956
1588570 955
1588580 953
1588590 952
1588600 950
1588610 949
1588620 947
1588630 946
1588640 944
1588650 943
1588660 942
1588670 942
1588680 941
1588690 940
1588700 940
1588710 939
1588720 938
1588730 938
1588740 937
1588750 936
1588760 935
1588770 934
1588780 932
1588790 930
1588800 928
1588810 927
1588820 925
1588830 923
1588840 921
1588850 919
1588860 916
1588870 913
1588880 910
1588890 907
1588900 903
1588910 899
1588920 895
1588930 891
1588940 886
1588950 882
1588960 877
1588970 874
1588980 872
1588990 871
1589000 870
1589010 868
1589020 867
1589030 866
1589040 865
1589050 864
1589060 862
1589070 860
1589080 858
1589090 857
1589100 855
1589110 853
1589120 851
1589130 849
1589140 846
1589150 843
1589160 840
1589170 837
1589180 834
1589190 830
1589200 827
1589210 824
1589220 823
1589230 822
1589240 821
1589250 821
1589260 821
1589270 822
1589280 822
1589290 823
1589300 826
1589310 829
1589320 832
1589330 835
1589340 838
1589350 840
1589360 842
1589370 843
1589380 844
1589390 845
1589400 846
1589410 847
1589420 848
1589430 849
1589440 851
1589450 853
1589460 855
1589470 857
1589480 859
1589490 861
1589500 864
1589510 866
1589520 867
1589530 869
1589540 871
1589550 872
1589560 873
1589570 874
1589580 875
1589590 875
1589600 875
1589610 875
1589620 875
1589630 875
1589640 874
1589650 873
1589660 872
1589670 869
1589680 867
1589690 865
1589700 863
1589710 862
1589720 862
1589730 861
1589740 861
1589750 861
1589760 862
1589770 862
1589780 863
1589790 865
1589800 866
1589810 867
1589820 867
1589830 868
1589840 869
1589850 869
1589860 869
1589870 870
1589880 870
1589890 870
1589900 870
1589910 869
1589920 869
1589930 869
1589940 869
1589950 869
1589960 868
1589970 868
1589980 868
1589990 868
1590000 868
1590010 868
1590020 869
1590030 869
1590040 870
1590050 870
1590060 871
1590070 872
1590080 872
1590090 873
1590100 874
1590110 874
1590120 875
1590130 875
1590140 876
1590150 876
1590160 876
1590170 877
1590180 877
1590190 877
1590200 878
1590210 878
1590220 879
1590230 879
1590240 879
1590250 879
1590260 880
1590270 879
1590280 879
1590290 879
1590300 878
1590310 878
1590320 877
1590330 876
1590340 874
1590350 873
1590360 871
1590370 869
1590380 867
1590390 865
1590400 863
1590410 862
1590420 860
1590430 859
1590440 858
1590450 857
1590460 857
1590470 856
1590480 856
1590490 856
1590500 856
1590510 856
1590520 857
1590530 857
1590540 858
1590550 859
1590560 860
1590570 860
1590580 861
1590590 863
1590600 864
1590610 866
1590620 868
1590630 869
1590640 869
1590650 870
1590660 871
1590670 872
1590680 873
1590690 874
1590700 874
1590710 875
1590720 876
1590730 876
1590740 877
1590750 878
1590760 879
1590770 879
1590780 879
1590790 879
1590800 879
1590810 879
1590820 879
1590830 879
1590840 879
1590850 879
1590860 880
1590870 880
1590880 881
1590890 881
1590900 882
1590910 882
1590920 883
1590930 884
1590940 885
1590950 886
1590960 886
1590970 887
1590980 888
1590990 888
1591000 889
1591010 889
1591020 890
1591030 889
1591040 889
1591050 889
1591060 888
1591070 887
1591080 886
1591090 885
1591100 883
1591110 881
1591120 881
1591130 879
1591140 878
1591150 877
1591160 876
1591170 875
1591180 874
1591190 872
1591200 871
1591210 869
1591220 866
1591230 864
1591240 863
1591250 863
1591260 864
1591270 867
1591280 869
1591290 872
1591300 874
1591310 876
1591320 878
1591330 880
1591340 881
1591350 882
1591360 884
1591370 885
1591380 886
1591390 887
1591400 887
1591410 888
1591420 889
1591430 889
1591440 889
1591450 887
1591460 884
1591470 880
1591480 877
1591490 874
1591500 872
1591510 868
1591520 864
1591530 860
1591540 857
1591550 855
1591560 852
1591570 850
1591580 848
1591590 847
1591600 846
1591610 846
1591620 846
1591630 846
1591640 846
1591650 846
1591660 846
1591670 847
1591680 848
1591690 849
1591700 851
1591710 853
1591720 856
1591730 858
1591740 860
1591750 862
1591760 864
1591770 864
1591780 863
1591790 862
1591800 861
1591810 860
1591820 861
1591830 861
1591840 862
1591850 863
1591860 864
1591870 865
1591880 866
1591890 867
1591900 866
1591910 866
1591920 864
1591930 863
1591940 862
1591950 862
1591960 861
1591970 860
1591980 860
1591990 860
1592000 861
1592010 861
1592020 862
1592030 863
1592040 864
1592050 865
1592060 866
1592070 867
1592080 867
1592090 866
1592100 866
1592110 865
1592120 864
1592130 863
1592140 861
1592150 860
1592160 858
1592170 856
1592180 854
1592190 851
1592200 850
1592210 848
1592220 847
1592230 846
1592240 845
1592250 844
1592260 843
1592270 842
1592280 840
1592290 839
1592300 837
1592310 835
1592320 833
1592330 831
1592340 828
1592350 825
1592360 822
1592370 818
1592380 816
1592390 813
1592400 812
1592410 811
1592420 810
1592430 808
1592440 807
1592450 805
1592460 804
1592470 803
1592480 802
1592490 800
1592500 798
1592510 796
1592520 794
1592530 793
1592540 791
1592550 790
1592560 789
1592570 788
1592580 788
1592590 787
1592600 787
1592610 787
1592620 786
1592630 785
1592640 785
1592650 784
1592660 784
1592670 783
1592680 783
1592690 782
1592700 782
1592710 782
1592720 781
1592730 781
1592740 781
1592750 780
1592760 780
1592770 779
1592780 779
1592790 779
1592800 779
1592810 779
1592820 779
1592830 779
1592840 779
1592850 779
1592860 779
1592870 779
1592880 779
1592890 779
1592900 780
1592910 781
1592920 781
1592930 783
1592940 784
1592950 785
1592960 786
1592970 787
1592980 788
1592990 788
1593000 788
1593010 788
1593020 787
1593030 786
1593040 785
1593050 784
1593060 783
1593070 782
1593080 780
1593090 778
1593100 776
1593110 775
1593120 773
1593130 772
1593140 771
1593150 770
1593160 770
1593170 769
1593180 769
1593190 770
1593200 771
1593210 772
1593220 773
1593230 774
1593240 775
1593250 776
1593260 776
1593270 776
1593280 776
1593290 775
1593300 775
1593310 774
1593320 773
1593330 772
1593340 770
1593350 769
1593360 767
1593370 766
1593380 763
1593390 762
1593400 761
1593410 761
1593420 761
1593430 762
1593440 763
1593450 763
1593460 764
1593470 765
1593480 765
1593490 765
1593500 766
1593510 767
1593520 769
1593530 771
1593540 772
1593550 774
1593560 776
1593570 777
1593580 778
1593590 778
1593600 779
1593610 779
1593620 779
1593630 778
1593640 777
1593650 776
1593660 775
1593670 773
1593680 772
1593690 771
1593700 771
1593710 770
1593720 768
1593730 767
1593740 766
1593750 765
1593760 764
1593770 764
1593780 763
1593790 763
1593800 762
1593810 762
1593820 762
1593830 763
1593840 764
1593850 766
1593860 767
1593870 769
1593880 770
1593890 770
1593900 770
1593910 769
1593920 769
1593930 770
1593940 770
1593950 770
1593960 769
1593970 767
1593980 763
1593990 759
1594000 754
1594010 745
1594020 739
1594030 734
1594040 731
1594050 727
1594060 724
1594070 720
1594080 717
1594090 713
1594100 710
1594110 707
1594120 704
1594130 701
1594140 698
1594150 696
1594160 694
1594170 691
1594180 688
1594190 684
1594200 681
1594210 678
1594220 674
1594230 671
1594240 668
1594250 664
1594260 661
1594270 658
1594280 655
1594290 653
1594300 650
1594310 648
1594320 645
1594330 642
1594340 638
1594350 635
1594360 632
1594370 630
1594380 628
1594390 627
1594400 626
1594410 626
1594420 625
1594430 625
1594440 624
1594450 623
1594460 622
1594470 622
1594480 621
1594490 621
1594500 621
1594510 621
1594520 621
1594530 621
1594540 621
1594550 620
1594560 620
1594570 620
1594580 621
1594590 622
1594600 623
1594610 625
1594620 627
1594630 629
1594640 631
1594650 633
1594660 635
1594670 637
1594680 639
1594690 640
1594700 642
1594710 644
1594720 646
1594730 647
1594740 648
1594750 649
1594760 649
1594770 650
1594780 650
1594790 650
1594800 650
1594810 650
1594820 650
1594830 649
1594840 649
1594850 649
1594860 649
1594870 650
1594880 650
1594890 650
1594900 650
1594910 651
1594920 653
1594930 655
1594940 657
1594950 658
1594960 658
1594970 656
1594980 653
1594990 649
1595000 644
1595010 640
1595020 635
1595030 630
1595040 626
1595050 621
1595060 617
1595070 613
1595080 610
1595090 609
1595100 609
1595110 609
1595120 609
1595130 609
1595140 609
1595150 609
1595160 609
1595170 608
1595180 608
1595190 608
1595200 608
1595210 608
1595220 608
1595230 608
1595240 609
1595250 609
1595260 610
1595270 611
1595280 611
1595290 613
1595300 615
1595310 617
1595320 620
1595330 622
1595340 623
1595350 624
1595360 625
1595370 626
1595380 626
1595390 626
1595400 627
1595410 627
1595420 627
1595430 627
1595440 627
1595450 627
1595460 626
1595470 626
1595480 626
1595490 626
1595500 626
1595510 625
1595520 625
1595530 625
1595540 624
1595550 623
1595560 622
1595570 621
1595580 620
1595590 620
1595600 620
1595610 621
1595620 621
1595630 622
1595640 623
1595650 624
1595660 625
1595670 626
1595680 628
1595690 629
1595700 631
1595710 633
1595720 635
1595730 637
1595740 640
1595750 643
1595760 646
1595770 649
1595780 651
1595790 655
1595800 658
1595810 661
1595820 664
1595830 665
1595840 666
1595850 666
1595860 666
1595870 666
1595880 665
1595890 665
1595900 663
1595910 662
1595920 659
1595930 658
1595940 657
1595950 657
1595960 657
1595970 657
1595980 658
1595990 658
1596000 658
1596010 658
1596020 658
1596030 658
1596040 658
1596050 659
1596060 660
1596070 659
1596080 659
1596090 659
1596100 658
1596110 658
1596120 658
1596130 659
1596140 660
1596150 660
1596160 660
1596170 659
1596180 659
1596190 658
1596200 658
1596210 657
1596220 656
1596230 655
1596240 654
1596250 653
1596260 652
1596270 652
1596280 652
1596290 652
1596300 652
1596310 651
1596320 650
1596330 650
1596340 649
1596350 649
1596360 649
1596370 651
1596380 652
1596390 653
1596400 653
1596410 654
1596420 655
1596430 657
1596440 658
1596450 660
1596460 662
1596470 663
1596480 664
1596490 665
1596500 667
1596510 668
1596520 670
1596530 672
1596540 674
1596550 675
1596560 676
1596570 677
1596580 678
1596590 678
1596600 679
1596610 680
1596620 680
1596630 680
1596640 680
1596650 679
1596660 678
1596670 677
1596680 675
1596690 675
1596700 675
1596710 675
1596720 676
1596730 677
1596740 678
1596750 680
1596760 682
1596770 684
1596780 685
1596790 685
1596800 686
1596810 686
1596820 687
1596830 688
1596840 691
1596850 693
1596860 694
1596870 694
1596880 692
1596890 690
1596900 688
1596910 687
1596920 687
1596930 687
1596940 688
1596950 690
1596960 691
1596970 694
1596980 697
1596990 701
1597000 705
1597010 708
1597020 712
1597030 713
1597040 713
1597050 713
1597060 712
1597070 712
1597080 711
1597090 711
1597100 711
1597110 711
1597120 711
1597130 711
1597140 712
1597150 712
1597160 712
1597170 712
1597180 712
1597190 711
1597200 710
1597210 709
1597220 707
1597230 706
1597240 705
1597250 704
1597260 703
1597270 703
1597280 702
1597290 703
1597300 703
1597310 703
1597320 704
1597330 704
1597340 704
1597350 704
1597360 704
1597370 704
1597380 703
1597390 702
1597400 700
1597410 698
1597420 696
1597430 695
1597440 694
1597450 693
1597460 693
1597470 693
1597480 693
1597490 693
1597500 693
1597510 693
1597520 693
1597530 692
1597540 691
1597550 689
1597560 686
1597570 684
1597580 681
1597590 679
1597600 677
1597610 678
1597620 680
1597630 681
1597640 682
1597650 682
1597660 682
1597670 682
1597680 682
1597690 681
1597700 679
1597710 677
1597720 676
1597730 675
1597740 676
1597750 679
1597760 681
1597770 682
1597780 683
1597790 684
1597800 684
1597810 683
1597820 680
1597830 680
1597840 683
1597850 686
1597860 688
1597870 690
1597880 692
1597890 693
1597900 694
1597910 695
1597920 695
1597930 695
1597940 695
1597950 695
1597960 694
1597970 693
1597980 692
1597990 692
1598000 691
1598010 691
1598020 692
1598030 694
1598040 695
1598050 695
1598060 696
1598070 695
1598080 695
1598090 695
1598100 697
1598110 699
1598120 702
1598130 704
1598140 707
1598150 710
1598160 712
1598170 715
1598180 717
1598190 720
1598200 723
1598210 727
1598220 731
1598230 736
1598240 740
1598250 744
1598260 748
1598270 752
1598280 755
1598290 759
1598300 760
1598310 761
1598320 762
1598330 762
1598340 763
1598350 764
1598360 765
1598370 765
1598380 765
1598390 766
1598400 766
1598410 766
1598420 767
1598430 768
1598440 769
1598450 770
1598460 771
1598470 772
1598480 773
1598490 775
1598500 777
1598510 779
1598520 781
1598530 784
1598540 786
1598550 788
1598560 789
1598570 791
1598580 793
1598590 795
1598600 796
1598610 797
1598620 798
1598630 800
1598640 803
1598650 805
1598660 808
1598670 810
1598680 814
1598690 816
1598700 819
1598710 821
1598720 822
1598730 824
1598740 824
1598750 825
1598760 826
1598770 828
1598780 830
1598790 833
1598800 835
1598810 837
1598820 839
1598830 841
1598840 842
1598850 843
1598860 845
1598870 847
1598880 849
1598890 851
1598900 853
1598910 855
1598920 856
1598930 858
1598940 860
1598950 863
1598960 865
1598970 867
1598980 868
1598990 870
1599000 871
1599010 872
1599020 873
1599030 874
1599040 875
1599050 876
1599060 877
1599070 878
1599080 878
1599090 879
1599100 879
1599110 879
1599120 880
1599130 880
1599140 880
1599150 880
1599160 880
1599170 880
1599180 880
1599190 880
1599200 880
1599210 880
1599220 880
1599230 880
1599240 880
1599250 880
1599260 880
1599270 879
1599280 879
1599290 879
1599300 878
1599310 878
1599320 877
1599330 876
1599340 875
1599350 874
1599360 873
1599370 872
1599380 870
1599390 869
1599400 868
1599410 867
1599420 865
1599430 864
1599440 862
1599450 861
1599460 860
1599470 858
1599480 857
1599490 855
1599500 854
1599510 853
1599520 852
1599530 851
1599540 850
1599550 849
1599560 849
1599570 848
1599580 847
1599590 846
1599600 846
1599610 845
1599620 844
1599630 843
1599640 842
1599650 840
1599660 839
1599670 838
1599680 837
1599690 836
1599700 834
1599710 833
1599720 832
1599730 831
1599740 830
1599750 829
1599760 828
1599770 827
1599780 825
1599790 824
1599800 824
1599810 823
1599820 822
1599830 821
1599840 820
1599850 820
1599860 818
1599870 817
1599880 816
1599890 815
1599900 815
1599910 814
1599920 813
1599930 812
1599940 812
1599950 811
1599960 811
1599970 810
1599980 810
1599990 809
