1580000 765
1580010 766
1580020 768
1580030 769
1580040 770
1580050 771
1580060 772
1580070 772
1580080 771
1580090 770
1580100 769
1580110 769
1580120 768
1580130 767
1580140 765
1580150 764
1580160 763
1580170 762
1580180 762
1580190 761
1580200 761
1580210 760
1580220 760
1580230 759
1580240 758
1580250 757
1580260 755
1580270 753
1580280 752
1580290 751
1580300 750
1580310 749
1580320 748
1580330 747
1580340 745
1580350 744
1580360 743
1580370 741
1580380 739
1580390 738
1580400 737
1580410 736
1580420 736
1580430 734
1580440 733
1580450 732
1580460 731
1580470 730
1580480 729
1580490 728
1580500 727
1580510 727
1580520 726
1580530 726
1580540 726
1580550 726
1580560 726
1580570 726
1580580 726
1580590 725
1580600 725
1580610 725
1580620 725
1580630 725
1580640 724
1580650 724
1580660 723
1580670 723
1580680 722
1580690 721
1580700 720
1580710 718
1580720 719
1580730 721
1580740 723
1580750 724
1580760 724
1580770 724
1580780 724
1580790 724
1580800 725
1580810 726
1580820 727
1580830 728
1580840 730
1580850 731
1580860 732
1580870 733
1580880 735
1580890 736
1580900 737
1580910 739
1580920 741
1580930 743
1580940 745
1580950 748
1580960 751
1580970 753
1580980 756
1580990 758
1581000 760
1581010 762
1581020 764
1581030 765
1581040 767
1581050 768
1581060 768
1581070 768
1581080 769
1581090 769
1581100 770
1581110 770
1581120 771
1581130 772
1581140 772
1581150 772
1581160 772
1581170 772
1581180 772
1581190 773
1581200 774
1581210 776
1581220 777
1581230 779
1581240 779
1581250 781
1581260 782
1581270 785
1581280 787
1581290 788
1581300 789
1581310 789
1581320 789
1581330 789
1581340 789
1581350 788
1581360 787
1581370 786
1581380 786
1581390 785
1581400 784
1581410 782
1581420 781
1581430 779
1581440 777
1581450 775
1581460 773
1581470 772
1581480 770
1581490 769
1581500 768
1581510 768
1581520 768
1581530 768
1581540 768
1581550 768
1581560 768
1581570 767
1581580 767
1581590 767
1581600 766
1581610 766
1581620 766
1581630 766
1581640 765
1581650 764
1581660 762
1581670 760
1581680 758
1581690 755
1581700 754
1581710 756
1581720 760
1581730 763
1581740 766
1581750 767
1581760 769
1581770 770
1581780 772
1581790 773
1581800 774
1581810 775
1581820 777
1581830 779
1581840 780
1581850 781
1581860 782
1581870 784
1581880 785
1581890 786
1581900 787
1581910 788
1581920 788
1581930 787
1581940 786
1581950 788
1581960 791
1581970 794
1581980 797
1581990 801
1582000 804
1582010 807
1582020 811
1582030 814
1582040 818
1582050 821
1582060 824
1582070 827
1582080 830
1582090 833
1582100 835
1582110 838
1582120 840
1582130 842
1582140 844
1582150 846
1582160 849
1582170 850
1582180 852
1582190 853
1582200 855
1582210 856
1582220 857
1582230 858
1582240 859
1582250 859
1582260 860
1582270 860
1582280 861
1582290 861
1582300 862
1582310 862
1582320 862
1582330 862
1582340 862
1582350 862
1582360 863
1582370 863
1582380 863
1582390 863
1582400 863
1582410 863
1582420 862
1582430 862
1582440 862
1582450 862
1582460 861
1582470 860
1582480 858
1582490 858
1582500 858
1582510 858
1582520 859
1582530 859
1582540 860
1582550 862
1582560 863
1582570 864
1582580 866
1582590 867
1582600 868
1582610 869
1582620 870
1582630 871
1582640 873
1582650 874
1582660 875
1582670 876
1582680 878
1582690 878
1582700 879
1582710 880
1582720 880
1582730 880
1582740 880
1582750 880
1582760 880
1582770 879
1582780 879
1582790 878
1582800 876
1582810 875
1582820 873
1582830 870
1582840 867
1582850 864
1582860 861
1582870 858
1582880 856
1582890 853
1582900 851
1582910 849
1582920 847
1582930 843
1582940 842
1582950 841
1582960 844
1582970 846
1582980 849
1582990 851
1583000 853
1583010 855
1583020 856
1583030 858
1583040 858
1583050 858
1583060 858
1583070 857
1583080 857
1583090 857
1583100 858
1583110 858
1583120 859
1583130 859
1583140 859
1583150 861
1583160 863
1583170 865
1583180 868
1583190 869
1583200 871
1583210 871
1583220 873
1583230 875
1583240 878
1583250 881
1583260 884
1583270 888
1583280 891
1583290 894
1583300 897
1583310 900
1583320 902
1583330 904
1583340 906
1583350 908
1583360 911
1583370 913
1583380 914
1583390 916
1583400 918
1583410 920
1583420 922
1583430 923
1583440 923
1583450 924
1583460 925
1583470 926
1583480 927
1583490 926
1583500 926
1583510 926
1583520 926
1583530 927
1583540 928
1583550 930
1583560 932
1583570 934
1583580 936
1583590 938
1583600 939
1583610 940
1583620 941
1583630 942
1583640 943
1583650 943
1583660 944
1583670 944
1583680 945
1583690 945
1583700 945
1583710 945
1583720 945
1583730 946
1583740 947
1583750 948
1583760 948
1583770 948
1583780 949
1583790 949
1583800 950
1583810 951
1583820 952
1583830 952
1583840 953
1583850 954
1583860 956
1583870 957
1583880 958
1583890 960
1583900 961
1583910 962
1583920 962
1583930 963
1583940 964
1583950 965
1583960 965
1583970 966
1583980 968
1583990 970
1584000 971
1584010 973
1584020 974
1584030 975
1584040 977
1584050 978
1584060 980
1584070 981
1584080 982
1584090 984
1584100 985
1584110 986
1584120 986
1584130 987
1584140 988
1584150 988
1584160 989
1584170 990
1584180 991
1584190 992
1584200 992
1584210 992
1584220 993
1584230 993
1584240 993
1584250 994
1584260 994
1584270 994
1584280 994
1584290 994
1584300 994
1584310 995
1584320 995
1584330 996
1584340 997
1584350 999
1584360 1000
1584370 1001
1584380 1001
1584390 1001
1584400 1001
1584410 1001
1584420 1001
1584430 1002
1584440 1002
1584450 1004
1584460 1005
1584470 1007
1584480 1009
1584490 1011
1584500 1012
1584510 1014
1584520 1017
1584530 1019
1584540 1022
1584550 1025
1584560 1026
1584570 1028
1584580 1030
1584590 1031
1584600 1033
1584610 1035
1584620 1037
1584630 1039
1584640 1040
1584650 1042
1584660 1043
1584670 1045
1584680 1046
1584690 1047
1584700 1048
1584710 1050
1584720 1052
1584730 1053
1584740 1055
1584750 1057
1584760 1060
1584770 1062
1584780 1064
1584790 1066
1584800 1067
1584810 1069
1584820 1070
1584830 1072
1584840 1076
1584850 1079
1584860 1082
1584870 1085
1584880 1087
1584890 1089
1584900 1091
1584910 1092
1584920 1093
1584930 1095
1584940 1097
1584950 1099
1584960 1101
1584970 1103
1584980 1105
1584990 1107
1585000 1109
1585010 1111
1585020 1113
1585030 1115
1585040 1116
1585050 1118
1585060 1120
1585070 1122
1585080 1123
1585090 1125
1585100 1126
1585110 1127
1585120 1129
1585130 1130
1585140 1132
1585150 1134
1585160 1136
1585170 1138
1585180 1140
1585190 1142
1585200 1144
1585210 1146
1585220 1148
1585230 1150
1585240 1151
1585250 1153
1585260 1154
1585270 1156
1585280 1157
1585290 1159
1585300 1160
1585310 1161
1585320 1162
1585330 1163
1585340 1164
1585350 1165
1585360 1167
1585370 1168
1585380 1170
1585390 1171
1585400 1172
1585410 1173
1585420 1174
1585430 1176
1585440 1177
1585450 1178
1585460 1179
1585470 1180
1585480 1181
1585490 1181
1585500 1182
1585510 1182
1585520 1182
1585530 1182
1585540 1182
1585550 1182
1585560 1182
1585570 1182
1585580 1181
1585590 1181
1585600 1181
1585610 1180
1585620 1180
1585630 1179
1585640 1178
1585650 1177
1585660 1177
1585670 1176
1585680 1175
1585690 1174
1585700 1173
1585710 1172
1585720 1171
1585730 1169
1585740 1168
1585750 1167
1585760 1167
1585770 1166
1585780 1166
1585790 1165
1585800 1164
1585810 1163
1585820 1162
1585830 1161
1585840 1160
1585850 1159
1585860 1158
1585870 1157
1585880 1156
1585890 1155
1585900 1154
1585910 1153
1585920 1152
1585930 1152
1585940 1151
1585950 1151
1585960 1151
1585970 1150
1585980 1150
1585990 1150
1586000 1150
1586010 1149
1586020 1149
1586030 1149
1586040 1148
1586050 1148
1586060 1147
1586070 1147
1586080 1146
1586090 1146
1586100 1145
1586110 1145
1586120 1144
1586130 1144
1586140 1144
1586150 1143
1586160 1143
1586170 1142
1586180 1142
1586190 1141
1586200 1141
1586210 1141
1586220 1140
1586230 1140
1586240 1140
1586250 1140
1586260 1139
1586270 1139
1586280 1139
1586290 1139
1586300 1139
1586310 1138
1586320 1138
1586330 1137
1586340 1137
1586350 1136
1586360 1136
1586370 1135
1586380 1135
1586390 1135
1586400 1135
1586410 1135
1586420 1135
1586430 1135
1586440 1135
1586450 1135
1586460 1136
1586470 1136
1586480 1136
1586490 1137
1586500 1138
1586510 1138
1586520 1139
1586530 1140
1586540 1140
1586550 1140
1586560 1141
1586570 1141
1586580 1142
1586590 1143
1586600 1144
1586610 1145
1586620 1146
1586630 1147
1586640 1148
1586650 1148
1586660 1148
1586670 1149
1586680 1149
1586690 1149
1586700 1149
1586710 1149
1586720 1149
1586730 1149
1586740 1149
1586750 1149
1586760 1149
1586770 1148
1586780 1148
1586790 1148
1586800 1148
1586810 1148
1586820 1148
1586830 1148
1586840 1147
1586850 1147
1586860 1146
1586870 1145
1586880 1144
1586890 1143
1586900 1141
1586910 1140
1586920 1139
1586930 1138
1586940 1137
1586950 1135
1586960 1134
1586970 1132
1586980 1130
1586990 1129
1587000 1127
1587010 1126
1587020 1124
1587030 1123
1587040 1122
1587050 1120
1587060 1119
1587070 1118
1587080 1117
1587090 1117
1587100 1116
1587110 1115
1587120 1115
1587130 1115
1587140 1115
1587150 1115
1587160 1114
1587170 1114
1587180 1114
1587190 1114
1587200 1114
1587210 1114
1587220 1114
1587230 1114
1587240 1114
1587250 1115
1587260 1114
1587270 1114
1587280 1114
1587290 1114
1587300 1115
1587310 1115
1587320 1116
1587330 1117
1587340 1117
1587350 1116
1587360 1115
1587370 1113
1587380 1111
1587390 1109
1587400 1108
1587410 1106
1587420 1105
1587430 1104
1587440 1102
1587450 1101
1587460 1099
1587470 1098
1587480 1096
1587490 1095
1587500 1095
1587510 1094
1587520 1094
1587530 1093
1587540 1093
1587550 1092
1587560 1092
1587570 1091
1587580 1090
1587590 1089
1587600 1088
1587610 1086
1587620 1085
1587630 1084
1587640 1083
1587650 1082
1587660 1080
1587670 1078
1587680 1076
1587690 1072
1587700 1069
1587710 1067
1587720 1064
1587730 1061
1587740 1058
1587750 1056
1587760 1053
1587770 1051
1587780 1048
1587790 1046
1587800 1043
1587810 1041
1587820 1038
1587830 1036
1587840 1033
1587850 1031
1587860 1029
1587870 1027
1587880 1024
1587890 1022
1587900 1020
1587910 1018
1587920 1016
1587930 1014
1587940 1012
1587950 1010
1587960 1008
1587970 1006
1587980 1003
1587990 1000
1588000 997
1588010 995
1588020 992
1588030 989
1588040 987
1588050 984
1588060 982
1588070 980
1588080 978
1588090 975
1588100 973
1588110 971
1588120 968
1588130 966
1588140 965
1588150 964
1588160 964
1588170 963
1588180 962
1588190 962
1588200 961
1588210 960
1588220 959
1588230 959
1588240 958
1588250 958
1588260 958
1588270 958
1588280 958
1588290 958
1588300 958
1588310 958
1588320 959
1588330 959
1588340 959
1588350 959
1588360 959
1588370 958
1588380 958
1588390 957
1588400 956
1588410 956
1588420 955
1588430 955
1588440 954
1588450 954
1588460 954
1588470 953
1588480 953
1588490 952
1588500 952
1588510 951
1588520 950
1588530 949
1588540 947
1588550 944
1588560 942
1588570 940
1588580 938
1588590 937
1588600 936
1588610 935
1588620 933
1588630 932
1588640 930
1588650 928
1588660 927
1588670 925
1588680 923
1588690 922
1588700 920
1588710 919
1588720 917
1588730 916
1588740 915
1588750 913
1588760 912
1588770 910
1588780 908
1588790 905
1588800 904
1588810 902
1588820 901
1588830 899
1588840 897
1588850 896
1588860 895
1588870 893
1588880 892
1588890 890
1588900 888
1588910 886
1588920 884
1588930 881
1588940 878
1588950 875
1588960 872
1588970 868
1588980 865
1588990 861
1589000 858
1589010 854
1589020 851
1589030 848
1589040 844
1589050 841
1589060 838
1589070 835
1589080 832
1589090 832
1589100 831
1589110 832
1589120 835
1589130 839
1589140 844
1589150 848
1589160 851
1589170 854
1589180 855
1589190 855
1589200 855
1589210 852
1589220 849
1589230 845
1589240 841
1589250 837
1589260 835
1589270 834
1589280 836
1589290 838
1589300 840
1589310 843
1589320 845
1589330 848
1589340 850
1589350 853
1589360 856
1589370 859
1589380 862
1589390 865
1589400 867
1589410 869
1589420 871
1589430 874
1589440 876
1589450 878
1589460 879
1589470 881
1589480 883
1589490 884
1589500 886
1589510 887
1589520 888
1589530 889
1589540 891
1589550 892
1589560 893
1589570 893
1589580 894
1589590 895
1589600 896
1589610 896
1589620 897
1589630 897
1589640 897
1589650 898
1589660 898
1589670 898
1589680 898
1589690 897
1589700 897
1589710 897
1589720 896
1589730 896
1589740 896
1589750 896
1589760 896
1589770 896
1589780 896
1589790 897
1589800 897
1589810 897
1589820 898
1589830 898
1589840 899
1589850 899
1589860 900
1589870 901
1589880 901
1589890 900
1589900 899
1589910 898
1589920 897
1589930 896
1589940 894
1589950 893
1589960 893
1589970 893
1589980 892
1589990 892
1590000 892
1590010 891
1590020 891
1590030 890
1590040 889
1590050 888
1590060 888
1590070 887
1590080 887
1590090 886
1590100 886
1590110 886
1590120 885
1590130 885
1590140 885
1590150 885
1590160 885
1590170 886
1590180 886
1590190 887
1590200 887
1590210 887
1590220 887
1590230 887
1590240 887
1590250 887
1590260 886
1590270 886
1590280 885
1590290 885
1590300 884
1590310 884
1590320 883
1590330 882
1590340 881
1590350 880
1590360 879
1590370 879
1590380 878
1590390 877
1590400 876
1590410 875
1590420 874
1590430 873
1590440 873
1590450 874
1590460 875
1590470 877
1590480 878
1590490 879
1590500 879
1590510 880
1590520 881
1590530 881
1590540 881
1590550 882
1590560 882
1590570 882
1590580 882
1590590 882
1590600 883
1590610 883
1590620 884
1590630 885
1590640 886
1590650 886
1590660 888
1590670 889
1590680 891
1590690 892
1590700 893
1590710 893
1590720 894
1590730 894
1590740 895
1590750 895
1590760 895
1590770 896
1590780 896
1590790 896
1590800 895
1590810 895
1590820 894
1590830 894
1590840 894
1590850 893
1590860 893
1590870 893
1590880 894
1590890 894
1590900 894
1590910 894
1590920 895
1590930 895
1590940 895
1590950 895
1590960 895
1590970 895
1590980 894
1590990 893
1591000 892
1591010 890
1591020 889
1591030 886
1591040 884
1591050 882
1591060 880
1591070 879
1591080 877
1591090 875
1591100 874
1591110 872
1591120 871
1591130 869
1591140 867
1591150 866
1591160 866
1591170 866
1591180 865
1591190 866
1591200 867
1591210 869
1591220 870
1591230 872
1591240 873
1591250 875
1591260 877
1591270 878
1591280 880
1591290 882
1591300 884
1591310 886
1591320 887
1591330 888
1591340 889
1591350 890
1591360 891
1591370 892
1591380 893
1591390 893
1591400 894
1591410 895
1591420 895
1591430 896
1591440 896
1591450 896
1591460 896
1591470 896
1591480 895
1591490 895
1591500 895
1591510 894
1591520 894
1591530 894
1591540 894
1591550 894
1591560 893
1591570 893
1591580 893
1591590 893
1591600 893
1591610 892
1591620 892
1591630 891
1591640 891
1591650 890
1591660 889
1591670 889
1591680 888
1591690 887
1591700 886
1591710 885
1591720 884
1591730 883
1591740 882
1591750 881
1591760 881
1591770 882
1591780 883
1591790 885
1591800 886
1591810 888
1591820 889
1591830 890
1591840 891
1591850 893
1591860 894
1591870 895
1591880 896
1591890 897
1591900 898
1591910 899
1591920 900
1591930 901
1591940 901
1591950 901
1591960 901
1591970 900
1591980 900
1591990 899
1592000 898
1592010 897
1592020 896
1592030 895
1592040 894
1592050 892
1592060 891
1592070 889
1592080 888
1592090 886
1592100 885
1592110 885
1592120 884
1592130 883
1592140 882
1592150 880
1592160 878
1592170 875
1592180 873
1592190 872
1592200 870
1592210 869
1592220 868
1592230 867
1592240 866
1592250 865
1592260 865
1592270 864
1592280 863
1592290 862
1592300 861
1592310 860
1592320 859
1592330 858
1592340 858
1592350 857
1592360 857
1592370 856
1592380 855
1592390 854
1592400 851
1592410 849
1592420 846
1592430 843
1592440 840
1592450 837
1592460 834
1592470 831
1592480 828
1592490 826
1592500 826
1592510 827
1592520 829
1592530 830
1592540 832
1592550 833
1592560 834
1592570 836
1592580 837
1592590 839
1592600 840
1592610 841
1592620 842
1592630 842
1592640 843
1592650 843
1592660 843
1592670 843
1592680 844
1592690 843
1592700 842
1592710 840
1592720 836
1592730 832
1592740 828
1592750 824
1592760 821
1592770 817
1592780 814
1592790 811
1592800 808
1592810 805
1592820 802
1592830 797
1592840 795
1592850 797
1592860 802
1592870 808
1592880 812
1592890 816
1592900 820
1592910 822
1592920 824
1592930 825
1592940 825
1592950 825
1592960 825
1592970 825
1592980 824
1592990 824
1593000 824
1593010 824
1593020 823
1593030 821
1593040 820
1593050 820
1593060 821
1593070 822
1593080 822
1593090 823
1593100 824
1593110 826
1593120 827
1593130 829
1593140 830
1593150 830
1593160 829
1593170 828
1593180 825
1593190 822
1593200 819
1593210 817
1593220 815
1593230 812
1593240 810
1593250 808
1593260 807
1593270 806
1593280 805
1593290 805
1593300 804
1593310 803
1593320 802
1593330 802
1593340 802
1593350 803
1593360 804
1593370 807
1593380 810
1593390 813
1593400 815
1593410 818
1593420 820
1593430 823
1593440 825
1593450 827
1593460 829
1593470 830
1593480 832
1593490 833
1593500 834
1593510 834
1593520 834
1593530 833
1593540 832
1593550 830
1593560 828
1593570 828
1593580 828
1593590 828
1593600 828
1593610 829
1593620 829
1593630 830
1593640 831
1593650 832
1593660 832
1593670 831
1593680 830
1593690 829
1593700 829
1593710 830
1593720 832
1593730 834
1593740 835
1593750 836
1593760 836
1593770 837
1593780 838
1593790 837
1593800 837
1593810 835
1593820 833
1593830 830
1593840 828
1593850 825
1593860 823
1593870 820
1593880 818
1593890 816
1593900 812
1593910 809
1593920 808
1593930 806
1593940 805
1593950 804
1593960 803
1593970 802
1593980 799
1593990 795
1594000 791
1594010 789
1594020 787
1594030 786
1594040 784
1594050 782
1594060 780
1594070 778
1594080 776
1594090 775
1594100 772
1594110 768
1594120 764
1594130 760
1594140 755
1594150 751
1594160 747
1594170 743
1594180 739
1594190 735
1594200 732
1594210 728
1594220 723
1594230 716
1594240 708
1594250 701
1594260 696
1594270 697
1594280 699
1594290 701
1594300 698
1594310 694
1594320 687
1594330 681
1594340 676
1594350 673
1594360 671
1594370 669
1594380 667
1594390 665
1594400 663
1594410 662
1594420 660
1594430 659
1594440 658
1594450 657
1594460 657
1594470 658
1594480 659
1594490 659
1594500 659
1594510 657
1594520 655
1594530 653
1594540 651
1594550 650
1594560 649
1594570 649
1594580 648
1594590 648
1594600 648
1594610 648
1594620 648
1594630 648
1594640 647
1594650 646
1594660 644
1594670 643
1594680 641
1594690 640
1594700 639
1594710 638
1594720 637
1594730 636
1594740 635
1594750 634
1594760 633
1594770 633
1594780 633
1594790 634
1594800 634
1594810 635
1594820 636
1594830 636
1594840 635
1594850 633
1594860 631
1594870 629
1594880 628
1594890 626
1594900 624
1594910 623
1594920 621
1594930 620
1594940 619
1594950 619
1594960 618
1594970 617
1594980 616
1594990 616
1595000 615
1595010 615
1595020 614
1595030 614
1595040 613
1595050 613
1595060 613
1595070 613
1595080 612
1595090 613
1595100 613
1595110 614
1595120 615
1595130 616
1595140 618
1595150 620
1595160 621
1595170 622
1595180 622
1595190 623
1595200 626
1595210 631
1595220 635
1595230 638
1595240 640
1595250 642
1595260 643
1595270 645
1595280 647
1595290 650
1595300 652
1595310 656
1595320 659
1595330 662
1595340 666
1595350 669
1595360 672
1595370 673
1595380 673
1595390 672
1595400 671
1595410 670
1595420 669
1595430 668
1595440 668
1595450 667
1595460 667
1595470 667
1595480 666
1595490 665
1595500 665
1595510 664
1595520 663
1595530 662
1595540 661
1595550 660
1595560 659
1595570 658
1595580 657
1595590 656
1595600 656
1595610 657
1595620 658
1595630 660
1595640 662
1595650 663
1595660 664
1595670 664
1595680 665
1595690 665
1595700 665
1595710 666
1595720 667
1595730 668
1595740 670
1595750 672
1595760 674
1595770 676
1595780 679
1595790 682
1595800 684
1595810 688
1595820 691
1595830 695
1595840 699
1595850 704
1595860 708
1595870 712
1595880 715
1595890 717
1595900 718
1595910 718
1595920 718
1595930 718
1595940 718
1595950 717
1595960 715
1595970 713
1595980 711
1595990 710
1596000 708
1596010 708
1596020 708
1596030 708
1596040 709
1596050 709
1596060 709
1596070 708
1596080 707
1596090 708
1596100 709
1596110 709
1596120 710
1596130 710
1596140 711
1596150 711
1596160 712
1596170 712
1596180 713
1596190 714
1596200 716
1596210 717
1596220 718
1596230 719
1596240 721
1596250 723
1596260 724
1596270 725
1596280 724
1596290 723
1596300 722
1596310 721
1596320 722
1596330 723
1596340 724
1596350 726
1596360 728
1596370 730
1596380 733
1596390 735
1596400 736
1596410 736
1596420 737
1596430 738
1596440 738
1596450 736
1596460 735
1596470 734
1596480 733
1596490 732
1596500 731
1596510 730
1596520 729
1596530 728
1596540 727
1596550 727
1596560 726
1596570 726
1596580 726
1596590 726
1596600 726
1596610 727
1596620 728
1596630 729
1596640 730
1596650 730
1596660 731
1596670 731
1596680 731
1596690 732
1596700 732
1596710 733
1596720 734
1596730 734
1596740 735
1596750 734
1596760 733
1596770 732
1596780 731
1596790 730
1596800 729
1596810 728
1596820 727
1596830 726
1596840 725
1596850 724
1596860 722
1596870 721
1596880 721
1596890 722
1596900 723
1596910 724
1596920 724
1596930 724
1596940 724
1596950 725
1596960 726
1596970 726
1596980 726
1596990 726
1597000 726
1597010 727
1597020 728
1597030 728
1597040 730
1597050 731
1597060 732
1597070 733
1597080 732
1597090 732
1597100 732
1597110 733
1597120 733
1597130 733
1597140 734
1597150 734
1597160 735
1597170 736
1597180 737
1597190 737
1597200 737
1597210 736
1597220 735
1597230 735
1597240 734
1597250 733
1597260 732
1597270 731
1597280 731
1597290 731
1597300 732
1597310 734
1597320 735
1597330 736
1597340 736
1597350 736
1597360 737
1597370 737
1597380 737
1597390 736
1597400 736
1597410 736
1597420 736
1597430 736
1597440 736
1597450 736
1597460 736
1597470 736
1597480 735
1597490 733
1597500 732
1597510 730
1597520 728
1597530 726
1597540 724
1597550 722
1597560 720
1597570 718
1597580 715
1597590 712
1597600 712
1597610 714
1597620 719
1597630 721
1597640 722
1597650 724
1597660 724
1597670 724
1597680 724
1597690 724
1597700 722
1597710 720
1597720 719
1597730 721
1597740 723
1597750 724
1597760 724
1597770 723
1597780 720
1597790 723
1597800 726
1597810 726
1597820 727
1597830 727
1597840 727
1597850 727
1597860 724
1597870 720
1597880 719
1597890 722
1597900 726
1597910 728
1597920 729
1597930 730
1597940 731
1597950 732
1597960 733
1597970 735
1597980 737
1597990 739
1598000 741
1598010 742
1598020 742
1598030 740
1598040 737
1598050 737
1598060 740
1598070 744
1598080 746
1598090 748
1598100 749
1598110 750
1598120 750
1598130 751
1598140 752
1598150 752
1598160 752
1598170 753
1598180 755
1598190 757
1598200 759
1598210 761
1598220 763
1598230 767
1598240 770
1598250 773
1598260 775
1598270 778
1598280 781
1598290 783
1598300 785
1598310 787
1598320 788
1598330 789
1598340 790
1598350 792
1598360 793
1598370 794
1598380 796
1598390 797
1598400 799
1598410 800
1598420 802
1598430 803
1598440 805
1598450 806
1598460 807
1598470 809
1598480 810
1598490 812
1598500 814
1598510 816
1598520 818
1598530 820
1598540 822
1598550 824
1598560 826
1598570 828
1598580 829
1598590 831
1598600 833
1598610 834
1598620 836
1598630 838
1598640 840
1598650 841
1598660 843
1598670 844
1598680 844
1598690 845
1598700 845
1598710 845
1598720 845
1598730 846
1598740 847
1598750 848
1598760 849
1598770 850
1598780 851
1598790 852
1598800 854
1598810 857
1598820 859
1598830 861
1598840 862
1598850 864
1598860 865
1598870 866
1598880 867
1598890 868
1598900 869
1598910 869
1598920 870
1598930 871
1598940 871
1598950 872
1598960 873
1598970 873
1598980 874
1598990 874
1599000 874
1599010 874
1599020 874
1599030 874
1599040 874
1599050 874
1599060 874
1599070 874
1599080 874
1599090 874
1599100 874
1599110 873
1599120 873
1599130 873
1599140 873
1599150 873
1599160 873
1599170 872
1599180 872
1599190 871
1599200 870
1599210 870
1599220 869
1599230 869
1599240 868
1599250 868
1599260 867
1599270 867
1599280 866
1599290 865
1599300 864
1599310 863
1599320 862
1599330 861
1599340 860
1599350 859
1599360 858
1599370 857
1599380 855
1599390 854
1599400 852
1599410 851
1599420 850
1599430 849
1599440 848
1599450 847
1599460 846
1599470 846
1599480 845
1599490 844
1599500 843
1599510 843
1599520 842
1599530 841
1599540 841
1599550 840
1599560 839
1599570 838
1599580 837
1599590 837
1599600 836
1599610 835
1599620 834
1599630 832
1599640 831
1599650 830
1599660 828
1599670 826
1599680 825
1599690 823
1599700 821
1599710 819
1599720 817
1599730 815
1599740 813
1599750 811
1599760 809
1599770 807
1599780 805
1599790 803
1599800 802
1599810 799
1599820 796
1599830 795
1599840 795
1599850 794
1599860 794
1599870 792
1599880 791
1599890 790
1599900 789
1599910 788
1599920 787
1599930 786
1599940 785
1599950 783
1599960 782
1599970 780
1599980 779
1599990 778
