1580000 839
1580010 841
1580020 843
1580030 845
1580040 846
1580050 848
1580060 849
1580070 848
1580080 848
1580090 846
1580100 844
1580110 842
1580120 840
1580130 839
1580140 838
1580150 836
1580160 835
1580170 833
1580180 831
1580190 830
1580200 828
1580210 827
1580220 825
1580230 824
1580240 824
1580250 825
1580260 826
1580270 826
1580280 826
1580290 826
1580300 825
1580310 825
1580320 824
1580330 825
1580340 826
1580350 829
1580360 831
1580370 833
1580380 835
1580390 836
1580400 838
1580410 840
1580420 842
1580430 843
1580440 845
1580450 846
1580460 848
1580470 849
1580480 850
1580490 851
1580500 852
1580510 853
1580520 853
1580530 852
1580540 850
1580550 850
1580560 849
1580570 847
1580580 846
1580590 845
1580600 843
1580610 841
1580620 839
1580630 837
1580640 834
1580650 831
1580660 829
1580670 826
1580680 823
1580690 820
1580700 817
1580710 814
1580720 811
1580730 807
1580740 804
1580750 800
1580760 796
1580770 792
1580780 788
1580790 784
1580800 780
1580810 776
1580820 771
1580830 767
1580840 764
1580850 760
1580860 757
1580870 754
1580880 750
1580890 748
1580900 745
1580910 743
1580920 740
1580930 739
1580940 738
1580950 738
1580960 740
1580970 742
1580980 745
1580990 747
1581000 749
1581010 750
1581020 752
1581030 754
1581040 755
1581050 757
1581060 759
1581070 760
1581080 761
1581090 762
1581100 763
1581110 763
1581120 764
1581130 764
1581140 766
1581150 767
1581160 769
1581170 770
1581180 771
1581190 772
1581200 773
1581210 774
1581220 774
1581230 774
1581240 774
1581250 774
1581260 774
1581270 774
1581280 774
1581290 772
1581300 770
1581310 767
1581320 763
1581330 760
1581340 756
1581350 753
1581360 750
1581370 748
1581380 746
1581390 744
1581400 744
1581410 743
1581420 742
1581430 742
1581440 741
1581450 742
1581460 742
1581470 742
1581480 742
1581490 743
1581500 742
1581510 742
1581520 743
1581530 744
1581540 745
1581550 745
1581560 747
1581570 748
1581580 748
1581590 749
1581600 750
1581610 751
1581620 753
1581630 755
1581640 758
1581650 759
1581660 760
1581670 760
1581680 760
1581690 760
1581700 759
1581710 758
1581720 757
1581730 756
1581740 755
1581750 754
1581760 753
1581770 752
1581780 750
1581790 748
1581800 746
1581810 744
1581820 743
1581830 741
1581840 740
1581850 738
1581860 736
1581870 734
1581880 732
1581890 731
1581900 729
1581910 727
1581920 726
1581930 724
1581940 722
1581950 720
1581960 718
1581970 716
1581980 714
1581990 712
1582000 709
1582010 706
1582020 703
1582030 701
1582040 700
1582050 699
1582060 699
1582070 698
1582080 697
1582090 697
1582100 696
1582110 696
1582120 696
1582130 696
1582140 696
1582150 696
1582160 696
1582170 696
1582180 696
1582190 696
1582200 696
1582210 696
1582220 696
1582230 695
1582240 695
1582250 695
1582260 696
1582270 696
1582280 696
1582290 695
1582300 695
1582310 695
1582320 695
1582330 695
1582340 695
1582350 695
1582360 695
1582370 695
1582380 695
1582390 695
1582400 695
1582410 695
1582420 695
1582430 695
1582440 695
1582450 694
1582460 694
1582470 694
1582480 694
1582490 694
1582500 694
1582510 694
1582520 694
1582530 694
1582540 692
1582550 691
1582560 690
1582570 690
1582580 689
1582590 689
1582600 690
1582610 689
1582620 689
1582630 689
1582640 688
1582650 688
1582660 688
1582670 688
1582680 688
1582690 687
1582700 687
1582710 687
1582720 687
1582730 686
1582740 686
1582750 687
1582760 687
1582770 687
1582780 687
1582790 687
1582800 687
1582810 687
1582820 687
1582830 687
1582840 687
1582850 687
1582860 687
1582870 687
1582880 687
1582890 687
1582900 687
1582910 687
1582920 687
1582930 687
1582940 687
1582950 687
1582960 686
1582970 686
1582980 686
1582990 686
1583000 686
1583010 686
1583020 686
1583030 686
1583040 686
1583050 686
1583060 686
1583070 686
1583080 685
1583090 685
1583100 686
1583110 686
1583120 686
1583130 686
1583140 686
1583150 686
1583160 686
1583170 685
1583180 686
1583190 688
1583200 692
1583210 696
1583220 698
1583230 700
1583240 701
1583250 702
1583260 703
1583270 703
1583280 704
1583290 703
1583300 703
1583310 702
1583320 703
1583330 704
1583340 706
1583350 708
1583360 710
1583370 712
1583380 714
1583390 717
1583400 720
1583410 722
1583420 724
1583430 725
1583440 726
1583450 728
1583460 729
1583470 729
1583480 729
1583490 730
1583500 731
1583510 732
1583520 733
1583530 734
1583540 735
1583550 737
1583560 740
1583570 743
1583580 746
1583590 749
1583600 751
1583610 753
1583620 755
1583630 758
1583640 760
1583650 763
1583660 765
1583670 767
1583680 769
1583690 771
1583700 773
1583710 775
1583720 777
1583730 779
1583740 780
1583750 780
1583760 780
1583770 781
1583780 781
1583790 781
1583800 782
1583810 782
1583820 783
1583830 784
1583840 787
1583850 790
1583860 793
1583870 796
1583880 798
1583890 800
1583900 802
1583910 803
1583920 805
1583930 807
1583940 809
1583950 811
1583960 813
1583970 815
1583980 818
1583990 820
1584000 824
1584010 826
1584020 828
1584030 829
1584040 830
1584050 832
1584060 833
1584070 835
1584080 836
1584090 838
1584100 839
1584110 841
1584120 842
1584130 844
1584140 846
1584150 847
1584160 849
1584170 851
1584180 852
1584190 854
1584200 856
1584210 857
1584220 859
1584230 861
1584240 864
1584250 866
1584260 868
1584270 869
1584280 871
1584290 872
1584300 874
1584310 875
1584320 876
1584330 877
1584340 878
1584350 879
1584360 879
1584370 879
1584380 879
1584390 878
1584400 878
1584410 877
1584420 877
1584430 876
1584440 876
1584450 875
1584460 874
1584470 873
1584480 871
1584490 870
1584500 868
1584510 867
1584520 866
1584530 866
1584540 865
1584550 865
1584560 865
1584570 864
1584580 865
1584590 867
1584600 868
1584610 870
1584620 872
1584630 873
1584640 874
1584650 875
1584660 876
1584670 877
1584680 879
1584690 881
1584700 882
1584710 884
1584720 887
1584730 889
1584740 891
1584750 892
1584760 893
1584770 893
1584780 892
1584790 892
1584800 892
1584810 892
1584820 892
1584830 892
1584840 891
1584850 891
1584860 889
1584870 888
1584880 886
1584890 883
1584900 881
1584910 878
1584920 875
1584930 873
1584940 872
1584950 871
1584960 870
1584970 870
1584980 869
1584990 868
1585000 866
1585010 865
1585020 863
1585030 861
1585040 858
1585050 856
1585060 854
1585070 852
1585080 851
1585090 850
1585100 849
1585110 848
1585120 847
1585130 846
1585140 846
1585150 846
1585160 846
1585170 846
1585180 850
1585190 853
1585200 857
1585210 861
1585220 864
1585230 868
1585240 871
1585250 873
1585260 876
1585270 878
1585280 880
1585290 882
1585300 884
1585310 885
1585320 887
1585330 889
1585340 891
1585350 892
1585360 893
1585370 894
1585380 895
1585390 896
1585400 897
1585410 898
1585420 899
1585430 899
1585440 900
1585450 901
1585460 902
1585470 902
1585480 903
1585490 903
1585500 904
1585510 904
1585520 904
1585530 905
1585540 905
1585550 905
1585560 905
1585570 905
1585580 905
1585590 906
1585600 907
1585610 908
1585620 910
1585630 911
1585640 912
1585650 914
1585660 914
1585670 914
1585680 913
1585690 912
1585700 910
1585710 908
1585720 906
1585730 905
1585740 905
1585750 905
1585760 904
1585770 904
1585780 903
1585790 903
1585800 903
1585810 903
1585820 903
1585830 903
1585840 903
1585850 904
1585860 905
1585870 906
1585880 907
1585890 908
1585900 909
1585910 910
1585920 911
1585930 912
1585940 913
1585950 915
1585960 916
1585970 918
1585980 921
1585990 923
1586000 926
1586010 928
1586020 931
1586030 933
1586040 935
1586050 937
1586060 938
1586070 940
1586080 941
1586090 943
1586100 944
1586110 945
1586120 946
1586130 948
1586140 949
1586150 952
1586160 953
1586170 954
1586180 954
1586190 953
1586200 952
1586210 950
1586220 948
1586230 944
1586240 941
1586250 937
1586260 934
1586270 931
1586280 928
1586290 927
1586300 925
1586310 925
1586320 926
1586330 927
1586340 928
1586350 930
1586360 932
1586370 933
1586380 935
1586390 936
1586400 937
1586410 938
1586420 938
1586430 939
1586440 941
1586450 943
1586460 944
1586470 946
1586480 948
1586490 950
1586500 951
1586510 953
1586520 955
1586530 956
1586540 957
1586550 959
1586560 960
1586570 962
1586580 964
1586590 965
1586600 967
1586610 969
1586620 971
1586630 972
1586640 974
1586650 975
1586660 976
1586670 977
1586680 977
1586690 977
1586700 976
1586710 974
1586720 973
1586730 972
1586740 971
1586750 970
1586760 969
1586770 969
1586780 968
1586790 968
1586800 967
1586810 967
1586820 966
1586830 965
1586840 965
1586850 964
1586860 963
1586870 963
1586880 963
1586890 963
1586900 963
1586910 963
1586920 964
1586930 964
1586940 966
1586950 967
1586960 968
1586970 969
1586980 970
1586990 972
1587000 973
1587010 975
1587020 977
1587030 979
1587040 981
1587050 981
1587060 982
1587070 981
1587080 980
1587090 979
1587100 978
1587110 976
1587120 975
1587130 974
1587140 974
1587150 974
1587160 974
1587170 974
1587180 974
1587190 974
1587200 975
1587210 975
1587220 976
1587230 977
1587240 978
1587250 978
1587260 978
1587270 978
1587280 977
1587290 977
1587300 977
1587310 977
1587320 978
1587330 979
1587340 979
1587350 980
1587360 981
1587370 983
1587380 984
1587390 985
1587400 987
1587410 988
1587420 990
1587430 992
1587440 994
1587450 996
1587460 998
1587470 1000
1587480 1002
1587490 1004
1587500 1006
1587510 1007
1587520 1008
1587530 1008
1587540 1008
1587550 1008
1587560 1007
1587570 1005
1587580 1004
1587590 1002
1587600 1001
1587610 1001
1587620 1001
1587630 1001
1587640 1001
1587650 1000
1587660 1001
1587670 1001
1587680 1001
1587690 1002
1587700 1002
1587710 1003
1587720 1004
1587730 1005
1587740 1007
1587750 1008
1587760 1009
1587770 1011
1587780 1012
1587790 1014
1587800 1015
1587810 1017
1587820 1019
1587830 1020
1587840 1022
1587850 1023
1587860 1023
1587870 1023
1587880 1023
1587890 1023
1587900 1022
1587910 1022
1587920 1021
1587930 1020
1587940 1020
1587950 1020
1587960 1020
1587970 1021
1587980 1021
1587990 1022
1588000 1024
1588010 1025
1588020 1026
1588030 1028
1588040 1030
1588050 1032
1588060 1035
1588070 1037
1588080 1039
1588090 1042
1588100 1044
1588110 1047
1588120 1049
1588130 1051
1588140 1054
1588150 1056
1588160 1058
1588170 1061
1588180 1062
1588190 1064
1588200 1066
1588210 1067
1588220 1069
1588230 1070
1588240 1071
1588250 1073
1588260 1074
1588270 1075
1588280 1077
1588290 1078
1588300 1079
1588310 1081
1588320 1082
1588330 1084
1588340 1085
1588350 1087
1588360 1088
1588370 1090
1588380 1091
1588390 1092
1588400 1093
1588410 1094
1588420 1095
1588430 1096
1588440 1097
1588450 1098
1588460 1100
1588470 1101
1588480 1104
1588490 1106
1588500 1107
1588510 1109
1588520 1111
1588530 1112
1588540 1113
1588550 1115
1588560 1116
1588570 1117
1588580 1118
1588590 1119
1588600 1120
1588610 1121
1588620 1121
1588630 1122
1588640 1123
1588650 1124
1588660 1125
1588670 1125
1588680 1126
1588690 1126
1588700 1126
1588710 1126
1588720 1127
1588730 1127
1588740 1127
1588750 1127
1588760 1128
1588770 1128
1588780 1128
1588790 1128
1588800 1127
1588810 1127
1588820 1126
1588830 1125
1588840 1125
1588850 1124
1588860 1123
1588870 1122
1588880 1120
1588890 1118
1588900 1116
1588910 1114
1588920 1113
1588930 1111
1588940 1109
1588950 1106
1588960 1104
1588970 1102
1588980 1100
1588990 1098
1589000 1097
1589010 1096
1589020 1095
1589030 1093
1589040 1092
1589050 1092
1589060 1091
1589070 1090
1589080 1089
1589090 1088
1589100 1087
1589110 1086
1589120 1084
1589130 1083
1589140 1082
1589150 1081
1589160 1080
1589170 1078
1589180 1077
1589190 1075
1589200 1073
1589210 1072
1589220 1070
1589230 1069
1589240 1067
1589250 1066
1589260 1065
1589270 1064
1589280 1063
1589290 1062
1589300 1061
1589310 1060
1589320 1059
1589330 1057
1589340 1056
1589350 1055
1589360 1054
1589370 1053
1589380 1052
1589390 1051
1589400 1050
1589410 1050
1589420 1049
1589430 1048
1589440 1047
1589450 1045
1589460 1044
1589470 1043
1589480 1041
1589490 1040
1589500 1039
1589510 1038
1589520 1037
1589530 1035
1589540 1034
1589550 1033
1589560 1032
1589570 1031
1589580 1030
1589590 1030
1589600 1029
1589610 1028
1589620 1027
1589630 1027
1589640 1026
1589650 1025
1589660 1024
1589670 1023
1589680 1021
1589690 1020
1589700 1019
1589710 1018
1589720 1017
1589730 1016
1589740 1015
1589750 1014
1589760 1012
1589770 1011
1589780 1010
1589790 1009
1589800 1008
1589810 1007
1589820 1006
1589830 1005
1589840 1004
1589850 1003
1589860 1001
1589870 999
1589880 998
1589890 996
1589900 995
1589910 993
1589920 992
1589930 991
1589940 989
1589950 987
1589960 986
1589970 984
1589980 982
1589990 980
1590000 979
1590010 977
1590020 976
1590030 975
1590040 973
1590050 972
1590060 971
1590070 970
1590080 969
1590090 968
1590100 967
1590110 966
1590120 964
1590130 963
1590140 961
1590150 960
1590160 958
1590170 957
1590180 955
1590190 954
1590200 953
1590210 953
1590220 952
1590230 952
1590240 951
1590250 950
1590260 949
1590270 948
1590280 948
1590290 947
1590300 946
1590310 945
1590320 945
1590330 944
1590340 944
1590350 944
1590360 943
1590370 943
1590380 942
1590390 942
1590400 941
1590410 940
1590420 940
1590430 939
1590440 937
1590450 936
1590460 935
1590470 934
1590480 933
1590490 931
1590500 930
1590510 929
1590520 927
1590530 926
1590540 925
1590550 925
1590560 923
1590570 921
1590580 920
1590590 918
1590600 917
1590610 916
1590620 915
1590630 915
1590640 915
1590650 915
1590660 917
1590670 919
1590680 921
1590690 923
1590700 924
1590710 925
1590720 926
1590730 927
1590740 928
1590750 929
1590760 929
1590770 929
1590780 929
1590790 929
1590800 929
1590810 929
1590820 929
1590830 928
1590840 928
1590850 927
1590860 925
1590870 923
1590880 920
1590890 918
1590900 917
1590910 917
1590920 917
1590930 918
1590940 919
1590950 920
1590960 922
1590970 925
1590980 926
1590990 928
1591000 929
1591010 930
1591020 931
1591030 932
1591040 933
1591050 934
1591060 935
1591070 936
1591080 937
1591090 938
1591100 939
1591110 940
1591120 941
1591130 942
1591140 943
1591150 944
1591160 945
1591170 946
1591180 948
1591190 949
1591200 950
1591210 951
1591220 952
1591230 953
1591240 954
1591250 955
1591260 956
1591270 957
1591280 957
1591290 958
1591300 959
1591310 960
1591320 961
1591330 962
1591340 963
1591350 963
1591360 964
1591370 965
1591380 966
1591390 967
1591400 967
1591410 968
1591420 969
1591430 970
1591440 970
1591450 971
1591460 972
1591470 972
1591480 973
1591490 974
1591500 974
1591510 975
1591520 975
1591530 976
1591540 976
1591550 977
1591560 977
1591570 977
1591580 978
1591590 978
1591600 979
1591610 979
1591620 979
1591630 979
1591640 979
1591650 978
1591660 978
1591670 977
1591680 977
1591690 976
1591700 975
1591710 974
1591720 973
1591730 972
1591740 971
1591750 970
1591760 969
1591770 968
1591780 967
1591790 966
1591800 964
1591810 963
1591820 962
1591830 960
1591840 959
1591850 958
1591860 957
1591870 957
1591880 956
1591890 956
1591900 955
1591910 955
1591920 955
1591930 955
1591940 955
1591950 955
1591960 955
1591970 955
1591980 955
1591990 954
1592000 954
1592010 953
1592020 952
1592030 951
1592040 950
1592050 949
1592060 947
1592070 946
1592080 944
1592090 943
1592100 941
1592110 939
1592120 937
1592130 935
1592140 934
1592150 933
1592160 932
1592170 932
1592180 931
1592190 931
1592200 930
1592210 930
1592220 929
1592230 929
1592240 929
1592250 928
1592260 928
1592270 927
1592280 927
1592290 927
1592300 927
1592310 927
1592320 927
1592330 927
1592340 927
1592350 927
1592360 927
1592370 926
1592380 926
1592390 926
1592400 926
1592410 925
1592420 925
1592430 924
1592440 923
1592450 921
1592460 920
1592470 919
1592480 919
1592490 919
1592500 921
1592510 922
1592520 924
1592530 925
1592540 927
1592550 928
1592560 930
1592570 931
1592580 932
1592590 933
1592600 935
1592610 936
1592620 936
1592630 937
1592640 938
1592650 938
1592660 939
1592670 939
1592680 939
1592690 938
1592700 938
1592710 937
1592720 936
1592730 935
1592740 934
1592750 932
1592760 931
1592770 929
1592780 928
1592790 926
1592800 924
1592810 922
1592820 921
1592830 918
1592840 916
1592850 915
1592860 913
1592870 912
1592880 912
1592890 911
1592900 911
1592910 910
1592920 909
1592930 909
1592940 908
1592950 908
1592960 908
1592970 907
1592980 907
1592990 907
1593000 906
1593010 906
1593020 906
1593030 907
1593040 907
1593050 907
1593060 907
1593070 908
1593080 908
1593090 909
1593100 909
1593110 909
1593120 910
1593130 911
1593140 911
1593150 912
1593160 912
1593170 912
1593180 911
1593190 911
1593200 911
1593210 911
1593220 911
1593230 912
1593240 912
1593250 913
1593260 914
1593270 915
1593280 914
1593290 914
1593300 913
1593310 912
1593320 911
1593330 909
1593340 908
1593350 907
1593360 906
1593370 905
1593380 904
1593390 903
1593400 902
1593410 901
1593420 901
1593430 900
1593440 900
1593450 899
1593460 899
1593470 899
1593480 899
1593490 899
1593500 899
1593510 899
1593520 899
1593530 899
1593540 900
1593550 900
1593560 901
1593570 901
1593580 902
1593590 902
1593600 903
1593610 904
1593620 905
1593630 905
1593640 906
1593650 906
1593660 907
1593670 907
1593680 907
1593690 907
1593700 906
1593710 906
1593720 905
1593730 905
1593740 904
1593750 903
1593760 903
1593770 902
1593780 901
1593790 900
1593800 899
1593810 898
1593820 897
1593830 896
1593840 894
1593850 893
1593860 891
1593870 889
1593880 887
1593890 885
1593900 883
1593910 881
1593920 879
1593930 877
1593940 875
1593950 873
1593960 871
1593970 869
1593980 867
1593990 865
1594000 864
1594010 862
1594020 860
1594030 857
1594040 853
1594050 850
1594060 847
1594070 844
1594080 842
1594090 839
1594100 837
1594110 835
1594120 833
1594130 831
1594140 830
1594150 830
1594160 832
1594170 835
1594180 838
1594190 841
1594200 844
1594210 846
1594220 848
1594230 850
1594240 851
1594250 853
1594260 854
1594270 855
1594280 856
1594290 856
1594300 857
1594310 857
1594320 858
1594330 859
1594340 860
1594350 861
1594360 862
1594370 863
1594380 864
1594390 865
1594400 866
1594410 867
1594420 869
1594430 870
1594440 871
1594450 872
1594460 873
1594470 874
1594480 875
1594490 875
1594500 876
1594510 877
1594520 877
1594530 877
1594540 877
1594550 877
1594560 876
1594570 876
1594580 875
1594590 875
1594600 875
1594610 874
1594620 873
1594630 872
1594640 871
1594650 869
1594660 868
1594670 866
1594680 864
1594690 863
1594700 861
1594710 860
1594720 858
1594730 857
1594740 855
1594750 854
1594760 852
1594770 850
1594780 849
1594790 846
1594800 844
1594810 842
1594820 840
1594830 837
1594840 835
1594850 833
1594860 831
1594870 829
1594880 826
1594890 823
1594900 820
1594910 817
1594920 814
1594930 812
1594940 811
1594950 811
1594960 812
1594970 812
1594980 813
1594990 814
1595000 815
1595010 815
1595020 815
1595030 814
1595040 814
1595050 814
1595060 815
1595070 816
1595080 817
1595090 819
1595100 820
1595110 821
1595120 822
1595130 822
1595140 821
1595150 821
1595160 820
1595170 820
1595180 820
1595190 820
1595200 820
1595210 821
1595220 821
1595230 821
1595240 822
1595250 821
1595260 821
1595270 821
1595280 822
1595290 823
1595300 824
1595310 826
1595320 829
1595330 831
1595340 832
1595350 833
1595360 833
1595370 833
1595380 832
1595390 831
1595400 829
1595410 826
1595420 823
1595430 820
1595440 817
1595450 815
1595460 814
1595470 813
1595480 812
1595490 811
1595500 810
1595510 809
1595520 808
1595530 807
1595540 806
1595550 805
1595560 802
1595570 800
1595580 798
1595590 795
1595600 793
1595610 791
1595620 789
1595630 787
1595640 786
1595650 785
1595660 785
1595670 784
1595680 784
1595690 784
1595700 785
1595710 787
1595720 789
1595730 791
1595740 793
1595750 795
1595760 797
1595770 799
1595780 801
1595790 802
1595800 803
1595810 804
1595820 804
1595830 803
1595840 802
1595850 801
1595860 801
1595870 802
1595880 804
1595890 805
1595900 807
1595910 809
1595920 811
1595930 812
1595940 813
1595950 814
1595960 815
1595970 816
1595980 817
1595990 818
1596000 818
1596010 818
1596020 819
1596030 819
1596040 819
1596050 818
1596060 818
1596070 818
1596080 817
1596090 816
1596100 815
1596110 814
1596120 813
1596130 813
1596140 812
1596150 811
1596160 810
1596170 809
1596180 808
1596190 806
1596200 805
1596210 804
1596220 803
1596230 803
1596240 802
1596250 802
1596260 802
1596270 802
1596280 801
1596290 801
1596300 800
1596310 800
1596320 799
1596330 799
1596340 799
1596350 798
1596360 798
1596370 797
1596380 797
1596390 796
1596400 796
1596410 796
1596420 795
1596430 795
1596440 794
1596450 793
1596460 792
1596470 791
1596480 790
1596490 790
1596500 789
1596510 787
1596520 786
1596530 785
1596540 784
1596550 783
1596560 782
1596570 781
1596580 780
1596590 780
1596600 779
1596610 778
1596620 777
1596630 776
1596640 775
1596650 774
1596660 774
1596670 774
1596680 774
1596690 774
1596700 774
1596710 774
1596720 774
1596730 775
1596740 775
1596750 775
1596760 774
1596770 774
1596780 774
1596790 774
1596800 773
1596810 773
1596820 773
1596830 773
1596840 773
1596850 773
1596860 772
1596870 771
1596880 769
1596890 767
1596900 766
1596910 765
1596920 763
1596930 761
1596940 760
1596950 758
1596960 757
1596970 756
1596980 755
1596990 754
1597000 754
1597010 756
1597020 757
1597030 758
1597040 759
1597050 759
1597060 759
1597070 759
1597080 760
1597090 761
1597100 761
1597110 762
1597120 762
1597130 763
1597140 763
1597150 763
1597160 762
1597170 762
1597180 762
1597190 762
1597200 763
1597210 764
1597220 765
1597230 765
1597240 764
1597250 764
1597260 764
1597270 763
1597280 763
1597290 762
1597300 761
1597310 760
1597320 759
1597330 758
1597340 757
1597350 757
1597360 756
1597370 756
1597380 756
1597390 756
1597400 756
1597410 756
1597420 756
1597430 755
1597440 755
1597450 756
1597460 756
1597470 756
1597480 756
1597490 756
1597500 755
1597510 755
1597520 755
1597530 755
1597540 755
1597550 754
1597560 754
1597570 753
1597580 753
1597590 752
1597600 750
1597610 749
1597620 748
1597630 747
1597640 747
1597650 746
1597660 745
1597670 745
1597680 744
1597690 744
1597700 743
1597710 743
1597720 742
1597730 742
1597740 741
1597750 740
1597760 740
1597770 739
1597780 739
1597790 739
1597800 738
1597810 737
1597820 737
1597830 737
1597840 737
1597850 737
1597860 737
1597870 737
1597880 737
1597890 737
1597900 737
1597910 736
1597920 736
1597930 736
1597940 736
1597950 737
1597960 738
1597970 738
1597980 738
1597990 738
1598000 737
1598010 735
1598020 733
1598030 731
1598040 730
1598050 730
1598060 730
1598070 731
1598080 731
1598090 730
1598100 730
1598110 730
1598120 729
1598130 729
1598140 728
1598150 728
1598160 729
1598170 729
1598180 729
1598190 729
1598200 729
1598210 729
1598220 728
1598230 728
1598240 727
1598250 726
1598260 725
1598270 723
1598280 720
1598290 717
1598300 714
1598310 712
1598320 711
1598330 710
1598340 709
1598350 707
1598360 706
1598370 706
1598380 705
1598390 705
1598400 705
1598410 704
1598420 703
1598430 702
1598440 701
1598450 700
1598460 699
1598470 698
1598480 698
1598490 697
1598500 697
1598510 696
1598520 695
1598530 693
1598540 691
1598550 688
1598560 685
1598570 683
1598580 682
1598590 682
1598600 682
1598610 682
1598620 681
1598630 681
1598640 681
1598650 681
1598660 681
1598670 682
1598680 683
1598690 685
1598700 687
1598710 690
1598720 694
1598730 699
1598740 703
1598750 706
1598760 710
1598770 714
1598780 716
1598790 717
1598800 715
1598810 713
1598820 711
1598830 710
1598840 710
1598850 711
1598860 712
1598870 713
1598880 714
1598890 716
1598900 718
1598910 720
1598920 722
1598930 724
1598940 726
1598950 727
1598960 729
1598970 730
1598980 731
1598990 732
1599000 732
1599010 731
1599020 730
1599030 727
1599040 726
1599050 725
1599060 725
1599070 725
1599080 726
1599090 726
1599100 727
1599110 728
1599120 729
1599130 730
1599140 732
1599150 734
1599160 736
1599170 738
1599180 740
1599190 742
1599200 744
1599210 746
1599220 749
1599230 751
1599240 753
1599250 754
1599260 754
1599270 752
1599280 750
1599290 748
1599300 746
1599310 744
1599320 742
1599330 741
1599340 739
1599350 737
1599360 736
1599370 735
1599380 733
1599390 731
1599400 729
1599410 727
1599420 725
1599430 723
1599440 720
1599450 718
1599460 716
1599470 714
1599480 712
1599490 711
1599500 709
1599510 706
1599520 704
1599530 702
1599540 700
1599550 698
1599560 696
1599570 694
1599580 692
1599590 690
1599600 688
1599610 686
1599620 684
1599630 682
1599640 679
1599650 677
1599660 676
1599670 674
1599680 672
1599690 669
1599700 667
1599710 666
1599720 665
1599730 665
1599740 665
1599750 665
1599760 666
1599770 667
1599780 668
1599790 670
1599800 672
1599810 674
1599820 677
1599830 679
1599840 681
1599850 683
1599860 686
1599870 690
1599880 694
1599890 697
1599900 700
1599910 703
1599920 705
1599930 707
1599940 709
1599950 711
1599960 714
1599970 716
1599980 718
1599990 720
