1580000 916
1580010 914
1580020 912
1580030 910
1580040 908
1580050 906
1580060 904
1580070 900
1580080 897
1580090 894
1580100 891
1580110 888
1580120 885
1580130 883
1580140 879
1580150 874
1580160 870
1580170 866
1580180 862
1580190 857
1580200 855
1580210 854
1580220 856
1580230 858
1580240 861
1580250 863
1580260 866
1580270 869
1580280 872
1580290 875
1580300 877
1580310 880
1580320 882
1580330 884
1580340 886
1580350 889
1580360 891
1580370 893
1580380 895
1580390 897
1580400 899
1580410 901
1580420 902
1580430 904
1580440 906
1580450 907
1580460 909
1580470 910
1580480 911
1580490 913
1580500 915
1580510 916
1580520 917
1580530 919
1580540 920
1580550 920
1580560 921
1580570 922
1580580 923
1580590 924
1580600 925
1580610 926
1580620 927
1580630 927
1580640 928
1580650 928
1580660 928
1580670 927
1580680 927
1580690 926
1580700 925
1580710 925
1580720 924
1580730 923
1580740 922
1580750 922
1580760 922
1580770 921
1580780 921
1580790 921
1580800 921
1580810 921
1580820 921
1580830 920
1580840 920
1580850 920
1580860 919
1580870 919
1580880 919
1580890 919
1580900 919
1580910 919
1580920 919
1580930 919
1580940 919
1580950 918
1580960 918
1580970 917
1580980 917
1580990 915
1581000 914
1581010 913
1581020 911
1581030 910
1581040 909
1581050 908
1581060 907
1581070 906
1581080 905
1581090 904
1581100 902
1581110 901
1581120 899
1581130 898
1581140 895
1581150 893
1581160 890
1581170 888
1581180 885
1581190 883
1581200 880
1581210 877
1581220 874
1581230 870
1581240 866
1581250 862
1581260 857
1581270 852
1581280 847
1581290 842
1581300 838
1581310 834
1581320 829
1581330 825
1581340 820
1581350 818
1581360 818
1581370 820
1581380 823
1581390 827
1581400 830
1581410 833
1581420 835
1581430 837
1581440 838
1581450 838
1581460 838
1581470 838
1581480 838
1581490 838
1581500 839
1581510 840
1581520 841
1581530 841
1581540 842
1581550 843
1581560 845
1581570 846
1581580 848
1581590 850
1581600 851
1581610 853
1581620 855
1581630 856
1581640 857
1581650 859
1581660 861
1581670 863
1581680 865
1581690 866
1581700 868
1581710 871
1581720 873
1581730 877
1581740 880
1581750 883
1581760 886
1581770 889
1581780 892
1581790 895
1581800 897
1581810 899
1581820 901
1581830 902
1581840 904
1581850 905
1581860 906
1581870 907
1581880 908
1581890 909
1581900 910
1581910 911
1581920 910
1581930 909
1581940 908
1581950 908
1581960 908
1581970 909
1581980 910
1581990 911
1582000 912
1582010 913
1582020 914
1582030 915
1582040 916
1582050 917
1582060 918
1582070 919
1582080 920
1582090 921
1582100 922
1582110 923
1582120 924
1582130 925
1582140 926
1582150 927
1582160 928
1582170 929
1582180 930
1582190 931
1582200 931
1582210 932
1582220 933
1582230 934
1582240 934
1582250 935
1582260 935
1582270 936
1582280 937
1582290 938
1582300 938
1582310 939
1582320 939
1582330 939
1582340 939
1582350 939
1582360 939
1582370 938
1582380 937
1582390 936
1582400 935
1582410 934
1582420 933
1582430 932
1582440 931
1582450 930
1582460 929
1582470 927
1582480 926
1582490 924
1582500 923
1582510 921
1582520 920
1582530 919
1582540 917
1582550 915
1582560 914
1582570 912
1582580 910
1582590 908
1582600 906
1582610 904
1582620 902
1582630 900
1582640 898
1582650 896
1582660 894
1582670 891
1582680 889
1582690 887
1582700 884
1582710 881
1582720 877
1582730 874
1582740 872
1582750 869
1582760 867
1582770 865
1582780 863
1582790 860
1582800 858
1582810 856
1582820 854
1582830 852
1582840 849
1582850 847
1582860 845
1582870 843
1582880 841
1582890 839
1582900 837
1582910 835
1582920 834
1582930 833
1582940 831
1582950 830
1582960 828
1582970 827
1582980 826
1582990 824
1583000 822
1583010 819
1583020 817
1583030 815
1583040 813
1583050 812
1583060 811
1583070 809
1583080 807
1583090 805
1583100 802
1583110 800
1583120 797
1583130 795
1583140 792
1583150 790
1583160 788
1583170 786
1583180 785
1583190 784
1583200 783
1583210 782
1583220 781
1583230 779
1583240 778
1583250 776
1583260 774
1583270 773
1583280 771
1583290 770
1583300 768
1583310 767
1583320 765
1583330 763
1583340 761
1583350 759
1583360 757
1583370 756
1583380 754
1583390 753
1583400 751
1583410 749
1583420 747
1583430 746
1583440 744
1583450 742
1583460 739
1583470 737
1583480 735
1583490 733
1583500 731
1583510 729
1583520 726
1583530 725
1583540 723
1583550 721
1583560 719
1583570 718
1583580 716
1583590 715
1583600 713
1583610 712
1583620 711
1583630 710
1583640 709
1583650 708
1583660 707
1583670 706
1583680 705
1583690 704
1583700 704
1583710 703
1583720 702
1583730 701
1583740 700
1583750 700
1583760 699
1583770 699
1583780 699
1583790 698
1583800 697
1583810 697
1583820 697
1583830 697
1583840 697
1583850 697
1583860 697
1583870 697
1583880 697
1583890 696
1583900 696
1583910 696
1583920 696
1583930 696
1583940 696
1583950 696
1583960 696
1583970 696
1583980 696
1583990 696
1584000 696
1584010 696
1584020 696
1584030 696
1584040 695
1584050 695
1584060 695
1584070 695
1584080 695
1584090 695
1584100 695
1584110 695
1584120 695
1584130 696
1584140 696
1584150 698
1584160 700
1584170 704
1584180 708
1584190 712
1584200 716
1584210 720
1584220 724
1584230 727
1584240 729
1584250 732
1584260 733
1584270 735
1584280 736
1584290 737
1584300 738
1584310 738
1584320 738
1584330 739
1584340 740
1584350 741
1584360 743
1584370 745
1584380 747
1584390 749
1584400 750
1584410 752
1584420 754
1584430 755
1584440 757
1584450 757
1584460 758
1584470 758
1584480 759
1584490 760
1584500 762
1584510 765
1584520 767
1584530 769
1584540 771
1584550 773
1584560 774
1584570 776
1584580 777
1584590 779
1584600 781
1584610 784
1584620 786
1584630 788
1584640 791
1584650 793
1584660 795
1584670 797
1584680 799
1584690 800
1584700 802
1584710 803
1584720 805
1584730 806
1584740 807
1584750 809
1584760 810
1584770 812
1584780 814
1584790 815
1584800 816
1584810 817
1584820 818
1584830 819
1584840 819
1584850 820
1584860 820
1584870 821
1584880 821
1584890 821
1584900 821
1584910 822
1584920 822
1584930 823
1584940 824
1584950 825
1584960 826
1584970 827
1584980 829
1584990 830
1585000 830
1585010 829
1585020 828
1585030 826
1585040 825
1585050 822
1585060 821
1585070 819
1585080 818
1585090 816
1585100 814
1585110 812
1585120 809
1585130 807
1585140 804
1585150 800
1585160 797
1585170 794
1585180 791
1585190 788
1585200 783
1585210 778
1585220 774
1585230 770
1585240 766
1585250 762
1585260 758
1585270 754
1585280 751
1585290 748
1585300 745
1585310 741
1585320 737
1585330 734
1585340 734
1585350 734
1585360 735
1585370 737
1585380 738
1585390 739
1585400 740
1585410 742
1585420 744
1585430 747
1585440 749
1585450 751
1585460 752
1585470 754
1585480 755
1585490 758
1585500 761
1585510 764
1585520 768
1585530 771
1585540 774
1585550 776
1585560 778
1585570 780
1585580 782
1585590 784
1585600 785
1585610 786
1585620 787
1585630 788
1585640 789
1585650 791
1585660 792
1585670 794
1585680 795
1585690 796
1585700 797
1585710 798
1585720 799
1585730 799
1585740 800
1585750 800
1585760 801
1585770 802
1585780 803
1585790 805
1585800 807
1585810 809
1585820 811
1585830 813
1585840 814
1585850 816
1585860 817
1585870 818
1585880 819
1585890 820
1585900 821
1585910 822
1585920 823
1585930 824
1585940 825
1585950 826
1585960 828
1585970 829
1585980 831
1585990 833
1586000 834
1586010 836
1586020 838
1586030 839
1586040 840
1586050 841
1586060 841
1586070 842
1586080 843
1586090 843
1586100 844
1586110 844
1586120 844
1586130 844
1586140 843
1586150 843
1586160 842
1586170 841
1586180 840
1586190 839
1586200 838
1586210 837
1586220 836
1586230 835
1586240 834
1586250 833
1586260 831
1586270 830
1586280 828
1586290 826
1586300 824
1586310 822
1586320 820
1586330 817
1586340 815
1586350 813
1586360 811
1586370 809
1586380 806
1586390 804
1586400 802
1586410 800
1586420 797
1586430 795
1586440 793
1586450 790
1586460 788
1586470 785
1586480 782
1586490 779
1586500 776
1586510 772
1586520 770
1586530 768
1586540 766
1586550 765
1586560 764
1586570 763
1586580 762
1586590 761
1586600 760
1586610 759
1586620 758
1586630 757
1586640 756
1586650 755
1586660 753
1586670 751
1586680 749
1586690 747
1586700 746
1586710 744
1586720 741
1586730 739
1586740 736
1586750 733
1586760 730
1586770 728
1586780 725
1586790 723
1586800 720
1586810 718
1586820 715
1586830 713
1586840 711
1586850 709
1586860 706
1586870 703
1586880 699
1586890 696
1586900 693
1586910 691
1586920 690
1586930 688
1586940 686
1586950 685
1586960 684
1586970 683
1586980 682
1586990 681
1587000 681
1587010 682
1587020 684
1587030 687
1587040 690
1587050 692
1587060 694
1587070 696
1587080 696
1587090 695
1587100 695
1587110 699
1587120 703
1587130 706
1587140 707
1587150 708
1587160 708
1587170 708
1587180 707
1587190 706
1587200 704
1587210 702
1587220 699
1587230 696
1587240 694
1587250 692
1587260 691
1587270 690
1587280 689
1587290 688
1587300 686
1587310 686
1587320 686
1587330 688
1587340 691
1587350 694
1587360 696
1587370 697
1587380 697
1587390 697
1587400 696
1587410 695
1587420 694
1587430 694
1587440 693
1587450 692
1587460 692
1587470 692
1587480 692
1587490 692
1587500 693
1587510 693
1587520 692
1587530 691
1587540 690
1587550 689
1587560 687
1587570 686
1587580 684
1587590 683
1587600 682
1587610 681
1587620 680
1587630 679
1587640 678
1587650 678
1587660 677
1587670 676
1587680 676
1587690 676
1587700 676
1587710 676
1587720 676
1587730 677
1587740 677
1587750 677
1587760 677
1587770 678
1587780 678
1587790 679
1587800 680
1587810 681
1587820 681
1587830 681
1587840 680
1587850 679
1587860 678
1587870 676
1587880 676
1587890 675
1587900 675
1587910 675
1587920 675
1587930 675
1587940 675
1587950 675
1587960 675
1587970 675
1587980 676
1587990 676
1588000 677
1588010 677
1588020 677
1588030 678
1588040 678
1588050 678
1588060 678
1588070 678
1588080 678
1588090 678
1588100 677
1588110 676
1588120 674
1588130 674
1588140 674
1588150 675
1588160 678
1588170 682
1588180 688
1588190 692
1588200 696
1588210 700
1588220 704
1588230 707
1588240 710
1588250 713
1588260 715
1588270 716
1588280 717
1588290 718
1588300 718
1588310 718
1588320 717
1588330 717
1588340 716
1588350 714
1588360 713
1588370 711
1588380 708
1588390 706
1588400 703
1588410 700
1588420 698
1588430 695
1588440 692
1588450 689
1588460 687
1588470 685
1588480 684
1588490 683
1588500 682
1588510 680
1588520 679
1588530 677
1588540 676
1588550 676
1588560 675
1588570 674
1588580 674
1588590 673
1588600 673
1588610 673
1588620 673
1588630 673
1588640 673
1588650 672
1588660 672
1588670 672
1588680 671
1588690 671
1588700 671
1588710 671
1588720 670
1588730 670
1588740 670
1588750 670
1588760 670
1588770 670
1588780 671
1588790 671
1588800 671
1588810 671
1588820 670
1588830 670
1588840 670
1588850 670
1588860 670
1588870 670
1588880 670
1588890 670
1588900 670
1588910 669
1588920 669
1588930 669
1588940 669
1588950 669
1588960 669
1588970 669
1588980 669
1588990 669
1589000 669
1589010 669
1589020 669
1589030 669
1589040 668
1589050 668
1589060 668
1589070 667
1589080 667
1589090 667
1589100 667
1589110 667
1589120 666
1589130 666
1589140 665
1589150 665
1589160 665
1589170 665
1589180 665
1589190 665
1589200 665
1589210 665
1589220 665
1589230 665
1589240 665
1589250 665
1589260 665
1589270 665
1589280 665
1589290 665
1589300 665
1589310 665
1589320 665
1589330 665
1589340 665
1589350 665
1589360 665
1589370 666
1589380 666
1589390 666
1589400 666
1589410 666
1589420 666
1589430 666
1589440 666
1589450 666
1589460 665
1589470 665
1589480 665
1589490 665
1589500 665
1589510 664
1589520 664
1589530 664
1589540 663
1589550 663
1589560 663
1589570 663
1589580 662
1589590 662
1589600 662
1589610 662
1589620 662
1589630 662
1589640 660
1589650 661
1589660 662
1589670 663
1589680 662
1589690 662
1589700 662
1589710 662
1589720 662
1589730 662
1589740 662
1589750 662
1589760 662
1589770 662
1589780 662
1589790 662
1589800 663
1589810 665
1589820 666
1589830 667
1589840 669
1589850 670
1589860 672
1589870 674
1589880 676
1589890 677
1589900 677
1589910 678
1589920 678
1589930 679
1589940 680
1589950 680
1589960 681
1589970 681
1589980 682
1589990 681
1590000 682
1590010 683
1590020 684
1590030 684
1590040 685
1590050 685
1590060 686
1590070 687
1590080 689
1590090 690
1590100 691
1590110 692
1590120 695
1590130 697
1590140 701
1590150 704
1590160 707
1590170 710
1590180 712
1590190 715
1590200 717
1590210 720
1590220 721
1590230 722
1590240 723
1590250 722
1590260 722
1590270 721
1590280 721
1590290 721
1590300 720
1590310 719
1590320 718
1590330 718
1590340 720
1590350 721
1590360 722
1590370 723
1590380 723
1590390 725
1590400 727
1590410 730
1590420 732
1590430 733
1590440 734
1590450 735
1590460 736
1590470 737
1590480 738
1590490 739
1590500 739
1590510 740
1590520 740
1590530 740
1590540 740
1590550 740
1590560 739
1590570 740
1590580 740
1590590 740
1590600 740
1590610 740
1590620 740
1590630 740
1590640 739
1590650 739
1590660 737
1590670 734
1590680 730
1590690 726
1590700 723
1590710 722
1590720 723
1590730 724
1590740 726
1590750 727
1590760 728
1590770 729
1590780 729
1590790 730
1590800 731
1590810 732
1590820 733
1590830 734
1590840 736
1590850 737
1590860 738
1590870 740
1590880 741
1590890 742
1590900 744
1590910 745
1590920 747
1590930 748
1590940 749
1590950 751
1590960 752
1590970 754
1590980 756
1590990 757
1591000 759
1591010 761
1591020 762
1591030 764
1591040 766
1591050 767
1591060 769
1591070 771
1591080 773
1591090 775
1591100 776
1591110 778
1591120 779
1591130 780
1591140 780
1591150 781
1591160 782
1591170 783
1591180 784
1591190 785
1591200 786
1591210 787
1591220 788
1591230 789
1591240 791
1591250 792
1591260 794
1591270 795
1591280 796
1591290 798
1591300 800
1591310 803
1591320 806
1591330 807
1591340 809
1591350 810
1591360 811
1591370 810
1591380 809
1591390 807
1591400 804
1591410 801
1591420 797
1591430 795
1591440 792
1591450 791
1591460 788
1591470 786
1591480 784
1591490 781
1591500 778
1591510 775
1591520 772
1591530 770
1591540 767
1591550 765
1591560 763
1591570 761
1591580 759
1591590 756
1591600 751
1591610 747
1591620 744
1591630 743
1591640 744
1591650 745
1591660 747
1591670 751
1591680 754
1591690 757
1591700 759
1591710 760
1591720 761
1591730 762
1591740 764
1591750 765
1591760 766
1591770 767
1591780 767
1591790 766
1591800 765
1591810 764
1591820 764
1591830 764
1591840 765
1591850 766
1591860 766
1591870 765
1591880 764
1591890 762
1591900 759
1591910 758
1591920 756
1591930 758
1591940 760
1591950 763
1591960 764
1591970 766
1591980 768
1591990 770
1592000 772
1592010 774
1592020 776
1592030 778
1592040 780
1592050 782
1592060 785
1592070 787
1592080 790
1592090 793
1592100 795
1592110 797
1592120 799
1592130 801
1592140 803
1592150 806
1592160 807
1592170 809
1592180 811
1592190 812
1592200 813
1592210 814
1592220 816
1592230 817
1592240 819
1592250 821
1592260 823
1592270 825
1592280 827
1592290 830
1592300 832
1592310 834
1592320 836
1592330 838
1592340 840
1592350 841
1592360 843
1592370 845
1592380 846
1592390 848
1592400 849
1592410 850
1592420 851
1592430 852
1592440 854
1592450 855
1592460 856
1592470 858
1592480 860
1592490 861
1592500 863
1592510 864
1592520 866
1592530 867
1592540 869
1592550 871
1592560 873
1592570 875
1592580 876
1592590 878
1592600 879
1592610 881
1592620 882
1592630 883
1592640 885
1592650 888
1592660 890
1592670 892
1592680 894
1592690 896
1592700 898
1592710 900
1592720 902
1592730 903
1592740 905
1592750 907
1592760 909
1592770 911
1592780 914
1592790 916
1592800 919
1592810 922
1592820 925
1592830 927
1592840 929
1592850 931
1592860 933
1592870 936
1592880 938
1592890 940
1592900 941
1592910 943
1592920 945
1592930 946
1592940 947
1592950 949
1592960 950
1592970 952
1592980 953
1592990 954
1593000 955
1593010 956
1593020 957
1593030 958
1593040 959
1593050 959
1593060 960
1593070 961
1593080 961
1593090 962
1593100 963
1593110 964
1593120 965
1593130 967
1593140 969
1593150 971
1593160 973
1593170 975
1593180 976
1593190 977
1593200 978
1593210 980
1593220 981
1593230 982
1593240 983
1593250 985
1593260 986
1593270 988
1593280 989
1593290 991
1593300 993
1593310 994
1593320 996
1593330 997
1593340 998
1593350 999
1593360 999
1593370 1000
1593380 1001
1593390 1002
1593400 1002
1593410 1003
1593420 1003
1593430 1004
1593440 1004
1593450 1005
1593460 1005
1593470 1006
1593480 1006
1593490 1007
1593500 1007
1593510 1007
1593520 1007
1593530 1008
1593540 1008
1593550 1008
1593560 1008
1593570 1007
1593580 1007
1593590 1007
1593600 1007
1593610 1006
1593620 1006
1593630 1005
1593640 1005
1593650 1004
1593660 1003
1593670 1002
1593680 1001
1593690 1001
1593700 1000
1593710 1000
1593720 1000
1593730 1000
1593740 1000
1593750 999
1593760 999
1593770 999
1593780 999
1593790 999
1593800 999
1593810 999
1593820 998
1593830 998
1593840 998
1593850 998
1593860 997
1593870 996
1593880 996
1593890 995
1593900 994
1593910 994
1593920 993
1593930 993
1593940 992
1593950 992
1593960 991
1593970 991
1593980 991
1593990 990
1594000 990
1594010 989
1594020 989
1594030 989
1594040 988
1594050 988
1594060 987
1594070 987
1594080 987
1594090 987
1594100 987
1594110 988
1594120 988
1594130 988
1594140 989
1594150 989
1594160 989
1594170 989
1594180 989
1594190 990
1594200 990
1594210 990
1594220 991
1594230 991
1594240 992
1594250 993
1594260 993
1594270 994
1594280 995
1594290 996
1594300 997
1594310 998
1594320 999
1594330 999
1594340 1000
1594350 1000
1594360 1001
1594370 1001
1594380 1002
1594390 1002
1594400 1002
1594410 1002
1594420 1002
1594430 1001
1594440 1001
1594450 1000
1594460 999
1594470 998
1594480 997
1594490 995
1594500 993
1594510 990
1594520 987
1594530 984
1594540 981
1594550 978
1594560 977
1594570 977
1594580 977
1594590 979
1594600 981
1594610 984
1594620 986
1594630 989
1594640 991
1594650 993
1594660 995
1594670 997
1594680 998
1594690 1000
1594700 1002
1594710 1004
1594720 1006
1594730 1008
1594740 1010
1594750 1012
1594760 1013
1594770 1015
1594780 1017
1594790 1018
1594800 1020
1594810 1021
1594820 1022
1594830 1024
1594840 1025
1594850 1026
1594860 1028
1594870 1029
1594880 1030
1594890 1031
1594900 1032
1594910 1033
1594920 1034
1594930 1036
1594940 1037
1594950 1038
1594960 1039
1594970 1039
1594980 1040
1594990 1041
1595000 1042
1595010 1043
1595020 1044
1595030 1045
1595040 1046
1595050 1047
1595060 1048
1595070 1049
1595080 1051
1595090 1052
1595100 1053
1595110 1055
1595120 1056
1595130 1058
1595140 1059
1595150 1060
1595160 1060
1595170 1061
1595180 1061
1595190 1062
1595200 1062
1595210 1063
1595220 1063
1595230 1063
1595240 1063
1595250 1062
1595260 1060
1595270 1058
1595280 1055
1595290 1053
1595300 1052
1595310 1050
1595320 1049
1595330 1048
1595340 1047
1595350 1047
1595360 1045
1595370 1044
1595380 1042
1595390 1041
1595400 1039
1595410 1037
1595420 1036
1595430 1035
1595440 1034
1595450 1032
1595460 1031
1595470 1029
1595480 1027
1595490 1026
1595500 1024
1595510 1022
1595520 1020
1595530 1018
1595540 1016
1595550 1014
1595560 1012
1595570 1010
1595580 1008
1595590 1006
1595600 1004
1595610 1001
1595620 998
1595630 995
1595640 992
1595650 990
1595660 988
1595670 986
1595680 984
1595690 983
1595700 982
1595710 981
1595720 979
1595730 977
1595740 976
1595750 974
1595760 972
1595770 970
1595780 969
1595790 967
1595800 965
1595810 963
1595820 961
1595830 959
1595840 957
1595850 954
1595860 952
1595870 950
1595880 948
1595890 947
1595900 947
1595910 947
1595920 947
1595930 947
1595940 947
1595950 948
1595960 949
1595970 951
1595980 952
1595990 953
1596000 954
1596010 955
1596020 955
1596030 956
1596040 957
1596050 958
1596060 959
1596070 960
1596080 961
1596090 964
1596100 967
1596110 969
1596120 969
1596130 969
1596140 969
1596150 969
1596160 969
1596170 969
1596180 969
1596190 969
1596200 969
1596210 970
1596220 970
1596230 970
1596240 970
1596250 970
1596260 970
1596270 969
1596280 969
1596290 968
1596300 968
1596310 967
1596320 966
1596330 964
1596340 962
1596350 961
1596360 959
1596370 958
1596380 957
1596390 957
1596400 957
1596410 958
1596420 959
1596430 960
1596440 962
1596450 963
1596460 964
1596470 965
1596480 965
1596490 964
1596500 963
1596510 962
1596520 961
1596530 959
1596540 957
1596550 955
1596560 952
1596570 950
1596580 948
1596590 945
1596600 942
1596610 939
1596620 936
1596630 933
1596640 930
1596650 927
1596660 924
1596670 921
1596680 918
1596690 914
1596700 911
1596710 908
1596720 906
1596730 903
1596740 900
1596750 897
1596760 895
1596770 892
1596780 889
1596790 886
1596800 883
1596810 881
1596820 879
1596830 877
1596840 875
1596850 873
1596860 871
1596870 868
1596880 866
1596890 864
1596900 862
1596910 861
1596920 859
1596930 857
1596940 855
1596950 852
1596960 848
1596970 845
1596980 842
1596990 840
1597000 844
1597010 849
1597020 854
1597030 858
1597040 861
1597050 865
1597060 868
1597070 869
1597080 870
1597090 872
1597100 873
1597110 875
1597120 876
1597130 877
1597140 879
1597150 881
1597160 885
1597170 889
1597180 893
1597190 896
1597200 900
1597210 903
1597220 906
1597230 910
1597240 913
1597250 916
1597260 918
1597270 921
1597280 924
1597290 927
1597300 929
1597310 932
1597320 934
1597330 937
1597340 939
1597350 942
1597360 944
1597370 947
1597380 949
1597390 951
1597400 953
1597410 955
1597420 956
1597430 958
1597440 959
1597450 960
1597460 961
1597470 962
1597480 963
1597490 964
1597500 964
1597510 964
1597520 964
1597530 963
1597540 963
1597550 962
1597560 961
1597570 960
1597580 959
1597590 958
1597600 957
1597610 957
1597620 956
1597630 955
1597640 955
1597650 954
1597660 954
1597670 954
1597680 953
1597690 953
1597700 952
1597710 952
1597720 952
1597730 952
1597740 951
1597750 951
1597760 951
1597770 950
1597780 950
1597790 950
1597800 949
1597810 949
1597820 949
1597830 949
1597840 948
1597850 948
1597860 948
1597870 947
1597880 947
1597890 946
1597900 946
1597910 945
1597920 945
1597930 944
1597940 943
1597950 942
1597960 940
1597970 939
1597980 937
1597990 936
1598000 935
1598010 934
1598020 933
1598030 932
1598040 931
1598050 930
1598060 929
1598070 928
1598080 928
1598090 927
1598100 926
1598110 925
1598120 924
1598130 923
1598140 923
1598150 922
1598160 921
1598170 920
1598180 919
1598190 919
1598200 918
1598210 917
1598220 915
1598230 914
1598240 912
1598250 911
1598260 909
1598270 907
1598280 905
1598290 903
1598300 901
1598310 900
1598320 898
1598330 896
1598340 894
1598350 892
1598360 890
1598370 887
1598380 885
1598390 882
1598400 880
1598410 878
1598420 876
1598430 874
1598440 873
1598450 872
1598460 870
1598470 869
1598480 868
1598490 866
1598500 865
1598510 864
1598520 862
1598530 861
1598540 860
1598550 858
1598560 858
1598570 857
1598580 856
1598590 855
1598600 854
1598610 854
1598620 853
1598630 852
1598640 851
1598650 850
1598660 848
1598670 847
1598680 845
1598690 843
1598700 840
1598710 837
1598720 834
1598730 831
1598740 827
1598750 824
1598760 820
1598770 817
1598780 814
1598790 810
1598800 807
1598810 804
1598820 801
1598830 798
1598840 794
1598850 791
1598860 788
1598870 785
1598880 782
1598890 780
1598900 777
1598910 775
1598920 772
1598930 769
1598940 770
1598950 772
1598960 776
1598970 780
1598980 784
1598990 787
1599000 791
1599010 794
1599020 798
1599030 802
1599040 806
1599050 809
1599060 813
1599070 816
1599080 818
1599090 820
1599100 822
1599110 824
1599120 826
1599130 827
1599140 828
1599150 829
1599160 832
1599170 835
1599180 839
1599190 843
1599200 847
1599210 850
1599220 854
1599230 858
1599240 861
1599250 864
1599260 866
1599270 868
1599280 868
1599290 870
1599300 871
1599310 873
1599320 875
1599330 877
1599340 879
1599350 881
1599360 883
1599370 885
1599380 887
1599390 889
1599400 891
1599410 892
1599420 894
1599430 896
1599440 898
1599450 901
1599460 903
1599470 904
1599480 905
1599490 905
1599500 904
1599510 904
1599520 904
1599530 904
1599540 904
1599550 904
1599560 903
1599570 902
1599580 901
1599590 900
1599600 898
1599610 897
1599620 895
1599630 893
1599640 892
1599650 890
1599660 890
1599670 888
1599680 887
1599690 886
1599700 885
1599710 885
1599720 884
1599730 882
1599740 881
1599750 879
1599760 877
1599770 875
1599780 872
1599790 869
1599800 867
1599810 865
1599820 863
1599830 861
1599840 860
1599850 861
1599860 863
1599870 864
1599880 864
1599890 864
1599900 863
1599910 863
1599920 862
1599930 861
1599940 861
1599950 860
1599960 861
1599970 861
1599980 862
1599990 862
