1580000 912
1580010 910
1580020 908
1580030 906
1580040 904
1580050 902
1580060 900
1580070 898
1580080 896
1580090 894
1580100 891
1580110 888
1580120 886
1580130 884
1580140 881
1580150 878
1580160 874
1580170 871
1580180 866
1580190 862
1580200 856
1580210 851
1580220 847
1580230 845
1580240 841
1580250 838
1580260 836
1580270 838
1580280 840
1580290 843
1580300 846
1580310 849
1580320 852
1580330 855
1580340 858
1580350 860
1580360 862
1580370 865
1580380 867
1580390 870
1580400 873
1580410 876
1580420 878
1580430 881
1580440 883
1580450 886
1580460 889
1580470 891
1580480 892
1580490 894
1580500 896
1580510 897
1580520 899
1580530 901
1580540 903
1580550 905
1580560 906
1580570 907
1580580 907
1580590 907
1580600 908
1580610 908
1580620 908
1580630 908
1580640 908
1580650 908
1580660 909
1580670 910
1580680 910
1580690 910
1580700 911
1580710 911
1580720 911
1580730 911
1580740 910
1580750 910
1580760 910
1580770 909
1580780 909
1580790 909
1580800 908
1580810 908
1580820 908
1580830 907
1580840 906
1580850 906
1580860 905
1580870 905
1580880 905
1580890 904
1580900 904
1580910 903
1580920 903
1580930 902
1580940 902
1580950 901
1580960 901
1580970 901
1580980 901
1580990 900
1581000 899
1581010 899
1581020 898
1581030 898
1581040 897
1581050 896
1581060 896
1581070 895
1581080 894
1581090 893
1581100 892
1581110 891
1581120 890
1581130 889
1581140 887
1581150 886
1581160 883
1581170 880
1581180 876
1581190 871
1581200 866
1581210 861
1581220 857
1581230 852
1581240 848
1581250 843
1581260 839
1581270 834
1581280 830
1581290 825
1581300 821
1581310 817
1581320 813
1581330 809
1581340 805
1581350 801
1581360 797
1581370 794
1581380 795
1581390 797
1581400 800
1581410 802
1581420 804
1581430 807
1581440 808
1581450 808
1581460 808
1581470 807
1581480 806
1581490 806
1581500 805
1581510 806
1581520 808
1581530 809
1581540 811
1581550 812
1581560 813
1581570 815
1581580 817
1581590 819
1581600 822
1581610 825
1581620 828
1581630 831
1581640 834
1581650 836
1581660 836
1581670 837
1581680 838
1581690 840
1581700 843
1581710 846
1581720 849
1581730 851
1581740 853
1581750 854
1581760 855
1581770 856
1581780 859
1581790 861
1581800 863
1581810 865
1581820 868
1581830 870
1581840 873
1581850 876
1581860 878
1581870 880
1581880 881
1581890 882
1581900 882
1581910 883
1581920 886
1581930 889
1581940 893
1581950 897
1581960 900
1581970 904
1581980 907
1581990 909
1582000 911
1582010 912
1582020 913
1582030 915
1582040 916
1582050 917
1582060 918
1582070 919
1582080 921
1582090 922
1582100 923
1582110 924
1582120 925
1582130 926
1582140 927
1582150 928
1582160 930
1582170 931
1582180 932
1582190 933
1582200 934
1582210 936
1582220 937
1582230 938
1582240 940
1582250 941
1582260 942
1582270 942
1582280 943
1582290 943
1582300 944
1582310 944
1582320 944
1582330 944
1582340 943
1582350 943
1582360 942
1582370 941
1582380 940
1582390 939
1582400 937
1582410 936
1582420 935
1582430 934
1582440 933
1582450 932
1582460 930
1582470 929
1582480 928
1582490 927
1582500 925
1582510 924
1582520 922
1582530 920
1582540 919
1582550 917
1582560 916
1582570 916
1582580 915
1582590 915
1582600 915
1582610 915
1582620 914
1582630 913
1582640 912
1582650 910
1582660 909
1582670 907
1582680 906
1582690 904
1582700 903
1582710 901
1582720 899
1582730 897
1582740 894
1582750 891
1582760 887
1582770 883
1582780 879
1582790 876
1582800 873
1582810 871
1582820 868
1582830 866
1582840 865
1582850 864
1582860 863
1582870 863
1582880 863
1582890 864
1582900 864
1582910 864
1582920 864
1582930 863
1582940 863
1582950 863
1582960 862
1582970 861
1582980 860
1582990 859
1583000 858
1583010 857
1583020 856
1583030 854
1583040 851
1583050 848
1583060 844
1583070 840
1583080 838
1583090 836
1583100 835
1583110 834
1583120 834
1583130 834
1583140 834
1583150 833
1583160 832
1583170 830
1583180 827
1583190 824
1583200 821
1583210 818
1583220 816
1583230 813
1583240 809
1583250 806
1583260 802
1583270 799
1583280 797
1583290 796
1583300 794
1583310 793
1583320 792
1583330 791
1583340 789
1583350 787
1583360 785
1583370 783
1583380 781
1583390 779
1583400 776
1583410 773
1583420 770
1583430 767
1583440 764
1583450 762
1583460 759
1583470 757
1583480 754
1583490 751
1583500 748
1583510 746
1583520 743
1583530 740
1583540 738
1583550 736
1583560 734
1583570 733
1583580 731
1583590 730
1583600 729
1583610 728
1583620 727
1583630 726
1583640 725
1583650 724
1583660 723
1583670 722
1583680 721
1583690 720
1583700 719
1583710 718
1583720 717
1583730 716
1583740 715
1583750 715
1583760 715
1583770 715
1583780 715
1583790 715
1583800 715
1583810 716
1583820 716
1583830 716
1583840 716
1583850 715
1583860 715
1583870 714
1583880 713
1583890 713
1583900 712
1583910 711
1583920 710
1583930 709
1583940 708
1583950 707
1583960 705
1583970 704
1583980 703
1583990 702
1584000 701
1584010 700
1584020 699
1584030 699
1584040 698
1584050 697
1584060 697
1584070 696
1584080 696
1584090 696
1584100 695
1584110 695
1584120 695
1584130 694
1584140 694
1584150 694
1584160 694
1584170 694
1584180 694
1584190 694
1584200 694
1584210 694
1584220 694
1584230 693
1584240 693
1584250 693
1584260 693
1584270 693
1584280 693
1584290 694
1584300 695
1584310 697
1584320 699
1584330 702
1584340 705
1584350 710
1584360 714
1584370 716
1584380 717
1584390 717
1584400 717
1584410 717
1584420 717
1584430 718
1584440 719
1584450 720
1584460 721
1584470 723
1584480 724
1584490 726
1584500 728
1584510 730
1584520 732
1584530 734
1584540 735
1584550 737
1584560 738
1584570 740
1584580 742
1584590 743
1584600 745
1584610 746
1584620 748
1584630 749
1584640 750
1584650 751
1584660 753
1584670 754
1584680 756
1584690 759
1584700 761
1584710 763
1584720 765
1584730 767
1584740 769
1584750 771
1584760 772
1584770 774
1584780 775
1584790 776
1584800 776
1584810 777
1584820 777
1584830 777
1584840 778
1584850 778
1584860 779
1584870 780
1584880 781
1584890 782
1584900 783
1584910 785
1584920 786
1584930 788
1584940 789
1584950 791
1584960 792
1584970 794
1584980 796
1584990 797
1585000 799
1585010 801
1585020 803
1585030 804
1585040 805
1585050 806
1585060 807
1585070 807
1585080 807
1585090 807
1585100 806
1585110 805
1585120 804
1585130 803
1585140 802
1585150 803
1585160 803
1585170 803
1585180 802
1585190 800
1585200 799
1585210 797
1585220 795
1585230 793
1585240 790
1585250 787
1585260 784
1585270 782
1585280 779
1585290 776
1585300 773
1585310 770
1585320 768
1585330 765
1585340 762
1585350 759
1585360 756
1585370 753
1585380 750
1585390 746
1585400 742
1585410 738
1585420 735
1585430 731
1585440 728
1585450 725
1585460 721
1585470 717
1585480 714
1585490 714
1585500 716
1585510 718
1585520 722
1585530 725
1585540 727
1585550 728
1585560 729
1585570 731
1585580 733
1585590 736
1585600 738
1585610 741
1585620 744
1585630 747
1585640 749
1585650 751
1585660 753
1585670 756
1585680 758
1585690 761
1585700 764
1585710 766
1585720 769
1585730 771
1585740 774
1585750 776
1585760 778
1585770 780
1585780 782
1585790 784
1585800 785
1585810 787
1585820 788
1585830 789
1585840 790
1585850 791
1585860 792
1585870 794
1585880 795
1585890 796
1585900 796
1585910 798
1585920 799
1585930 801
1585940 803
1585950 805
1585960 807
1585970 808
1585980 810
1585990 811
1586000 812
1586010 812
1586020 811
1586030 811
1586040 810
1586050 808
1586060 806
1586070 804
1586080 802
1586090 801
1586100 800
1586110 800
1586120 800
1586130 800
1586140 800
1586150 801
1586160 801
1586170 802
1586180 803
1586190 803
1586200 803
1586210 803
1586220 803
1586230 802
1586240 801
1586250 800
1586260 799
1586270 797
1586280 794
1586290 791
1586300 788
1586310 784
1586320 781
1586330 779
1586340 776
1586350 774
1586360 772
1586370 770
1586380 769
1586390 767
1586400 765
1586410 763
1586420 761
1586430 759
1586440 759
1586450 758
1586460 758
1586470 758
1586480 758
1586490 757
1586500 756
1586510 755
1586520 754
1586530 754
1586540 754
1586550 755
1586560 756
1586570 756
1586580 756
1586590 755
1586600 754
1586610 752
1586620 750
1586630 748
1586640 746
1586650 744
1586660 741
1586670 739
1586680 736
1586690 733
1586700 730
1586710 727
1586720 725
1586730 722
1586740 720
1586750 718
1586760 716
1586770 714
1586780 713
1586790 712
1586800 712
1586810 711
1586820 711
1586830 709
1586840 705
1586850 700
1586860 695
1586870 690
1586880 685
1586890 681
1586900 678
1586910 675
1586920 673
1586930 672
1586940 672
1586950 671
1586960 671
1586970 671
1586980 672
1586990 672
1587000 673
1587010 673
1587020 672
1587030 672
1587040 671
1587050 671
1587060 671
1587070 671
1587080 670
1587090 670
1587100 670
1587110 670
1587120 670
1587130 670
1587140 670
1587150 670
1587160 669
1587170 669
1587180 669
1587190 669
1587200 669
1587210 669
1587220 669
1587230 669
1587240 669
1587250 669
1587260 669
1587270 669
1587280 668
1587290 668
1587300 669
1587310 669
1587320 669
1587330 669
1587340 669
1587350 669
1587360 669
1587370 669
1587380 669
1587390 669
1587400 669
1587410 669
1587420 669
1587430 669
1587440 669
1587450 669
1587460 669
1587470 669
1587480 669
1587490 669
1587500 669
1587510 669
1587520 669
1587530 668
1587540 668
1587550 668
1587560 668
1587570 668
1587580 669
1587590 669
1587600 669
1587610 669
1587620 669
1587630 669
1587640 669
1587650 669
1587660 669
1587670 669
1587680 668
1587690 668
1587700 668
1587710 668
1587720 668
1587730 668
1587740 668
1587750 668
1587760 668
1587770 668
1587780 668
1587790 668
1587800 668
1587810 668
1587820 668
1587830 668
1587840 668
1587850 668
1587860 668
1587870 668
1587880 668
1587890 668
1587900 668
1587910 668
1587920 668
1587930 667
1587940 668
1587950 669
1587960 670
1587970 671
1587980 671
1587990 671
1588000 671
1588010 671
1588020 671
1588030 672
1588040 672
1588050 672
1588060 672
1588070 672
1588080 672
1588090 672
1588100 672
1588110 672
1588120 672
1588130 672
1588140 672
1588150 672
1588160 672
1588170 672
1588180 672
1588190 672
1588200 672
1588210 672
1588220 672
1588230 672
1588240 672
1588250 672
1588260 672
1588270 672
1588280 672
1588290 672
1588300 672
1588310 671
1588320 671
1588330 671
1588340 670
1588350 670
1588360 669
1588370 669
1588380 668
1588390 668
1588400 668
1588410 668
1588420 668
1588430 668
1588440 669
1588450 668
1588460 668
1588470 667
1588480 666
1588490 666
1588500 665
1588510 665
1588520 665
1588530 665
1588540 665
1588550 665
1588560 665
1588570 665
1588580 665
1588590 665
1588600 665
1588610 665
1588620 666
1588630 666
1588640 665
1588650 665
1588660 665
1588670 665
1588680 665
1588690 666
1588700 666
1588710 665
1588720 664
1588730 664
1588740 665
1588750 665
1588760 665
1588770 665
1588780 665
1588790 665
1588800 665
1588810 665
1588820 665
1588830 665
1588840 665
1588850 665
1588860 665
1588870 665
1588880 665
1588890 665
1588900 665
1588910 665
1588920 665
1588930 665
1588940 665
1588950 665
1588960 665
1588970 665
1588980 665
1588990 665
1589000 665
1589010 665
1589020 664
1589030 664
1589040 664
1589050 664
1589060 664
1589070 664
1589080 664
1589090 664
1589100 664
1589110 664
1589120 664
1589130 664
1589140 664
1589150 663
1589160 663
1589170 663
1589180 664
1589190 664
1589200 665
1589210 665
1589220 665
1589230 664
1589240 664
1589250 664
1589260 664
1589270 664
1589280 664
1589290 664
1589300 664
1589310 664
1589320 663
1589330 663
1589340 663
1589350 663
1589360 663
1589370 663
1589380 662
1589390 662
1589400 662
1589410 662
1589420 662
1589430 662
1589440 662
1589450 662
1589460 662
1589470 663
1589480 663
1589490 663
1589500 663
1589510 663
1589520 663
1589530 663
1589540 663
1589550 663
1589560 663
1589570 663
1589580 663
1589590 662
1589600 662
1589610 661
1589620 662
1589630 664
1589640 667
1589650 670
1589660 672
1589670 675
1589680 677
1589690 678
1589700 680
1589710 681
1589720 683
1589730 684
1589740 686
1589750 688
1589760 691
1589770 693
1589780 696
1589790 698
1589800 701
1589810 704
1589820 706
1589830 709
1589840 712
1589850 715
1589860 718
1589870 721
1589880 723
1589890 724
1589900 724
1589910 725
1589920 725
1589930 725
1589940 725
1589950 726
1589960 726
1589970 727
1589980 728
1589990 730
1590000 732
1590010 733
1590020 734
1590030 734
1590040 735
1590050 736
1590060 737
1590070 739
1590080 740
1590090 742
1590100 743
1590110 745
1590120 747
1590130 748
1590140 750
1590150 751
1590160 753
1590170 754
1590180 756
1590190 757
1590200 759
1590210 760
1590220 761
1590230 763
1590240 764
1590250 765
1590260 766
1590270 767
1590280 767
1590290 766
1590300 766
1590310 765
1590320 765
1590330 764
1590340 764
1590350 764
1590360 763
1590370 763
1590380 762
1590390 761
1590400 761
1590410 763
1590420 763
1590430 764
1590440 764
1590450 765
1590460 765
1590470 765
1590480 765
1590490 765
1590500 765
1590510 765
1590520 765
1590530 765
1590540 764
1590550 764
1590560 763
1590570 763
1590580 761
1590590 760
1590600 758
1590610 757
1590620 757
1590630 756
1590640 754
1590650 752
1590660 749
1590670 747
1590680 746
1590690 748
1590700 751
1590710 753
1590720 754
1590730 755
1590740 755
1590750 755
1590760 756
1590770 756
1590780 756
1590790 756
1590800 755
1590810 755
1590820 755
1590830 756
1590840 757
1590850 759
1590860 761
1590870 763
1590880 765
1590890 768
1590900 771
1590910 774
1590920 776
1590930 778
1590940 781
1590950 783
1590960 786
1590970 788
1590980 790
1590990 792
1591000 793
1591010 794
1591020 796
1591030 797
1591040 799
1591050 800
1591060 802
1591070 803
1591080 805
1591090 806
1591100 808
1591110 810
1591120 812
1591130 813
1591140 815
1591150 816
1591160 817
1591170 818
1591180 819
1591190 820
1591200 821
1591210 822
1591220 824
1591230 826
1591240 828
1591250 830
1591260 831
1591270 833
1591280 834
1591290 834
1591300 835
1591310 834
1591320 833
1591330 832
1591340 831
1591350 830
1591360 829
1591370 828
1591380 827
1591390 826
1591400 823
1591410 821
1591420 819
1591430 817
1591440 814
1591450 811
1591460 808
1591470 806
1591480 803
1591490 800
1591500 798
1591510 796
1591520 793
1591530 792
1591540 790
1591550 790
1591560 789
1591570 788
1591580 786
1591590 784
1591600 783
1591610 783
1591620 782
1591630 782
1591640 783
1591650 785
1591660 788
1591670 792
1591680 796
1591690 798
1591700 800
1591710 800
1591720 801
1591730 801
1591740 801
1591750 802
1591760 803
1591770 805
1591780 806
1591790 807
1591800 808
1591810 809
1591820 810
1591830 810
1591840 811
1591850 811
1591860 811
1591870 811
1591880 811
1591890 810
1591900 809
1591910 808
1591920 807
1591930 806
1591940 805
1591950 803
1591960 801
1591970 802
1591980 804
1591990 807
1592000 811
1592010 815
1592020 818
1592030 822
1592040 824
1592050 827
1592060 829
1592070 831
1592080 833
1592090 836
1592100 838
1592110 840
1592120 842
1592130 845
1592140 847
1592150 849
1592160 850
1592170 852
1592180 854
1592190 855
1592200 857
1592210 858
1592220 859
1592230 860
1592240 861
1592250 863
1592260 864
1592270 865
1592280 867
1592290 869
1592300 870
1592310 872
1592320 874
1592330 876
1592340 877
1592350 878
1592360 879
1592370 880
1592380 880
1592390 881
1592400 881
1592410 881
1592420 881
1592430 882
1592440 882
1592450 882
1592460 883
1592470 883
1592480 884
1592490 885
1592500 886
1592510 887
1592520 888
1592530 889
1592540 890
1592550 891
1592560 893
1592570 894
1592580 896
1592590 898
1592600 900
1592610 902
1592620 904
1592630 907
1592640 910
1592650 912
1592660 915
1592670 917
1592680 919
1592690 921
1592700 922
1592710 923
1592720 925
1592730 927
1592740 929
1592750 931
1592760 933
1592770 935
1592780 937
1592790 939
1592800 941
1592810 943
1592820 945
1592830 946
1592840 947
1592850 948
1592860 949
1592870 950
1592880 951
1592890 953
1592900 955
1592910 956
1592920 958
1592930 959
1592940 961
1592950 963
1592960 965
1592970 966
1592980 968
1592990 969
1593000 971
1593010 973
1593020 975
1593030 976
1593040 978
1593050 980
1593060 981
1593070 982
1593080 983
1593090 983
1593100 984
1593110 985
1593120 986
1593130 988
1593140 989
1593150 990
1593160 991
1593170 991
1593180 992
1593190 992
1593200 992
1593210 992
1593220 993
1593230 993
1593240 994
1593250 994
1593260 995
1593270 996
1593280 997
1593290 997
1593300 998
1593310 998
1593320 998
1593330 998
1593340 997
1593350 996
1593360 996
1593370 996
1593380 996
1593390 995
1593400 995
1593410 995
1593420 994
1593430 994
1593440 994
1593450 994
1593460 993
1593470 993
1593480 993
1593490 993
1593500 993
1593510 992
1593520 992
1593530 992
1593540 991
1593550 991
1593560 991
1593570 991
1593580 991
1593590 991
1593600 990
1593610 990
1593620 989
1593630 989
1593640 988
1593650 987
1593660 986
1593670 985
1593680 984
1593690 982
1593700 980
1593710 977
1593720 976
1593730 975
1593740 974
1593750 974
1593760 975
1593770 976
1593780 977
1593790 978
1593800 978
1593810 979
1593820 979
1593830 980
1593840 981
1593850 982
1593860 983
1593870 983
1593880 984
1593890 984
1593900 984
1593910 984
1593920 984
1593930 983
1593940 983
1593950 982
1593960 981
1593970 981
1593980 980
1593990 980
1594000 979
1594010 978
1594020 978
1594030 978
1594040 977
1594050 977
1594060 977
1594070 977
1594080 977
1594090 978
1594100 979
1594110 980
1594120 982
1594130 982
1594140 983
1594150 984
1594160 984
1594170 985
1594180 985
1594190 985
1594200 986
1594210 986
1594220 986
1594230 987
1594240 987
1594250 987
1594260 988
1594270 988
1594280 989
1594290 990
1594300 990
1594310 991
1594320 992
1594330 993
1594340 993
1594350 994
1594360 994
1594370 995
1594380 994
1594390 994
1594400 993
1594410 992
1594420 991
1594430 990
1594440 987
1594450 985
1594460 981
1594470 977
1594480 973
1594490 969
1594500 966
1594510 965
1594520 964
1594530 963
1594540 963
1594550 963
1594560 963
1594570 964
1594580 965
1594590 966
1594600 967
1594610 969
1594620 971
1594630 973
1594640 975
1594650 977
1594660 979
1594670 980
1594680 982
1594690 984
1594700 986
1594710 989
1594720 991
1594730 993
1594740 995
1594750 997
1594760 998
1594770 1001
1594780 1003
1594790 1005
1594800 1007
1594810 1009
1594820 1011
1594830 1013
1594840 1015
1594850 1017
1594860 1019
1594870 1020
1594880 1022
1594890 1023
1594900 1025
1594910 1027
1594920 1028
1594930 1030
1594940 1032
1594950 1034
1594960 1036
1594970 1038
1594980 1039
1594990 1040
1595000 1041
1595010 1042
1595020 1044
1595030 1045
1595040 1046
1595050 1047
1595060 1047
1595070 1048
1595080 1049
1595090 1049
1595100 1050
1595110 1050
1595120 1051
1595130 1052
1595140 1052
1595150 1052
1595160 1053
1595170 1054
1595180 1054
1595190 1055
1595200 1056
1595210 1057
1595220 1057
1595230 1058
1595240 1058
1595250 1059
1595260 1059
1595270 1059
1595280 1059
1595290 1058
1595300 1057
1595310 1056
1595320 1055
1595330 1053
1595340 1052
1595350 1050
1595360 1048
1595370 1046
1595380 1044
1595390 1043
1595400 1042
1595410 1041
1595420 1040
1595430 1039
1595440 1039
1595450 1038
1595460 1037
1595470 1036
1595480 1035
1595490 1034
1595500 1033
1595510 1032
1595520 1031
1595530 1030
1595540 1029
1595550 1028
1595560 1027
1595570 1025
1595580 1023
1595590 1021
1595600 1019
1595610 1017
1595620 1015
1595630 1014
1595640 1012
1595650 1011
1595660 1010
1595670 1009
1595680 1008
1595690 1007
1595700 1006
1595710 1004
1595720 1001
1595730 999
1595740 997
1595750 995
1595760 992
1595770 990
1595780 988
1595790 986
1595800 984
1595810 982
1595820 980
1595830 978
1595840 976
1595850 975
1595860 973
1595870 971
1595880 969
1595890 967
1595900 965
1595910 963
1595920 961
1595930 960
1595940 958
1595950 957
1595960 955
1595970 953
1595980 952
1595990 950
1596000 948
1596010 946
1596020 944
1596030 942
1596040 941
1596050 939
1596060 937
1596070 936
1596080 934
1596090 933
1596100 931
1596110 929
1596120 927
1596130 924
1596140 922
1596150 920
1596160 918
1596170 917
1596180 915
1596190 914
1596200 913
1596210 912
1596220 911
1596230 909
1596240 907
1596250 906
1596260 905
1596270 904
1596280 902
1596290 899
1596300 897
1596310 895
1596320 894
1596330 893
1596340 893
1596350 893
1596360 892
1596370 892
1596380 891
1596390 891
1596400 891
1596410 891
1596420 892
1596430 892
1596440 892
1596450 892
1596460 892
1596470 892
1596480 892
1596490 892
1596500 891
1596510 891
1596520 890
1596530 889
1596540 889
1596550 889
1596560 889
1596570 889
1596580 890
1596590 890
1596600 890
1596610 889
1596620 889
1596630 889
1596640 888
1596650 887
1596660 885
1596670 884
1596680 883
1596690 883
1596700 883
1596710 884
1596720 885
1596730 885
1596740 886
1596750 887
1596760 889
1596770 890
1596780 890
1596790 887
1596800 884
1596810 881
1596820 878
1596830 875
1596840 871
1596850 867
1596860 863
1596870 859
1596880 855
1596890 851
1596900 847
1596910 843
1596920 839
1596930 835
1596940 831
1596950 826
1596960 825
1596970 829
1596980 834
1596990 839
1597000 845
1597010 849
1597020 851
1597030 853
1597040 854
1597050 855
1597060 856
1597070 857
1597080 858
1597090 859
1597100 860
1597110 861
1597120 862
1597130 863
1597140 865
1597150 867
1597160 871
1597170 877
1597180 881
1597190 885
1597200 888
1597210 891
1597220 894
1597230 897
1597240 900
1597250 903
1597260 906
1597270 909
1597280 912
1597290 915
1597300 918
1597310 921
1597320 924
1597330 927
1597340 930
1597350 933
1597360 934
1597370 935
1597380 936
1597390 936
1597400 937
1597410 937
1597420 937
1597430 937
1597440 937
1597450 936
1597460 936
1597470 937
1597480 937
1597490 937
1597500 937
1597510 936
1597520 935
1597530 933
1597540 931
1597550 929
1597560 927
1597570 926
1597580 926
1597590 925
1597600 925
1597610 925
1597620 925
1597630 925
1597640 927
1597650 929
1597660 930
1597670 931
1597680 931
1597690 932
1597700 932
1597710 932
1597720 932
1597730 932
1597740 932
1597750 932
1597760 933
1597770 933
1597780 934
1597790 935
1597800 936
1597810 937
1597820 938
1597830 939
1597840 940
1597850 941
1597860 942
1597870 943
1597880 944
1597890 944
1597900 945
1597910 945
1597920 946
1597930 946
1597940 947
1597950 947
1597960 947
1597970 947
1597980 947
1597990 947
1598000 947
1598010 946
1598020 946
1598030 945
1598040 945
1598050 944
1598060 943
1598070 942
1598080 941
1598090 940
1598100 939
1598110 938
1598120 936
1598130 935
1598140 934
1598150 932
1598160 931
1598170 930
1598180 928
1598190 927
1598200 926
1598210 925
1598220 924
1598230 923
1598240 922
1598250 920
1598260 919
1598270 918
1598280 917
1598290 916
1598300 914
1598310 913
1598320 911
1598330 910
1598340 908
1598350 906
1598360 905
1598370 903
1598380 902
1598390 900
1598400 899
1598410 898
1598420 897
1598430 896
1598440 895
1598450 893
1598460 892
1598470 891
1598480 890
1598490 889
1598500 888
1598510 888
1598520 887
1598530 886
1598540 886
1598550 885
1598560 884
1598570 883
1598580 882
1598590 881
1598600 881
1598610 880
1598620 878
1598630 877
1598640 875
1598650 873
1598660 871
1598670 869
1598680 867
1598690 865
1598700 862
1598710 860
1598720 857
1598730 854
1598740 851
1598750 847
1598760 844
1598770 841
1598780 837
1598790 835
1598800 832
1598810 830
1598820 828
1598830 825
1598840 822
1598850 819
1598860 816
1598870 813
1598880 810
1598890 807
1598900 803
1598910 800
1598920 798
1598930 795
1598940 792
1598950 789
1598960 786
1598970 783
1598980 780
1598990 777
1599000 773
1599010 769
1599020 765
1599030 760
1599040 759
1599050 760
1599060 763
1599070 765
1599080 768
1599090 770
1599100 773
1599110 776
1599120 779
1599130 783
1599140 786
1599150 790
1599160 794
1599170 796
1599180 799
1599190 802
1599200 804
1599210 806
1599220 808
1599230 810
1599240 812
1599250 813
1599260 815
1599270 817
1599280 819
1599290 821
1599300 824
1599310 826
1599320 828
1599330 831
1599340 834
1599350 838
1599360 841
1599370 844
1599380 847
1599390 851
1599400 854
1599410 858
1599420 860
1599430 863
1599440 865
1599450 867
1599460 870
1599470 872
1599480 874
1599490 877
1599500 879
1599510 880
1599520 882
1599530 883
1599540 884
1599550 885
1599560 885
1599570 885
1599580 885
1599590 885
1599600 885
1599610 884
1599620 883
1599630 883
1599640 881
1599650 880
1599660 878
1599670 877
1599680 875
1599690 873
1599700 872
1599710 871
1599720 870
1599730 868
1599740 866
1599750 865
1599760 864
1599770 864
1599780 864
1599790 863
1599800 861
1599810 859
1599820 857
1599830 855
1599840 853
1599850 851
1599860 848
1599870 844
1599880 841
1599890 838
1599900 834
1599910 830
1599920 826
1599930 825
1599940 826
1599950 827
1599960 828
1599970 829
1599980 830
1599990 831
