1580000 913
1580010 911
1580020 909
1580030 907
1580040 905
1580050 903
1580060 901
1580070 899
1580080 897
1580090 895
1580100 891
1580110 888
1580120 885
1580130 883
1580140 880
1580150 877
1580160 874
1580170 871
1580180 867
1580190 862
1580200 857
1580210 853
1580220 849
1580230 846
1580240 843
1580250 839
1580260 837
1580270 839
1580280 842
1580290 845
1580300 848
1580310 851
1580320 854
1580330 857
1580340 859
1580350 861
1580360 864
1580370 866
1580380 868
1580390 871
1580400 874
1580410 876
1580420 879
1580430 881
1580440 884
1580450 887
1580460 889
1580470 891
1580480 893
1580490 895
1580500 896
1580510 898
1580520 900
1580530 902
1580540 904
1580550 905
1580560 907
1580570 907
1580580 908
1580590 908
1580600 908
1580610 908
1580620 908
1580630 909
1580640 909
1580650 910
1580660 910
1580670 911
1580680 911
1580690 911
1580700 912
1580710 912
1580720 912
1580730 911
1580740 911
1580750 911
1580760 911
1580770 911
1580780 910
1580790 910
1580800 909
1580810 909
1580820 909
1580830 908
1580840 908
1580850 907
1580860 906
1580870 906
1580880 905
1580890 905
1580900 905
1580910 904
1580920 904
1580930 903
1580940 903
1580950 903
1580960 902
1580970 902
1580980 902
1580990 901
1581000 901
1581010 900
1581020 900
1581030 899
1581040 898
1581050 898
1581060 897
1581070 896
1581080 895
1581090 894
1581100 893
1581110 892
1581120 891
1581130 890
1581140 888
1581150 887
1581160 884
1581170 880
1581180 876
1581190 871
1581200 866
1581210 861
1581220 856
1581230 852
1581240 847
1581250 843
1581260 839
1581270 834
1581280 829
1581290 825
1581300 821
1581310 817
1581320 813
1581330 809
1581340 805
1581350 801
1581360 797
1581370 795
1581380 797
1581390 800
1581400 803
1581410 805
1581420 807
1581430 810
1581440 810
1581450 810
1581460 810
1581470 809
1581480 808
1581490 808
1581500 808
1581510 809
1581520 810
1581530 812
1581540 813
1581550 814
1581560 816
1581570 817
1581580 819
1581590 822
1581600 824
1581610 827
1581620 830
1581630 833
1581640 835
1581650 838
1581660 838
1581670 839
1581680 840
1581690 842
1581700 844
1581710 846
1581720 849
1581730 852
1581740 854
1581750 855
1581760 856
1581770 858
1581780 860
1581790 862
1581800 864
1581810 866
1581820 868
1581830 870
1581840 873
1581850 876
1581860 878
1581870 880
1581880 882
1581890 883
1581900 883
1581910 885
1581920 887
1581930 891
1581940 895
1581950 898
1581960 902
1581970 905
1581980 907
1581990 909
1582000 911
1582010 912
1582020 913
1582030 915
1582040 916
1582050 917
1582060 918
1582070 919
1582080 920
1582090 922
1582100 923
1582110 924
1582120 925
1582130 926
1582140 927
1582150 928
1582160 929
1582170 930
1582180 932
1582190 933
1582200 934
1582210 935
1582220 936
1582230 938
1582240 939
1582250 940
1582260 941
1582270 942
1582280 942
1582290 943
1582300 943
1582310 943
1582320 944
1582330 943
1582340 943
1582350 943
1582360 942
1582370 941
1582380 940
1582390 939
1582400 938
1582410 936
1582420 935
1582430 934
1582440 933
1582450 932
1582460 930
1582470 929
1582480 928
1582490 927
1582500 926
1582510 925
1582520 923
1582530 921
1582540 919
1582550 918
1582560 917
1582570 916
1582580 916
1582590 916
1582600 916
1582610 916
1582620 915
1582630 914
1582640 913
1582650 911
1582660 910
1582670 908
1582680 907
1582690 906
1582700 904
1582710 902
1582720 900
1582730 898
1582740 895
1582750 892
1582760 888
1582770 883
1582780 879
1582790 876
1582800 873
1582810 870
1582820 868
1582830 866
1582840 864
1582850 863
1582860 862
1582870 862
1582880 862
1582890 862
1582900 863
1582910 863
1582920 863
1582930 862
1582940 862
1582950 861
1582960 860
1582970 859
1582980 858
1582990 857
1583000 856
1583010 855
1583020 854
1583030 852
1583040 850
1583050 847
1583060 844
1583070 840
1583080 837
1583090 835
1583100 833
1583110 832
1583120 832
1583130 832
1583140 833
1583150 832
1583160 830
1583170 828
1583180 825
1583190 822
1583200 818
1583210 815
1583220 813
1583230 810
1583240 807
1583250 803
1583260 800
1583270 797
1583280 795
1583290 794
1583300 792
1583310 791
1583320 790
1583330 789
1583340 787
1583350 785
1583360 783
1583370 781
1583380 779
1583390 777
1583400 774
1583410 771
1583420 768
1583430 766
1583440 763
1583450 761
1583460 758
1583470 756
1583480 753
1583490 750
1583500 747
1583510 744
1583520 741
1583530 739
1583540 737
1583550 735
1583560 733
1583570 732
1583580 730
1583590 729
1583600 728
1583610 727
1583620 726
1583630 725
1583640 724
1583650 724
1583660 723
1583670 722
1583680 720
1583690 719
1583700 718
1583710 717
1583720 716
1583730 715
1583740 714
1583750 714
1583760 714
1583770 714
1583780 714
1583790 714
1583800 714
1583810 715
1583820 715
1583830 715
1583840 714
1583850 714
1583860 713
1583870 712
1583880 711
1583890 711
1583900 710
1583910 709
1583920 708
1583930 707
1583940 706
1583950 705
1583960 703
1583970 702
1583980 701
1583990 700
1584000 699
1584010 698
1584020 698
1584030 697
1584040 697
1584050 696
1584060 696
1584070 695
1584080 695
1584090 695
1584100 695
1584110 694
1584120 694
1584130 694
1584140 694
1584150 694
1584160 694
1584170 694
1584180 694
1584190 694
1584200 694
1584210 694
1584220 694
1584230 694
1584240 694
1584250 694
1584260 694
1584270 694
1584280 694
1584290 695
1584300 696
1584310 698
1584320 700
1584330 703
1584340 706
1584350 710
1584360 714
1584370 716
1584380 717
1584390 717
1584400 717
1584410 718
1584420 718
1584430 718
1584440 719
1584450 721
1584460 722
1584470 723
1584480 725
1584490 726
1584500 728
1584510 731
1584520 733
1584530 735
1584540 737
1584550 739
1584560 740
1584570 742
1584580 744
1584590 745
1584600 747
1584610 748
1584620 750
1584630 751
1584640 752
1584650 753
1584660 754
1584670 755
1584680 758
1584690 760
1584700 762
1584710 764
1584720 767
1584730 769
1584740 771
1584750 772
1584760 774
1584770 776
1584780 777
1584790 778
1584800 779
1584810 779
1584820 780
1584830 780
1584840 780
1584850 781
1584860 781
1584870 782
1584880 783
1584890 784
1584900 786
1584910 787
1584920 789
1584930 790
1584940 792
1584950 793
1584960 795
1584970 796
1584980 798
1584990 800
1585000 802
1585010 804
1585020 805
1585030 806
1585040 807
1585050 808
1585060 809
1585070 809
1585080 810
1585090 810
1585100 810
1585110 809
1585120 808
1585130 807
1585140 806
1585150 806
1585160 805
1585170 805
1585180 803
1585190 801
1585200 799
1585210 797
1585220 795
1585230 792
1585240 789
1585250 786
1585260 783
1585270 781
1585280 778
1585290 775
1585300 772
1585310 769
1585320 766
1585330 763
1585340 760
1585350 758
1585360 755
1585370 752
1585380 749
1585390 745
1585400 741
1585410 737
1585420 734
1585430 730
1585440 727
1585450 724
1585460 720
1585470 717
1585480 715
1585490 716
1585500 718
1585510 721
1585520 724
1585530 727
1585540 729
1585550 731
1585560 732
1585570 734
1585580 735
1585590 737
1585600 740
1585610 742
1585620 745
1585630 748
1585640 750
1585650 752
1585660 755
1585670 757
1585680 760
1585690 763
1585700 765
1585710 768
1585720 770
1585730 773
1585740 775
1585750 778
1585760 780
1585770 782
1585780 784
1585790 786
1585800 787
1585810 789
1585820 790
1585830 791
1585840 792
1585850 793
1585860 794
1585870 795
1585880 797
1585890 798
1585900 799
1585910 800
1585920 801
1585930 802
1585940 804
1585950 806
1585960 808
1585970 810
1585980 811
1585990 812
1586000 813
1586010 813
1586020 813
1586030 813
1586040 812
1586050 810
1586060 809
1586070 807
1586080 806
1586090 805
1586100 804
1586110 803
1586120 803
1586130 804
1586140 804
1586150 804
1586160 805
1586170 806
1586180 806
1586190 806
1586200 806
1586210 806
1586220 806
1586230 806
1586240 805
1586250 803
1586260 802
1586270 800
1586280 797
1586290 794
1586300 790
1586310 787
1586320 784
1586330 781
1586340 779
1586350 777
1586360 775
1586370 773
1586380 772
1586390 770
1586400 769
1586410 767
1586420 765
1586430 763
1586440 762
1586450 762
1586460 761
1586470 761
1586480 761
1586490 760
1586500 759
1586510 758
1586520 757
1586530 757
1586540 758
1586550 758
1586560 758
1586570 758
1586580 757
1586590 755
1586600 754
1586610 752
1586620 750
1586630 748
1586640 746
1586650 744
1586660 741
1586670 738
1586680 735
1586690 732
1586700 729
1586710 727
1586720 724
1586730 722
1586740 720
1586750 717
1586760 716
1586770 714
1586780 713
1586790 712
1586800 712
1586810 711
1586820 711
1586830 710
1586840 707
1586850 702
1586860 696
1586870 691
1586880 686
1586890 682
1586900 679
1586910 676
1586920 674
1586930 672
1586940 672
1586950 671
1586960 671
1586970 671
1586980 671
1586990 671
1587000 672
1587010 672
1587020 673
1587030 673
1587040 672
1587050 672
1587060 671
1587070 671
1587080 670
1587090 670
1587100 670
1587110 670
1587120 670
1587130 670
1587140 670
1587150 670
1587160 670
1587170 669
1587180 669
1587190 669
1587200 669
1587210 669
1587220 669
1587230 669
1587240 669
1587250 669
1587260 669
1587270 669
1587280 669
1587290 668
1587300 668
1587310 669
1587320 669
1587330 669
1587340 669
1587350 669
1587360 669
1587370 669
1587380 669
1587390 669
1587400 669
1587410 669
1587420 669
1587430 669
1587440 669
1587450 669
1587460 669
1587470 669
1587480 669
1587490 669
1587500 668
1587510 668
1587520 668
1587530 668
1587540 668
1587550 668
1587560 668
1587570 668
1587580 669
1587590 669
1587600 669
1587610 669
1587620 669
1587630 669
1587640 669
1587650 669
1587660 669
1587670 669
1587680 668
1587690 668
1587700 668
1587710 668
1587720 668
1587730 668
1587740 668
1587750 668
1587760 668
1587770 668
1587780 668
1587790 668
1587800 668
1587810 668
1587820 668
1587830 668
1587840 668
1587850 668
1587860 668
1587870 668
1587880 668
1587890 668
1587900 668
1587910 668
1587920 667
1587930 667
1587940 669
1587950 670
1587960 671
1587970 671
1587980 671
1587990 671
1588000 671
1588010 671
1588020 671
1588030 672
1588040 672
1588050 672
1588060 672
1588070 672
1588080 672
1588090 672
1588100 672
1588110 672
1588120 672
1588130 672
1588140 672
1588150 672
1588160 672
1588170 672
1588180 672
1588190 672
1588200 672
1588210 673
1588220 674
1588230 674
1588240 675
1588250 675
1588260 674
1588270 673
1588280 672
1588290 672
1588300 672
1588310 672
1588320 672
1588330 671
1588340 671
1588350 671
1588360 670
1588370 670
1588380 669
1588390 669
1588400 668
1588410 668
1588420 668
1588430 668
1588440 668
1588450 669
1588460 669
1588470 668
1588480 667
1588490 666
1588500 666
1588510 665
1588520 665
1588530 665
1588540 665
1588550 665
1588560 665
1588570 665
1588580 665
1588590 665
1588600 665
1588610 665
1588620 665
1588630 666
1588640 666
1588650 666
1588660 665
1588670 665
1588680 665
1588690 665
1588700 666
1588710 665
1588720 665
1588730 664
1588740 664
1588750 665
1588760 665
1588770 665
1588780 665
1588790 665
1588800 665
1588810 665
1588820 665
1588830 665
1588840 665
1588850 665
1588860 665
1588870 665
1588880 665
1588890 665
1588900 665
1588910 665
1588920 665
1588930 665
1588940 665
1588950 665
1588960 665
1588970 665
1588980 665
1588990 664
1589000 664
1589010 664
1589020 664
1589030 664
1589040 664
1589050 664
1589060 664
1589070 664
1589080 664
1589090 664
1589100 664
1589110 664
1589120 664
1589130 664
1589140 663
1589150 663
1589160 663
1589170 664
1589180 664
1589190 664
1589200 664
1589210 665
1589220 665
1589230 664
1589240 664
1589250 664
1589260 664
1589270 664
1589280 664
1589290 664
1589300 664
1589310 664
1589320 664
1589330 663
1589340 664
1589350 664
1589360 664
1589370 663
1589380 663
1589390 663
1589400 663
1589410 663
1589420 663
1589430 663
1589440 663
1589450 663
1589460 663
1589470 663
1589480 663
1589490 663
1589500 663
1589510 663
1589520 663
1589530 663
1589540 663
1589550 663
1589560 663
1589570 663
1589580 663
1589590 663
1589600 662
1589610 661
1589620 662
1589630 663
1589640 664
1589650 665
1589660 668
1589670 671
1589680 674
1589690 676
1589700 677
1589710 679
1589720 681
1589730 683
1589740 684
1589750 686
1589760 688
1589770 691
1589780 693
1589790 696
1589800 699
1589810 702
1589820 704
1589830 707
1589840 709
1589850 713
1589860 716
1589870 719
1589880 721
1589890 722
1589900 723
1589910 723
1589920 723
1589930 724
1589940 724
1589950 724
1589960 725
1589970 725
1589980 726
1589990 728
1590000 730
1590010 731
1590020 732
1590030 732
1590040 733
1590050 734
1590060 735
1590070 736
1590080 738
1590090 739
1590100 741
1590110 742
1590120 744
1590130 746
1590140 747
1590150 749
1590160 750
1590170 752
1590180 754
1590190 755
1590200 756
1590210 758
1590220 759
1590230 761
1590240 762
1590250 763
1590260 764
1590270 764
1590280 764
1590290 764
1590300 763
1590310 763
1590320 762
1590330 762
1590340 762
1590350 762
1590360 761
1590370 761
1590380 761
1590390 760
1590400 760
1590410 761
1590420 762
1590430 762
1590440 763
1590450 763
1590460 763
1590470 763
1590480 764
1590490 764
1590500 764
1590510 764
1590520 764
1590530 764
1590540 763
1590550 763
1590560 763
1590570 762
1590580 760
1590590 759
1590600 757
1590610 756
1590620 755
1590630 755
1590640 753
1590650 751
1590660 748
1590670 745
1590680 745
1590690 746
1590700 749
1590710 751
1590720 753
1590730 754
1590740 754
1590750 754
1590760 754
1590770 754
1590780 754
1590790 754
1590800 754
1590810 754
1590820 754
1590830 755
1590840 756
1590850 758
1590860 759
1590870 761
1590880 763
1590890 766
1590900 769
1590910 771
1590920 774
1590930 776
1590940 779
1590950 781
1590960 783
1590970 786
1590980 788
1590990 789
1591000 790
1591010 792
1591020 793
1591030 795
1591040 796
1591050 798
1591060 799
1591070 801
1591080 802
1591090 804
1591100 805
1591110 807
1591120 808
1591130 810
1591140 811
1591150 813
1591160 814
1591170 815
1591180 816
1591190 817
1591200 819
1591210 820
1591220 822
1591230 823
1591240 825
1591250 827
1591260 829
1591270 831
1591280 832
1591290 833
1591300 833
1591310 833
1591320 832
1591330 831
1591340 829
1591350 828
1591360 828
1591370 827
1591380 826
1591390 824
1591400 822
1591410 819
1591420 818
1591430 815
1591440 812
1591450 810
1591460 807
1591470 804
1591480 801
1591490 798
1591500 796
1591510 794
1591520 792
1591530 789
1591540 788
1591550 788
1591560 787
1591570 785
1591580 783
1591590 782
1591600 780
1591610 779
1591620 780
1591630 781
1591640 783
1591650 785
1591660 788
1591670 792
1591680 795
1591690 797
1591700 798
1591710 798
1591720 799
1591730 799
1591740 799
1591750 800
1591760 801
1591770 802
1591780 803
1591790 804
1591800 805
1591810 806
1591820 806
1591830 807
1591840 808
1591850 809
1591860 809
1591870 809
1591880 809
1591890 808
1591900 806
1591910 805
1591920 803
1591930 802
1591940 801
1591950 799
1591960 798
1591970 799
1591980 802
1591990 806
1592000 810
1592010 814
1592020 817
1592030 820
1592040 823
1592050 825
1592060 827
1592070 829
1592080 832
1592090 834
1592100 836
1592110 838
1592120 840
1592130 842
1592140 844
1592150 846
1592160 848
1592170 849
1592180 851
1592190 853
1592200 854
1592210 855
1592220 856
1592230 857
1592240 859
1592250 860
1592260 861
1592270 863
1592280 864
1592290 866
1592300 868
1592310 870
1592320 872
1592330 873
1592340 875
1592350 876
1592360 877
1592370 877
1592380 878
1592390 878
1592400 878
1592410 879
1592420 879
1592430 879
1592440 880
1592450 880
1592460 881
1592470 882
1592480 883
1592490 884
1592500 884
1592510 885
1592520 886
1592530 888
1592540 889
1592550 890
1592560 891
1592570 893
1592580 895
1592590 897
1592600 899
1592610 901
1592620 903
1592630 905
1592640 908
1592650 910
1592660 913
1592670 915
1592680 917
1592690 919
1592700 921
1592710 922
1592720 923
1592730 925
1592740 927
1592750 929
1592760 931
1592770 933
1592780 936
1592790 938
1592800 940
1592810 942
1592820 943
1592830 945
1592840 946
1592850 947
1592860 948
1592870 949
1592880 950
1592890 952
1592900 953
1592910 955
1592920 957
1592930 958
1592940 960
1592950 962
1592960 963
1592970 965
1592980 967
1592990 969
1593000 970
1593010 972
1593020 973
1593030 975
1593040 976
1593050 978
1593060 979
1593070 981
1593080 981
1593090 982
1593100 983
1593110 984
1593120 985
1593130 987
1593140 988
1593150 989
1593160 990
1593170 991
1593180 991
1593190 992
1593200 992
1593210 992
1593220 992
1593230 993
1593240 994
1593250 994
1593260 995
1593270 996
1593280 997
1593290 998
1593300 998
1593310 999
1593320 999
1593330 998
1593340 997
1593350 997
1593360 996
1593370 996
1593380 996
1593390 996
1593400 995
1593410 995
1593420 995
1593430 995
1593440 994
1593450 994
1593460 994
1593470 994
1593480 994
1593490 994
1593500 994
1593510 994
1593520 993
1593530 993
1593540 993
1593550 993
1593560 993
1593570 993
1593580 992
1593590 992
1593600 992
1593610 991
1593620 991
1593630 990
1593640 989
1593650 988
1593660 987
1593670 985
1593680 984
1593690 983
1593700 981
1593710 979
1593720 977
1593730 976
1593740 975
1593750 975
1593760 976
1593770 977
1593780 979
1593790 979
1593800 979
1593810 980
1593820 981
1593830 982
1593840 982
1593850 983
1593860 984
1593870 984
1593880 985
1593890 985
1593900 985
1593910 985
1593920 984
1593930 984
1593940 984
1593950 983
1593960 982
1593970 982
1593980 981
1593990 981
1594000 980
1594010 980
1594020 979
1594030 978
1594040 978
1594050 978
1594060 978
1594070 978
1594080 978
1594090 978
1594100 979
1594110 980
1594120 982
1594130 983
1594140 983
1594150 984
1594160 984
1594170 985
1594180 985
1594190 985
1594200 986
1594210 986
1594220 987
1594230 987
1594240 987
1594250 987
1594260 988
1594270 989
1594280 989
1594290 990
1594300 991
1594310 992
1594320 993
1594330 993
1594340 994
1594350 995
1594360 995
1594370 995
1594380 995
1594390 994
1594400 994
1594410 993
1594420 992
1594430 990
1594440 988
1594450 985
1594460 983
1594470 979
1594480 975
1594490 970
1594500 967
1594510 966
1594520 965
1594530 965
1594540 964
1594550 963
1594560 964
1594570 965
1594580 965
1594590 966
1594600 967
1594610 969
1594620 971
1594630 974
1594640 976
1594650 977
1594660 979
1594670 981
1594680 983
1594690 985
1594700 987
1594710 989
1594720 992
1594730 994
1594740 996
1594750 998
1594760 1000
1594770 1002
1594780 1004
1594790 1006
1594800 1008
1594810 1010
1594820 1012
1594830 1014
1594840 1016
1594850 1018
1594860 1020
1594870 1021
1594880 1023
1594890 1024
1594900 1025
1594910 1027
1594920 1028
1594930 1030
1594940 1032
1594950 1034
1594960 1036
1594970 1038
1594980 1040
1594990 1041
1595000 1042
1595010 1043
1595020 1044
1595030 1045
1595040 1046
1595050 1047
1595060 1048
1595070 1048
1595080 1049
1595090 1049
1595100 1050
1595110 1051
1595120 1051
1595130 1052
1595140 1052
1595150 1053
1595160 1053
1595170 1054
1595180 1055
1595190 1056
1595200 1056
1595210 1057
1595220 1058
1595230 1059
1595240 1059
1595250 1060
1595260 1060
1595270 1059
1595280 1059
1595290 1058
1595300 1057
1595310 1056
1595320 1055
1595330 1053
1595340 1051
1595350 1050
1595360 1048
1595370 1046
1595380 1044
1595390 1043
1595400 1042
1595410 1041
1595420 1040
1595430 1039
1595440 1038
1595450 1037
1595460 1036
1595470 1035
1595480 1034
1595490 1033
1595500 1032
1595510 1031
1595520 1030
1595530 1029
1595540 1028
1595550 1027
1595560 1025
1595570 1024
1595580 1021
1595590 1019
1595600 1017
1595610 1016
1595620 1014
1595630 1012
1595640 1011
1595650 1010
1595660 1009
1595670 1008
1595680 1007
1595690 1006
1595700 1004
1595710 1002
1595720 1000
1595730 998
1595740 996
1595750 993
1595760 991
1595770 989
1595780 987
1595790 985
1595800 983
1595810 981
1595820 979
1595830 977
1595840 975
1595850 973
1595860 972
1595870 970
1595880 968
1595890 966
1595900 964
1595910 962
1595920 960
1595930 959
1595940 957
1595950 955
1595960 954
1595970 952
1595980 950
1595990 949
1596000 947
1596010 945
1596020 943
1596030 941
1596040 939
1596050 938
1596060 936
1596070 934
1596080 933
1596090 931
1596100 929
1596110 927
1596120 925
1596130 922
1596140 920
1596150 918
1596160 916
1596170 915
1596180 913
1596190 912
1596200 911
1596210 910
1596220 909
1596230 907
1596240 906
1596250 905
1596260 904
1596270 902
1596280 901
1596290 900
1596300 899
1596310 898
1596320 898
1596330 897
1596340 897
1596350 896
1596360 896
1596370 895
1596380 895
1596390 895
1596400 895
1596410 896
1596420 896
1596430 896
1596440 896
1596450 897
1596460 897
1596470 897
1596480 897
1596490 897
1596500 896
1596510 896
1596520 895
1596530 894
1596540 894
1596550 893
1596560 893
1596570 893
1596580 894
1596590 894
1596600 894
1596610 894
1596620 893
1596630 893
1596640 892
1596650 891
1596660 889
1596670 888
1596680 887
1596690 887
1596700 887
1596710 887
1596720 888
1596730 889
1596740 889
1596750 890
1596760 891
1596770 891
1596780 890
1596790 887
1596800 883
1596810 880
1596820 877
1596830 874
1596840 871
1596850 867
1596860 863
1596870 859
1596880 854
1596890 850
1596900 846
1596910 842
1596920 838
1596930 834
1596940 830
1596950 826
1596960 826
1596970 831
1596980 836
1596990 841
1597000 846
1597010 849
1597020 852
1597030 854
1597040 855
1597050 856
1597060 857
1597070 858
1597080 859
1597090 861
1597100 861
1597110 862
1597120 863
1597130 865
1597140 866
1597150 869
1597160 872
1597170 878
1597180 882
1597190 886
1597200 889
1597210 891
1597220 894
1597230 898
1597240 901
1597250 904
1597260 907
1597270 910
1597280 913
1597290 917
1597300 920
1597310 923
1597320 926
1597330 929
1597340 932
1597350 934
1597360 936
1597370 937
1597380 937
1597390 938
1597400 938
1597410 939
1597420 939
1597430 939
1597440 939
1597450 939
1597460 939
1597470 939
1597480 940
1597490 939
1597500 939
1597510 938
1597520 937
1597530 935
1597540 933
1597550 931
1597560 929
1597570 928
1597580 927
1597590 927
1597600 926
1597610 926
1597620 927
1597630 928
1597640 929
1597650 931
1597660 931
1597670 932
1597680 933
1597690 933
1597700 934
1597710 934
1597720 934
1597730 934
1597740 934
1597750 934
1597760 934
1597770 935
1597780 935
1597790 936
1597800 937
1597810 938
1597820 939
1597830 940
1597840 941
1597850 942
1597860 943
1597870 944
1597880 944
1597890 945
1597900 946
1597910 946
1597920 947
1597930 947
1597940 947
1597950 947
1597960 948
1597970 947
1597980 947
1597990 947
1598000 947
1598010 946
1598020 946
1598030 945
1598040 945
1598050 944
1598060 943
1598070 942
1598080 941
1598090 940
1598100 939
1598110 938
1598120 937
1598130 936
1598140 934
1598150 933
1598160 931
1598170 930
1598180 929
1598190 928
1598200 926
1598210 925
1598220 924
1598230 923
1598240 922
1598250 921
1598260 919
1598270 918
1598280 917
1598290 915
1598300 914
1598310 912
1598320 911
1598330 909
1598340 908
1598350 906
1598360 904
1598370 903
1598380 901
1598390 900
1598400 899
1598410 898
1598420 896
1598430 895
1598440 894
1598450 893
1598460 891
1598470 890
1598480 889
1598490 888
1598500 888
1598510 887
1598520 886
1598530 886
1598540 885
1598550 884
1598560 884
1598570 883
1598580 882
1598590 881
1598600 880
1598610 879
1598620 878
1598630 876
1598640 875
1598650 873
1598660 871
1598670 870
1598680 868
1598690 865
1598700 863
1598710 861
1598720 858
1598730 855
1598740 852
1598750 848
1598760 844
1598770 841
1598780 838
1598790 835
1598800 832
1598810 830
1598820 828
1598830 825
1598840 823
1598850 819
1598860 816
1598870 813
1598880 810
1598890 806
1598900 803
1598910 800
1598920 797
1598930 794
1598940 791
1598950 787
1598960 784
1598970 781
1598980 778
1598990 775
1599000 771
1599010 767
1599020 763
1599030 760
1599040 760
1599050 761
1599060 764
1599070 767
1599080 770
1599090 773
1599100 775
1599110 779
1599120 782
1599130 786
1599140 790
1599150 794
1599160 797
1599170 800
1599180 803
1599190 805
1599200 807
1599210 810
1599220 812
1599230 813
1599240 815
1599250 816
1599260 818
1599270 820
1599280 823
1599290 825
1599300 827
1599310 829
1599320 832
1599330 834
1599340 838
1599350 841
1599360 844
1599370 847
1599380 850
1599390 853
1599400 857
1599410 860
1599420 862
1599430 865
1599440 867
1599450 869
1599460 872
1599470 874
1599480 876
1599490 878
1599500 880
1599510 882
1599520 883
1599530 884
1599540 885
1599550 886
1599560 886
1599570 886
1599580 886
1599590 886
1599600 886
1599610 885
1599620 885
1599630 884
1599640 883
1599650 881
1599660 879
1599670 878
1599680 876
1599690 874
1599700 873
1599710 872
1599720 871
1599730 869
1599740 868
1599750 866
1599760 865
1599770 865
1599780 864
1599790 863
1599800 862
1599810 860
1599820 858
1599830 856
1599840 854
1599850 851
1599860 847
1599870 844
1599880 841
1599890 838
1599900 833
1599910 829
1599920 826
1599930 827
1599940 828
1599950 830
1599960 830
1599970 831
1599980 832
1599990 833
