1580000 1063
1580010 1060
1580020 1057
1580030 1055
1580040 1053
1580050 1051
1580060 1049
1580070 1047
1580080 1044
1580090 1042
1580100 1039
1580110 1037
1580120 1035
1580130 1032
1580140 1030
1580150 1028
1580160 1026
1580170 1024
1580180 1022
1580190 1019
1580200 1017
1580210 1014
1580220 1012
1580230 1011
1580240 1009
1580250 1008
1580260 1007
1580270 1005
1580280 1004
1580290 1003
1580300 1002
1580310 1000
1580320 999
1580330 999
1580340 999
1580350 998
1580360 998
1580370 998
1580380 998
1580390 998
1580400 998
1580410 997
1580420 997
1580430 997
1580440 997
1580450 996
1580460 996
1580470 995
1580480 994
1580490 992
1580500 991
1580510 989
1580520 988
1580530 986
1580540 985
1580550 984
1580560 982
1580570 980
1580580 978
1580590 976
1580600 974
1580610 973
1580620 971
1580630 970
1580640 968
1580650 966
1580660 964
1580670 962
1580680 960
1580690 959
1580700 957
1580710 955
1580720 954
1580730 952
1580740 951
1580750 949
1580760 947
1580770 945
1580780 943
1580790 940
1580800 937
1580810 933
1580820 931
1580830 930
1580840 930
1580850 928
1580860 927
1580870 926
1580880 925
1580890 925
1580900 927
1580910 928
1580920 928
1580930 929
1580940 929
1580950 929
1580960 929
1580970 930
1580980 930
1580990 931
1581000 933
1581010 934
1581020 934
1581030 935
1581040 935
1581050 934
1581060 933
1581070 932
1581080 929
1581090 926
1581100 922
1581110 919
1581120 916
1581130 914
1581140 913
1581150 911
1581160 911
1581170 910
1581180 909
1581190 908
1581200 907
1581210 906
1581220 905
1581230 904
1581240 903
1581250 902
1581260 901
1581270 900
1581280 898
1581290 897
1581300 895
1581310 894
1581320 893
1581330 892
1581340 891
1581350 890
1581360 890
1581370 889
1581380 889
1581390 888
1581400 887
1581410 887
1581420 886
1581430 885
1581440 883
1581450 881
1581460 879
1581470 878
1581480 876
1581490 874
1581500 872
1581510 870
1581520 868
1581530 865
1581540 863
1581550 861
1581560 860
1581570 858
1581580 856
1581590 854
1581600 852
1581610 850
1581620 848
1581630 846
1581640 844
1581650 841
1581660 839
1581670 836
1581680 834
1581690 832
1581700 830
1581710 828
1581720 826
1581730 824
1581740 822
1581750 820
1581760 819
1581770 817
1581780 815
1581790 814
1581800 812
1581810 811
1581820 809
1581830 807
1581840 805
1581850 803
1581860 801
1581870 799
1581880 796
1581890 794
1581900 791
1581910 789
1581920 786
1581930 784
1581940 782
1581950 779
1581960 777
1581970 775
1581980 773
1581990 772
1582000 770
1582010 767
1582020 764
1582030 762
1582040 760
1582050 758
1582060 757
1582070 755
1582080 753
1582090 752
1582100 750
1582110 749
1582120 748
1582130 746
1582140 744
1582150 743
1582160 741
1582170 740
1582180 738
1582190 737
1582200 737
1582210 736
1582220 736
1582230 735
1582240 735
1582250 735
1582260 735
1582270 735
1582280 735
1582290 735
1582300 735
1582310 735
1582320 735
1582330 735
1582340 735
1582350 735
1582360 735
1582370 735
1582380 737
1582390 738
1582400 740
1582410 742
1582420 742
1582430 742
1582440 742
1582450 742
1582460 742
1582470 742
1582480 743
1582490 744
1582500 744
1582510 745
1582520 745
1582530 746
1582540 748
1582550 750
1582560 752
1582570 755
1582580 758
1582590 761
1582600 764
1582610 767
1582620 770
1582630 773
1582640 776
1582650 779
1582660 783
1582670 786
1582680 791
1582690 795
1582700 798
1582710 800
1582720 802
1582730 805
1582740 807
1582750 808
1582760 809
1582770 809
1582780 810
1582790 810
1582800 810
1582810 811
1582820 811
1582830 813
1582840 815
1582850 817
1582860 821
1582870 825
1582880 829
1582890 833
1582900 836
1582910 840
1582920 844
1582930 848
1582940 852
1582950 855
1582960 859
1582970 863
1582980 866
1582990 870
1583000 873
1583010 876
1583020 880
1583030 883
1583040 887
1583050 890
1583060 893
1583070 895
1583080 897
1583090 898
1583100 896
1583110 893
1583120 889
1583130 885
1583140 882
1583150 878
1583160 875
1583170 872
1583180 869
1583190 866
1583200 863
1583210 860
1583220 858
1583230 855
1583240 852
1583250 850
1583260 847
1583270 846
1583280 844
1583290 842
1583300 840
1583310 839
1583320 837
1583330 836
1583340 834
1583350 833
1583360 832
1583370 830
1583380 828
1583390 826
1583400 824
1583410 822
1583420 820
1583430 817
1583440 815
1583450 813
1583460 813
1583470 812
1583480 811
1583490 810
1583500 809
1583510 808
1583520 806
1583530 804
1583540 802
1583550 800
1583560 796
1583570 793
1583580 789
1583590 786
1583600 783
1583610 781
1583620 778
1583630 775
1583640 772
1583650 770
1583660 767
1583670 764
1583680 761
1583690 758
1583700 754
1583710 749
1583720 747
1583730 746
1583740 746
1583750 747
1583760 749
1583770 753
1583780 756
1583790 759
1583800 762
1583810 765
1583820 768
1583830 771
1583840 775
1583850 778
1583860 782
1583870 786
1583880 790
1583890 793
1583900 797
1583910 800
1583920 802
1583930 804
1583940 806
1583950 807
1583960 809
1583970 810
1583980 812
1583990 814
1584000 815
1584010 816
1584020 818
1584030 820
1584040 822
1584050 824
1584060 827
1584070 829
1584080 831
1584090 833
1584100 835
1584110 838
1584120 841
1584130 843
1584140 846
1584150 848
1584160 850
1584170 853
1584180 856
1584190 859
1584200 862
1584210 864
1584220 867
1584230 870
1584240 872
1584250 874
1584260 877
1584270 879
1584280 881
1584290 883
1584300 885
1584310 887
1584320 889
1584330 891
1584340 893
1584350 896
1584360 899
1584370 901
1584380 904
1584390 907
1584400 911
1584410 914
1584420 916
1584430 919
1584440 922
1584450 925
1584460 928
1584470 931
1584480 933
1584490 936
1584500 939
1584510 941
1584520 943
1584530 945
1584540 947
1584550 949
1584560 951
1584570 953
1584580 955
1584590 957
1584600 959
1584610 961
1584620 963
1584630 965
1584640 967
1584650 969
1584660 970
1584670 972
1584680 974
1584690 976
1584700 978
1584710 979
1584720 981
1584730 982
1584740 983
1584750 984
1584760 984
1584770 985
1584780 986
1584790 986
1584800 987
1584810 987
1584820 987
1584830 987
1584840 988
1584850 989
1584860 989
1584870 990
1584880 991
1584890 991
1584900 992
1584910 992
1584920 992
1584930 992
1584940 991
1584950 990
1584960 989
1584970 988
1584980 987
1584990 985
1585000 984
1585010 982
1585020 981
1585030 979
1585040 978
1585050 977
1585060 975
1585070 974
1585080 973
1585090 971
1585100 970
1585110 969
1585120 967
1585130 966
1585140 965
1585150 963
1585160 962
1585170 960
1585180 959
1585190 957
1585200 955
1585210 953
1585220 951
1585230 950
1585240 948
1585250 947
1585260 946
1585270 946
1585280 946
1585290 946
1585300 947
1585310 947
1585320 948
1585330 948
1585340 948
1585350 949
1585360 949
1585370 949
1585380 949
1585390 949
1585400 949
1585410 949
1585420 949
1585430 948
1585440 947
1585450 946
1585460 944
1585470 942
1585480 940
1585490 938
1585500 936
1585510 934
1585520 932
1585530 931
1585540 930
1585550 929
1585560 929
1585570 928
1585580 928
1585590 927
1585600 926
1585610 926
1585620 925
1585630 924
1585640 923
1585650 921
1585660 920
1585670 919
1585680 917
1585690 916
1585700 914
1585710 913
1585720 912
1585730 910
1585740 909
1585750 908
1585760 907
1585770 906
1585780 904
1585790 902
1585800 901
1585810 899
1585820 898
1585830 896
1585840 893
1585850 890
1585860 887
1585870 884
1585880 880
1585890 876
1585900 872
1585910 869
1585920 865
1585930 860
1585940 854
1585950 849
1585960 847
1585970 848
1585980 849
1585990 851
1586000 853
1586010 855
1586020 857
1586030 861
1586040 865
1586050 869
1586060 873
1586070 876
1586080 879
1586090 882
1586100 884
1586110 886
1586120 890
1586130 892
1586140 895
1586150 897
1586160 898
1586170 898
1586180 897
1586190 894
1586200 891
1586210 888
1586220 884
1586230 881
1586240 877
1586250 874
1586260 872
1586270 871
1586280 871
1586290 871
1586300 871
1586310 872
1586320 873
1586330 874
1586340 875
1586350 875
1586360 876
1586370 876
1586380 875
1586390 874
1586400 873
1586410 871
1586420 870
1586430 868
1586440 866
1586450 864
1586460 861
1586470 859
1586480 856
1586490 853
1586500 851
1586510 848
1586520 846
1586530 843
1586540 840
1586550 838
1586560 835
1586570 833
1586580 831
1586590 828
1586600 826
1586610 824
1586620 822
1586630 820
1586640 818
1586650 816
1586660 813
1586670 812
1586680 811
1586690 811
1586700 811
1586710 810
1586720 809
1586730 808
1586740 806
1586750 804
1586760 801
1586770 798
1586780 795
1586790 791
1586800 787
1586810 783
1586820 778
1586830 772
1586840 767
1586850 768
1586860 769
1586870 770
1586880 770
1586890 771
1586900 772
1586910 773
1586920 775
1586930 776
1586940 777
1586950 778
1586960 778
1586970 778
1586980 779
1586990 778
1587000 778
1587010 777
1587020 775
1587030 774
1587040 772
1587050 773
1587060 775
1587070 777
1587080 778
1587090 779
1587100 779
1587110 778
1587120 778
1587130 778
1587140 779
1587150 780
1587160 781
1587170 781
1587180 782
1587190 783
1587200 784
1587210 785
1587220 787
1587230 789
1587240 793
1587250 797
1587260 800
1587270 803
1587280 807
1587290 810
1587300 813
1587310 816
1587320 820
1587330 823
1587340 826
1587350 829
1587360 831
1587370 834
1587380 835
1587390 836
1587400 836
1587410 834
1587420 832
1587430 828
1587440 825
1587450 822
1587460 819
1587470 815
1587480 812
1587490 807
1587500 803
1587510 798
1587520 795
1587530 792
1587540 789
1587550 786
1587560 784
1587570 781
1587580 779
1587590 776
1587600 774
1587610 771
1587620 770
1587630 768
1587640 767
1587650 766
1587660 765
1587670 764
1587680 763
1587690 762
1587700 761
1587710 760
1587720 759
1587730 758
1587740 757
1587750 755
1587760 753
1587770 750
1587780 746
1587790 742
1587800 738
1587810 734
1587820 730
1587830 726
1587840 723
1587850 720
1587860 718
1587870 716
1587880 715
1587890 713
1587900 711
1587910 710
1587920 710
1587930 710
1587940 710
1587950 710
1587960 710
1587970 710
1587980 710
1587990 710
1588000 710
1588010 712
1588020 715
1588030 718
1588040 721
1588050 725
1588060 728
1588070 732
1588080 736
1588090 740
1588100 744
1588110 748
1588120 751
1588130 755
1588140 759
1588150 762
1588160 766
1588170 769
1588180 773
1588190 776
1588200 780
1588210 783
1588220 787
1588230 790
1588240 793
1588250 796
1588260 799
1588270 802
1588280 806
1588290 809
1588300 813
1588310 815
1588320 816
1588330 818
1588340 820
1588350 822
1588360 824
1588370 825
1588380 827
1588390 829
1588400 831
1588410 832
1588420 834
1588430 835
1588440 837
1588450 838
1588460 840
1588470 842
1588480 843
1588490 845
1588500 846
1588510 847
1588520 848
1588530 850
1588540 851
1588550 852
1588560 854
1588570 855
1588580 855
1588590 856
1588600 856
1588610 857
1588620 857
1588630 858
1588640 858
1588650 859
1588660 860
1588670 862
1588680 864
1588690 866
1588700 868
1588710 871
1588720 873
1588730 875
1588740 878
1588750 880
1588760 883
1588770 886
1588780 888
1588790 890
1588800 893
1588810 896
1588820 899
1588830 902
1588840 905
1588850 907
1588860 910
1588870 912
1588880 914
1588890 916
1588900 918
1588910 920
1588920 921
1588930 922
1588940 924
1588950 924
1588960 925
1588970 926
1588980 926
1588990 926
1589000 926
1589010 927
1589020 927
1589030 927
1589040 927
1589050 927
1589060 927
1589070 927
1589080 927
1589090 926
1589100 926
1589110 925
1589120 925
1589130 925
1589140 925
1589150 924
1589160 924
1589170 925
1589180 925
1589190 925
1589200 926
1589210 926
1589220 927
1589230 927
1589240 927
1589250 928
1589260 928
1589270 929
1589280 929
1589290 929
1589300 929
1589310 929
1589320 930
1589330 930
1589340 931
1589350 931
1589360 932
1589370 932
1589380 932
1589390 933
1589400 933
1589410 933
1589420 933
1589430 933
1589440 934
1589450 934
1589460 934
1589470 934
1589480 934
1589490 934
1589500 934
1589510 934
1589520 934
1589530 935
1589540 935
1589550 935
1589560 935
1589570 935
1589580 935
1589590 935
1589600 935
1589610 935
1589620 934
1589630 934
1589640 933
1589650 933
1589660 932
1589670 931
1589680 931
1589690 930
1589700 929
1589710 929
1589720 928
1589730 928
1589740 927
1589750 927
1589760 926
1589770 926
1589780 926
1589790 926
1589800 926
1589810 925
1589820 925
1589830 925
1589840 924
1589850 924
1589860 924
1589870 924
1589880 923
1589890 923
1589900 923
1589910 923
1589920 923
1589930 923
1589940 922
1589950 922
1589960 922
1589970 922
1589980 922
1589990 922
1590000 921
1590010 921
1590020 921
1590030 921
1590040 921
1590050 921
1590060 921
1590070 921
1590080 921
1590090 921
1590100 920
1590110 920
1590120 920
1590130 920
1590140 920
1590150 919
1590160 919
1590170 919
1590180 919
1590190 919
1590200 919
1590210 918
1590220 918
1590230 918
1590240 917
1590250 917
1590260 917
1590270 917
1590280 917
1590290 917
1590300 917
1590310 917
1590320 917
1590330 917
1590340 917
1590350 917
1590360 917
1590370 917
1590380 918
1590390 918
1590400 918
1590410 918
1590420 918
1590430 918
1590440 918
1590450 918
1590460 918
1590470 918
1590480 918
1590490 918
1590500 917
1590510 917
1590520 917
1590530 916
1590540 916
1590550 916
1590560 915
1590570 915
1590580 914
1590590 914
1590600 914
1590610 913
1590620 912
1590630 911
1590640 911
1590650 910
1590660 909
1590670 908
1590680 908
1590690 907
1590700 906
1590710 906
1590720 905
1590730 904
1590740 903
1590750 902
1590760 901
1590770 901
1590780 900
1590790 899
1590800 898
1590810 897
1590820 896
1590830 895
1590840 894
1590850 893
1590860 892
1590870 891
1590880 891
1590890 890
1590900 889
1590910 888
1590920 887
1590930 886
1590940 885
1590950 884
1590960 883
1590970 882
1590980 880
1590990 878
1591000 877
1591010 876
1591020 875
1591030 875
1591040 874
1591050 873
1591060 872
1591070 871
1591080 870
1591090 869
1591100 868
1591110 867
1591120 867
1591130 866
1591140 865
1591150 864
1591160 863
1591170 861
1591180 859
1591190 858
1591200 856
1591210 854
1591220 851
1591230 849
1591240 846
1591250 844
1591260 841
1591270 838
1591280 835
1591290 833
1591300 830
1591310 828
1591320 826
1591330 823
1591340 821
1591350 820
1591360 818
1591370 817
1591380 815
1591390 814
1591400 813
1591410 812
1591420 811
1591430 810
1591440 809
1591450 808
1591460 808
1591470 808
1591480 808
1591490 808
1591500 808
1591510 808
1591520 807
1591530 807
1591540 808
1591550 809
1591560 809
1591570 810
1591580 809
1591590 809
1591600 808
1591610 808
1591620 807
1591630 806
1591640 804
1591650 803
1591660 801
1591670 798
1591680 796
1591690 794
1591700 792
1591710 790
1591720 788
1591730 787
1591740 786
1591750 784
1591760 782
1591770 780
1591780 778
1591790 777
1591800 776
1591810 775
1591820 773
1591830 772
1591840 771
1591850 769
1591860 768
1591870 768
1591880 768
1591890 769
1591900 770
1591910 770
1591920 771
1591930 772
1591940 773
1591950 774
1591960 775
1591970 775
1591980 775
1591990 775
1592000 775
1592010 775
1592020 776
1592030 779
1592040 782
1592050 785
1592060 786
1592070 787
1592080 785
1592090 783
1592100 780
1592110 777
1592120 773
1592130 770
1592140 766
1592150 762
1592160 757
1592170 752
1592180 748
1592190 744
1592200 742
1592210 740
1592220 739
1592230 737
1592240 736
1592250 735
1592260 733
1592270 732
1592280 731
1592290 731
1592300 731
1592310 731
1592320 731
1592330 730
1592340 730
1592350 730
1592360 730
1592370 730
1592380 730
1592390 730
1592400 731
1592410 731
1592420 732
1592430 732
1592440 733
1592450 733
1592460 733
1592470 733
1592480 733
1592490 733
1592500 733
1592510 732
1592520 732
1592530 730
1592540 729
1592550 728
1592560 727
1592570 726
1592580 724
1592590 722
1592600 721
1592610 719
1592620 719
1592630 720
1592640 720
1592650 721
1592660 721
1592670 722
1592680 722
1592690 722
1592700 722
1592710 722
1592720 721
1592730 721
1592740 720
1592750 719
1592760 719
1592770 718
1592780 717
1592790 716
1592800 714
1592810 713
1592820 712
1592830 710
1592840 708
1592850 706
1592860 703
1592870 699
1592880 695
1592890 691
1592900 689
1592910 687
1592920 686
1592930 684
1592940 683
1592950 681
1592960 681
1592970 680
1592980 680
1592990 679
1593000 678
1593010 677
1593020 675
1593030 675
1593040 674
1593050 674
1593060 674
1593070 673
1593080 672
1593090 672
1593100 671
1593110 671
1593120 670
1593130 670
1593140 670
1593150 669
1593160 669
1593170 669
1593180 669
1593190 668
1593200 667
1593210 665
1593220 664
1593230 662
1593240 660
1593250 658
1593260 656
1593270 655
1593280 654
1593290 653
1593300 653
1593310 653
1593320 652
1593330 651
1593340 651
1593350 651
1593360 651
1593370 650
1593380 650
1593390 650
1593400 649
1593410 648
1593420 648
1593430 647
1593440 647
1593450 647
1593460 646
1593470 646
1593480 646
1593490 646
1593500 646
1593510 646
1593520 646
1593530 646
1593540 646
1593550 646
1593560 646
1593570 646
1593580 646
1593590 646
1593600 646
1593610 646
1593620 646
1593630 646
1593640 646
1593650 646
1593660 645
1593670 645
1593680 645
1593690 645
1593700 645
1593710 645
1593720 645
1593730 645
1593740 645
1593750 645
1593760 645
1593770 644
1593780 644
1593790 644
1593800 645
1593810 645
1593820 646
1593830 647
1593840 648
1593850 649
1593860 651
1593870 653
1593880 655
1593890 659
1593900 662
1593910 665
1593920 668
1593930 670
1593940 673
1593950 675
1593960 676
1593970 677
1593980 679
1593990 681
1594000 684
1594010 686
1594020 688
1594030 690
1594040 692
1594050 693
1594060 695
1594070 696
1594080 697
1594090 698
1594100 699
1594110 701
1594120 703
1594130 705
1594140 707
1594150 710
1594160 712
1594170 716
1594180 719
1594190 723
1594200 725
1594210 727
1594220 729
1594230 731
1594240 733
1594250 735
1594260 738
1594270 740
1594280 741
1594290 743
1594300 746
1594310 748
1594320 750
1594330 750
1594340 751
1594350 753
1594360 754
1594370 756
1594380 758
1594390 760
1594400 761
1594410 763
1594420 765
1594430 766
1594440 768
1594450 769
1594460 770
1594470 772
1594480 774
1594490 776
1594500 778
1594510 779
1594520 781
1594530 782
1594540 784
1594550 785
1594560 786
1594570 787
1594580 788
1594590 790
1594600 792
1594610 793
1594620 795
1594630 796
1594640 797
1594650 799
1594660 801
1594670 803
1594680 805
1594690 807
1594700 808
1594710 809
1594720 810
1594730 811
1594740 812
1594750 813
1594760 815
1594770 816
1594780 817
1594790 817
1594800 818
1594810 819
1594820 820
1594830 821
1594840 822
1594850 823
1594860 824
1594870 825
1594880 826
1594890 827
1594900 828
1594910 829
1594920 830
1594930 830
1594940 831
1594950 831
1594960 831
1594970 832
1594980 832
1594990 832
1595000 832
1595010 832
1595020 833
1595030 833
1595040 834
1595050 835
1595060 835
1595070 836
1595080 837
1595090 837
1595100 838
1595110 839
1595120 840
1595130 842
1595140 844
1595150 846
1595160 847
1595170 848
1595180 849
1595190 850
1595200 851
1595210 852
1595220 852
1595230 853
1595240 853
1595250 854
1595260 854
1595270 855
1595280 855
1595290 856
1595300 856
1595310 856
1595320 857
1595330 857
1595340 857
1595350 856
1595360 856
1595370 856
1595380 855
1595390 855
1595400 855
1595410 855
1595420 855
1595430 855
1595440 855
1595450 856
1595460 856
1595470 857
1595480 857
1595490 857
1595500 857
1595510 857
1595520 857
1595530 857
1595540 856
1595550 856
1595560 855
1595570 854
1595580 854
1595590 853
1595600 852
1595610 850
1595620 849
1595630 847
1595640 844
1595650 841
1595660 838
1595670 836
1595680 834
1595690 832
1595700 831
1595710 829
1595720 828
1595730 826
1595740 825
1595750 824
1595760 823
1595770 821
1595780 818
1595790 817
1595800 815
1595810 814
1595820 813
1595830 811
1595840 810
1595850 808
1595860 807
1595870 805
1595880 804
1595890 804
1595900 803
1595910 802
1595920 802
1595930 801
1595940 800
1595950 800
1595960 800
1595970 799
1595980 799
1595990 798
1596000 797
1596010 796
1596020 796
1596030 795
1596040 794
1596050 794
1596060 794
1596070 795
1596080 796
1596090 796
1596100 796
1596110 795
1596120 795
1596130 794
1596140 793
1596150 792
1596160 791
1596170 790
1596180 789
1596190 787
1596200 785
1596210 782
1596220 779
1596230 776
1596240 772
1596250 770
1596260 769
1596270 770
1596280 773
1596290 776
1596300 778
1596310 780
1596320 782
1596330 783
1596340 785
1596350 786
1596360 789
1596370 790
1596380 792
1596390 793
1596400 795
1596410 797
1596420 799
1596430 800
1596440 801
1596450 802
1596460 803
1596470 804
1596480 806
1596490 807
1596500 808
1596510 809
1596520 810
1596530 812
1596540 813
1596550 814
1596560 815
1596570 817
1596580 818
1596590 820
1596600 822
1596610 824
1596620 826
1596630 828
1596640 831
1596650 833
1596660 835
1596670 837
1596680 839
1596690 840
1596700 842
1596710 842
1596720 843
1596730 843
1596740 844
1596750 844
1596760 844
1596770 844
1596780 843
1596790 843
1596800 844
1596810 844
1596820 844
1596830 844
1596840 844
1596850 844
1596860 845
1596870 846
1596880 847
1596890 848
1596900 848
1596910 848
1596920 848
1596930 848
1596940 847
1596950 847
1596960 847
1596970 847
1596980 847
1596990 847
1597000 847
1597010 847
1597020 847
1597030 848
1597040 848
1597050 848
1597060 848
1597070 848
1597080 849
1597090 849
1597100 850
1597110 851
1597120 851
1597130 852
1597140 853
1597150 853
1597160 854
1597170 854
1597180 854
1597190 854
1597200 854
1597210 854
1597220 853
1597230 852
1597240 850
1597250 849
1597260 848
1597270 846
1597280 845
1597290 843
1597300 840
1597310 837
1597320 835
1597330 832
1597340 828
1597350 825
1597360 822
1597370 819
1597380 817
1597390 816
1597400 815
1597410 813
1597420 811
1597430 808
1597440 806
1597450 803
1597460 801
1597470 799
1597480 797
1597490 796
1597500 794
1597510 792
1597520 790
1597530 788
1597540 787
1597550 786
1597560 786
1597570 788
1597580 791
1597590 794
1597600 797
1597610 799
1597620 801
1597630 802
1597640 803
1597650 803
1597660 803
1597670 803
1597680 803
1597690 802
1597700 801
1597710 800
1597720 799
1597730 799
1597740 800
1597750 800
1597760 801
1597770 801
1597780 802
1597790 804
1597800 805
1597810 807
1597820 806
1597830 806
1597840 806
1597850 807
1597860 808
1597870 809
1597880 810
1597890 812
1597900 814
1597910 817
1597920 819
1597930 822
1597940 825
1597950 828
1597960 832
1597970 836
1597980 840
1597990 843
1598000 845
1598010 847
1598020 849
1598030 850
1598040 853
1598050 855
1598060 857
1598070 858
1598080 859
1598090 860
1598100 862
1598110 863
1598120 864
1598130 865
1598140 865
1598150 866
1598160 867
1598170 867
1598180 868
1598190 870
1598200 871
1598210 873
1598220 874
1598230 874
1598240 874
1598250 874
1598260 874
1598270 873
1598280 872
1598290 872
1598300 872
1598310 871
1598320 871
1598330 871
1598340 871
1598350 872
1598360 874
1598370 875
1598380 877
1598390 878
1598400 880
1598410 881
1598420 883
1598430 885
1598440 887
1598450 889
1598460 890
1598470 891
1598480 892
1598490 893
1598500 894
1598510 896
1598520 898
1598530 900
1598540 903
1598550 906
1598560 909
1598570 911
1598580 912
1598590 913
1598600 914
1598610 916
1598620 918
1598630 920
1598640 921
1598650 923
1598660 925
1598670 926
1598680 928
1598690 930
1598700 932
1598710 933
1598720 935
1598730 937
1598740 938
1598750 940
1598760 941
1598770 943
1598780 944
1598790 946
1598800 947
1598810 949
1598820 950
1598830 951
1598840 952
1598850 953
1598860 954
1598870 956
1598880 958
1598890 960
1598900 962
1598910 963
1598920 965
1598930 967
1598940 969
1598950 971
1598960 973
1598970 975
1598980 977
1598990 980
1599000 982
1599010 984
1599020 986
1599030 987
1599040 989
1599050 992
1599060 994
1599070 996
1599080 998
1599090 1000
1599100 1001
1599110 1002
1599120 1003
1599130 1004
1599140 1005
1599150 1006
1599160 1006
1599170 1005
1599180 1005
1599190 1004
1599200 1004
1599210 1002
1599220 1001
1599230 1000
1599240 998
1599250 996
1599260 994
1599270 992
1599280 990
1599290 988
1599300 985
1599310 983
1599320 982
1599330 979
1599340 978
1599350 976
1599360 975
1599370 973
1599380 970
1599390 967
1599400 966
1599410 965
1599420 964
1599430 963
1599440 962
1599450 960
1599460 960
1599470 959
1599480 958
1599490 957
1599500 957
1599510 957
1599520 957
1599530 957
1599540 957
1599550 957
1599560 957
1599570 957
1599580 957
1599590 956
1599600 956
1599610 955
1599620 953
1599630 952
1599640 950
1599650 948
1599660 946
1599670 945
1599680 944
1599690 943
1599700 943
1599710 944
1599720 946
1599730 948
1599740 950
1599750 952
1599760 955
1599770 957
1599780 957
1599790 956
1599800 954
1599810 952
1599820 949
1599830 946
1599840 944
1599850 943
1599860 942
1599870 942
1599880 944
1599890 946
1599900 946
1599910 945
1599920 944
1599930 943
1599940 943
1599950 942
1599960 941
1599970 941
1599980 943
1599990 947
