1580000 937
1580010 936
1580020 935
1580030 933
1580040 932
1580050 930
1580060 929
1580070 927
1580080 925
1580090 924
1580100 922
1580110 920
1580120 919
1580130 918
1580140 916
1580150 915
1580160 914
1580170 912
1580180 911
1580190 910
1580200 909
1580210 908
1580220 906
1580230 905
1580240 904
1580250 902
1580260 901
1580270 900
1580280 898
1580290 897
1580300 895
1580310 893
1580320 891
1580330 889
1580340 887
1580350 885
1580360 883
1580370 881
1580380 878
1580390 876
1580400 873
1580410 869
1580420 865
1580430 861
1580440 857
1580450 853
1580460 850
1580470 847
1580480 843
1580490 839
1580500 834
1580510 830
1580520 827
1580530 825
1580540 823
1580550 823
1580560 824
1580570 824
1580580 824
1580590 824
1580600 823
1580610 823
1580620 823
1580630 823
1580640 823
1580650 823
1580660 824
1580670 824
1580680 825
1580690 825
1580700 826
1580710 826
1580720 827
1580730 828
1580740 828
1580750 828
1580760 827
1580770 826
1580780 824
1580790 822
1580800 820
1580810 818
1580820 816
1580830 813
1580840 811
1580850 809
1580860 807
1580870 805
1580880 804
1580890 802
1580900 800
1580910 799
1580920 797
1580930 795
1580940 794
1580950 792
1580960 791
1580970 790
1580980 788
1580990 787
1581000 785
1581010 784
1581020 782
1581030 781
1581040 780
1581050 778
1581060 777
1581070 775
1581080 774
1581090 773
1581100 772
1581110 771
1581120 769
1581130 768
1581140 768
1581150 767
1581160 766
1581170 766
1581180 766
1581190 766
1581200 765
1581210 764
1581220 763
1581230 762
1581240 761
1581250 760
1581260 760
1581270 760
1581280 760
1581290 759
1581300 759
1581310 758
1581320 757
1581330 757
1581340 756
1581350 756
1581360 755
1581370 755
1581380 754
1581390 754
1581400 754
1581410 753
1581420 753
1581430 753
1581440 753
1581450 752
1581460 752
1581470 752
1581480 752
1581490 752
1581500 751
1581510 751
1581520 751
1581530 751
1581540 750
1581550 750
1581560 750
1581570 750
1581580 750
1581590 749
1581600 749
1581610 749
1581620 749
1581630 749
1581640 749
1581650 748
1581660 748
1581670 748
1581680 749
1581690 749
1581700 750
1581710 750
1581720 751
1581730 753
1581740 754
1581750 756
1581760 758
1581770 761
1581780 764
1581790 767
1581800 768
1581810 770
1581820 771
1581830 772
1581840 773
1581850 773
1581860 773
1581870 772
1581880 771
1581890 770
1581900 768
1581910 765
1581920 761
1581930 757
1581940 754
1581950 751
1581960 750
1581970 750
1581980 750
1581990 750
1582000 750
1582010 749
1582020 749
1582030 750
1582040 750
1582050 752
1582060 754
1582070 757
1582080 761
1582090 765
1582100 770
1582110 775
1582120 779
1582130 783
1582140 786
1582150 789
1582160 793
1582170 796
1582180 799
1582190 803
1582200 806
1582210 808
1582220 811
1582230 815
1582240 817
1582250 819
1582260 821
1582270 824
1582280 825
1582290 826
1582300 829
1582310 831
1582320 832
1582330 833
1582340 833
1582350 833
1582360 831
1582370 830
1582380 829
1582390 829
1582400 830
1582410 833
1582420 836
1582430 839
1582440 842
1582450 844
1582460 846
1582470 849
1582480 852
1582490 855
1582500 859
1582510 862
1582520 865
1582530 867
1582540 869
1582550 871
1582560 874
1582570 876
1582580 879
1582590 882
1582600 884
1582610 886
1582620 888
1582630 889
1582640 890
1582650 891
1582660 892
1582670 893
1582680 893
1582690 893
1582700 893
1582710 893
1582720 894
1582730 894
1582740 895
1582750 896
1582760 898
1582770 901
1582780 904
1582790 907
1582800 911
1582810 914
1582820 917
1582830 920
1582840 923
1582850 925
1582860 928
1582870 931
1582880 933
1582890 935
1582900 937
1582910 939
1582920 941
1582930 942
1582940 944
1582950 946
1582960 948
1582970 949
1582980 950
1582990 950
1583000 950
1583010 949
1583020 948
1583030 948
1583040 947
1583050 946
1583060 946
1583070 945
1583080 945
1583090 945
1583100 946
1583110 946
1583120 946
1583130 946
1583140 946
1583150 945
1583160 944
1583170 942
1583180 940
1583190 938
1583200 935
1583210 933
1583220 930
1583230 927
1583240 924
1583250 921
1583260 919
1583270 916
1583280 913
1583290 911
1583300 908
1583310 904
1583320 900
1583330 895
1583340 891
1583350 889
1583360 885
1583370 881
1583380 878
1583390 875
1583400 873
1583410 870
1583420 866
1583430 862
1583440 859
1583450 856
1583460 854
1583470 853
1583480 851
1583490 850
1583500 849
1583510 848
1583520 847
1583530 845
1583540 843
1583550 842
1583560 840
1583570 839
1583580 838
1583590 836
1583600 835
1583610 834
1583620 832
1583630 831
1583640 831
1583650 830
1583660 829
1583670 827
1583680 826
1583690 824
1583700 822
1583710 820
1583720 819
1583730 817
1583740 816
1583750 815
1583760 814
1583770 813
1583780 812
1583790 810
1583800 806
1583810 801
1583820 795
1583830 790
1583840 786
1583850 783
1583860 780
1583870 776
1583880 772
1583890 768
1583900 765
1583910 764
1583920 765
1583930 768
1583940 772
1583950 777
1583960 781
1583970 785
1583980 790
1583990 794
1584000 798
1584010 801
1584020 804
1584030 807
1584040 810
1584050 814
1584060 818
1584070 822
1584080 826
1584090 829
1584100 833
1584110 836
1584120 838
1584130 841
1584140 843
1584150 846
1584160 848
1584170 850
1584180 852
1584190 854
1584200 856
1584210 857
1584220 858
1584230 860
1584240 861
1584250 862
1584260 863
1584270 863
1584280 864
1584290 864
1584300 864
1584310 864
1584320 865
1584330 866
1584340 869
1584350 872
1584360 875
1584370 878
1584380 881
1584390 883
1584400 885
1584410 886
1584420 887
1584430 888
1584440 890
1584450 892
1584460 895
1584470 898
1584480 900
1584490 902
1584500 904
1584510 906
1584520 909
1584530 912
1584540 915
1584550 918
1584560 921
1584570 925
1584580 928
1584590 931
1584600 934
1584610 937
1584620 940
1584630 943
1584640 945
1584650 948
1584660 951
1584670 955
1584680 958
1584690 961
1584700 965
1584710 968
1584720 971
1584730 974
1584740 976
1584750 979
1584760 981
1584770 984
1584780 986
1584790 988
1584800 991
1584810 992
1584820 994
1584830 995
1584840 996
1584850 998
1584860 999
1584870 1000
1584880 1000
1584890 1001
1584900 1001
1584910 1001
1584920 1001
1584930 1000
1584940 1000
1584950 1000
1584960 999
1584970 999
1584980 999
1584990 999
1585000 998
1585010 998
1585020 998
1585030 997
1585040 997
1585050 996
1585060 995
1585070 995
1585080 994
1585090 993
1585100 993
1585110 992
1585120 992
1585130 991
1585140 990
1585150 989
1585160 988
1585170 987
1585180 985
1585190 984
1585200 983
1585210 982
1585220 982
1585230 981
1585240 981
1585250 980
1585260 980
1585270 979
1585280 978
1585290 978
1585300 977
1585310 976
1585320 975
1585330 974
1585340 972
1585350 971
1585360 970
1585370 968
1585380 967
1585390 965
1585400 964
1585410 963
1585420 963
1585430 962
1585440 961
1585450 960
1585460 959
1585470 958
1585480 957
1585490 955
1585500 954
1585510 953
1585520 951
1585530 950
1585540 947
1585550 944
1585560 940
1585570 935
1585580 930
1585590 926
1585600 921
1585610 920
1585620 922
1585630 924
1585640 927
1585650 929
1585660 932
1585670 934
1585680 936
1585690 938
1585700 940
1585710 942
1585720 943
1585730 944
1585740 945
1585750 946
1585760 948
1585770 950
1585780 952
1585790 953
1585800 955
1585810 957
1585820 958
1585830 960
1585840 961
1585850 962
1585860 963
1585870 964
1585880 964
1585890 965
1585900 966
1585910 966
1585920 966
1585930 967
1585940 967
1585950 966
1585960 966
1585970 965
1585980 964
1585990 963
1586000 961
1586010 960
1586020 957
1586030 955
1586040 953
1586050 950
1586060 947
1586070 944
1586080 941
1586090 938
1586100 935
1586110 933
1586120 930
1586130 928
1586140 926
1586150 924
1586160 922
1586170 920
1586180 918
1586190 916
1586200 913
1586210 911
1586220 908
1586230 907
1586240 905
1586250 903
1586260 901
1586270 899
1586280 898
1586290 896
1586300 894
1586310 893
1586320 891
1586330 890
1586340 888
1586350 887
1586360 885
1586370 883
1586380 880
1586390 878
1586400 876
1586410 874
1586420 871
1586430 869
1586440 868
1586450 866
1586460 867
1586470 868
1586480 870
1586490 872
1586500 874
1586510 875
1586520 877
1586530 878
1586540 879
1586550 881
1586560 882
1586570 883
1586580 884
1586590 885
1586600 886
1586610 887
1586620 889
1586630 890
1586640 891
1586650 893
1586660 894
1586670 896
1586680 897
1586690 898
1586700 899
1586710 901
1586720 902
1586730 904
1586740 905
1586750 906
1586760 908
1586770 909
1586780 910
1586790 911
1586800 912
1586810 912
1586820 913
1586830 914
1586840 914
1586850 914
1586860 914
1586870 914
1586880 913
1586890 913
1586900 912
1586910 912
1586920 912
1586930 911
1586940 911
1586950 911
1586960 911
1586970 910
1586980 910
1586990 909
1587000 909
1587010 909
1587020 908
1587030 908
1587040 908
1587050 909
1587060 909
1587070 910
1587080 911
1587090 912
1587100 912
1587110 913
1587120 913
1587130 913
1587140 913
1587150 912
1587160 911
1587170 910
1587180 909
1587190 908
1587200 906
1587210 905
1587220 902
1587230 899
1587240 897
1587250 894
1587260 891
1587270 888
1587280 885
1587290 882
1587300 879
1587310 875
1587320 871
1587330 868
1587340 864
1587350 860
1587360 857
1587370 853
1587380 849
1587390 846
1587400 842
1587410 840
1587420 838
1587430 836
1587440 834
1587450 833
1587460 832
1587470 830
1587480 829
1587490 827
1587500 825
1587510 823
1587520 821
1587530 819
1587540 817
1587550 815
1587560 813
1587570 811
1587580 809
1587590 807
1587600 805
1587610 804
1587620 802
1587630 801
1587640 799
1587650 797
1587660 793
1587670 791
1587680 788
1587690 785
1587700 783
1587710 780
1587720 778
1587730 776
1587740 774
1587750 773
1587760 771
1587770 768
1587780 766
1587790 763
1587800 761
1587810 758
1587820 756
1587830 754
1587840 751
1587850 749
1587860 746
1587870 744
1587880 741
1587890 738
1587900 736
1587910 734
1587920 731
1587930 728
1587940 725
1587950 723
1587960 723
1587970 723
1587980 722
1587990 722
1588000 722
1588010 722
1588020 722
1588030 722
1588040 722
1588050 723
1588060 724
1588070 725
1588080 726
1588090 728
1588100 730
1588110 731
1588120 732
1588130 733
1588140 733
1588150 733
1588160 732
1588170 731
1588180 730
1588190 729
1588200 728
1588210 727
1588220 726
1588230 726
1588240 726
1588250 726
1588260 726
1588270 726
1588280 727
1588290 727
1588300 727
1588310 728
1588320 729
1588330 731
1588340 732
1588350 734
1588360 736
1588370 737
1588380 739
1588390 741
1588400 743
1588410 745
1588420 746
1588430 748
1588440 750
1588450 752
1588460 754
1588470 755
1588480 757
1588490 759
1588500 762
1588510 764
1588520 765
1588530 766
1588540 767
1588550 768
1588560 769
1588570 771
1588580 773
1588590 776
1588600 777
1588610 779
1588620 780
1588630 781
1588640 782
1588650 782
1588660 783
1588670 783
1588680 784
1588690 784
1588700 784
1588710 785
1588720 786
1588730 786
1588740 787
1588750 788
1588760 788
1588770 789
1588780 790
1588790 791
1588800 792
1588810 793
1588820 793
1588830 794
1588840 795
1588850 796
1588860 798
1588870 799
1588880 800
1588890 801
1588900 802
1588910 803
1588920 805
1588930 807
1588940 809
1588950 811
1588960 813
1588970 815
1588980 818
1588990 820
1589000 821
1589010 822
1589020 823
1589030 824
1589040 824
1589050 824
1589060 823
1589070 822
1589080 822
1589090 821
1589100 821
1589110 822
1589120 823
1589130 825
1589140 827
1589150 829
1589160 831
1589170 833
1589180 835
1589190 838
1589200 840
1589210 843
1589220 845
1589230 847
1589240 849
1589250 851
1589260 853
1589270 855
1589280 857
1589290 859
1589300 860
1589310 861
1589320 862
1589330 863
1589340 864
1589350 865
1589360 865
1589370 865
1589380 863
1589390 862
1589400 860
1589410 859
1589420 858
1589430 857
1589440 855
1589450 854
1589460 857
1589470 859
1589480 862
1589490 864
1589500 867
1589510 869
1589520 871
1589530 873
1589540 876
1589550 878
1589560 880
1589570 882
1589580 884
1589590 886
1589600 887
1589610 888
1589620 889
1589630 890
1589640 890
1589650 891
1589660 891
1589670 891
1589680 891
1589690 892
1589700 892
1589710 892
1589720 893
1589730 893
1589740 893
1589750 894
1589760 894
1589770 895
1589780 895
1589790 896
1589800 897
1589810 898
1589820 899
1589830 900
1589840 901
1589850 901
1589860 902
1589870 903
1589880 904
1589890 905
1589900 906
1589910 906
1589920 907
1589930 908
1589940 909
1589950 910
1589960 911
1589970 911
1589980 912
1589990 913
1590000 914
1590010 915
1590020 915
1590030 916
1590040 916
1590050 916
1590060 917
1590070 917
1590080 917
1590090 917
1590100 918
1590110 918
1590120 918
1590130 918
1590140 919
1590150 919
1590160 920
1590170 920
1590180 921
1590190 921
1590200 922
1590210 922
1590220 922
1590230 923
1590240 923
1590250 923
1590260 924
1590270 924
1590280 924
1590290 924
1590300 925
1590310 925
1590320 925
1590330 925
1590340 925
1590350 925
1590360 925
1590370 925
1590380 926
1590390 926
1590400 926
1590410 926
1590420 926
1590430 926
1590440 926
1590450 926
1590460 926
1590470 925
1590480 925
1590490 925
1590500 924
1590510 924
1590520 924
1590530 923
1590540 923
1590550 923
1590560 922
1590570 922
1590580 921
1590590 921
1590600 920
1590610 920
1590620 919
1590630 918
1590640 918
1590650 917
1590660 916
1590670 915
1590680 915
1590690 914
1590700 914
1590710 913
1590720 913
1590730 912
1590740 911
1590750 911
1590760 910
1590770 909
1590780 908
1590790 908
1590800 907
1590810 906
1590820 905
1590830 904
1590840 903
1590850 902
1590860 901
1590870 900
1590880 899
1590890 898
1590900 897
1590910 896
1590920 895
1590930 894
1590940 893
1590950 891
1590960 890
1590970 889
1590980 887
1590990 886
1591000 886
1591010 885
1591020 884
1591030 883
1591040 882
1591050 882
1591060 881
1591070 881
1591080 880
1591090 879
1591100 877
1591110 876
1591120 874
1591130 872
1591140 871
1591150 870
1591160 869
1591170 869
1591180 868
1591190 867
1591200 867
1591210 866
1591220 865
1591230 864
1591240 863
1591250 862
1591260 861
1591270 860
1591280 860
1591290 860
1591300 861
1591310 862
1591320 864
1591330 865
1591340 867
1591350 868
1591360 869
1591370 870
1591380 870
1591390 870
1591400 869
1591410 869
1591420 868
1591430 867
1591440 865
1591450 864
1591460 862
1591470 861
1591480 859
1591490 858
1591500 857
1591510 856
1591520 855
1591530 855
1591540 855
1591550 855
1591560 856
1591570 856
1591580 856
1591590 856
1591600 855
1591610 854
1591620 853
1591630 852
1591640 851
1591650 850
1591660 847
1591670 844
1591680 842
1591690 839
1591700 837
1591710 835
1591720 834
1591730 834
1591740 833
1591750 832
1591760 832
1591770 832
1591780 833
1591790 835
1591800 836
1591810 838
1591820 840
1591830 842
1591840 844
1591850 847
1591860 849
1591870 850
1591880 852
1591890 853
1591900 854
1591910 855
1591920 856
1591930 857
1591940 859
1591950 860
1591960 861
1591970 862
1591980 863
1591990 864
1592000 864
1592010 864
1592020 865
1592030 865
1592040 865
1592050 864
1592060 864
1592070 863
1592080 863
1592090 862
1592100 861
1592110 860
1592120 859
1592130 858
1592140 857
1592150 856
1592160 856
1592170 855
1592180 854
1592190 853
1592200 851
1592210 850
1592220 849
1592230 848
1592240 847
1592250 846
1592260 845
1592270 844
1592280 843
1592290 841
1592300 838
1592310 835
1592320 831
1592330 828
1592340 826
1592350 824
1592360 823
1592370 821
1592380 820
1592390 820
1592400 819
1592410 819
1592420 818
1592430 816
1592440 814
1592450 812
1592460 810
1592470 808
1592480 806
1592490 805
1592500 803
1592510 802
1592520 801
1592530 800
1592540 798
1592550 797
1592560 795
1592570 793
1592580 791
1592590 789
1592600 787
1592610 786
1592620 786
1592630 785
1592640 784
1592650 784
1592660 784
1592670 784
1592680 784
1592690 785
1592700 785
1592710 785
1592720 785
1592730 785
1592740 786
1592750 785
1592760 785
1592770 784
1592780 783
1592790 782
1592800 781
1592810 779
1592820 777
1592830 776
1592840 775
1592850 773
1592860 771
1592870 769
1592880 767
1592890 766
1592900 764
1592910 763
1592920 762
1592930 760
1592940 759
1592950 758
1592960 757
1592970 756
1592980 755
1592990 754
1593000 751
1593010 749
1593020 746
1593030 743
1593040 742
1593050 740
1593060 739
1593070 738
1593080 738
1593090 739
1593100 741
1593110 742
1593120 743
1593130 744
1593140 743
1593150 741
1593160 738
1593170 736
1593180 733
1593190 730
1593200 727
1593210 724
1593220 721
1593230 718
1593240 714
1593250 711
1593260 708
1593270 705
1593280 702
1593290 698
1593300 695
1593310 692
1593320 690
1593330 687
1593340 685
1593350 683
1593360 681
1593370 679
1593380 677
1593390 676
1593400 673
1593410 670
1593420 668
1593430 666
1593440 664
1593450 663
1593460 662
1593470 661
1593480 660
1593490 658
1593500 658
1593510 657
1593520 656
1593530 656
1593540 655
1593550 655
1593560 654
1593570 654
1593580 654
1593590 654
1593600 653
1593610 653
1593620 653
1593630 653
1593640 652
1593650 652
1593660 652
1593670 652
1593680 652
1593690 652
1593700 652
1593710 651
1593720 651
1593730 651
1593740 651
1593750 651
1593760 651
1593770 651
1593780 650
1593790 650
1593800 649
1593810 649
1593820 648
1593830 648
1593840 648
1593850 648
1593860 648
1593870 648
1593880 648
1593890 648
1593900 649
1593910 649
1593920 648
1593930 648
1593940 647
1593950 646
1593960 645
1593970 645
1593980 644
1593990 644
1594000 643
1594010 643
1594020 643
1594030 644
1594040 644
1594050 644
1594060 644
1594070 644
1594080 644
1594090 644
1594100 644
1594110 645
1594120 645
1594130 645
1594140 645
1594150 646
1594160 646
1594170 646
1594180 647
1594190 647
1594200 648
1594210 649
1594220 650
1594230 652
1594240 654
1594250 655
1594260 656
1594270 657
1594280 658
1594290 661
1594300 663
1594310 666
1594320 667
1594330 669
1594340 671
1594350 673
1594360 675
1594370 676
1594380 678
1594390 680
1594400 683
1594410 686
1594420 688
1594430 692
1594440 695
1594450 699
1594460 704
1594470 707
1594480 709
1594490 712
1594500 714
1594510 718
1594520 721
1594530 724
1594540 728
1594550 733
1594560 737
1594570 740
1594580 743
1594590 745
1594600 748
1594610 750
1594620 752
1594630 753
1594640 755
1594650 756
1594660 757
1594670 758
1594680 760
1594690 761
1594700 762
1594710 763
1594720 763
1594730 763
1594740 764
1594750 764
1594760 763
1594770 763
1594780 762
1594790 761
1594800 761
1594810 760
1594820 760
1594830 760
1594840 760
1594850 760
1594860 760
1594870 761
1594880 761
1594890 762
1594900 763
1594910 763
1594920 764
1594930 764
1594940 764
1594950 765
1594960 765
1594970 766
1594980 767
1594990 767
1595000 768
1595010 769
1595020 770
1595030 771
1595040 772
1595050 772
1595060 773
1595070 775
1595080 776
1595090 778
1595100 779
1595110 780
1595120 781
1595130 781
1595140 782
1595150 784
1595160 785
1595170 786
1595180 787
1595190 788
1595200 789
1595210 791
1595220 792
1595230 793
1595240 794
1595250 795
1595260 795
1595270 795
1595280 795
1595290 795
1595300 795
1595310 794
1595320 792
1595330 790
1595340 789
1595350 788
1595360 786
1595370 784
1595380 783
1595390 781
1595400 779
1595410 777
1595420 775
1595430 774
1595440 772
1595450 770
1595460 768
1595470 767
1595480 766
1595490 765
1595500 763
1595510 762
1595520 760
1595530 759
1595540 757
1595550 755
1595560 754
1595570 752
1595580 750
1595590 748
1595600 747
1595610 746
1595620 743
1595630 740
1595640 738
1595650 737
1595660 735
1595670 734
1595680 733
1595690 732
1595700 731
1595710 730
1595720 728
1595730 727
1595740 725
1595750 724
1595760 723
1595770 722
1595780 721
1595790 720
1595800 718
1595810 717
1595820 716
1595830 715
1595840 715
1595850 714
1595860 714
1595870 714
1595880 714
1595890 714
1595900 714
1595910 714
1595920 714
1595930 713
1595940 712
1595950 711
1595960 710
1595970 709
1595980 709
1595990 708
1596000 707
1596010 707
1596020 708
1596030 709
1596040 711
1596050 713
1596060 714
1596070 715
1596080 716
1596090 716
1596100 717
1596110 717
1596120 716
1596130 715
1596140 714
1596150 714
1596160 712
1596170 710
1596180 707
1596190 705
1596200 703
1596210 702
1596220 701
1596230 701
1596240 700
1596250 700
1596260 699
1596270 698
1596280 698
1596290 697
1596300 696
1596310 695
1596320 691
1596330 688
1596340 684
1596350 680
1596360 677
1596370 676
1596380 676
1596390 677
1596400 678
1596410 679
1596420 681
1596430 683
1596440 684
1596450 686
1596460 688
1596470 691
1596480 693
1596490 695
1596500 697
1596510 699
1596520 701
1596530 703
1596540 705
1596550 709
1596560 712
1596570 716
1596580 720
1596590 724
1596600 728
1596610 733
1596620 739
1596630 744
1596640 748
1596650 751
1596660 751
1596670 752
1596680 753
1596690 753
1596700 753
1596710 753
1596720 753
1596730 753
1596740 752
1596750 752
1596760 752
1596770 751
1596780 751
1596790 750
1596800 749
1596810 748
1596820 747
1596830 747
1596840 746
1596850 746
1596860 745
1596870 744
1596880 744
1596890 743
1596900 742
1596910 740
1596920 738
1596930 736
1596940 734
1596950 732
1596960 730
1596970 728
1596980 727
1596990 725
1597000 723
1597010 721
1597020 718
1597030 716
1597040 714
1597050 715
1597060 717
1597070 718
1597080 719
1597090 720
1597100 721
1597110 722
1597120 723
1597130 724
1597140 724
1597150 725
1597160 725
1597170 724
1597180 724
1597190 723
1597200 723
1597210 722
1597220 722
1597230 723
1597240 724
1597250 724
1597260 723
1597270 723
1597280 722
1597290 722
1597300 722
1597310 722
1597320 722
1597330 723
1597340 723
1597350 724
1597360 726
1597370 727
1597380 728
1597390 729
1597400 729
1597410 729
1597420 728
1597430 726
1597440 725
1597450 724
1597460 724
1597470 723
1597480 723
1597490 723
1597500 722
1597510 722
1597520 721
1597530 718
1597540 714
1597550 712
1597560 712
1597570 715
1597580 716
1597590 717
1597600 719
1597610 720
1597620 722
1597630 723
1597640 725
1597650 726
1597660 728
1597670 729
1597680 729
1597690 730
1597700 730
1597710 730
1597720 730
1597730 728
1597740 726
1597750 723
1597760 721
1597770 719
1597780 716
1597790 714
1597800 713
1597810 712
1597820 711
1597830 711
1597840 710
1597850 709
1597860 706
1597870 704
1597880 704
1597890 704
1597900 705
1597910 707
1597920 710
1597930 714
1597940 718
1597950 723
1597960 729
1597970 734
1597980 739
1597990 743
1598000 747
1598010 751
1598020 755
1598030 758
1598040 761
1598050 765
1598060 769
1598070 773
1598080 778
1598090 782
1598100 786
1598110 788
1598120 790
1598130 793
1598140 795
1598150 798
1598160 800
1598170 803
1598180 805
1598190 807
1598200 809
1598210 810
1598220 812
1598230 813
1598240 814
1598250 815
1598260 816
1598270 816
1598280 816
1598290 817
1598300 817
1598310 818
1598320 818
1598330 819
1598340 820
1598350 821
1598360 822
1598370 824
1598380 825
1598390 826
1598400 827
1598410 829
1598420 830
1598430 831
1598440 832
1598450 833
1598460 833
1598470 833
1598480 833
1598490 833
1598500 834
1598510 836
1598520 837
1598530 838
1598540 840
1598550 841
1598560 843
1598570 845
1598580 846
1598590 847
1598600 849
1598610 850
1598620 852
1598630 853
1598640 855
1598650 856
1598660 858
1598670 860
1598680 862
1598690 865
1598700 867
1598710 870
1598720 873
1598730 876
1598740 878
1598750 881
1598760 883
1598770 886
1598780 889
1598790 892
1598800 895
1598810 898
1598820 901
1598830 903
1598840 906
1598850 909
1598860 912
1598870 914
1598880 916
1598890 919
1598900 921
1598910 922
1598920 923
1598930 923
1598940 922
1598950 920
1598960 917
1598970 915
1598980 913
1598990 911
1599000 909
1599010 908
1599020 907
1599030 907
1599040 906
1599050 906
1599060 906
1599070 906
1599080 906
1599090 906
1599100 906
1599110 907
1599120 908
1599130 909
1599140 909
1599150 908
1599160 906
1599170 904
1599180 902
1599190 899
1599200 897
1599210 896
1599220 895
1599230 895
1599240 895
1599250 895
1599260 897
1599270 898
1599280 899
1599290 899
1599300 899
1599310 898
1599320 897
1599330 896
1599340 895
1599350 894
1599360 894
1599370 893
1599380 892
1599390 891
1599400 890
1599410 890
1599420 888
1599430 887
1599440 886
1599450 884
1599460 883
1599470 881
1599480 880
1599490 879
1599500 878
1599510 877
1599520 875
1599530 874
1599540 872
1599550 870
1599560 867
1599570 865
1599580 862
1599590 858
1599600 855
1599610 852
1599620 849
1599630 847
1599640 845
1599650 845
1599660 845
1599670 845
1599680 845
1599690 845
1599700 845
1599710 846
1599720 847
1599730 848
1599740 849
1599750 849
1599760 850
1599770 850
1599780 850
1599790 850
1599800 850
1599810 850
1599820 848
1599830 849
1599840 852
1599850 855
1599860 858
1599870 861
1599880 864
1599890 867
1599900 870
1599910 873
1599920 874
1599930 876
1599940 877
1599950 878
1599960 879
1599970 879
1599980 880
1599990 880
