1580000 848
1580010 850
1580020 853
1580030 856
1580040 858
1580050 859
1580060 860
1580070 861
1580080 863
1580090 864
1580100 864
1580110 865
1580120 867
1580130 869
1580140 872
1580150 875
1580160 875
1580170 874
1580180 871
1580190 867
1580200 863
1580210 859
1580220 858
1580230 857
1580240 857
1580250 857
1580260 857
1580270 858
1580280 860
1580290 862
1580300 864
1580310 864
1580320 865
1580330 866
1580340 867
1580350 868
1580360 869
1580370 871
1580380 875
1580390 879
1580400 884
1580410 888
1580420 891
1580430 895
1580440 898
1580450 900
1580460 903
1580470 905
1580480 908
1580490 911
1580500 914
1580510 916
1580520 919
1580530 921
1580540 924
1580550 926
1580560 928
1580570 930
1580580 932
1580590 933
1580600 935
1580610 936
1580620 937
1580630 937
1580640 936
1580650 936
1580660 936
1580670 937
1580680 938
1580690 939
1580700 941
1580710 942
1580720 944
1580730 945
1580740 947
1580750 948
1580760 950
1580770 951
1580780 953
1580790 955
1580800 957
1580810 960
1580820 962
1580830 964
1580840 965
1580850 965
1580860 964
1580870 963
1580880 962
1580890 960
1580900 959
1580910 959
1580920 959
1580930 960
1580940 960
1580950 960
1580960 959
1580970 959
1580980 960
1580990 962
1581000 963
1581010 965
1581020 965
1581030 965
1581040 963
1581050 960
1581060 958
1581070 955
1581080 954
1581090 952
1581100 950
1581110 948
1581120 945
1581130 942
1581140 939
1581150 936
1581160 932
1581170 928
1581180 923
1581190 918
1581200 914
1581210 909
1581220 904
1581230 899
1581240 895
1581250 891
1581260 887
1581270 884
1581280 880
1581290 877
1581300 874
1581310 872
1581320 869
1581330 867
1581340 865
1581350 862
1581360 860
1581370 858
1581380 856
1581390 855
1581400 854
1581410 854
1581420 852
1581430 851
1581440 850
1581450 849
1581460 849
1581470 848
1581480 847
1581490 845
1581500 843
1581510 841
1581520 839
1581530 836
1581540 833
1581550 830
1581560 827
1581570 824
1581580 821
1581590 818
1581600 816
1581610 813
1581620 811
1581630 807
1581640 803
1581650 801
1581660 801
1581670 801
1581680 803
1581690 806
1581700 810
1581710 813
1581720 815
1581730 816
1581740 819
1581750 822
1581760 827
1581770 831
1581780 835
1581790 838
1581800 842
1581810 845
1581820 847
1581830 849
1581840 851
1581850 853
1581860 855
1581870 855
1581880 856
1581890 855
1581900 855
1581910 855
1581920 855
1581930 855
1581940 855
1581950 855
1581960 855
1581970 854
1581980 854
1581990 852
1582000 850
1582010 850
1582020 855
1582030 858
1582040 860
1582050 861
1582060 862
1582070 862
1582080 863
1582090 866
1582100 870
1582110 873
1582120 876
1582130 878
1582140 880
1582150 882
1582160 884
1582170 886
1582180 889
1582190 891
1582200 892
1582210 893
1582220 893
1582230 894
1582240 895
1582250 895
1582260 895
1582270 895
1582280 895
1582290 895
1582300 896
1582310 896
1582320 896
1582330 896
1582340 897
1582350 897
1582360 898
1582370 899
1582380 900
1582390 900
1582400 901
1582410 902
1582420 903
1582430 905
1582440 906
1582450 908
1582460 910
1582470 912
1582480 913
1582490 915
1582500 916
1582510 918
1582520 920
1582530 921
1582540 923
1582550 925
1582560 927
1582570 928
1582580 930
1582590 932
1582600 932
1582610 933
1582620 934
1582630 935
1582640 936
1582650 938
1582660 940
1582670 942
1582680 944
1582690 947
1582700 949
1582710 952
1582720 955
1582730 958
1582740 961
1582750 964
1582760 967
1582770 970
1582780 974
1582790 977
1582800 981
1582810 984
1582820 987
1582830 991
1582840 994
1582850 998
1582860 1001
1582870 1004
1582880 1007
1582890 1010
1582900 1012
1582910 1013
1582920 1014
1582930 1014
1582940 1013
1582950 1011
1582960 1009
1582970 1007
1582980 1005
1582990 1003
1583000 1001
1583010 999
1583020 997
1583030 995
1583040 993
1583050 991
1583060 988
1583070 986
1583080 984
1583090 981
1583100 979
1583110 976
1583120 973
1583130 970
1583140 968
1583150 966
1583160 963
1583170 960
1583180 957
1583190 953
1583200 950
1583210 947
1583220 944
1583230 941
1583240 938
1583250 934
1583260 931
1583270 928
1583280 924
1583290 921
1583300 918
1583310 915
1583320 912
1583330 909
1583340 906
1583350 903
1583360 899
1583370 896
1583380 891
1583390 886
1583400 881
1583410 877
1583420 873
1583430 869
1583440 865
1583450 860
1583460 854
1583470 848
1583480 841
1583490 841
1583500 844
1583510 848
1583520 849
1583530 849
1583540 850
1583550 850
1583560 851
1583570 852
1583580 853
1583590 854
1583600 856
1583610 858
1583620 860
1583630 862
1583640 866
1583650 869
1583660 873
1583670 876
1583680 878
1583690 880
1583700 883
1583710 885
1583720 887
1583730 890
1583740 893
1583750 895
1583760 897
1583770 899
1583780 900
1583790 901
1583800 901
1583810 902
1583820 903
1583830 905
1583840 909
1583850 913
1583860 917
1583870 921
1583880 925
1583890 928
1583900 931
1583910 934
1583920 937
1583930 940
1583940 942
1583950 945
1583960 947
1583970 950
1583980 952
1583990 954
1584000 956
1584010 959
1584020 960
1584030 960
1584040 959
1584050 958
1584060 956
1584070 954
1584080 952
1584090 950
1584100 948
1584110 946
1584120 945
1584130 943
1584140 942
1584150 939
1584160 937
1584170 934
1584180 931
1584190 927
1584200 924
1584210 920
1584220 917
1584230 913
1584240 909
1584250 906
1584260 902
1584270 898
1584280 894
1584290 891
1584300 888
1584310 884
1584320 881
1584330 876
1584340 871
1584350 869
1584360 871
1584370 875
1584380 879
1584390 882
1584400 886
1584410 889
1584420 892
1584430 896
1584440 900
1584450 904
1584460 908
1584470 912
1584480 916
1584490 920
1584500 923
1584510 926
1584520 929
1584530 931
1584540 933
1584550 935
1584560 937
1584570 938
1584580 939
1584590 941
1584600 943
1584610 945
1584620 948
1584630 951
1584640 955
1584650 957
1584660 960
1584670 962
1584680 963
1584690 965
1584700 967
1584710 968
1584720 969
1584730 971
1584740 972
1584750 974
1584760 975
1584770 977
1584780 979
1584790 981
1584800 984
1584810 986
1584820 988
1584830 990
1584840 993
1584850 995
1584860 998
1584870 1000
1584880 1002
1584890 1004
1584900 1006
1584910 1009
1584920 1011
1584930 1013
1584940 1015
1584950 1016
1584960 1018
1584970 1020
1584980 1021
1584990 1022
1585000 1023
1585010 1024
1585020 1025
1585030 1026
1585040 1027
1585050 1028
1585060 1029
1585070 1030
1585080 1031
1585090 1032
1585100 1032
1585110 1033
1585120 1033
1585130 1034
1585140 1034
1585150 1033
1585160 1030
1585170 1028
1585180 1026
1585190 1025
1585200 1025
1585210 1025
1585220 1026
1585230 1027
1585240 1029
1585250 1029
1585260 1032
1585270 1035
1585280 1037
1585290 1038
1585300 1039
1585310 1040
1585320 1040
1585330 1040
1585340 1040
1585350 1041
1585360 1041
1585370 1041
1585380 1041
1585390 1041
1585400 1041
1585410 1041
1585420 1042
1585430 1042
1585440 1042
1585450 1043
1585460 1043
1585470 1044
1585480 1045
1585490 1046
1585500 1047
1585510 1048
1585520 1049
1585530 1050
1585540 1050
1585550 1051
1585560 1052
1585570 1052
1585580 1053
1585590 1053
1585600 1053
1585610 1053
1585620 1053
1585630 1053
1585640 1053
1585650 1053
1585660 1053
1585670 1053
1585680 1053
1585690 1053
1585700 1053
1585710 1053
1585720 1053
1585730 1053
1585740 1054
1585750 1054
1585760 1054
1585770 1054
1585780 1055
1585790 1055
1585800 1055
1585810 1056
1585820 1056
1585830 1056
1585840 1057
1585850 1057
1585860 1057
1585870 1058
1585880 1058
1585890 1058
1585900 1058
1585910 1058
1585920 1059
1585930 1059
1585940 1060
1585950 1060
1585960 1060
1585970 1061
1585980 1061
1585990 1061
1586000 1061
1586010 1061
1586020 1060
1586030 1060
1586040 1059
1586050 1059
1586060 1058
1586070 1056
1586080 1055
1586090 1054
1586100 1053
1586110 1051
1586120 1049
1586130 1047
1586140 1045
1586150 1042
1586160 1040
1586170 1038
1586180 1036
1586190 1034
1586200 1033
1586210 1031
1586220 1030
1586230 1029
1586240 1027
1586250 1026
1586260 1025
1586270 1024
1586280 1023
1586290 1022
1586300 1020
1586310 1018
1586320 1016
1586330 1014
1586340 1012
1586350 1010
1586360 1008
1586370 1007
1586380 1004
1586390 1001
1586400 1000
1586410 998
1586420 997
1586430 996
1586440 995
1586450 993
1586460 992
1586470 991
1586480 990
1586490 990
1586500 989
1586510 987
1586520 986
1586530 984
1586540 982
1586550 980
1586560 978
1586570 977
1586580 975
1586590 973
1586600 971
1586610 968
1586620 963
1586630 958
1586640 953
1586650 950
1586660 948
1586670 946
1586680 945
1586690 945
1586700 944
1586710 944
1586720 943
1586730 943
1586740 942
1586750 940
1586760 937
1586770 932
1586780 928
1586790 923
1586800 919
1586810 914
1586820 909
1586830 903
1586840 898
1586850 892
1586860 887
1586870 881
1586880 875
1586890 868
1586900 862
1586910 856
1586920 852
1586930 848
1586940 844
1586950 840
1586960 837
1586970 835
1586980 833
1586990 831
1587000 829
1587010 828
1587020 826
1587030 823
1587040 819
1587050 814
1587060 809
1587070 805
1587080 802
1587090 805
1587100 810
1587110 816
1587120 823
1587130 829
1587140 834
1587150 839
1587160 844
1587170 849
1587180 854
1587190 859
1587200 864
1587210 868
1587220 873
1587230 877
1587240 882
1587250 888
1587260 893
1587270 898
1587280 903
1587290 906
1587300 909
1587310 911
1587320 914
1587330 917
1587340 919
1587350 922
1587360 924
1587370 926
1587380 928
1587390 930
1587400 932
1587410 934
1587420 936
1587430 938
1587440 940
1587450 942
1587460 944
1587470 945
1587480 946
1587490 947
1587500 947
1587510 946
1587520 946
1587530 944
1587540 941
1587550 938
1587560 934
1587570 930
1587580 926
1587590 921
1587600 917
1587610 913
1587620 909
1587630 906
1587640 903
1587650 899
1587660 895
1587670 892
1587680 889
1587690 887
1587700 888
1587710 890
1587720 892
1587730 894
1587740 896
1587750 898
1587760 900
1587770 902
1587780 904
1587790 906
1587800 908
1587810 910
1587820 913
1587830 915
1587840 917
1587850 919
1587860 921
1587870 923
1587880 925
1587890 927
1587900 929
1587910 931
1587920 934
1587930 936
1587940 938
1587950 938
1587960 939
1587970 940
1587980 941
1587990 942
1588000 942
1588010 943
1588020 944
1588030 944
1588040 944
1588050 944
1588060 944
1588070 942
1588080 941
1588090 938
1588100 936
1588110 934
1588120 931
1588130 928
1588140 924
1588150 921
1588160 919
1588170 916
1588180 915
1588190 915
1588200 917
1588210 918
1588220 919
1588230 920
1588240 920
1588250 920
1588260 919
1588270 916
1588280 914
1588290 912
1588300 910
1588310 908
1588320 906
1588330 906
1588340 905
1588350 905
1588360 905
1588370 906
1588380 907
1588390 908
1588400 910
1588410 911
1588420 914
1588430 917
1588440 919
1588450 920
1588460 921
1588470 922
1588480 923
1588490 924
1588500 925
1588510 926
1588520 927
1588530 928
1588540 929
1588550 930
1588560 932
1588570 933
1588580 936
1588590 938
1588600 939
1588610 940
1588620 942
1588630 943
1588640 945
1588650 946
1588660 948
1588670 949
1588680 950
1588690 951
1588700 951
1588710 951
1588720 952
1588730 952
1588740 952
1588750 951
1588760 951
1588770 951
1588780 951
1588790 950
1588800 950
1588810 949
1588820 948
1588830 947
1588840 945
1588850 944
1588860 942
1588870 941
1588880 940
1588890 939
1588900 937
1588910 935
1588920 933
1588930 932
1588940 930
1588950 928
1588960 926
1588970 924
1588980 922
1588990 920
1589000 917
1589010 915
1589020 912
1589030 909
1589040 905
1589050 903
1589060 899
1589070 896
1589080 893
1589090 890
1589100 888
1589110 885
1589120 884
1589130 882
1589140 881
1589150 881
1589160 880
1589170 877
1589180 873
1589190 868
1589200 865
1589210 867
1589220 871
1589230 875
1589240 880
1589250 884
1589260 888
1589270 892
1589280 896
1589290 899
1589300 902
1589310 904
1589320 905
1589330 905
1589340 904
1589350 903
1589360 902
1589370 901
1589380 901
1589390 902
1589400 903
1589410 904
1589420 905
1589430 906
1589440 907
1589450 909
1589460 911
1589470 913
1589480 916
1589490 918
1589500 920
1589510 923
1589520 925
1589530 928
1589540 930
1589550 933
1589560 935
1589570 937
1589580 939
1589590 941
1589600 943
1589610 945
1589620 947
1589630 949
1589640 950
1589650 952
1589660 953
1589670 954
1589680 955
1589690 956
1589700 957
1589710 957
1589720 957
1589730 957
1589740 957
1589750 956
1589760 956
1589770 955
1589780 955
1589790 955
1589800 954
1589810 954
1589820 953
1589830 952
1589840 952
1589850 951
1589860 951
1589870 951
1589880 951
1589890 950
1589900 950
1589910 949
1589920 949
1589930 949
1589940 949
1589950 949
1589960 950
1589970 950
1589980 951
1589990 951
1590000 952
1590010 953
1590020 954
1590030 954
1590040 955
1590050 955
1590060 956
1590070 956
1590080 957
1590090 957
1590100 958
1590110 959
1590120 960
1590130 961
1590140 961
1590150 962
1590160 962
1590170 962
1590180 963
1590190 963
1590200 963
1590210 963
1590220 964
1590230 964
1590240 964
1590250 964
1590260 964
1590270 965
1590280 965
1590290 965
1590300 965
1590310 966
1590320 966
1590330 966
1590340 966
1590350 967
1590360 967
1590370 967
1590380 967
1590390 967
1590400 967
1590410 966
1590420 966
1590430 966
1590440 965
1590450 965
1590460 964
1590470 963
1590480 962
1590490 960
1590500 958
1590510 956
1590520 954
1590530 952
1590540 951
1590550 950
1590560 949
1590570 948
1590580 947
1590590 946
1590600 945
1590610 944
1590620 943
1590630 941
1590640 940
1590650 939
1590660 938
1590670 937
1590680 935
1590690 933
1590700 931
1590710 929
1590720 928
1590730 926
1590740 925
1590750 924
1590760 923
1590770 922
1590780 921
1590790 920
1590800 919
1590810 917
1590820 915
1590830 913
1590840 911
1590850 910
1590860 909
1590870 908
1590880 907
1590890 906
1590900 905
1590910 903
1590920 902
1590930 900
1590940 899
1590950 898
1590960 897
1590970 897
1590980 896
1590990 895
1591000 895
1591010 894
1591020 893
1591030 892
1591040 891
1591050 891
1591060 890
1591070 889
1591080 888
1591090 887
1591100 886
1591110 885
1591120 884
1591130 882
1591140 880
1591150 878
1591160 876
1591170 875
1591180 874
1591190 873
1591200 872
1591210 870
1591220 869
1591230 868
1591240 867
1591250 865
1591260 864
1591270 862
1591280 860
1591290 858
1591300 855
1591310 853
1591320 851
1591330 848
1591340 846
1591350 843
1591360 840
1591370 838
1591380 836
1591390 835
1591400 835
1591410 836
1591420 838
1591430 841
1591440 843
1591450 846
1591460 849
1591470 851
1591480 853
1591490 855
1591500 856
1591510 857
1591520 859
1591530 860
1591540 860
1591550 860
1591560 860
1591570 860
1591580 860
1591590 860
1591600 860
1591610 860
1591620 859
1591630 859
1591640 859
1591650 858
1591660 858
1591670 857
1591680 857
1591690 858
1591700 859
1591710 859
1591720 860
1591730 861
1591740 862
1591750 863
1591760 864
1591770 864
1591780 863
1591790 862
1591800 862
1591810 861
1591820 861
1591830 860
1591840 860
1591850 860
1591860 860
1591870 860
1591880 860
1591890 861
1591900 861
1591910 862
1591920 862
1591930 862
1591940 862
1591950 862
1591960 861
1591970 860
1591980 859
1591990 859
1592000 859
1592010 859
1592020 859
1592030 859
1592040 859
1592050 858
1592060 857
1592070 855
1592080 853
1592090 852
1592100 851
1592110 851
1592120 850
1592130 849
1592140 849
1592150 849
1592160 849
1592170 849
1592180 849
1592190 848
1592200 845
1592210 842
1592220 838
1592230 833
1592240 829
1592250 824
1592260 820
1592270 817
1592280 814
1592290 810
1592300 807
1592310 805
1592320 801
1592330 798
1592340 794
1592350 791
1592360 787
1592370 783
1592380 781
1592390 779
1592400 777
1592410 775
1592420 773
1592430 770
1592440 768
1592450 766
1592460 763
1592470 760
1592480 756
1592490 753
1592500 750
1592510 746
1592520 743
1592530 740
1592540 737
1592550 733
1592560 730
1592570 727
1592580 725
1592590 722
1592600 720
1592610 718
1592620 716
1592630 714
1592640 711
1592650 708
1592660 707
1592670 704
1592680 701
1592690 699
1592700 696
1592710 694
1592720 692
1592730 690
1592740 688
1592750 686
1592760 685
1592770 684
1592780 684
1592790 683
1592800 683
1592810 684
1592820 684
1592830 684
1592840 684
1592850 683
1592860 683
1592870 682
1592880 682
1592890 681
1592900 681
1592910 681
1592920 680
1592930 680
1592940 679
1592950 679
1592960 679
1592970 679
1592980 679
1592990 680
1593000 680
1593010 682
1593020 683
1593030 685
1593040 687
1593050 688
1593060 689
1593070 690
1593080 690
1593090 690
1593100 690
1593110 690
1593120 689
1593130 688
1593140 687
1593150 687
1593160 686
1593170 685
1593180 684
1593190 683
1593200 682
1593210 681
1593220 680
1593230 679
1593240 678
1593250 677
1593260 675
1593270 675
1593280 674
1593290 674
1593300 673
1593310 673
1593320 672
1593330 672
1593340 672
1593350 672
1593360 671
1593370 671
1593380 671
1593390 670
1593400 670
1593410 669
1593420 668
1593430 667
1593440 666
1593450 665
1593460 664
1593470 663
1593480 661
1593490 661
1593500 660
1593510 659
1593520 659
1593530 659
1593540 658
1593550 658
1593560 658
1593570 657
1593580 657
1593590 657
1593600 656
1593610 656
1593620 656
1593630 656
1593640 656
1593650 656
1593660 656
1593670 655
1593680 655
1593690 655
1593700 655
1593710 655
1593720 655
1593730 655
1593740 655
1593750 655
1593760 655
1593770 655
1593780 654
1593790 654
1593800 654
1593810 654
1593820 654
1593830 654
1593840 654
1593850 654
1593860 654
1593870 654
1593880 654
1593890 654
1593900 654
1593910 654
1593920 654
1593930 654
1593940 654
1593950 654
1593960 654
1593970 654
1593980 653
1593990 653
1594000 653
1594010 653
1594020 652
1594030 652
1594040 652
1594050 652
1594060 652
1594070 652
1594080 652
1594090 652
1594100 651
1594110 651
1594120 651
1594130 651
1594140 652
1594150 652
1594160 652
1594170 652
1594180 652
1594190 652
1594200 652
1594210 652
1594220 652
1594230 652
1594240 652
1594250 651
1594260 651
1594270 651
1594280 651
1594290 651
1594300 651
1594310 651
1594320 651
1594330 650
1594340 650
1594350 650
1594360 650
1594370 650
1594380 650
1594390 650
1594400 650
1594410 650
1594420 650
1594430 650
1594440 650
1594450 650
1594460 650
1594470 650
1594480 650
1594490 649
1594500 649
1594510 649
1594520 650
1594530 650
1594540 650
1594550 650
1594560 650
1594570 650
1594580 650
1594590 650
1594600 650
1594610 650
1594620 650
1594630 650
1594640 650
1594650 651
1594660 651
1594670 651
1594680 651
1594690 652
1594700 652
1594710 652
1594720 652
1594730 652
1594740 652
1594750 652
1594760 652
1594770 652
1594780 652
1594790 652
1594800 652
1594810 652
1594820 651
1594830 651
1594840 651
1594850 651
1594860 651
1594870 651
1594880 651
1594890 651
1594900 651
1594910 651
1594920 651
1594930 651
1594940 650
1594950 650
1594960 650
1594970 650
1594980 650
1594990 651
1595000 652
1595010 652
1595020 654
1595030 655
1595040 656
1595050 657
1595060 659
1595070 661
1595080 664
1595090 666
1595100 668
1595110 669
1595120 670
1595130 670
1595140 668
1595150 666
1595160 664
1595170 663
1595180 662
1595190 661
1595200 659
1595210 658
1595220 656
1595230 655
1595240 654
1595250 653
1595260 652
1595270 652
1595280 651
1595290 651
1595300 651
1595310 650
1595320 650
1595330 650
1595340 649
1595350 649
1595360 649
1595370 649
1595380 649
1595390 648
1595400 648
1595410 647
1595420 646
1595430 645
1595440 645
1595450 645
1595460 645
1595470 645
1595480 645
1595490 646
1595500 646
1595510 646
1595520 646
1595530 645
1595540 644
1595550 644
1595560 644
1595570 643
1595580 643
1595590 643
1595600 643
1595610 643
1595620 643
1595630 643
1595640 643
1595650 643
1595660 643
1595670 643
1595680 643
1595690 643
1595700 643
1595710 643
1595720 643
1595730 643
1595740 643
1595750 643
1595760 643
1595770 643
1595780 643
1595790 643
1595800 643
1595810 643
1595820 643
1595830 642
1595840 642
1595850 642
1595860 642
1595870 642
1595880 642
1595890 642
1595900 642
1595910 643
1595920 643
1595930 642
1595940 642
1595950 642
1595960 642
1595970 642
1595980 642
1595990 642
1596000 642
1596010 642
1596020 642
1596030 642
1596040 642
1596050 642
1596060 642
1596070 642
1596080 642
1596090 642
1596100 642
1596110 642
1596120 642
1596130 642
1596140 642
1596150 642
1596160 642
1596170 642
1596180 642
1596190 642
1596200 642
1596210 642
1596220 642
1596230 642
1596240 642
1596250 642
1596260 642
1596270 642
1596280 642
1596290 642
1596300 642
1596310 642
1596320 642
1596330 642
1596340 642
1596350 642
1596360 642
1596370 643
1596380 644
1596390 645
1596400 647
1596410 649
1596420 652
1596430 655
1596440 659
1596450 663
1596460 668
1596470 674
1596480 679
1596490 683
1596500 687
1596510 690
1596520 691
1596530 691
1596540 690
1596550 688
1596560 687
1596570 686
1596580 685
1596590 685
1596600 686
1596610 687
1596620 689
1596630 691
1596640 691
1596650 691
1596660 691
1596670 691
1596680 690
1596690 689
1596700 687
1596710 686
1596720 686
1596730 686
1596740 685
1596750 684
1596760 682
1596770 680
1596780 679
1596790 678
1596800 678
1596810 678
1596820 678
1596830 678
1596840 678
1596850 677
1596860 675
1596870 674
1596880 671
1596890 668
1596900 666
1596910 664
1596920 663
1596930 661
1596940 659
1596950 658
1596960 657
1596970 657
1596980 657
1596990 657
1597000 658
1597010 658
1597020 656
1597030 653
1597040 652
1597050 651
1597060 651
1597070 651
1597080 651
1597090 651
1597100 651
1597110 653
1597120 655
1597130 657
1597140 656
1597150 655
1597160 653
1597170 651
1597180 650
1597190 649
1597200 648
1597210 648
1597220 647
1597230 647
1597240 646
1597250 646
1597260 646
1597270 646
1597280 645
1597290 645
1597300 644
1597310 643
1597320 643
1597330 642
1597340 642
1597350 641
1597360 641
1597370 640
1597380 639
1597390 639
1597400 638
1597410 638
1597420 637
1597430 637
1597440 636
1597450 636
1597460 635
1597470 635
1597480 634
1597490 634
1597500 634
1597510 633
1597520 633
1597530 633
1597540 633
1597550 633
1597560 632
1597570 632
1597580 632
1597590 632
1597600 632
1597610 632
1597620 632
1597630 632
1597640 633
1597650 633
1597660 633
1597670 633
1597680 633
1597690 634
1597700 634
1597710 635
1597720 636
1597730 635
1597740 635
1597750 635
1597760 635
1597770 635
1597780 635
1597790 635
1597800 635
1597810 635
1597820 635
1597830 635
1597840 635
1597850 635
1597860 635
1597870 635
1597880 635
1597890 635
1597900 635
1597910 635
1597920 635
1597930 635
1597940 635
1597950 635
1597960 635
1597970 635
1597980 635
1597990 635
1598000 635
1598010 635
1598020 635
1598030 635
1598040 635
1598050 635
1598060 635
1598070 635
1598080 635
1598090 634
1598100 634
1598110 634
1598120 634
1598130 634
1598140 634
1598150 634
1598160 634
1598170 634
1598180 634
1598190 633
1598200 633
1598210 633
1598220 633
1598230 633
1598240 633
1598250 633
1598260 633
1598270 633
1598280 633
1598290 634
1598300 634
1598310 634
1598320 633
1598330 632
1598340 630
1598350 628
1598360 627
1598370 627
1598380 627
1598390 628
1598400 628
1598410 628
1598420 628
1598430 628
1598440 628
1598450 628
1598460 628
1598470 628
1598480 628
1598490 628
1598500 628
1598510 628
1598520 628
1598530 628
1598540 628
1598550 628
1598560 628
1598570 628
1598580 628
1598590 628
1598600 628
1598610 628
1598620 628
1598630 628
1598640 628
1598650 628
1598660 628
1598670 628
1598680 628
1598690 628
1598700 628
1598710 628
1598720 628
1598730 628
1598740 628
1598750 628
1598760 628
1598770 628
1598780 628
1598790 627
1598800 627
1598810 627
1598820 627
1598830 627
1598840 627
1598850 627
1598860 627
1598870 627
1598880 627
1598890 627
1598900 627
1598910 626
1598920 626
1598930 627
1598940 627
1598950 627
1598960 627
1598970 627
1598980 627
1598990 627
1599000 628
1599010 628
1599020 629
1599030 631
1599040 633
1599050 635
1599060 637
1599070 639
1599080 640
1599090 641
1599100 641
1599110 641
1599120 641
1599130 640
1599140 640
1599150 639
1599160 638
1599170 637
1599180 636
1599190 635
1599200 635
1599210 634
1599220 634
1599230 634
1599240 634
1599250 634
1599260 633
1599270 633
1599280 632
1599290 634
1599300 635
1599310 636
1599320 635
1599330 635
1599340 636
1599350 637
1599360 639
1599370 641
1599380 644
1599390 647
1599400 649
1599410 652
1599420 654
1599430 656
1599440 657
1599450 658
1599460 659
1599470 660
1599480 660
1599490 660
1599500 660
1599510 660
1599520 660
1599530 659
1599540 660
1599550 660
1599560 661
1599570 661
1599580 661
1599590 661
1599600 661
1599610 661
1599620 661
1599630 661
1599640 660
1599650 659
1599660 659
1599670 658
1599680 658
1599690 657
1599700 656
1599710 655
1599720 654
1599730 653
1599740 652
1599750 651
1599760 650
1599770 648
1599780 647
1599790 645
1599800 643
1599810 641
1599820 640
1599830 640
1599840 640
1599850 640
1599860 640
1599870 640
1599880 639
1599890 639
1599900 639
1599910 640
1599920 640
1599930 642
1599940 643
1599950 644
1599960 646
1599970 647
1599980 648
1599990 649
