1580000 1308
1580010 1309
1580020 1311
1580030 1311
1580040 1312
1580050 1312
1580060 1312
1580070 1311
1580080 1310
1580090 1309
1580100 1308
1580110 1307
1580120 1306
1580130 1304
1580140 1303
1580150 1301
1580160 1300
1580170 1299
1580180 1297
1580190 1296
1580200 1294
1580210 1292
1580220 1291
1580230 1289
1580240 1288
1580250 1287
1580260 1286
1580270 1285
1580280 1284
1580290 1284
1580300 1283
1580310 1282
1580320 1282
1580330 1281
1580340 1280
1580350 1280
1580360 1279
1580370 1279
1580380 1278
1580390 1278
1580400 1278
1580410 1277
1580420 1277
1580430 1277
1580440 1276
1580450 1275
1580460 1275
1580470 1274
1580480 1273
1580490 1272
1580500 1271
1580510 1271
1580520 1270
1580530 1268
1580540 1267
1580550 1266
1580560 1264
1580570 1262
1580580 1260
1580590 1259
1580600 1257
1580610 1256
1580620 1255
1580630 1254
1580640 1252
1580650 1251
1580660 1249
1580670 1248
1580680 1247
1580690 1246
1580700 1245
1580710 1244
1580720 1243
1580730 1242
1580740 1240
1580750 1238
1580760 1237
1580770 1235
1580780 1234
1580790 1232
1580800 1230
1580810 1228
1580820 1227
1580830 1225
1580840 1224
1580850 1223
1580860 1222
1580870 1221
1580880 1220
1580890 1219
1580900 1218
1580910 1217
1580920 1216
1580930 1215
1580940 1214
1580950 1213
1580960 1212
1580970 1212
1580980 1211
1580990 1210
1581000 1209
1581010 1209
1581020 1209
1581030 1209
1581040 1208
1581050 1207
1581060 1207
1581070 1206
1581080 1205
1581090 1204
1581100 1204
1581110 1204
1581120 1204
1581130 1204
1581140 1205
1581150 1205
1581160 1205
1581170 1206
1581180 1206
1581190 1207
1581200 1207
1581210 1207
1581220 1208
1581230 1208
1581240 1209
1581250 1210
1581260 1210
1581270 1211
1581280 1212
1581290 1212
1581300 1213
1581310 1213
1581320 1214
1581330 1215
1581340 1215
1581350 1215
1581360 1216
1581370 1216
1581380 1217
1581390 1217
1581400 1218
1581410 1218
1581420 1218
1581430 1219
1581440 1219
1581450 1220
1581460 1221
1581470 1222
1581480 1223
1581490 1224
1581500 1225
1581510 1226
1581520 1227
1581530 1227
1581540 1228
1581550 1229
1581560 1230
1581570 1230
1581580 1231
1581590 1232
1581600 1233
1581610 1234
1581620 1235
1581630 1236
1581640 1236
1581650 1237
1581660 1238
1581670 1238
1581680 1239
1581690 1240
1581700 1241
1581710 1242
1581720 1242
1581730 1243
1581740 1243
1581750 1244
1581760 1244
1581770 1244
1581780 1244
1581790 1244
1581800 1244
1581810 1244
1581820 1244
1581830 1244
1581840 1243
1581850 1243
1581860 1242
1581870 1242
1581880 1242
1581890 1242
1581900 1242
1581910 1242
1581920 1242
1581930 1242
1581940 1242
1581950 1242
1581960 1242
1581970 1243
1581980 1244
1581990 1245
1582000 1246
1582010 1247
1582020 1247
1582030 1248
1582040 1249
1582050 1249
1582060 1250
1582070 1250
1582080 1251
1582090 1251
1582100 1252
1582110 1252
1582120 1252
1582130 1252
1582140 1253
1582150 1253
1582160 1254
1582170 1254
1582180 1255
1582190 1255
1582200 1256
1582210 1256
1582220 1257
1582230 1257
1582240 1258
1582250 1259
1582260 1259
1582270 1259
1582280 1260
1582290 1260
1582300 1260
1582310 1260
1582320 1260
1582330 1261
1582340 1261
1582350 1262
1582360 1264
1582370 1266
1582380 1267
1582390 1269
1582400 1271
1582410 1273
1582420 1275
1582430 1277
1582440 1279
1582450 1281
1582460 1283
1582470 1285
1582480 1286
1582490 1288
1582500 1290
1582510 1291
1582520 1292
1582530 1294
1582540 1295
1582550 1296
1582560 1298
1582570 1299
1582580 1300
1582590 1301
1582600 1301
1582610 1301
1582620 1301
1582630 1300
1582640 1300
1582650 1299
1582660 1298
1582670 1298
1582680 1297
1582690 1297
1582700 1297
1582710 1297
1582720 1298
1582730 1298
1582740 1298
1582750 1299
1582760 1299
1582770 1299
1582780 1299
1582790 1300
1582800 1300
1582810 1301
1582820 1301
1582830 1302
1582840 1302
1582850 1303
1582860 1303
1582870 1304
1582880 1304
1582890 1304
1582900 1305
1582910 1306
1582920 1306
1582930 1307
1582940 1308
1582950 1309
1582960 1310
1582970 1310
1582980 1311
1582990 1312
1583000 1312
1583010 1312
1583020 1312
1583030 1311
1583040 1311
1583050 1310
1583060 1310
1583070 1309
1583080 1309
1583090 1308
1583100 1308
1583110 1308
1583120 1308
1583130 1307
1583140 1307
1583150 1306
1583160 1306
1583170 1305
1583180 1305
1583190 1304
1583200 1304
1583210 1303
1583220 1303
1583230 1302
1583240 1302
1583250 1301
1583260 1301
1583270 1300
1583280 1300
1583290 1299
1583300 1299
1583310 1298
1583320 1298
1583330 1297
1583340 1296
1583350 1296
1583360 1295
1583370 1294
1583380 1293
1583390 1293
1583400 1292
1583410 1292
1583420 1292
1583430 1291
1583440 1291
1583450 1291
1583460 1291
1583470 1291
1583480 1291
1583490 1291
1583500 1292
1583510 1292
1583520 1292
1583530 1292
1583540 1292
1583550 1292
1583560 1292
1583570 1292
1583580 1293
1583590 1293
1583600 1293
1583610 1293
1583620 1293
1583630 1293
1583640 1293
1583650 1293
1583660 1293
1583670 1293
1583680 1293
1583690 1293
1583700 1293
1583710 1293
1583720 1293
1583730 1292
1583740 1292
1583750 1292
1583760 1292
1583770 1292
1583780 1292
1583790 1292
1583800 1292
1583810 1292
1583820 1292
1583830 1292
1583840 1292
1583850 1292
1583860 1292
1583870 1292
1583880 1292
1583890 1292
1583900 1292
1583910 1292
1583920 1292
1583930 1292
1583940 1292
1583950 1293
1583960 1293
1583970 1294
1583980 1294
1583990 1295
1584000 1296
1584010 1297
1584020 1297
1584030 1298
1584040 1299
1584050 1300
1584060 1301
1584070 1302
1584080 1303
1584090 1303
1584100 1304
1584110 1305
1584120 1306
1584130 1308
1584140 1309
1584150 1311
1584160 1312
1584170 1313
1584180 1315
1584190 1316
1584200 1318
1584210 1320
1584220 1322
1584230 1324
1584240 1326
1584250 1328
1584260 1330
1584270 1332
1584280 1334
1584290 1335
1584300 1337
1584310 1339
1584320 1340
1584330 1342
1584340 1343
1584350 1344
1584360 1345
1584370 1346
1584380 1347
1584390 1348
1584400 1348
1584410 1347
1584420 1347
1584430 1346
1584440 1345
1584450 1344
1584460 1344
1584470 1342
1584480 1341
1584490 1340
1584500 1338
1584510 1337
1584520 1335
1584530 1334
1584540 1332
1584550 1331
1584560 1330
1584570 1328
1584580 1327
1584590 1325
1584600 1324
1584610 1323
1584620 1321
1584630 1320
1584640 1319
1584650 1319
1584660 1318
1584670 1317
1584680 1317
1584690 1316
1584700 1316
1584710 1315
1584720 1315
1584730 1314
1584740 1314
1584750 1313
1584760 1313
1584770 1312
1584780 1311
1584790 1310
1584800 1309
1584810 1308
1584820 1307
1584830 1305
1584840 1304
1584850 1303
1584860 1301
1584870 1300
1584880 1298
1584890 1296
1584900 1294
1584910 1292
1584920 1290
1584930 1289
1584940 1288
1584950 1286
1584960 1286
1584970 1285
1584980 1283
1584990 1282
1585000 1281
1585010 1279
1585020 1278
1585030 1276
1585040 1275
1585050 1273
1585060 1272
1585070 1270
1585080 1269
1585090 1268
1585100 1268
1585110 1267
1585120 1266
1585130 1264
1585140 1263
1585150 1261
1585160 1260
1585170 1258
1585180 1257
1585190 1256
1585200 1255
1585210 1255
1585220 1254
1585230 1253
1585240 1253
1585250 1252
1585260 1251
1585270 1250
1585280 1250
1585290 1249
1585300 1248
1585310 1248
1585320 1247
1585330 1246
1585340 1246
1585350 1245
1585360 1245
1585370 1244
1585380 1243
1585390 1242
1585400 1241
1585410 1240
1585420 1239
1585430 1238
1585440 1238
1585450 1238
1585460 1238
1585470 1238
1585480 1239
1585490 1239
1585500 1239
1585510 1240
1585520 1240
1585530 1239
1585540 1239
1585550 1239
1585560 1240
1585570 1240
1585580 1241
1585590 1242
1585600 1243
1585610 1244
1585620 1245
1585630 1246
1585640 1247
1585650 1248
1585660 1249
1585670 1250
1585680 1251
1585690 1252
1585700 1254
1585710 1255
1585720 1256
1585730 1257
1585740 1258
1585750 1259
1585760 1260
1585770 1261
1585780 1261
1585790 1262
1585800 1262
1585810 1263
1585820 1263
1585830 1264
1585840 1265
1585850 1266
1585860 1266
1585870 1267
1585880 1267
1585890 1268
1585900 1268
1585910 1268
1585920 1268
1585930 1267
1585940 1267
1585950 1266
1585960 1265
1585970 1263
1585980 1262
1585990 1260
1586000 1258
1586010 1257
1586020 1255
1586030 1252
1586040 1250
1586050 1247
1586060 1244
1586070 1242
1586080 1238
1586090 1235
1586100 1232
1586110 1228
1586120 1225
1586130 1221
1586140 1218
1586150 1215
1586160 1212
1586170 1209
1586180 1207
1586190 1204
1586200 1202
1586210 1200
1586220 1198
1586230 1195
1586240 1192
1586250 1189
1586260 1186
1586270 1183
1586280 1181
1586290 1178
1586300 1175
1586310 1173
1586320 1171
1586330 1169
1586340 1166
1586350 1164
1586360 1162
1586370 1160
1586380 1158
1586390 1156
1586400 1154
1586410 1152
1586420 1151
1586430 1149
1586440 1148
1586450 1146
1586460 1144
1586470 1142
1586480 1140
1586490 1138
1586500 1136
1586510 1134
1586520 1132
1586530 1130
1586540 1128
1586550 1127
1586560 1125
1586570 1124
1586580 1122
1586590 1120
1586600 1119
1586610 1117
1586620 1114
1586630 1112
1586640 1110
1586650 1108
1586660 1106
1586670 1104
1586680 1103
1586690 1101
1586700 1100
1586710 1099
1586720 1097
1586730 1096
1586740 1094
1586750 1093
1586760 1092
1586770 1090
1586780 1089
1586790 1088
1586800 1087
1586810 1085
1586820 1084
1586830 1084
1586840 1083
1586850 1082
1586860 1081
1586870 1080
1586880 1080
1586890 1079
1586900 1078
1586910 1077
1586920 1077
1586930 1076
1586940 1076
1586950 1076
1586960 1077
1586970 1077
1586980 1077
1586990 1078
1587000 1078
1587010 1078
1587020 1078
1587030 1078
1587040 1078
1587050 1077
1587060 1077
1587070 1076
1587080 1075
1587090 1074
1587100 1073
1587110 1072
1587120 1071
1587130 1069
1587140 1067
1587150 1065
1587160 1063
1587170 1062
1587180 1060
1587190 1059
1587200 1057
1587210 1055
1587220 1054
1587230 1052
1587240 1051
1587250 1049
1587260 1048
1587270 1046
1587280 1044
1587290 1043
1587300 1041
1587310 1040
1587320 1039
1587330 1038
1587340 1037
1587350 1036
1587360 1035
1587370 1034
1587380 1033
1587390 1032
1587400 1032
1587410 1031
1587420 1030
1587430 1029
1587440 1028
1587450 1028
1587460 1027
1587470 1026
1587480 1026
1587490 1025
1587500 1024
1587510 1024
1587520 1023
1587530 1022
1587540 1022
1587550 1021
1587560 1021
1587570 1020
1587580 1019
1587590 1018
1587600 1018
1587610 1017
1587620 1016
1587630 1015
1587640 1014
1587650 1014
1587660 1013
1587670 1011
1587680 1010
1587690 1009
1587700 1008
1587710 1007
1587720 1005
1587730 1004
1587740 1003
1587750 1001
1587760 999
1587770 998
1587780 997
1587790 995
1587800 994
1587810 993
1587820 991
1587830 989
1587840 988
1587850 987
1587860 987
1587870 986
1587880 986
1587890 986
1587900 986
1587910 986
1587920 986
1587930 985
1587940 984
1587950 983
1587960 982
1587970 981
1587980 980
1587990 978
1588000 977
1588010 975
1588020 973
1588030 971
1588040 969
1588050 966
1588060 964
1588070 961
1588080 958
1588090 956
1588100 955
1588110 953
1588120 951
1588130 950
1588140 948
1588150 946
1588160 944
1588170 941
1588180 937
1588190 933
1588200 930
1588210 927
1588220 924
1588230 922
1588240 919
1588250 917
1588260 915
1588270 914
1588280 913
1588290 914
1588300 914
1588310 915
1588320 916
1588330 916
1588340 917
1588350 919
1588360 920
1588370 922
1588380 923
1588390 924
1588400 926
1588410 928
1588420 929
1588430 931
1588440 933
1588450 935
1588460 937
1588470 940
1588480 941
1588490 943
1588500 945
1588510 947
1588520 949
1588530 951
1588540 952
1588550 952
1588560 951
1588570 949
1588580 946
1588590 943
1588600 941
1588610 940
1588620 939
1588630 937
1588640 935
1588650 933
1588660 932
1588670 930
1588680 929
1588690 927
1588700 926
1588710 924
1588720 923
1588730 922
1588740 920
1588750 919
1588760 917
1588770 915
1588780 913
1588790 911
1588800 905
1588810 899
1588820 894
1588830 891
1588840 890
1588850 892
1588860 892
1588870 893
1588880 894
1588890 896
1588900 899
1588910 903
1588920 908
1588930 913
1588940 918
1588950 923
1588960 928
1588970 932
1588980 935
1588990 937
1589000 940
1589010 942
1589020 944
1589030 945
1589040 947
1589050 947
1589060 947
1589070 947
1589080 946
1589090 945
1589100 943
1589110 939
1589120 936
1589130 932
1589140 930
1589150 925
1589160 921
1589170 917
1589180 913
1589190 911
1589200 910
1589210 908
1589220 906
1589230 902
1589240 898
1589250 895
1589260 893
1589270 892
1589280 890
1589290 887
1589300 884
1589310 881
1589320 878
1589330 874
1589340 871
1589350 867
1589360 862
1589370 858
1589380 853
1589390 847
1589400 842
1589410 841
1589420 843
1589430 846
1589440 850
1589450 854
1589460 857
1589470 860
1589480 863
1589490 866
1589500 869
1589510 872
1589520 876
1589530 879
1589540 882
1589550 886
1589560 889
1589570 891
1589580 893
1589590 895
1589600 897
1589610 898
1589620 899
1589630 900
1589640 901
1589650 902
1589660 902
1589670 903
1589680 904
1589690 906
1589700 908
1589710 910
1589720 912
1589730 914
1589740 915
1589750 916
1589760 918
1589770 919
1589780 921
1589790 923
1589800 926
1589810 928
1589820 930
1589830 932
1589840 934
1589850 937
1589860 940
1589870 943
1589880 946
1589890 948
1589900 951
1589910 953
1589920 954
1589930 953
1589940 951
1589950 949
1589960 947
1589970 945
1589980 943
1589990 941
1590000 939
1590010 937
1590020 935
1590030 933
1590040 931
1590050 929
1590060 927
1590070 926
1590080 925
1590090 923
1590100 921
1590110 919
1590120 917
1590130 915
1590140 913
1590150 911
1590160 910
1590170 908
1590180 906
1590190 905
1590200 903
1590210 902
1590220 901
1590230 900
1590240 899
1590250 898
1590260 898
1590270 897
1590280 897
1590290 897
1590300 897
1590310 897
1590320 896
1590330 894
1590340 892
1590350 889
1590360 886
1590370 882
1590380 878
1590390 873
1590400 868
1590410 864
1590420 860
1590430 856
1590440 853
1590450 849
1590460 845
1590470 840
1590480 840
1590490 842
1590500 846
1590510 851
1590520 855
1590530 860
1590540 862
1590550 864
1590560 864
1590570 864
1590580 864
1590590 865
1590600 866
1590610 867
1590620 868
1590630 870
1590640 872
1590650 875
1590660 877
1590670 879
1590680 882
1590690 884
1590700 885
1590710 887
1590720 889
1590730 891
1590740 895
1590750 898
1590760 901
1590770 904
1590780 907
1590790 910
1590800 913
1590810 917
1590820 920
1590830 923
1590840 926
1590850 931
1590860 934
1590870 938
1590880 941
1590890 944
1590900 947
1590910 950
1590920 953
1590930 956
1590940 959
1590950 961
1590960 963
1590970 965
1590980 967
1590990 969
1591000 971
1591010 973
1591020 975
1591030 977
1591040 979
1591050 981
1591060 982
1591070 984
1591080 986
1591090 987
1591100 988
1591110 990
1591120 991
1591130 992
1591140 993
1591150 994
1591160 995
1591170 996
1591180 997
1591190 998
1591200 998
1591210 999
1591220 999
1591230 1000
1591240 1001
1591250 1001
1591260 1001
1591270 1001
1591280 1002
1591290 1002
1591300 1002
1591310 1002
1591320 1003
1591330 1003
1591340 1004
1591350 1004
1591360 1005
1591370 1006
1591380 1006
1591390 1006
1591400 1007
1591410 1008
1591420 1008
1591430 1008
1591440 1009
1591450 1009
1591460 1009
1591470 1009
1591480 1009
1591490 1010
1591500 1010
1591510 1010
1591520 1010
1591530 1010
1591540 1010
1591550 1010
1591560 1010
1591570 1010
1591580 1010
1591590 1010
1591600 1009
1591610 1009
1591620 1008
1591630 1007
1591640 1007
1591650 1006
1591660 1005
1591670 1004
1591680 1003
1591690 1002
1591700 1001
1591710 1000
1591720 999
1591730 999
1591740 998
1591750 997
1591760 997
1591770 997
1591780 996
1591790 996
1591800 996
1591810 996
1591820 996
1591830 996
1591840 995
1591850 993
1591860 992
1591870 990
1591880 989
1591890 987
1591900 987
1591910 987
1591920 988
1591930 988
1591940 989
1591950 990
1591960 990
1591970 991
1591980 992
1591990 993
1592000 995
1592010 996
1592020 998
1592030 999
1592040 1000
1592050 1002
1592060 1003
1592070 1005
1592080 1006
1592090 1008
1592100 1009
1592110 1010
1592120 1010
1592130 1011
1592140 1011
1592150 1012
1592160 1012
1592170 1012
1592180 1012
1592190 1012
1592200 1012
1592210 1012
1592220 1011
1592230 1011
1592240 1011
1592250 1010
1592260 1009
1592270 1008
1592280 1007
1592290 1006
1592300 1006
1592310 1004
1592320 1002
1592330 1001
1592340 1000
1592350 998
1592360 997
1592370 995
1592380 992
1592390 990
1592400 989
1592410 988
1592420 988
1592430 986
1592440 985
1592450 983
1592460 982
1592470 980
1592480 977
1592490 975
1592500 973
1592510 972
1592520 970
1592530 967
1592540 965
1592550 963
1592560 961
1592570 960
1592580 959
1592590 957
1592600 956
1592610 955
1592620 953
1592630 951
1592640 949
1592650 948
1592660 946
1592670 945
1592680 943
1592690 942
1592700 941
1592710 940
1592720 939
1592730 938
1592740 936
1592750 935
1592760 933
1592770 930
1592780 926
1592790 922
1592800 919
1592810 915
1592820 913
1592830 910
1592840 908
1592850 906
1592860 904
1592870 903
1592880 901
1592890 900
1592900 899
1592910 897
1592920 896
1592930 895
1592940 893
1592950 891
1592960 890
1592970 888
1592980 887
1592990 886
1593000 886
1593010 885
1593020 885
1593030 885
1593040 884
1593050 884
1593060 883
1593070 883
1593080 883
1593090 882
1593100 882
1593110 882
1593120 881
1593130 880
1593140 879
1593150 878
1593160 877
1593170 876
1593180 875
1593190 874
1593200 873
1593210 873
1593220 872
1593230 870
1593240 869
1593250 867
1593260 866
1593270 864
1593280 862
1593290 860
1593300 858
1593310 857
1593320 856
1593330 855
1593340 853
1593350 852
1593360 850
1593370 849
1593380 847
1593390 845
1593400 843
1593410 841
1593420 839
1593430 836
1593440 834
1593450 831
1593460 829
1593470 826
1593480 824
1593490 824
1593500 824
1593510 824
1593520 825
1593530 826
1593540 827
1593550 827
1593560 827
1593570 827
1593580 827
1593590 827
1593600 827
1593610 827
1593620 828
1593630 828
1593640 827
1593650 827
1593660 827
1593670 827
1593680 826
1593690 826
1593700 825
1593710 825
1593720 825
1593730 824
1593740 824
1593750 823
1593760 822
1593770 822
1593780 821
1593790 821
1593800 820
1593810 818
1593820 816
1593830 815
1593840 814
1593850 813
1593860 812
1593870 810
1593880 808
1593890 806
1593900 803
1593910 801
1593920 798
1593930 797
1593940 795
1593950 793
1593960 791
1593970 790
1593980 789
1593990 788
1594000 788
1594010 787
1594020 786
1594030 785
1594040 783
1594050 781
1594060 780
1594070 779
1594080 779
1594090 778
1594100 778
1594110 776
1594120 775
1594130 774
1594140 773
1594150 773
1594160 772
1594170 772
1594180 772
1594190 772
1594200 773
1594210 776
1594220 778
1594230 782
1594240 786
1594250 791
1594260 795
1594270 798
1594280 801
1594290 804
1594300 806
1594310 808
1594320 810
1594330 811
1594340 813
1594350 815
1594360 817
1594370 819
1594380 821
1594390 822
1594400 825
1594410 828
1594420 833
1594430 836
1594440 840
1594450 843
1594460 845
1594470 847
1594480 850
1594490 852
1594500 853
1594510 855
1594520 856
1594530 857
1594540 859
1594550 860
1594560 861
1594570 862
1594580 863
1594590 863
1594600 864
1594610 865
1594620 865
1594630 865
1594640 865
1594650 864
1594660 863
1594670 863
1594680 862
1594690 860
1594700 859
1594710 858
1594720 856
1594730 854
1594740 853
1594750 851
1594760 849
1594770 847
1594780 845
1594790 843
1594800 841
1594810 838
1594820 836
1594830 833
1594840 830
1594850 827
1594860 824
1594870 819
1594880 815
1594890 811
1594900 809
1594910 810
1594920 812
1594930 813
1594940 815
1594950 817
1594960 820
1594970 822
1594980 825
1594990 827
1595000 830
1595010 833
1595020 835
1595030 837
1595040 839
1595050 841
1595060 841
1595070 840
1595080 838
1595090 835
1595100 832
1595110 828
1595120 824
1595130 822
1595140 822
1595150 823
1595160 824
1595170 825
1595180 826
1595190 828
1595200 832
1595210 835
1595220 838
1595230 841
1595240 842
1595250 844
1595260 846
1595270 847
1595280 849
1595290 851
1595300 854
1595310 856
1595320 858
1595330 860
1595340 862
1595350 865
1595360 867
1595370 868
1595380 870
1595390 871
1595400 873
1595410 875
1595420 877
1595430 878
1595440 880
1595450 881
1595460 883
1595470 884
1595480 885
1595490 887
1595500 888
1595510 889
1595520 890
1595530 891
1595540 891
1595550 893
1595560 894
1595570 895
1595580 896
1595590 897
1595600 897
1595610 897
1595620 897
1595630 897
1595640 897
1595650 897
1595660 897
1595670 896
1595680 896
1595690 896
1595700 896
1595710 896
1595720 896
1595730 895
1595740 894
1595750 895
1595760 895
1595770 894
1595780 894
1595790 893
1595800 892
1595810 892
1595820 890
1595830 889
1595840 888
1595850 886
1595860 884
1595870 882
1595880 880
1595890 879
1595900 877
1595910 877
1595920 877
1595930 877
1595940 877
1595950 878
1595960 878
1595970 879
1595980 879
1595990 879
1596000 879
1596010 879
1596020 879
1596030 879
1596040 880
1596050 880
1596060 879
1596070 877
1596080 876
1596090 874
1596100 873
1596110 871
1596120 870
1596130 867
1596140 864
1596150 861
1596160 857
1596170 852
1596180 848
1596190 844
1596200 840
1596210 837
1596220 834
1596230 830
1596240 827
1596250 823
1596260 818
1596270 813
1596280 807
1596290 802
1596300 797
1596310 792
1596320 788
1596330 784
1596340 780
1596350 776
1596360 772
1596370 768
1596380 764
1596390 760
1596400 755
1596410 751
1596420 747
1596430 744
1596440 742
1596450 744
1596460 744
1596470 744
1596480 742
1596490 740
1596500 738
1596510 737
1596520 737
1596530 736
1596540 736
1596550 736
1596560 735
1596570 735
1596580 735
1596590 734
1596600 734
1596610 734
1596620 733
1596630 733
1596640 732
1596650 730
1596660 729
1596670 727
1596680 724
1596690 721
1596700 717
1596710 712
1596720 708
1596730 704
1596740 700
1596750 698
1596760 696
1596770 696
1596780 695
1596790 694
1596800 693
1596810 692
1596820 691
1596830 690
1596840 689
1596850 688
1596860 687
1596870 686
1596880 685
1596890 684
1596900 683
1596910 683
1596920 682
1596930 682
1596940 682
1596950 681
1596960 681
1596970 681
1596980 681
1596990 681
1597000 680
1597010 680
1597020 680
1597030 680
1597040 680
1597050 679
1597060 679
1597070 679
1597080 679
1597090 679
1597100 679
1597110 679
1597120 679
1597130 679
1597140 679
1597150 679
1597160 679
1597170 678
1597180 678
1597190 678
1597200 679
1597210 679
1597220 679
1597230 680
1597240 681
1597250 685
1597260 688
1597270 691
1597280 695
1597290 700
1597300 705
1597310 709
1597320 713
1597330 717
1597340 719
1597350 721
1597360 724
1597370 726
1597380 729
1597390 732
1597400 734
1597410 737
1597420 740
1597430 744
1597440 747
1597450 750
1597460 752
1597470 753
1597480 753
1597490 752
1597500 750
1597510 747
1597520 744
1597530 740
1597540 737
1597550 733
1597560 729
1597570 725
1597580 721
1597590 717
1597600 713
1597610 710
1597620 707
1597630 705
1597640 706
1597650 708
1597660 709
1597670 711
1597680 712
1597690 714
1597700 715
1597710 717
1597720 719
1597730 721
1597740 724
1597750 726
1597760 728
1597770 730
1597780 732
1597790 735
1597800 738
1597810 742
1597820 745
1597830 748
1597840 751
1597850 754
1597860 757
1597870 760
1597880 763
1597890 766
1597900 769
1597910 771
1597920 774
1597930 777
1597940 780
1597950 783
1597960 785
1597970 788
1597980 791
1597990 794
1598000 796
1598010 799
1598020 802
1598030 804
1598040 807
1598050 810
1598060 812
1598070 814
1598080 816
1598090 819
1598100 821
1598110 824
1598120 826
1598130 829
1598140 831
1598150 833
1598160 835
1598170 836
1598180 838
1598190 841
1598200 843
1598210 845
1598220 846
1598230 847
1598240 848
1598250 849
1598260 849
1598270 850
1598280 851
1598290 851
1598300 852
1598310 852
1598320 853
1598330 852
1598340 852
1598350 852
1598360 851
1598370 851
1598380 850
1598390 850
1598400 849
1598410 849
1598420 849
1598430 848
1598440 848
1598450 847
1598460 846
1598470 844
1598480 841
1598490 839
1598500 837
1598510 835
1598520 832
1598530 830
1598540 827
1598550 825
1598560 823
1598570 821
1598580 818
1598590 814
1598600 811
1598610 809
1598620 806
1598630 804
1598640 801
1598650 799
1598660 797
1598670 796
1598680 796
1598690 797
1598700 799
1598710 801
1598720 803
1598730 805
1598740 807
1598750 809
1598760 812
1598770 814
1598780 817
1598790 819
1598800 821
1598810 823
1598820 825
1598830 828
1598840 831
1598850 833
1598860 834
1598870 836
1598880 837
1598890 838
1598900 839
1598910 840
1598920 840
1598930 841
1598940 841
1598950 842
1598960 843
1598970 844
1598980 845
1598990 847
1599000 848
1599010 848
1599020 849
1599030 849
1599040 849
1599050 849
1599060 849
1599070 848
1599080 848
1599090 848
1599100 848
1599110 848
1599120 847
1599130 845
1599140 844
1599150 843
1599160 842
1599170 841
1599180 839
1599190 838
1599200 835
1599210 832
1599220 829
1599230 826
1599240 825
1599250 823
1599260 822
1599270 820
1599280 819
1599290 817
1599300 815
1599310 812
1599320 810
1599330 808
1599340 807
1599350 805
1599360 804
1599370 800
1599380 796
1599390 792
1599400 789
1599410 787
1599420 786
1599430 785
1599440 785
1599450 783
1599460 782
1599470 779
1599480 775
1599490 771
1599500 767
1599510 762
1599520 758
1599530 755
1599540 754
1599550 754
1599560 755
1599570 757
1599580 759
1599590 762
1599600 766
1599610 770
1599620 773
1599630 777
1599640 780
1599650 782
1599660 785
1599670 788
1599680 791
1599690 795
1599700 799
1599710 804
1599720 809
1599730 813
1599740 815
1599750 817
1599760 819
1599770 821
1599780 823
1599790 825
1599800 827
1599810 830
1599820 833
1599830 836
1599840 839
1599850 841
1599860 843
1599870 845
1599880 846
1599890 848
1599900 849
1599910 851
1599920 853
1599930 855
1599940 857
1599950 859
1599960 860
1599970 861
1599980 861
1599990 862
