1580000 1286
1580010 1286
1580020 1287
1580030 1288
1580040 1289
1580050 1290
1580060 1291
1580070 1291
1580080 1292
1580090 1292
1580100 1292
1580110 1291
1580120 1291
1580130 1290
1580140 1289
1580150 1287
1580160 1284
1580170 1282
1580180 1279
1580190 1277
1580200 1275
1580210 1273
1580220 1270
1580230 1268
1580240 1266
1580250 1264
1580260 1262
1580270 1261
1580280 1258
1580290 1256
1580300 1254
1580310 1252
1580320 1250
1580330 1248
1580340 1246
1580350 1244
1580360 1242
1580370 1240
1580380 1238
1580390 1235
1580400 1234
1580410 1231
1580420 1228
1580430 1223
1580440 1219
1580450 1216
1580460 1212
1580470 1208
1580480 1205
1580490 1202
1580500 1198
1580510 1195
1580520 1192
1580530 1189
1580540 1186
1580550 1184
1580560 1181
1580570 1179
1580580 1177
1580590 1174
1580600 1173
1580610 1172
1580620 1172
1580630 1174
1580640 1176
1580650 1178
1580660 1180
1580670 1182
1580680 1184
1580690 1186
1580700 1187
1580710 1189
1580720 1191
1580730 1194
1580740 1196
1580750 1198
1580760 1200
1580770 1203
1580780 1205
1580790 1207
1580800 1210
1580810 1212
1580820 1214
1580830 1217
1580840 1220
1580850 1222
1580860 1225
1580870 1227
1580880 1231
1580890 1234
1580900 1237
1580910 1239
1580920 1240
1580930 1242
1580940 1244
1580950 1247
1580960 1249
1580970 1251
1580980 1253
1580990 1255
1581000 1257
1581010 1259
1581020 1262
1581030 1264
1581040 1266
1581050 1268
1581060 1270
1581070 1272
1581080 1274
1581090 1277
1581100 1277
1581110 1278
1581120 1279
1581130 1281
1581140 1281
1581150 1282
1581160 1283
1581170 1283
1581180 1283
1581190 1282
1581200 1280
1581210 1278
1581220 1276
1581230 1273
1581240 1270
1581250 1267
1581260 1264
1581270 1261
1581280 1258
1581290 1255
1581300 1252
1581310 1249
1581320 1245
1581330 1242
1581340 1239
1581350 1237
1581360 1235
1581370 1234
1581380 1233
1581390 1232
1581400 1230
1581410 1229
1581420 1229
1581430 1228
1581440 1227
1581450 1226
1581460 1225
1581470 1224
1581480 1223
1581490 1223
1581500 1222
1581510 1221
1581520 1220
1581530 1219
1581540 1218
1581550 1217
1581560 1217
1581570 1217
1581580 1216
1581590 1216
1581600 1216
1581610 1216
1581620 1215
1581630 1215
1581640 1214
1581650 1214
1581660 1213
1581670 1212
1581680 1211
1581690 1211
1581700 1210
1581710 1209
1581720 1209
1581730 1208
1581740 1207
1581750 1207
1581760 1206
1581770 1205
1581780 1204
1581790 1204
1581800 1203
1581810 1202
1581820 1201
1581830 1200
1581840 1199
1581850 1198
1581860 1197
1581870 1196
1581880 1194
1581890 1193
1581900 1191
1581910 1189
1581920 1187
1581930 1185
1581940 1183
1581950 1180
1581960 1177
1581970 1173
1581980 1169
1581990 1165
1582000 1161
1582010 1157
1582020 1153
1582030 1150
1582040 1146
1582050 1142
1582060 1138
1582070 1134
1582080 1131
1582090 1128
1582100 1125
1582110 1122
1582120 1118
1582130 1115
1582140 1113
1582150 1111
1582160 1109
1582170 1106
1582180 1103
1582190 1101
1582200 1098
1582210 1096
1582220 1095
1582230 1093
1582240 1091
1582250 1088
1582260 1086
1582270 1083
1582280 1081
1582290 1078
1582300 1075
1582310 1072
1582320 1068
1582330 1066
1582340 1063
1582350 1060
1582360 1057
1582370 1055
1582380 1052
1582390 1049
1582400 1047
1582410 1046
1582420 1047
1582430 1050
1582440 1053
1582450 1056
1582460 1058
1582470 1060
1582480 1063
1582490 1065
1582500 1068
1582510 1070
1582520 1072
1582530 1074
1582540 1075
1582550 1077
1582560 1079
1582570 1080
1582580 1081
1582590 1082
1582600 1083
1582610 1084
1582620 1084
1582630 1084
1582640 1083
1582650 1083
1582660 1082
1582670 1081
1582680 1079
1582690 1078
1582700 1077
1582710 1077
1582720 1075
1582730 1073
1582740 1071
1582750 1068
1582760 1066
1582770 1064
1582780 1064
1582790 1064
1582800 1064
1582810 1063
1582820 1063
1582830 1063
1582840 1062
1582850 1059
1582860 1056
1582870 1053
1582880 1050
1582890 1047
1582900 1043
1582910 1039
1582920 1036
1582930 1033
1582940 1030
1582950 1028
1582960 1026
1582970 1025
1582980 1023
1582990 1022
1583000 1021
1583010 1019
1583020 1017
1583030 1015
1583040 1014
1583050 1013
1583060 1012
1583070 1011
1583080 1010
1583090 1009
1583100 1008
1583110 1008
1583120 1007
1583130 1007
1583140 1006
1583150 1006
1583160 1005
1583170 1005
1583180 1005
1583190 1005
1583200 1004
1583210 1004
1583220 1004
1583230 1004
1583240 1004
1583250 1004
1583260 1004
1583270 1004
1583280 1004
1583290 1004
1583300 1005
1583310 1005
1583320 1005
1583330 1006
1583340 1006
1583350 1006
1583360 1007
1583370 1007
1583380 1007
1583390 1008
1583400 1008
1583410 1008
1583420 1009
1583430 1009
1583440 1010
1583450 1011
1583460 1011
1583470 1012
1583480 1013
1583490 1013
1583500 1013
1583510 1013
1583520 1013
1583530 1014
1583540 1013
1583550 1013
1583560 1013
1583570 1013
1583580 1013
1583590 1013
1583600 1013
1583610 1013
1583620 1012
1583630 1012
1583640 1012
1583650 1012
1583660 1012
1583670 1012
1583680 1012
1583690 1013
1583700 1014
1583710 1014
1583720 1014
1583730 1015
1583740 1015
1583750 1015
1583760 1015
1583770 1015
1583780 1015
1583790 1015
1583800 1015
1583810 1015
1583820 1016
1583830 1016
1583840 1016
1583850 1017
1583860 1017
1583870 1018
1583880 1018
1583890 1017
1583900 1016
1583910 1014
1583920 1011
1583930 1008
1583940 1006
1583950 1009
1583960 1012
1583970 1017
1583980 1021
1583990 1026
1584000 1031
1584010 1034
1584020 1036
1584030 1038
1584040 1040
1584050 1041
1584060 1042
1584070 1043
1584080 1044
1584090 1045
1584100 1046
1584110 1047
1584120 1048
1584130 1049
1584140 1050
1584150 1051
1584160 1052
1584170 1052
1584180 1052
1584190 1052
1584200 1051
1584210 1049
1584220 1046
1584230 1043
1584240 1041
1584250 1038
1584260 1035
1584270 1034
1584280 1033
1584290 1030
1584300 1027
1584310 1024
1584320 1023
1584330 1026
1584340 1029
1584350 1033
1584360 1036
1584370 1039
1584380 1041
1584390 1043
1584400 1045
1584410 1047
1584420 1050
1584430 1053
1584440 1056
1584450 1059
1584460 1063
1584470 1066
1584480 1069
1584490 1072
1584500 1074
1584510 1076
1584520 1077
1584530 1078
1584540 1078
1584550 1078
1584560 1077
1584570 1076
1584580 1074
1584590 1071
1584600 1069
1584610 1067
1584620 1065
1584630 1063
1584640 1062
1584650 1061
1584660 1060
1584670 1060
1584680 1059
1584690 1059
1584700 1058
1584710 1058
1584720 1057
1584730 1057
1584740 1057
1584750 1057
1584760 1056
1584770 1056
1584780 1055
1584790 1055
1584800 1054
1584810 1052
1584820 1051
1584830 1050
1584840 1052
1584850 1055
1584860 1058
1584870 1062
1584880 1066
1584890 1070
1584900 1073
1584910 1075
1584920 1078
1584930 1080
1584940 1083
1584950 1085
1584960 1088
1584970 1091
1584980 1094
1584990 1097
1585000 1100
1585010 1103
1585020 1106
1585030 1109
1585040 1112
1585050 1115
1585060 1118
1585070 1121
1585080 1124
1585090 1127
1585100 1129
1585110 1132
1585120 1134
1585130 1137
1585140 1140
1585150 1142
1585160 1144
1585170 1145
1585180 1147
1585190 1148
1585200 1150
1585210 1150
1585220 1151
1585230 1151
1585240 1151
1585250 1151
1585260 1151
1585270 1151
1585280 1151
1585290 1151
1585300 1151
1585310 1151
1585320 1151
1585330 1152
1585340 1152
1585350 1152
1585360 1153
1585370 1154
1585380 1155
1585390 1156
1585400 1156
1585410 1156
1585420 1156
1585430 1157
1585440 1158
1585450 1159
1585460 1160
1585470 1161
1585480 1162
1585490 1163
1585500 1164
1585510 1164
1585520 1165
1585530 1166
1585540 1167
1585550 1168
1585560 1169
1585570 1170
1585580 1171
1585590 1172
1585600 1173
1585610 1174
1585620 1175
1585630 1176
1585640 1176
1585650 1177
1585660 1177
1585670 1178
1585680 1178
1585690 1179
1585700 1180
1585710 1180
1585720 1180
1585730 1180
1585740 1180
1585750 1180
1585760 1179
1585770 1179
1585780 1178
1585790 1178
1585800 1177
1585810 1176
1585820 1176
1585830 1175
1585840 1175
1585850 1175
1585860 1175
1585870 1175
1585880 1175
1585890 1175
1585900 1175
1585910 1176
1585920 1176
1585930 1177
1585940 1178
1585950 1179
1585960 1180
1585970 1181
1585980 1183
1585990 1184
1586000 1185
1586010 1186
1586020 1187
1586030 1188
1586040 1190
1586050 1191
1586060 1193
1586070 1194
1586080 1196
1586090 1197
1586100 1199
1586110 1200
1586120 1201
1586130 1203
1586140 1204
1586150 1206
1586160 1208
1586170 1210
1586180 1212
1586190 1214
1586200 1216
1586210 1218
1586220 1220
1586230 1222
1586240 1224
1586250 1226
1586260 1229
1586270 1231
1586280 1234
1586290 1236
1586300 1238
1586310 1240
1586320 1242
1586330 1243
1586340 1245
1586350 1246
1586360 1247
1586370 1247
1586380 1247
1586390 1246
1586400 1245
1586410 1243
1586420 1240
1586430 1237
1586440 1234
1586450 1231
1586460 1228
1586470 1226
1586480 1224
1586490 1223
1586500 1221
1586510 1219
1586520 1217
1586530 1216
1586540 1214
1586550 1212
1586560 1210
1586570 1208
1586580 1206
1586590 1204
1586600 1202
1586610 1200
1586620 1198
1586630 1195
1586640 1193
1586650 1191
1586660 1189
1586670 1187
1586680 1185
1586690 1184
1586700 1183
1586710 1182
1586720 1180
1586730 1179
1586740 1178
1586750 1177
1586760 1175
1586770 1174
1586780 1173
1586790 1171
1586800 1170
1586810 1169
1586820 1168
1586830 1167
1586840 1166
1586850 1164
1586860 1162
1586870 1161
1586880 1159
1586890 1156
1586900 1154
1586910 1152
1586920 1150
1586930 1148
1586940 1146
1586950 1143
1586960 1141
1586970 1139
1586980 1137
1586990 1134
1587000 1132
1587010 1131
1587020 1131
1587030 1132
1587040 1132
1587050 1132
1587060 1132
1587070 1133
1587080 1133
1587090 1134
1587100 1134
1587110 1135
1587120 1136
1587130 1137
1587140 1138
1587150 1139
1587160 1140
1587170 1142
1587180 1143
1587190 1145
1587200 1147
1587210 1148
1587220 1150
1587230 1151
1587240 1152
1587250 1154
1587260 1155
1587270 1156
1587280 1156
1587290 1157
1587300 1157
1587310 1156
1587320 1155
1587330 1154
1587340 1152
1587350 1150
1587360 1148
1587370 1146
1587380 1144
1587390 1142
1587400 1140
1587410 1139
1587420 1137
1587430 1135
1587440 1133
1587450 1130
1587460 1128
1587470 1125
1587480 1123
1587490 1120
1587500 1117
1587510 1114
1587520 1112
1587530 1109
1587540 1106
1587550 1103
1587560 1100
1587570 1097
1587580 1094
1587590 1092
1587600 1090
1587610 1088
1587620 1086
1587630 1084
1587640 1082
1587650 1081
1587660 1080
1587670 1078
1587680 1076
1587690 1075
1587700 1073
1587710 1070
1587720 1068
1587730 1066
1587740 1066
1587750 1066
1587760 1067
1587770 1067
1587780 1067
1587790 1067
1587800 1067
1587810 1068
1587820 1068
1587830 1068
1587840 1069
1587850 1069
1587860 1070
1587870 1070
1587880 1070
1587890 1071
1587900 1070
1587910 1070
1587920 1069
1587930 1067
1587940 1066
1587950 1064
1587960 1062
1587970 1059
1587980 1057
1587990 1055
1588000 1052
1588010 1050
1588020 1048
1588030 1045
1588040 1042
1588050 1038
1588060 1037
1588070 1037
1588080 1037
1588090 1037
1588100 1038
1588110 1039
1588120 1041
1588130 1043
1588140 1045
1588150 1046
1588160 1048
1588170 1049
1588180 1051
1588190 1053
1588200 1054
1588210 1056
1588220 1057
1588230 1059
1588240 1060
1588250 1062
1588260 1063
1588270 1064
1588280 1065
1588290 1067
1588300 1068
1588310 1069
1588320 1069
1588330 1070
1588340 1071
1588350 1072
1588360 1073
1588370 1073
1588380 1073
1588390 1072
1588400 1072
1588410 1070
1588420 1069
1588430 1067
1588440 1066
1588450 1065
1588460 1063
1588470 1061
1588480 1059
1588490 1058
1588500 1056
1588510 1053
1588520 1051
1588530 1049
1588540 1047
1588550 1044
1588560 1042
1588570 1040
1588580 1039
1588590 1037
1588600 1035
1588610 1033
1588620 1032
1588630 1030
1588640 1029
1588650 1028
1588660 1026
1588670 1023
1588680 1021
1588690 1018
1588700 1015
1588710 1013
1588720 1010
1588730 1008
1588740 1005
1588750 1003
1588760 1001
1588770 999
1588780 997
1588790 995
1588800 993
1588810 991
1588820 988
1588830 986
1588840 984
1588850 982
1588860 979
1588870 977
1588880 975
1588890 973
1588900 971
1588910 968
1588920 966
1588930 964
1588940 962
1588950 963
1588960 965
1588970 969
1588980 971
1588990 973
1589000 975
1589010 977
1589020 979
1589030 980
1589040 981
1589050 982
1589060 982
1589070 980
1589080 978
1589090 975
1589100 972
1589110 969
1589120 966
1589130 964
1589140 961
1589150 959
1589160 956
1589170 954
1589180 952
1589190 951
1589200 951
1589210 952
1589220 952
1589230 952
1589240 953
1589250 955
1589260 958
1589270 961
1589280 963
1589290 965
1589300 967
1589310 969
1589320 970
1589330 971
1589340 972
1589350 974
1589360 975
1589370 976
1589380 978
1589390 980
1589400 982
1589410 985
1589420 987
1589430 990
1589440 993
1589450 995
1589460 998
1589470 1001
1589480 1003
1589490 1005
1589500 1007
1589510 1008
1589520 1010
1589530 1011
1589540 1013
1589550 1014
1589560 1015
1589570 1016
1589580 1017
1589590 1019
1589600 1020
1589610 1021
1589620 1023
1589630 1024
1589640 1025
1589650 1026
1589660 1028
1589670 1030
1589680 1031
1589690 1032
1589700 1034
1589710 1035
1589720 1036
1589730 1038
1589740 1039
1589750 1040
1589760 1041
1589770 1043
1589780 1044
1589790 1046
1589800 1047
1589810 1048
1589820 1049
1589830 1050
1589840 1051
1589850 1053
1589860 1054
1589870 1055
1589880 1056
1589890 1057
1589900 1058
1589910 1059
1589920 1059
1589930 1060
1589940 1060
1589950 1061
1589960 1061
1589970 1061
1589980 1061
1589990 1061
1590000 1061
1590010 1061
1590020 1061
1590030 1060
1590040 1060
1590050 1060
1590060 1060
1590070 1060
1590080 1059
1590090 1059
1590100 1059
1590110 1059
1590120 1058
1590130 1058
1590140 1057
1590150 1057
1590160 1056
1590170 1055
1590180 1054
1590190 1053
1590200 1052
1590210 1051
1590220 1050
1590230 1050
1590240 1048
1590250 1047
1590260 1045
1590270 1044
1590280 1042
1590290 1040
1590300 1038
1590310 1036
1590320 1033
1590330 1031
1590340 1029
1590350 1026
1590360 1024
1590370 1023
1590380 1024
1590390 1025
1590400 1026
1590410 1026
1590420 1027
1590430 1027
1590440 1027
1590450 1027
1590460 1027
1590470 1026
1590480 1026
1590490 1025
1590500 1023
1590510 1021
1590520 1019
1590530 1017
1590540 1014
1590550 1012
1590560 1009
1590570 1007
1590580 1004
1590590 1001
1590600 998
1590610 995
1590620 994
1590630 994
1590640 995
1590650 996
1590660 999
1590670 1001
1590680 1004
1590690 1006
1590700 1008
1590710 1011
1590720 1014
1590730 1017
1590740 1021
1590750 1023
1590760 1025
1590770 1028
1590780 1030
1590790 1032
1590800 1034
1590810 1036
1590820 1038
1590830 1039
1590840 1041
1590850 1043
1590860 1045
1590870 1046
1590880 1048
1590890 1049
1590900 1051
1590910 1052
1590920 1054
1590930 1056
1590940 1058
1590950 1059
1590960 1061
1590970 1063
1590980 1065
1590990 1067
1591000 1068
1591010 1070
1591020 1072
1591030 1073
1591040 1075
1591050 1077
1591060 1079
1591070 1081
1591080 1083
1591090 1085
1591100 1087
1591110 1088
1591120 1090
1591130 1091
1591140 1093
1591150 1094
1591160 1095
1591170 1096
1591180 1097
1591190 1098
1591200 1099
1591210 1100
1591220 1101
1591230 1102
1591240 1104
1591250 1106
1591260 1107
1591270 1109
1591280 1110
1591290 1112
1591300 1113
1591310 1115
1591320 1117
1591330 1118
1591340 1120
1591350 1122
1591360 1123
1591370 1125
1591380 1126
1591390 1128
1591400 1129
1591410 1130
1591420 1131
1591430 1132
1591440 1132
1591450 1132
1591460 1132
1591470 1132
1591480 1132
1591490 1132
1591500 1132
1591510 1131
1591520 1131
1591530 1130
1591540 1129
1591550 1128
1591560 1127
1591570 1125
1591580 1124
1591590 1123
1591600 1121
1591610 1120
1591620 1119
1591630 1117
1591640 1115
1591650 1112
1591660 1110
1591670 1106
1591680 1103
1591690 1099
1591700 1095
1591710 1091
1591720 1088
1591730 1084
1591740 1081
1591750 1079
1591760 1077
1591770 1075
1591780 1073
1591790 1072
1591800 1071
1591810 1070
1591820 1068
1591830 1066
1591840 1065
1591850 1064
1591860 1063
1591870 1062
1591880 1061
1591890 1059
1591900 1058
1591910 1056
1591920 1054
1591930 1052
1591940 1051
1591950 1049
1591960 1046
1591970 1044
1591980 1042
1591990 1040
1592000 1038
1592010 1037
1592020 1035
1592030 1033
1592040 1031
1592050 1030
1592060 1028
1592070 1027
1592080 1027
1592090 1026
1592100 1026
1592110 1025
1592120 1025
1592130 1025
1592140 1025
1592150 1025
1592160 1024
1592170 1023
1592180 1021
1592190 1019
1592200 1017
1592210 1015
1592220 1012
1592230 1010
1592240 1008
1592250 1005
1592260 1001
1592270 998
1592280 995
1592290 992
1592300 990
1592310 988
1592320 985
1592330 983
1592340 981
1592350 979
1592360 976
1592370 974
1592380 971
1592390 969
1592400 967
1592410 964
1592420 962
1592430 959
1592440 957
1592450 955
1592460 952
1592470 949
1592480 947
1592490 945
1592500 943
1592510 942
1592520 942
1592530 942
1592540 942
1592550 943
1592560 943
1592570 944
1592580 946
1592590 947
1592600 949
1592610 951
1592620 953
1592630 954
1592640 955
1592650 956
1592660 956
1592670 956
1592680 956
1592690 955
1592700 954
1592710 952
1592720 951
1592730 949
1592740 947
1592750 945
1592760 943
1592770 941
1592780 938
1592790 936
1592800 935
1592810 933
1592820 932
1592830 930
1592840 929
1592850 927
1592860 925
1592870 923
1592880 922
1592890 921
1592900 920
1592910 919
1592920 919
1592930 918
1592940 917
1592950 917
1592960 916
1592970 915
1592980 914
1592990 914
1593000 913
1593010 912
1593020 912
1593030 911
1593040 911
1593050 910
1593060 909
1593070 908
1593080 905
1593090 900
1593100 896
1593110 891
1593120 886
1593130 880
1593140 875
1593150 870
1593160 866
1593170 861
1593180 858
1593190 857
1593200 856
1593210 856
1593220 856
1593230 856
1593240 858
1593250 863
1593260 867
1593270 872
1593280 875
1593290 879
1593300 883
1593310 886
1593320 889
1593330 892
1593340 895
1593350 897
1593360 899
1593370 901
1593380 903
1593390 905
1593400 907
1593410 909
1593420 911
1593430 913
1593440 915
1593450 917
1593460 918
1593470 919
1593480 921
1593490 922
1593500 923
1593510 924
1593520 926
1593530 927
1593540 928
1593550 929
1593560 929
1593570 930
1593580 930
1593590 931
1593600 931
1593610 931
1593620 931
1593630 931
1593640 930
1593650 930
1593660 929
1593670 928
1593680 927
1593690 926
1593700 926
1593710 925
1593720 925
1593730 924
1593740 923
1593750 923
1593760 922
1593770 921
1593780 921
1593790 920
1593800 920
1593810 919
1593820 918
1593830 918
1593840 917
1593850 917
1593860 916
1593870 915
1593880 915
1593890 914
1593900 913
1593910 912
1593920 912
1593930 911
1593940 910
1593950 909
1593960 907
1593970 905
1593980 902
1593990 899
1594000 896
1594010 894
1594020 891
1594030 889
1594040 887
1594050 885
1594060 883
1594070 880
1594080 876
1594090 873
1594100 869
1594110 866
1594120 864
1594130 863
1594140 863
1594150 863
1594160 862
1594170 862
1594180 862
1594190 861
1594200 861
1594210 863
1594220 865
1594230 870
1594240 875
1594250 880
1594260 883
1594270 887
1594280 891
1594290 895
1594300 898
1594310 902
1594320 904
1594330 907
1594340 909
1594350 912
1594360 914
1594370 916
1594380 918
1594390 920
1594400 922
1594410 923
1594420 925
1594430 926
1594440 927
1594450 929
1594460 930
1594470 930
1594480 931
1594490 931
1594500 931
1594510 931
1594520 931
1594530 930
1594540 930
1594550 928
1594560 927
1594570 926
1594580 924
1594590 923
1594600 921
1594610 919
1594620 917
1594630 915
1594640 914
1594650 912
1594660 910
1594670 909
1594680 908
1594690 907
1594700 906
1594710 905
1594720 904
1594730 903
1594740 902
1594750 900
1594760 898
1594770 895
1594780 892
1594790 889
1594800 888
1594810 888
1594820 888
1594830 890
1594840 892
1594850 894
1594860 896
1594870 898
1594880 899
1594890 901
1594900 903
1594910 905
1594920 907
1594930 909
1594940 911
1594950 913
1594960 915
1594970 917
1594980 918
1594990 920
1595000 921
1595010 923
1595020 925
1595030 926
1595040 928
1595050 929
1595060 931
1595070 932
1595080 934
1595090 935
1595100 937
1595110 938
1595120 939
1595130 941
1595140 942
1595150 943
1595160 944
1595170 944
1595180 945
1595190 946
1595200 947
1595210 947
1595220 946
1595230 946
1595240 945
1595250 944
1595260 943
1595270 942
1595280 941
1595290 939
1595300 938
1595310 936
1595320 935
1595330 933
1595340 931
1595350 930
1595360 928
1595370 927
1595380 925
1595390 923
1595400 922
1595410 920
1595420 918
1595430 917
1595440 915
1595450 913
1595460 912
1595470 910
1595480 908
1595490 906
1595500 904
1595510 902
1595520 900
1595530 898
1595540 896
1595550 893
1595560 891
1595570 889
1595580 888
1595590 885
1595600 882
1595610 880
1595620 877
1595630 875
1595640 873
1595650 870
1595660 868
1595670 865
1595680 863
1595690 860
1595700 857
1595710 855
1595720 852
1595730 849
1595740 846
1595750 844
1595760 841
1595770 838
1595780 836
1595790 833
1595800 831
1595810 827
1595820 824
1595830 821
1595840 819
1595850 817
1595860 815
1595870 814
1595880 812
1595890 811
1595900 810
1595910 809
1595920 808
1595930 807
1595940 806
1595950 805
1595960 804
1595970 803
1595980 802
1595990 799
1596000 797
1596010 794
1596020 791
1596030 788
1596040 787
1596050 788
1596060 790
1596070 792
1596080 794
1596090 796
1596100 798
1596110 800
1596120 802
1596130 805
1596140 808
1596150 810
1596160 812
1596170 813
1596180 814
1596190 814
1596200 814
1596210 815
1596220 817
1596230 819
1596240 821
1596250 824
1596260 827
1596270 830
1596280 833
1596290 837
1596300 840
1596310 843
1596320 846
1596330 848
1596340 851
1596350 853
1596360 856
1596370 858
1596380 861
1596390 863
1596400 863
1596410 863
1596420 863
1596430 862
1596440 861
1596450 861
1596460 860
1596470 859
1596480 858
1596490 857
1596500 855
1596510 854
1596520 853
1596530 851
1596540 850
1596550 848
1596560 846
1596570 843
1596580 840
1596590 838
1596600 837
1596610 835
1596620 834
1596630 832
1596640 830
1596650 827
1596660 825
1596670 823
1596680 821
1596690 818
1596700 816
1596710 814
1596720 812
1596730 809
1596740 807
1596750 805
1596760 802
1596770 800
1596780 798
1596790 795
1596800 793
1596810 790
1596820 787
1596830 785
1596840 782
1596850 779
1596860 776
1596870 772
1596880 767
1596890 764
1596900 761
1596910 759
1596920 758
1596930 758
1596940 759
1596950 763
1596960 766
1596970 768
1596980 770
1596990 772
1597000 773
1597010 776
1597020 780
1597030 784
1597040 786
1597050 789
1597060 792
1597070 795
1597080 798
1597090 801
1597100 804
1597110 807
1597120 809
1597130 812
1597140 815
1597150 818
1597160 820
1597170 822
1597180 823
1597190 824
1597200 823
1597210 821
1597220 817
1597230 813
1597240 811
1597250 810
1597260 812
1597270 815
1597280 818
1597290 820
1597300 821
1597310 822
1597320 823
1597330 825
1597340 827
1597350 829
1597360 831
1597370 834
1597380 836
1597390 838
1597400 840
1597410 842
1597420 844
1597430 846
1597440 847
1597450 849
1597460 852
1597470 855
1597480 858
1597490 862
1597500 865
1597510 868
1597520 870
1597530 871
1597540 872
1597550 874
1597560 875
1597570 877
1597580 879
1597590 881
1597600 883
1597610 885
1597620 887
1597630 889
1597640 891
1597650 893
1597660 896
1597670 897
1597680 900
1597690 902
1597700 904
1597710 907
1597720 910
1597730 913
1597740 916
1597750 920
1597760 924
1597770 930
1597780 936
1597790 942
1597800 947
1597810 950
1597820 952
1597830 953
1597840 953
1597850 952
1597860 951
1597870 950
1597880 949
1597890 947
1597900 945
1597910 943
1597920 940
1597930 938
1597940 935
1597950 933
1597960 931
1597970 928
1597980 926
1597990 924
1598000 922
1598010 921
1598020 919
1598030 918
1598040 916
1598050 916
1598060 915
1598070 913
1598080 912
1598090 911
1598100 911
1598110 912
1598120 913
1598130 915
1598140 917
1598150 917
1598160 918
1598170 919
1598180 919
1598190 920
1598200 921
1598210 921
1598220 921
1598230 922
1598240 922
1598250 922
1598260 923
1598270 924
1598280 924
1598290 924
1598300 925
1598310 925
1598320 926
1598330 927
1598340 928
1598350 929
1598360 930
1598370 931
1598380 932
1598390 933
1598400 934
1598410 935
1598420 936
1598430 938
1598440 939
1598450 941
1598460 943
1598470 945
1598480 946
1598490 948
1598500 950
1598510 952
1598520 954
1598530 955
1598540 957
1598550 958
1598560 960
1598570 962
1598580 964
1598590 965
1598600 967
1598610 969
1598620 970
1598630 972
1598640 973
1598650 973
1598660 974
1598670 976
1598680 979
1598690 981
1598700 982
1598710 983
1598720 984
1598730 985
1598740 986
1598750 987
1598760 988
1598770 989
1598780 991
1598790 992
1598800 992
1598810 993
1598820 994
1598830 995
1598840 996
1598850 997
1598860 998
1598870 999
1598880 999
1598890 999
1598900 999
1598910 999
1598920 999
1598930 1000
1598940 999
1598950 998
1598960 996
1598970 993
1598980 990
1598990 987
1599000 984
1599010 981
1599020 978
1599030 975
1599040 972
1599050 969
1599060 967
1599070 964
1599080 961
1599090 958
1599100 956
1599110 953
1599120 951
1599130 948
1599140 945
1599150 943
1599160 941
1599170 938
1599180 936
1599190 933
1599200 931
1599210 928
1599220 926
1599230 924
1599240 921
1599250 919
1599260 917
1599270 914
1599280 912
1599290 910
1599300 907
1599310 905
1599320 903
1599330 901
1599340 899
1599350 898
1599360 896
1599370 895
1599380 893
1599390 892
1599400 891
1599410 890
1599420 887
1599430 885
1599440 885
1599450 886
1599460 887
1599470 888
1599480 890
1599490 892
1599500 895
1599510 896
1599520 899
1599530 901
1599540 903
1599550 906
1599560 908
1599570 911
1599580 913
1599590 915
1599600 917
1599610 919
1599620 921
1599630 923
1599640 925
1599650 927
1599660 929
1599670 931
1599680 933
1599690 934
1599700 936
1599710 938
1599720 940
1599730 942
1599740 944
1599750 946
1599760 948
1599770 949
1599780 951
1599790 953
1599800 954
1599810 956
1599820 957
1599830 958
1599840 959
1599850 961
1599860 962
1599870 962
1599880 963
1599890 964
1599900 964
1599910 965
1599920 966
1599930 966
1599940 967
1599950 968
1599960 969
1599970 970
1599980 970
1599990 971
