1580000 1277
1580010 1278
1580020 1280
1580030 1281
1580040 1282
1580050 1283
1580060 1284
1580070 1284
1580080 1285
1580090 1285
1580100 1285
1580110 1285
1580120 1285
1580130 1285
1580140 1284
1580150 1282
1580160 1280
1580170 1278
1580180 1276
1580190 1274
1580200 1272
1580210 1270
1580220 1268
1580230 1266
1580240 1264
1580250 1262
1580260 1260
1580270 1258
1580280 1256
1580290 1254
1580300 1252
1580310 1250
1580320 1249
1580330 1247
1580340 1245
1580350 1243
1580360 1241
1580370 1239
1580380 1237
1580390 1235
1580400 1234
1580410 1231
1580420 1228
1580430 1225
1580440 1221
1580450 1218
1580460 1215
1580470 1212
1580480 1210
1580490 1208
1580500 1205
1580510 1201
1580520 1197
1580530 1192
1580540 1188
1580550 1184
1580560 1181
1580570 1178
1580580 1176
1580590 1173
1580600 1171
1580610 1169
1580620 1167
1580630 1166
1580640 1167
1580650 1170
1580660 1172
1580670 1173
1580680 1175
1580690 1177
1580700 1179
1580710 1181
1580720 1183
1580730 1185
1580740 1187
1580750 1190
1580760 1193
1580770 1195
1580780 1198
1580790 1200
1580800 1203
1580810 1206
1580820 1209
1580830 1211
1580840 1214
1580850 1216
1580860 1219
1580870 1221
1580880 1224
1580890 1227
1580900 1230
1580910 1232
1580920 1235
1580930 1238
1580940 1240
1580950 1242
1580960 1244
1580970 1245
1580980 1247
1580990 1250
1581000 1252
1581010 1254
1581020 1256
1581030 1259
1581040 1260
1581050 1262
1581060 1264
1581070 1266
1581080 1268
1581090 1270
1581100 1271
1581110 1273
1581120 1274
1581130 1275
1581140 1276
1581150 1277
1581160 1278
1581170 1278
1581180 1278
1581190 1277
1581200 1276
1581210 1274
1581220 1272
1581230 1269
1581240 1266
1581250 1263
1581260 1260
1581270 1257
1581280 1254
1581290 1251
1581300 1248
1581310 1245
1581320 1242
1581330 1239
1581340 1236
1581350 1233
1581360 1231
1581370 1230
1581380 1229
1581390 1228
1581400 1227
1581410 1226
1581420 1225
1581430 1225
1581440 1224
1581450 1223
1581460 1222
1581470 1221
1581480 1220
1581490 1220
1581500 1219
1581510 1218
1581520 1217
1581530 1217
1581540 1216
1581550 1215
1581560 1215
1581570 1214
1581580 1213
1581590 1213
1581600 1213
1581610 1212
1581620 1211
1581630 1210
1581640 1210
1581650 1209
1581660 1208
1581670 1208
1581680 1208
1581690 1208
1581700 1207
1581710 1206
1581720 1206
1581730 1205
1581740 1204
1581750 1204
1581760 1203
1581770 1202
1581780 1201
1581790 1201
1581800 1200
1581810 1199
1581820 1199
1581830 1198
1581840 1197
1581850 1196
1581860 1195
1581870 1193
1581880 1192
1581890 1191
1581900 1190
1581910 1188
1581920 1186
1581930 1184
1581940 1182
1581950 1181
1581960 1178
1581970 1175
1581980 1172
1581990 1168
1582000 1164
1582010 1160
1582020 1157
1582030 1153
1582040 1150
1582050 1146
1582060 1142
1582070 1138
1582080 1135
1582090 1131
1582100 1128
1582110 1126
1582120 1122
1582130 1119
1582140 1116
1582150 1115
1582160 1113
1582170 1110
1582180 1107
1582190 1104
1582200 1101
1582210 1099
1582220 1097
1582230 1094
1582240 1092
1582250 1089
1582260 1086
1582270 1083
1582280 1080
1582290 1077
1582300 1074
1582310 1071
1582320 1067
1582330 1064
1582340 1060
1582350 1057
1582360 1054
1582370 1051
1582380 1049
1582390 1046
1582400 1044
1582410 1043
1582420 1044
1582430 1047
1582440 1049
1582450 1052
1582460 1054
1582470 1056
1582480 1058
1582490 1060
1582500 1063
1582510 1065
1582520 1067
1582530 1069
1582540 1071
1582550 1072
1582560 1074
1582570 1075
1582580 1076
1582590 1076
1582600 1076
1582610 1075
1582620 1074
1582630 1072
1582640 1071
1582650 1070
1582660 1068
1582670 1067
1582680 1065
1582690 1065
1582700 1064
1582710 1064
1582720 1064
1582730 1063
1582740 1060
1582750 1056
1582760 1053
1582770 1050
1582780 1048
1582790 1047
1582800 1046
1582810 1047
1582820 1046
1582830 1045
1582840 1043
1582850 1040
1582860 1037
1582870 1034
1582880 1031
1582890 1028
1582900 1026
1582910 1023
1582920 1021
1582930 1019
1582940 1018
1582950 1016
1582960 1015
1582970 1014
1582980 1013
1582990 1013
1583000 1012
1583010 1012
1583020 1011
1583030 1010
1583040 1010
1583050 1009
1583060 1009
1583070 1008
1583080 1008
1583090 1007
1583100 1007
1583110 1007
1583120 1007
1583130 1006
1583140 1006
1583150 1006
1583160 1007
1583170 1008
1583180 1009
1583190 1010
1583200 1012
1583210 1014
1583220 1014
1583230 1015
1583240 1016
1583250 1016
1583260 1016
1583270 1016
1583280 1016
1583290 1016
1583300 1016
1583310 1016
1583320 1017
1583330 1017
1583340 1018
1583350 1018
1583360 1018
1583370 1018
1583380 1019
1583390 1019
1583400 1019
1583410 1019
1583420 1019
1583430 1019
1583440 1020
1583450 1020
1583460 1020
1583470 1021
1583480 1021
1583490 1021
1583500 1021
1583510 1022
1583520 1022
1583530 1023
1583540 1023
1583550 1024
1583560 1023
1583570 1023
1583580 1024
1583590 1024
1583600 1024
1583610 1024
1583620 1023
1583630 1023
1583640 1023
1583650 1022
1583660 1022
1583670 1022
1583680 1022
1583690 1022
1583700 1022
1583710 1022
1583720 1023
1583730 1023
1583740 1023
1583750 1023
1583760 1023
1583770 1023
1583780 1024
1583790 1024
1583800 1024
1583810 1024
1583820 1024
1583830 1024
1583840 1024
1583850 1023
1583860 1023
1583870 1022
1583880 1022
1583890 1022
1583900 1022
1583910 1020
1583920 1017
1583930 1014
1583940 1011
1583950 1011
1583960 1013
1583970 1018
1583980 1023
1583990 1028
1584000 1033
1584010 1035
1584020 1038
1584030 1041
1584040 1044
1584050 1046
1584060 1048
1584070 1049
1584080 1051
1584090 1053
1584100 1054
1584110 1056
1584120 1057
1584130 1058
1584140 1059
1584150 1060
1584160 1061
1584170 1061
1584180 1061
1584190 1060
1584200 1058
1584210 1056
1584220 1054
1584230 1051
1584240 1048
1584250 1045
1584260 1043
1584270 1041
1584280 1040
1584290 1038
1584300 1034
1584310 1031
1584320 1028
1584330 1030
1584340 1033
1584350 1037
1584360 1040
1584370 1043
1584380 1045
1584390 1047
1584400 1049
1584410 1051
1584420 1053
1584430 1055
1584440 1057
1584450 1060
1584460 1063
1584470 1067
1584480 1070
1584490 1073
1584500 1076
1584510 1079
1584520 1080
1584530 1082
1584540 1083
1584550 1084
1584560 1084
1584570 1084
1584580 1083
1584590 1082
1584600 1081
1584610 1080
1584620 1078
1584630 1076
1584640 1074
1584650 1073
1584660 1072
1584670 1071
1584680 1070
1584690 1069
1584700 1068
1584710 1067
1584720 1066
1584730 1066
1584740 1065
1584750 1065
1584760 1065
1584770 1064
1584780 1064
1584790 1063
1584800 1063
1584810 1062
1584820 1061
1584830 1060
1584840 1058
1584850 1057
1584860 1057
1584870 1060
1584880 1063
1584890 1066
1584900 1068
1584910 1071
1584920 1075
1584930 1078
1584940 1081
1584950 1083
1584960 1085
1584970 1088
1584980 1091
1584990 1094
1585000 1097
1585010 1099
1585020 1102
1585030 1105
1585040 1108
1585050 1110
1585060 1113
1585070 1116
1585080 1119
1585090 1122
1585100 1125
1585110 1128
1585120 1130
1585130 1133
1585140 1136
1585150 1139
1585160 1142
1585170 1144
1585180 1146
1585190 1148
1585200 1151
1585210 1153
1585220 1155
1585230 1157
1585240 1157
1585250 1158
1585260 1158
1585270 1159
1585280 1159
1585290 1159
1585300 1159
1585310 1160
1585320 1160
1585330 1161
1585340 1161
1585350 1162
1585360 1162
1585370 1163
1585380 1164
1585390 1164
1585400 1165
1585410 1165
1585420 1165
1585430 1166
1585440 1166
1585450 1167
1585460 1168
1585470 1169
1585480 1169
1585490 1170
1585500 1171
1585510 1172
1585520 1173
1585530 1173
1585540 1174
1585550 1175
1585560 1176
1585570 1177
1585580 1178
1585590 1178
1585600 1179
1585610 1180
1585620 1181
1585630 1181
1585640 1182
1585650 1183
1585660 1184
1585670 1185
1585680 1185
1585690 1186
1585700 1186
1585710 1187
1585720 1187
1585730 1188
1585740 1188
1585750 1188
1585760 1188
1585770 1188
1585780 1188
1585790 1187
1585800 1187
1585810 1186
1585820 1186
1585830 1185
1585840 1185
1585850 1185
1585860 1185
1585870 1185
1585880 1185
1585890 1184
1585900 1184
1585910 1184
1585920 1184
1585930 1184
1585940 1185
1585950 1186
1585960 1187
1585970 1188
1585980 1190
1585990 1191
1586000 1191
1586010 1192
1586020 1193
1586030 1194
1586040 1196
1586050 1197
1586060 1198
1586070 1200
1586080 1201
1586090 1203
1586100 1205
1586110 1206
1586120 1207
1586130 1209
1586140 1210
1586150 1212
1586160 1213
1586170 1215
1586180 1217
1586190 1219
1586200 1221
1586210 1224
1586220 1226
1586230 1228
1586240 1230
1586250 1233
1586260 1234
1586270 1236
1586280 1238
1586290 1239
1586300 1241
1586310 1243
1586320 1245
1586330 1247
1586340 1249
1586350 1251
1586360 1251
1586370 1250
1586380 1249
1586390 1246
1586400 1244
1586410 1241
1586420 1238
1586430 1235
1586440 1232
1586450 1229
1586460 1226
1586470 1223
1586480 1221
1586490 1220
1586500 1218
1586510 1216
1586520 1214
1586530 1212
1586540 1210
1586550 1208
1586560 1206
1586570 1204
1586580 1201
1586590 1199
1586600 1196
1586610 1193
1586620 1191
1586630 1188
1586640 1186
1586650 1183
1586660 1181
1586670 1179
1586680 1177
1586690 1175
1586700 1174
1586710 1172
1586720 1171
1586730 1169
1586740 1168
1586750 1166
1586760 1165
1586770 1163
1586780 1162
1586790 1161
1586800 1160
1586810 1159
1586820 1158
1586830 1157
1586840 1156
1586850 1155
1586860 1154
1586870 1153
1586880 1152
1586890 1150
1586900 1149
1586910 1148
1586920 1146
1586930 1144
1586940 1142
1586950 1140
1586960 1138
1586970 1136
1586980 1134
1586990 1131
1587000 1129
1587010 1126
1587020 1123
1587030 1121
1587040 1120
1587050 1121
1587060 1122
1587070 1123
1587080 1123
1587090 1124
1587100 1125
1587110 1125
1587120 1126
1587130 1127
1587140 1128
1587150 1129
1587160 1131
1587170 1132
1587180 1133
1587190 1135
1587200 1137
1587210 1138
1587220 1140
1587230 1141
1587240 1143
1587250 1144
1587260 1146
1587270 1147
1587280 1148
1587290 1149
1587300 1149
1587310 1149
1587320 1149
1587330 1148
1587340 1147
1587350 1146
1587360 1145
1587370 1143
1587380 1142
1587390 1140
1587400 1138
1587410 1136
1587420 1135
1587430 1133
1587440 1131
1587450 1130
1587460 1127
1587470 1125
1587480 1122
1587490 1120
1587500 1117
1587510 1115
1587520 1112
1587530 1109
1587540 1107
1587550 1104
1587560 1101
1587570 1099
1587580 1096
1587590 1094
1587600 1092
1587610 1090
1587620 1088
1587630 1086
1587640 1084
1587650 1082
1587660 1080
1587670 1078
1587680 1077
1587690 1075
1587700 1073
1587710 1071
1587720 1069
1587730 1068
1587740 1066
1587750 1064
1587760 1063
1587770 1061
1587780 1060
1587790 1059
1587800 1059
1587810 1059
1587820 1059
1587830 1059
1587840 1059
1587850 1059
1587860 1059
1587870 1060
1587880 1060
1587890 1060
1587900 1060
1587910 1061
1587920 1061
1587930 1061
1587940 1060
1587950 1060
1587960 1059
1587970 1057
1587980 1055
1587990 1053
1588000 1051
1588010 1049
1588020 1047
1588030 1045
1588040 1042
1588050 1039
1588060 1036
1588070 1034
1588080 1033
1588090 1033
1588100 1033
1588110 1033
1588120 1034
1588130 1036
1588140 1037
1588150 1039
1588160 1041
1588170 1042
1588180 1043
1588190 1045
1588200 1046
1588210 1048
1588220 1049
1588230 1051
1588240 1052
1588250 1054
1588260 1055
1588270 1056
1588280 1058
1588290 1059
1588300 1060
1588310 1062
1588320 1063
1588330 1064
1588340 1065
1588350 1066
1588360 1067
1588370 1068
1588380 1069
1588390 1070
1588400 1070
1588410 1070
1588420 1070
1588430 1068
1588440 1067
1588450 1066
1588460 1064
1588470 1063
1588480 1061
1588490 1060
1588500 1058
1588510 1056
1588520 1054
1588530 1052
1588540 1050
1588550 1048
1588560 1046
1588570 1044
1588580 1042
1588590 1040
1588600 1038
1588610 1037
1588620 1035
1588630 1033
1588640 1032
1588650 1030
1588660 1029
1588670 1027
1588680 1024
1588690 1022
1588700 1019
1588710 1016
1588720 1014
1588730 1011
1588740 1009
1588750 1006
1588760 1004
1588770 1002
1588780 999
1588790 997
1588800 995
1588810 993
1588820 990
1588830 988
1588840 985
1588850 983
1588860 981
1588870 979
1588880 977
1588890 974
1588900 972
1588910 970
1588920 968
1588930 966
1588940 963
1588950 961
1588960 960
1588970 959
1588980 961
1588990 964
1589000 967
1589010 969
1589020 971
1589030 973
1589040 973
1589050 974
1589060 974
1589070 972
1589080 968
1589090 965
1589100 963
1589110 960
1589120 958
1589130 955
1589140 953
1589150 951
1589160 950
1589170 949
1589180 949
1589190 949
1589200 949
1589210 949
1589220 950
1589230 952
1589240 954
1589250 957
1589260 959
1589270 962
1589280 964
1589290 965
1589300 967
1589310 969
1589320 970
1589330 972
1589340 973
1589350 975
1589360 976
1589370 978
1589380 979
1589390 982
1589400 984
1589410 986
1589420 989
1589430 991
1589440 993
1589450 996
1589460 998
1589470 1000
1589480 1002
1589490 1004
1589500 1006
1589510 1008
1589520 1009
1589530 1011
1589540 1012
1589550 1014
1589560 1016
1589570 1017
1589580 1019
1589590 1020
1589600 1021
1589610 1022
1589620 1023
1589630 1024
1589640 1025
1589650 1025
1589660 1026
1589670 1028
1589680 1029
1589690 1030
1589700 1031
1589710 1033
1589720 1034
1589730 1035
1589740 1036
1589750 1037
1589760 1039
1589770 1040
1589780 1041
1589790 1043
1589800 1044
1589810 1045
1589820 1047
1589830 1048
1589840 1049
1589850 1050
1589860 1051
1589870 1052
1589880 1053
1589890 1054
1589900 1055
1589910 1056
1589920 1057
1589930 1057
1589940 1058
1589950 1058
1589960 1058
1589970 1058
1589980 1058
1589990 1058
1590000 1058
1590010 1057
1590020 1057
1590030 1057
1590040 1057
1590050 1056
1590060 1056
1590070 1056
1590080 1056
1590090 1055
1590100 1055
1590110 1055
1590120 1054
1590130 1054
1590140 1053
1590150 1053
1590160 1052
1590170 1051
1590180 1050
1590190 1049
1590200 1048
1590210 1047
1590220 1046
1590230 1045
1590240 1045
1590250 1044
1590260 1043
1590270 1041
1590280 1040
1590290 1038
1590300 1036
1590310 1033
1590320 1031
1590330 1028
1590340 1026
1590350 1024
1590360 1023
1590370 1020
1590380 1019
1590390 1018
1590400 1018
1590410 1019
1590420 1020
1590430 1021
1590440 1022
1590450 1022
1590460 1023
1590470 1023
1590480 1023
1590490 1023
1590500 1022
1590510 1021
1590520 1019
1590530 1017
1590540 1015
1590550 1012
1590560 1010
1590570 1007
1590580 1004
1590590 1001
1590600 997
1590610 994
1590620 992
1590630 992
1590640 992
1590650 993
1590660 995
1590670 997
1590680 1000
1590690 1002
1590700 1004
1590710 1007
1590720 1009
1590730 1013
1590740 1017
1590750 1021
1590760 1023
1590770 1026
1590780 1028
1590790 1030
1590800 1031
1590810 1033
1590820 1035
1590830 1037
1590840 1039
1590850 1041
1590860 1043
1590870 1044
1590880 1046
1590890 1047
1590900 1048
1590910 1049
1590920 1051
1590930 1053
1590940 1054
1590950 1056
1590960 1058
1590970 1060
1590980 1061
1590990 1063
1591000 1065
1591010 1066
1591020 1068
1591030 1070
1591040 1071
1591050 1073
1591060 1074
1591070 1076
1591080 1078
1591090 1080
1591100 1082
1591110 1084
1591120 1086
1591130 1088
1591140 1089
1591150 1090
1591160 1091
1591170 1091
1591180 1092
1591190 1093
1591200 1094
1591210 1095
1591220 1096
1591230 1097
1591240 1099
1591250 1100
1591260 1102
1591270 1103
1591280 1105
1591290 1107
1591300 1108
1591310 1109
1591320 1111
1591330 1113
1591340 1115
1591350 1117
1591360 1118
1591370 1120
1591380 1121
1591390 1123
1591400 1124
1591410 1125
1591420 1126
1591430 1127
1591440 1128
1591450 1128
1591460 1128
1591470 1128
1591480 1129
1591490 1129
1591500 1129
1591510 1129
1591520 1128
1591530 1128
1591540 1127
1591550 1126
1591560 1125
1591570 1124
1591580 1123
1591590 1121
1591600 1120
1591610 1119
1591620 1117
1591630 1116
1591640 1114
1591650 1112
1591660 1110
1591670 1108
1591680 1105
1591690 1102
1591700 1098
1591710 1094
1591720 1091
1591730 1087
1591740 1084
1591750 1081
1591760 1078
1591770 1076
1591780 1074
1591790 1072
1591800 1071
1591810 1069
1591820 1066
1591830 1065
1591840 1064
1591850 1063
1591860 1061
1591870 1059
1591880 1058
1591890 1056
1591900 1054
1591910 1052
1591920 1050
1591930 1048
1591940 1045
1591950 1043
1591960 1040
1591970 1037
1591980 1035
1591990 1032
1592000 1030
1592010 1028
1592020 1026
1592030 1024
1592040 1022
1592050 1020
1592060 1019
1592070 1018
1592080 1016
1592090 1015
1592100 1014
1592110 1013
1592120 1013
1592130 1012
1592140 1011
1592150 1011
1592160 1011
1592170 1011
1592180 1011
1592190 1011
1592200 1011
1592210 1011
1592220 1010
1592230 1008
1592240 1006
1592250 1004
1592260 1001
1592270 999
1592280 997
1592290 994
1592300 992
1592310 990
1592320 987
1592330 985
1592340 983
1592350 981
1592360 979
1592370 977
1592380 974
1592390 972
1592400 970
1592410 967
1592420 965
1592430 962
1592440 960
1592450 957
1592460 954
1592470 952
1592480 949
1592490 946
1592500 944
1592510 941
1592520 938
1592530 936
1592540 935
1592550 934
1592560 933
1592570 933
1592580 934
1592590 935
1592600 937
1592610 939
1592620 941
1592630 942
1592640 944
1592650 946
1592660 947
1592670 948
1592680 950
1592690 950
1592700 950
1592710 950
1592720 949
1592730 947
1592740 945
1592750 943
1592760 940
1592770 938
1592780 936
1592790 934
1592800 932
1592810 930
1592820 928
1592830 926
1592840 924
1592850 922
1592860 921
1592870 919
1592880 918
1592890 916
1592900 915
1592910 914
1592920 912
1592930 911
1592940 910
1592950 909
1592960 908
1592970 908
1592980 907
1592990 906
1593000 906
1593010 906
1593020 906
1593030 906
1593040 906
1593050 906
1593060 905
1593070 905
1593080 904
1593090 903
1593100 900
1593110 896
1593120 891
1593130 885
1593140 879
1593150 874
1593160 870
1593170 866
1593180 861
1593190 857
1593200 855
1593210 854
1593220 853
1593230 853
1593240 854
1593250 858
1593260 861
1593270 865
1593280 868
1593290 871
1593300 874
1593310 877
1593320 880
1593330 884
1593340 887
1593350 890
1593360 892
1593370 895
1593380 897
1593390 899
1593400 901
1593410 903
1593420 906
1593430 908
1593440 911
1593450 912
1593460 914
1593470 915
1593480 916
1593490 917
1593500 918
1593510 920
1593520 921
1593530 922
1593540 923
1593550 924
1593560 925
1593570 925
1593580 925
1593590 925
1593600 926
1593610 926
1593620 926
1593630 926
1593640 925
1593650 924
1593660 923
1593670 922
1593680 921
1593690 920
1593700 920
1593710 919
1593720 918
1593730 918
1593740 917
1593750 917
1593760 916
1593770 916
1593780 915
1593790 914
1593800 914
1593810 913
1593820 912
1593830 911
1593840 911
1593850 910
1593860 909
1593870 909
1593880 908
1593890 908
1593900 908
1593910 907
1593920 907
1593930 906
1593940 905
1593950 904
1593960 903
1593970 902
1593980 900
1593990 898
1594000 896
1594010 894
1594020 891
1594030 888
1594040 886
1594050 884
1594060 882
1594070 880
1594080 877
1594090 873
1594100 870
1594110 866
1594120 863
1594130 860
1594140 858
1594150 857
1594160 857
1594170 857
1594180 859
1594190 861
1594200 864
1594210 868
1594220 871
1594230 875
1594240 878
1594250 882
1594260 885
1594270 888
1594280 891
1594290 894
1594300 897
1594310 900
1594320 903
1594330 905
1594340 908
1594350 910
1594360 912
1594370 914
1594380 916
1594390 918
1594400 919
1594410 921
1594420 922
1594430 923
1594440 925
1594450 926
1594460 927
1594470 928
1594480 928
1594490 928
1594500 928
1594510 928
1594520 928
1594530 928
1594540 927
1594550 926
1594560 925
1594570 924
1594580 922
1594590 920
1594600 918
1594610 916
1594620 913
1594630 911
1594640 909
1594650 907
1594660 905
1594670 903
1594680 902
1594690 900
1594700 899
1594710 898
1594720 897
1594730 896
1594740 895
1594750 894
1594760 892
1594770 890
1594780 888
1594790 886
1594800 884
1594810 884
1594820 885
1594830 887
1594840 889
1594850 891
1594860 893
1594870 894
1594880 896
1594890 898
1594900 899
1594910 901
1594920 903
1594930 905
1594940 907
1594950 909
1594960 910
1594970 912
1594980 914
1594990 916
1595000 918
1595010 919
1595020 921
1595030 923
1595040 924
1595050 926
1595060 927
1595070 929
1595080 931
1595090 932
1595100 934
1595110 935
1595120 936
1595130 937
1595140 939
1595150 940
1595160 941
1595170 942
1595180 942
1595190 943
1595200 943
1595210 943
1595220 944
1595230 944
1595240 944
1595250 943
1595260 943
1595270 942
1595280 941
1595290 940
1595300 938
1595310 937
1595320 936
1595330 934
1595340 933
1595350 931
1595360 930
1595370 928
1595380 927
1595390 925
1595400 924
1595410 922
1595420 921
1595430 919
1595440 918
1595450 917
1595460 915
1595470 913
1595480 911
1595490 910
1595500 908
1595510 906
1595520 904
1595530 902
1595540 900
1595550 897
1595560 895
1595570 893
1595580 891
1595590 889
1595600 887
1595610 885
1595620 882
1595630 880
1595640 878
1595650 875
1595660 873
1595670 870
1595680 868
1595690 865
1595700 863
1595710 860
1595720 857
1595730 854
1595740 852
1595750 849
1595760 846
1595770 844
1595780 841
1595790 839
1595800 836
1595810 833
1595820 830
1595830 827
1595840 824
1595850 822
1595860 821
1595870 821
1595880 820
1595890 820
1595900 819
1595910 818
1595920 816
1595930 815
1595940 814
1595950 812
1595960 810
1595970 808
1595980 807
1595990 805
1596000 803
1596010 801
1596020 798
1596030 796
1596040 793
1596050 790
1596060 786
1596070 784
1596080 783
1596090 783
1596100 784
1596110 785
1596120 787
1596130 789
1596140 791
1596150 792
1596160 793
1596170 795
1596180 797
1596190 800
1596200 802
1596210 805
1596220 808
1596230 811
1596240 815
1596250 818
1596260 821
1596270 824
1596280 827
1596290 830
1596300 832
1596310 835
1596320 837
1596330 839
1596340 842
1596350 844
1596360 846
1596370 849
1596380 851
1596390 854
1596400 856
1596410 857
1596420 858
1596430 859
1596440 859
1596450 859
1596460 859
1596470 858
1596480 857
1596490 856
1596500 855
1596510 853
1596520 852
1596530 850
1596540 849
1596550 847
1596560 845
1596570 843
1596580 840
1596590 837
1596600 835
1596610 833
1596620 831
1596630 829
1596640 828
1596650 827
1596660 825
1596670 823
1596680 821
1596690 819
1596700 816
1596710 814
1596720 813
1596730 811
1596740 809
1596750 807
1596760 805
1596770 803
1596780 801
1596790 798
1596800 796
1596810 794
1596820 791
1596830 789
1596840 786
1596850 783
1596860 781
1596870 778
1596880 776
1596890 773
1596900 769
1596910 765
1596920 762
1596930 759
1596940 758
1596950 756
1596960 756
1596970 756
1596980 758
1596990 761
1597000 764
1597010 768
1597020 771
1597030 775
1597040 778
1597050 781
1597060 784
1597070 787
1597080 791
1597090 794
1597100 797
1597110 800
1597120 803
1597130 806
1597140 809
1597150 812
1597160 814
1597170 817
1597180 817
1597190 816
1597200 813
1597210 810
1597220 806
1597230 803
1597240 802
1597250 804
1597260 808
1597270 811
1597280 813
1597290 815
1597300 816
1597310 817
1597320 819
1597330 820
1597340 821
1597350 823
1597360 824
1597370 826
1597380 828
1597390 830
1597400 832
1597410 835
1597420 838
1597430 840
1597440 843
1597450 845
1597460 848
1597470 851
1597480 854
1597490 857
1597500 860
1597510 863
1597520 866
1597530 868
1597540 870
1597550 872
1597560 874
1597570 875
1597580 877
1597590 879
1597600 880
1597610 882
1597620 884
1597630 886
1597640 888
1597650 890
1597660 893
1597670 895
1597680 897
1597690 899
1597700 901
1597710 904
1597720 908
1597730 912
1597740 916
1597750 920
1597760 924
1597770 929
1597780 935
1597790 939
1597800 943
1597810 945
1597820 946
1597830 946
1597840 946
1597850 945
1597860 944
1597870 943
1597880 941
1597890 940
1597900 937
1597910 935
1597920 933
1597930 930
1597940 927
1597950 925
1597960 923
1597970 921
1597980 920
1597990 918
1598000 916
1598010 915
1598020 913
1598030 911
1598040 910
1598050 908
1598060 907
1598070 906
1598080 906
1598090 905
1598100 905
1598110 905
1598120 907
1598130 908
1598140 909
1598150 910
1598160 910
1598170 911
1598180 912
1598190 913
1598200 914
1598210 914
1598220 915
1598230 916
1598240 916
1598250 916
1598260 917
1598270 918
1598280 920
1598290 922
1598300 922
1598310 923
1598320 923
1598330 923
1598340 924
1598350 925
1598360 926
1598370 927
1598380 928
1598390 929
1598400 930
1598410 931
1598420 932
1598430 934
1598440 936
1598450 938
1598460 940
1598470 942
1598480 944
1598490 945
1598500 948
1598510 950
1598520 952
1598530 954
1598540 956
1598550 958
1598560 959
1598570 961
1598580 963
1598590 964
1598600 966
1598610 967
1598620 968
1598630 970
1598640 971
1598650 973
1598660 974
1598670 975
1598680 977
1598690 978
1598700 979
1598710 980
1598720 981
1598730 982
1598740 983
1598750 984
1598760 985
1598770 986
1598780 987
1598790 989
1598800 990
1598810 990
1598820 991
1598830 992
1598840 993
1598850 994
1598860 994
1598870 995
1598880 994
1598890 994
1598900 994
1598910 994
1598920 994
1598930 994
1598940 993
1598950 993
1598960 991
1598970 989
1598980 986
1598990 982
1599000 979
1599010 976
1599020 973
1599030 970
1599040 967
1599050 965
1599060 962
1599070 960
1599080 957
1599090 955
1599100 953
1599110 950
1599120 947
1599130 945
1599140 943
1599150 941
1599160 938
1599170 936
1599180 933
1599190 931
1599200 928
1599210 925
1599220 923
1599230 920
1599240 917
1599250 915
1599260 912
1599270 910
1599280 908
1599290 906
1599300 904
1599310 902
1599320 899
1599330 896
1599340 895
1599350 893
1599360 892
1599370 891
1599380 890
1599390 889
1599400 888
1599410 887
1599420 887
1599430 885
1599440 883
1599450 880
1599460 881
1599470 883
1599480 886
1599490 888
1599500 890
1599510 892
1599520 894
1599530 896
1599540 899
1599550 901
1599560 903
1599570 905
1599580 907
1599590 908
1599600 910
1599610 912
1599620 914
1599630 916
1599640 918
1599650 920
1599660 922
1599670 925
1599680 927
1599690 929
1599700 931
1599710 933
1599720 935
1599730 938
1599740 940
1599750 942
1599760 944
1599770 945
1599780 947
1599790 948
1599800 949
1599810 950
1599820 951
1599830 953
1599840 954
1599850 955
1599860 956
1599870 956
1599880 957
1599890 958
1599900 959
1599910 960
1599920 960
1599930 961
1599940 962
1599950 963
1599960 963
1599970 964
1599980 965
1599990 966
