1580000 1337
1580010 1334
1580020 1334
1580030 1330
1580040 1328
1580050 1328
1580060 1325
1580070 1322
1580080 1322
1580090 1319
1580100 1315
1580110 1315
1580120 1312
1580130 1310
1580140 1307
1580150 1307
1580160 1305
1580170 1302
1580180 1302
1580190 1300
1580200 1299
1580210 1299
1580220 1297
1580230 1295
1580240 1295
1580250 1294
1580260 1292
1580270 1292
1580280 1290
1580290 1290
1580300 1290
1580310 1289
1580320 1289
1580330 1289
1580340 1289
1580350 1290
1580360 1290
1580370 1290
1580380 1291
1580390 1292
1580400 1292
1580410 1293
1580420 1295
1580430 1295
1580440 1297
1580450 1299
1580460 1299
1580470 1301
1580480 1304
1580490 1304
1580500 1306
1580510 1309
1580520 1312
1580530 1312
1580540 1315
1580550 1318
1580560 1318
1580570 1321
1580580 1324
1580590 1324
1580600 1327
1580610 1330
1580620 1330
1580630 1333
1580640 1335
1580650 1335
1580660 1339
1580670 1342
1580680 1342
1580690 1345
1580700 1348
1580710 1348
1580720 1352
1580730 1355
1580740 1359
1580750 1359
1580760 1362
1580770 1366
1580780 1366
1580790 1370
1580800 1374
1580810 1374
1580820 1378
1580830 1382
1580840 1382
1580850 1386
1580860 1391
1580870 1391
1580880 1395
1580890 1399
1580900 1399
1580910 1403
1580920 1407
1580930 1411
1580940 1411
1580950 1415
1580960 1419
1580970 1419
1580980 1422
1580990 1426
1581000 1426
1581010 1429
1581020 1432
1581030 1432
1581040 1435
1581050 1438
1581060 1438
1581070 1441
1581080 1444
1581090 1444
1581100 1447
1581110 1451
1581120 1455
1581130 1455
1581140 1459
1581150 1462
1581160 1462
1581170 1464
1581180 1467
1581190 1467
1581200 1469
1581210 1471
1581220 1471
1581230 1473
1581240 1475
1581250 1475
1581260 1477
1581270 1480
1581280 1480
1581290 1482
1581300 1483
1581310 1485
1581320 1485
1581330 1486
1581340 1488
1581350 1488
1581360 1488
1581370 1488
1581380 1488
1581390 1488
1581400 1487
1581410 1487
1581420 1486
1581430 1486
1581440 1486
1581450 1486
1581460 1485
1581470 1485
1581480 1484
1581490 1483
1581500 1482
1581510 1482
1581520 1481
1581530 1480
1581540 1480
1581550 1479
1581560 1478
1581570 1478
1581580 1478
1581590 1478
1581600 1478
1581610 1479
1581620 1479
1581630 1479
1581640 1480
1581650 1482
1581660 1482
1581670 1483
1581680 1484
1581690 1485
1581700 1485
1581710 1485
1581720 1486
1581730 1486
1581740 1486
1581750 1486
1581760 1486
1581770 1486
1581780 1486
1581790 1486
1581800 1486
1581810 1486
1581820 1486
1581830 1486
1581840 1485
1581850 1485
1581860 1485
1581870 1484
1581880 1484
1581890 1483
1581900 1483
1581910 1482
1581920 1482
1581930 1481
1581940 1480
1581950 1480
1581960 1479
1581970 1478
1581980 1478
1581990 1477
1582000 1477
1582010 1477
1582020 1476
1582030 1475
1582040 1475
1582050 1474
1582060 1473
1582070 1473
1582080 1471
1582090 1470
1582100 1468
1582110 1468
1582120 1467
1582130 1465
1582140 1465
1582150 1463
1582160 1462
1582170 1462
1582180 1460
1582190 1458
1582200 1458
1582210 1456
1582220 1455
1582230 1455
1582240 1453
1582250 1451
1582260 1451
1582270 1450
1582280 1448
1582290 1446
1582300 1446
1582310 1443
1582320 1441
1582330 1441
1582340 1438
1582350 1434
1582360 1434
1582370 1430
1582380 1426
1582390 1426
1582400 1423
1582410 1420
1582420 1420
1582430 1416
1582440 1413
1582450 1413
1582460 1409
1582470 1406
1582480 1402
1582490 1402
1582500 1400
1582510 1396
1582520 1396
1582530 1391
1582540 1386
1582550 1386
1582560 1382
1582570 1377
1582580 1377
1582590 1372
1582600 1367
1582610 1367
1582620 1362
1582630 1357
1582640 1357
1582650 1352
1582660 1346
1582670 1341
1582680 1341
1582690 1335
1582700 1330
1582710 1330
1582720 1324
1582730 1319
1582740 1319
1582750 1313
1582760 1308
1582770 1308
1582780 1303
1582790 1298
1582800 1298
1582810 1293
1582820 1289
1582830 1289
1582840 1284
1582850 1280
1582860 1280
1582870 1276
1582880 1272
1582890 1269
1582900 1269
1582910 1265
1582920 1262
1582930 1262
1582940 1259
1582950 1256
1582960 1256
1582970 1253
1582980 1250
1582990 1250
1583000 1248
1583010 1245
1583020 1245
1583030 1242
1583040 1239
1583050 1239
1583060 1236
1583070 1233
1583080 1230
1583090 1230
1583100 1227
1583110 1225
1583120 1225
1583130 1223
1583140 1221
1583150 1221
1583160 1219
1583170 1216
1583180 1216
1583190 1213
1583200 1211
1583210 1211
1583220 1208
1583230 1205
1583240 1205
1583250 1203
1583260 1198
1583270 1195
1583280 1195
1583290 1191
1583300 1190
1583310 1190
1583320 1189
1583330 1188
1583340 1188
1583350 1187
1583360 1187
1583370 1187
1583380 1186
1583390 1187
1583400 1187
1583410 1187
1583420 1189
1583430 1189
1583440 1190
1583450 1192
1583460 1193
1583470 1193
1583480 1195
1583490 1197
1583500 1197
1583510 1199
1583520 1201
1583530 1201
1583540 1203
1583550 1205
1583560 1205
1583570 1206
1583580 1205
1583590 1205
1583600 1205
1583610 1205
1583620 1205
1583630 1203
1583640 1198
1583650 1193
1583660 1193
1583670 1187
1583680 1181
1583690 1181
1583700 1176
1583710 1171
1583720 1171
1583730 1166
1583740 1159
1583750 1159
1583760 1156
1583770 1158
1583780 1163
1583790 1163
1583800 1165
1583810 1165
1583820 1167
1583830 1170
1583840 1173
1583850 1173
1583860 1176
1583870 1180
1583880 1180
1583890 1184
1583900 1188
1583910 1188
1583920 1190
1583930 1187
1583940 1187
1583950 1181
1583960 1176
1583970 1176
1583980 1170
1583990 1164
1584000 1164
1584010 1158
1584020 1154
1584030 1154
1584040 1152
1584050 1151
1584060 1151
1584070 1151
1584080 1152
1584090 1156
1584100 1156
1584110 1160
1584120 1164
1584130 1164
1584140 1168
1584150 1172
1584160 1172
1584170 1176
1584180 1179
1584190 1179
1584200 1182
1584210 1186
1584220 1186
1584230 1190
1584240 1193
1584250 1197
1584260 1197
1584270 1201
1584280 1205
1584290 1205
1584300 1208
1584310 1211
1584320 1211
1584330 1215
1584340 1219
1584350 1219
1584360 1222
1584370 1226
1584380 1226
1584390 1229
1584400 1231
1584410 1231
1584420 1234
1584430 1236
1584440 1236
1584450 1236
1584460 1235
1584470 1231
1584480 1231
1584490 1226
1584500 1222
1584510 1222
1584520 1217
1584530 1213
1584540 1213
1584550 1208
1584560 1204
1584570 1204
1584580 1201
1584590 1196
1584600 1196
1584610 1191
1584620 1186
1584630 1181
1584640 1181
1584650 1176
1584660 1172
1584670 1172
1584680 1168
1584690 1164
1584700 1164
1584710 1160
1584720 1158
1584730 1158
1584740 1154
1584750 1150
1584760 1150
1584770 1146
1584780 1141
1584790 1141
1584800 1138
1584810 1141
1584820 1144
1584830 1144
1584840 1148
1584850 1151
1584860 1151
1584870 1153
1584880 1156
1584890 1156
1584900 1159
1584910 1161
1584920 1161
1584930 1164
1584940 1167
1584950 1167
1584960 1170
1584970 1172
1584980 1172
1584990 1173
1585000 1175
1585010 1175
1585020 1176
1585030 1178
1585040 1179
1585050 1181
1585060 1182
1585070 1182
1585080 1182
1585090 1181
1585100 1178
1585110 1178
1585120 1174
1585130 1170
1585140 1170
1585150 1166
1585160 1162
1585170 1162
1585180 1157
1585190 1152
1585200 1152
1585210 1146
1585220 1140
1585230 1136
1585240 1136
1585250 1131
1585260 1126
1585270 1126
1585280 1122
1585290 1118
1585300 1118
1585310 1113
1585320 1106
1585330 1106
1585340 1103
1585350 1107
1585360 1107
1585370 1110
1585380 1111
1585390 1111
1585400 1113
1585410 1115
1585420 1118
1585430 1118
1585440 1120
1585450 1123
1585460 1123
1585470 1126
1585480 1129
1585490 1129
1585500 1131
1585510 1134
1585520 1134
1585530 1134
1585540 1135
1585550 1135
1585560 1137
1585570 1140
1585580 1140
1585590 1141
1585600 1142
1585610 1142
1585620 1142
1585630 1141
1585640 1138
1585650 1138
1585660 1135
1585670 1133
1585680 1133
1585690 1132
1585700 1130
1585710 1130
1585720 1128
1585730 1125
1585740 1125
1585750 1122
1585760 1119
1585770 1119
1585780 1117
1585790 1114
1585800 1111
1585810 1111
1585820 1109
1585830 1108
1585840 1108
1585850 1107
1585860 1106
1585870 1106
1585880 1106
1585890 1106
1585900 1106
1585910 1106
1585920 1107
1585930 1107
1585940 1107
1585950 1107
1585960 1107
1585970 1107
1585980 1108
1585990 1108
1586000 1108
1586010 1108
1586020 1107
1586030 1107
1586040 1105
1586050 1103
1586060 1103
1586070 1100
1586080 1096
1586090 1096
1586100 1092
1586110 1088
1586120 1088
1586130 1084
1586140 1081
1586150 1081
1586160 1077
1586170 1072
1586180 1072
1586190 1067
1586200 1060
1586210 1054
1586220 1054
1586230 1049
1586240 1044
1586250 1044
1586260 1039
1586270 1034
1586280 1034
1586290 1031
1586300 1027
1586310 1027
1586320 1024
1586330 1021
1586340 1021
1586350 1018
1586360 1013
1586370 1013
1586380 1010
1586390 1006
1586400 1003
1586410 1003
1586420 1001
1586430 999
1586440 999
1586450 997
1586460 995
1586470 995
1586480 991
1586490 988
1586500 988
1586510 983
1586520 977
1586530 977
1586540 969
1586550 963
1586560 963
1586570 961
1586580 963
1586590 968
1586600 968
1586610 970
1586620 970
1586630 970
1586640 970
1586650 968
1586660 968
1586670 967
1586680 966
1586690 966
1586700 964
1586710 962
1586720 962
1586730 960
1586740 957
1586750 957
1586760 956
1586770 954
1586780 952
1586790 952
1586800 950
1586810 948
1586820 948
1586830 946
1586840 943
1586850 943
1586860 939
1586870 933
1586880 933
1586890 927
1586900 923
1586910 923
1586920 919
1586930 918
1586940 918
1586950 919
1586960 919
1586970 919
1586980 919
1586990 919
1587000 920
1587010 920
1587020 920
1587030 922
1587040 922
1587050 923
1587060 924
1587070 924
1587080 924
1587090 925
1587100 925
1587110 927
1587120 928
1587130 928
1587140 930
1587150 934
1587160 934
1587170 939
1587180 944
1587190 948
1587200 948
1587210 953
1587220 957
1587230 957
1587240 960
1587250 963
1587260 963
1587270 966
1587280 970
1587290 970
1587300 973
1587310 977
1587320 977
1587330 980
1587340 984
1587350 984
1587360 988
1587370 992
1587380 996
1587390 996
1587400 1000
1587410 1003
1587420 1003
1587430 1007
1587440 1010
1587450 1010
1587460 1013
1587470 1016
1587480 1016
1587490 1018
1587500 1021
1587510 1021
1587520 1025
1587530 1029
1587540 1027
1587550 1030
1587560 1032
1587570 1034
1587580 1034
1587590 1036
1587600 1038
1587610 1038
1587620 1040
1587630 1042
1587640 1042
1587650 1045
1587660 1047
1587670 1047
1587680 1049
1587690 1051
1587700 1051
1587710 1053
1587720 1056
1587730 1056
1587740 1058
1587750 1060
1587760 1061
1587770 1061
1587780 1063
1587790 1064
1587800 1064
1587810 1065
1587820 1067
1587830 1067
1587840 1069
1587850 1072
1587860 1072
1587870 1075
1587880 1077
1587890 1077
1587900 1079
1587910 1081
1587920 1081
1587930 1082
1587940 1082
1587950 1083
1587960 1083
1587970 1085
1587980 1088
1587990 1088
1588000 1091
1588010 1094
1588020 1094
1588030 1097
1588040 1100
1588050 1100
1588060 1103
1588070 1106
1588080 1106
1588090 1109
1588100 1112
1588110 1112
1588120 1115
1588130 1117
1588140 1117
1588150 1120
1588160 1122
1588170 1125
1588180 1125
1588190 1127
1588200 1129
1588210 1129
1588220 1131
1588230 1133
1588240 1133
1588250 1135
1588260 1137
1588270 1137
1588280 1139
1588290 1142
1588300 1142
1588310 1144
1588320 1147
1588330 1147
1588340 1150
1588350 1153
1588360 1155
1588370 1155
1588380 1156
1588390 1158
1588400 1158
1588410 1161
1588420 1163
1588430 1163
1588440 1166
1588450 1169
1588460 1169
1588470 1171
1588480 1172
1588490 1172
1588500 1174
1588510 1175
1588520 1175
1588530 1176
1588540 1177
1588550 1177
1588560 1177
1588570 1177
1588580 1176
1588590 1176
1588600 1174
1588610 1173
1588620 1173
1588630 1171
1588640 1170
1588650 1170
1588660 1169
1588670 1168
1588680 1168
1588690 1168
1588700 1168
1588710 1168
1588720 1168
1588730 1167
1588740 1167
1588750 1167
1588760 1166
1588770 1167
1588780 1167
1588790 1167
1588800 1168
1588810 1168
1588820 1168
1588830 1169
1588840 1169
1588850 1170
1588860 1171
1588870 1171
1588880 1173
1588890 1174
1588900 1174
1588910 1176
1588920 1178
1588930 1180
1588940 1180
1588950 1183
1588960 1184
1588970 1184
1588980 1185
1588990 1186
1589000 1186
1589010 1187
1589020 1187
1589030 1187
1589040 1187
1589050 1187
1589060 1187
1589070 1186
1589080 1185
1589090 1185
1589100 1185
1589110 1185
1589120 1185
1589130 1185
1589140 1185
1589150 1185
1589160 1185
1589170 1186
1589180 1186
1589190 1186
1589200 1187
1589210 1187
1589220 1187
1589230 1188
1589240 1188
1589250 1188
1589260 1189
1589270 1190
1589280 1190
1589290 1190
1589300 1191
1589310 1191
1589320 1192
1589330 1193
1589340 1194
1589350 1194
1589360 1195
1589370 1197
1589380 1197
1589390 1198
1589400 1200
1589410 1200
1589420 1201
1589430 1204
1589440 1204
1589450 1207
1589460 1211
1589470 1211
1589480 1214
1589490 1217
1589500 1217
1589510 1219
1589520 1222
1589530 1224
1589540 1224
1589550 1226
1589560 1228
1589570 1228
1589580 1230
1589590 1232
1589600 1232
1589610 1234
1589620 1235
1589630 1235
1589640 1237
1589650 1239
1589660 1239
1589670 1240
1589680 1241
1589690 1241
1589700 1242
1589710 1243
1589720 1245
1589730 1245
1589740 1248
1589750 1250
1589760 1250
1589770 1252
1589780 1254
1589790 1254
1589800 1255
1589810 1256
1589820 1256
1589830 1257
1589840 1259
1589850 1259
1589860 1260
1589870 1262
1589880 1262
1589890 1263
1589900 1265
1589910 1267
1589920 1267
1589930 1269
1589940 1271
1589950 1271
1589960 1273
1589970 1274
1589980 1274
1589990 1275
1590000 1276
1590010 1276
1590020 1277
1590030 1278
1590040 1278
1590050 1279
1590060 1280
1590070 1280
1590080 1281
1590090 1282
1590100 1284
1590110 1284
1590120 1286
1590130 1287
1590140 1287
1590150 1288
1590160 1288
1590170 1288
1590180 1288
1590190 1288
1590200 1288
1590210 1289
1590220 1290
1590230 1290
1590240 1290
1590250 1291
1590260 1291
1590270 1293
1590280 1294
1590290 1294
1590300 1296
1590310 1297
1590320 1299
1590330 1299
1590340 1300
1590350 1301
1590360 1301
1590370 1302
1590380 1303
1590390 1303
1590400 1304
1590410 1305
1590420 1305
1590430 1306
1590440 1306
1590450 1306
1590460 1307
1590470 1308
1590480 1308
1590490 1309
1590500 1310
1590510 1311
1590520 1311
1590530 1312
1590540 1313
1590550 1313
1590560 1314
1590570 1316
1590580 1316
1590590 1317
1590600 1318
1590610 1318
1590620 1319
1590630 1320
1590640 1320
1590650 1322
1590660 1323
1590670 1323
1590680 1324
1590690 1324
1590700 1324
1590710 1324
1590720 1323
1590730 1321
1590740 1321
1590750 1320
1590760 1318
1590770 1318
1590780 1317
1590790 1316
1590800 1316
1590810 1315
1590820 1314
1590830 1314
1590840 1312
1590850 1312
1590860 1312
1590870 1312
1590880 1313
1590890 1313
1590900 1313
1590910 1314
1590920 1314
1590930 1314
1590940 1315
1590950 1315
1590960 1315
1590970 1316
1590980 1317
1590990 1317
1591000 1319
1591010 1322
1591020 1322
1591030 1324
1591040 1326
1591050 1326
1591060 1327
1591070 1329
1591080 1330
1591090 1330
1591100 1331
1591110 1332
1591120 1332
1591130 1332
1591140 1332
1591150 1332
1591160 1332
1591170 1334
1591180 1334
1591190 1333
1591200 1333
1591210 1333
1591220 1333
1591230 1333
1591240 1333
1591250 1333
1591260 1333
1591270 1333
1591280 1333
1591290 1332
1591300 1331
1591310 1331
1591320 1330
1591330 1328
1591340 1328
1591350 1326
1591360 1324
1591370 1324
1591380 1322
1591390 1319
1591400 1319
1591410 1316
1591420 1313
1591430 1313
1591440 1310
1591450 1307
1591460 1307
1591470 1304
1591480 1303
1591490 1302
1591500 1302
1591510 1301
1591520 1299
1591530 1299
1591540 1297
1591550 1296
1591560 1296
1591570 1294
1591580 1293
1591590 1293
1591600 1292
1591610 1291
1591620 1291
1591630 1289
1591640 1288
1591650 1288
1591660 1286
1591670 1284
1591680 1283
1591690 1283
1591700 1282
1591710 1280
1591720 1280
1591730 1280
1591740 1279
1591750 1279
1591760 1278
1591770 1277
1591780 1277
1591790 1276
1591800 1276
1591810 1276
1591820 1275
1591830 1274
1591840 1274
1591850 1272
1591860 1269
1591870 1266
1591880 1266
1591890 1263
1591900 1260
1591910 1260
1591920 1258
1591930 1256
1591940 1256
1591950 1255
1591960 1253
1591970 1253
1591980 1251
1591990 1249
1592000 1249
1592010 1246
1592020 1243
1592030 1243
1592040 1240
1592050 1237
1592060 1234
1592070 1234
1592080 1232
1592090 1229
1592100 1229
1592110 1228
1592120 1226
1592130 1226
1592140 1224
1592150 1222
1592160 1222
1592170 1220
1592180 1218
1592190 1218
1592200 1216
1592210 1215
1592220 1215
1592230 1212
1592240 1210
1592250 1209
1592260 1209
1592270 1208
1592280 1205
1592290 1205
1592300 1204
1592310 1203
1592320 1203
1592330 1203
1592340 1203
1592350 1205
1592360 1205
1592370 1204
1592380 1204
1592390 1202
1592400 1199
1592410 1199
1592420 1196
1592430 1193
1592440 1193
1592450 1190
1592460 1187
1592470 1184
1592480 1184
1592490 1181
1592500 1178
1592510 1178
1592520 1175
1592530 1172
1592540 1172
1592550 1169
1592560 1167
1592570 1167
1592580 1164
1592590 1161
1592600 1161
1592610 1156
1592620 1152
1592630 1152
1592640 1148
1592650 1144
1592660 1142
1592670 1142
1592680 1138
1592690 1134
1592700 1134
1592710 1129
1592720 1124
1592730 1124
1592740 1120
1592750 1118
1592760 1118
1592770 1117
1592780 1116
1592790 1116
1592800 1114
1592810 1114
1592820 1114
1592830 1116
1592840 1118
1592850 1120
1592860 1120
1592870 1121
1592880 1123
1592890 1123
1592900 1125
1592910 1127
1592920 1127
1592930 1131
1592940 1134
1592950 1134
1592960 1138
1592970 1142
1592980 1142
1592990 1146
1593000 1149
1593010 1149
1593020 1150
1593030 1151
1593040 1150
1593050 1150
1593060 1150
1593070 1149
1593080 1149
1593090 1148
1593100 1149
1593110 1149
1593120 1150
1593130 1151
1593140 1151
1593150 1153
1593160 1154
1593170 1154
1593180 1156
1593190 1156
1593200 1156
1593210 1157
1593220 1156
1593230 1156
1593240 1156
1593250 1155
1593260 1154
1593270 1154
1593280 1152
1593290 1151
1593300 1151
1593310 1149
1593320 1145
1593330 1145
1593340 1141
1593350 1138
1593360 1138
1593370 1138
1593380 1140
1593390 1140
1593400 1143
1593410 1146
1593420 1146
1593430 1149
1593440 1152
1593450 1155
1593460 1155
1593470 1158
1593480 1161
1593490 1161
1593500 1164
1593510 1165
1593520 1166
1593530 1168
1593540 1170
1593550 1170
1593560 1171
1593570 1172
1593580 1172
1593590 1174
1593600 1175
1593610 1175
1593620 1176
1593630 1177
1593640 1177
1593650 1177
1593660 1176
1593670 1176
1593680 1176
1593690 1173
1593700 1167
1593710 1167
1593720 1162
1593730 1158
1593740 1158
1593750 1157
1593760 1153
1593770 1153
1593780 1152
1593790 1150
1593800 1150
1593810 1146
1593820 1143
1593830 1141
1593840 1141
1593850 1142
1593860 1145
1593870 1145
1593880 1147
1593890 1149
1593900 1149
1593910 1151
1593920 1153
1593930 1153
1593940 1155
1593950 1157
1593960 1157
1593970 1159
1593980 1160
1593990 1160
1594000 1161
1594010 1163
1594020 1164
1594030 1164
1594040 1167
1594050 1169
1594060 1169
1594070 1170
1594080 1172
1594090 1172
1594100 1173
1594110 1174
1594120 1174
1594130 1175
1594140 1176
1594150 1176
1594160 1178
1594170 1179
1594180 1179
1594190 1181
1594200 1181
1594210 1182
1594220 1182
1594230 1182
1594240 1182
1594250 1182
1594260 1182
1594270 1182
1594280 1182
1594290 1182
1594300 1182
1594310 1182
1594320 1179
1594330 1176
1594340 1176
1594350 1173
1594360 1170
1594370 1170
1594380 1166
1594390 1160
1594400 1155
1594410 1155
1594420 1149
1594430 1144
1594440 1144
1594450 1140
1594460 1136
1594470 1136
1594480 1134
1594490 1132
1594500 1132
1594510 1131
1594520 1130
1594530 1130
1594540 1129
1594550 1128
1594560 1128
1594570 1127
1594580 1126
1594590 1126
1594600 1124
1594610 1122
1594620 1118
1594630 1118
1594640 1113
1594650 1108
1594660 1108
1594670 1106
1594680 1102
1594690 1102
1594700 1100
1594710 1098
1594720 1098
1594730 1093
1594740 1088
1594750 1088
1594760 1084
1594770 1080
1594780 1080
1594790 1078
1594800 1077
1594810 1076
1594820 1076
1594830 1075
1594840 1074
1594850 1074
1594860 1073
1594870 1072
1594880 1072
1594890 1072
1594900 1071
1594910 1071
1594920 1071
1594930 1072
1594940 1072
1594950 1072
1594960 1072
1594970 1072
1594980 1072
1594990 1072
1595000 1073
1595010 1073
1595020 1073
1595030 1073
1595040 1073
1595050 1073
1595060 1074
1595070 1074
1595080 1074
1595090 1074
1595100 1074
1595110 1073
1595120 1073
1595130 1073
1595140 1072
1595150 1071
1595160 1071
1595170 1069
1595180 1068
1595190 1066
1595200 1066
1595210 1064
1595220 1060
1595230 1060
1595240 1057
1595250 1054
1595260 1054
1595270 1052
1595280 1050
1595290 1050
1595300 1049
1595310 1050
1595320 1050
1595330 1050
1595340 1049
1595350 1049
1595360 1048
1595370 1045
1595380 1042
1595390 1042
1595400 1037
1595410 1030
1595420 1030
1595430 1025
1595440 1020
1595450 1020
1595460 1016
1595470 1013
1595480 1013
1595490 1010
1595500 1007
1595510 1007
1595520 1004
1595530 1000
1595540 1000
1595550 995
1595560 992
1595570 992
1595580 989
1595590 987
1595600 993
1595610 993
1595620 1000
1595630 1006
1595640 1006
1595650 1012
1595660 1018
1595670 1018
1595680 1022
1595690 1025
1595700 1025
1595710 1028
1595720 1030
1595730 1030
1595740 1033
1595750 1036
1595760 1036
1595770 1040
1595780 1042
1595790 1044
1595800 1044
1595810 1047
1595820 1049
1595830 1049
1595840 1052
1595850 1053
1595860 1053
1595870 1054
1595880 1055
1595890 1055
1595900 1056
1595910 1057
1595920 1057
1595930 1057
1595940 1057
1595950 1057
1595960 1057
1595970 1055
1595980 1053
1595990 1053
1596000 1049
1596010 1046
1596020 1046
1596030 1043
1596040 1039
1596050 1039
1596060 1036
1596070 1034
1596080 1034
1596090 1035
1596100 1036
1596110 1036
1596120 1038
1596130 1039
1596140 1039
1596150 1041
1596160 1043
1596170 1044
1596180 1044
1596190 1046
1596200 1047
1596210 1047
1596220 1048
1596230 1048
1596240 1048
1596250 1048
1596260 1048
1596270 1048
1596280 1047
1596290 1046
1596300 1046
1596310 1044
1596320 1041
1596330 1041
1596340 1037
1596350 1033
1596360 1029
1596370 1029
1596380 1025
1596390 1022
1596400 1022
1596410 1017
1596420 1012
1596430 1012
1596440 1010
1596450 1009
1596460 1009
1596470 1007
1596480 1004
1596490 1004
1596500 999
1596510 993
1596520 993
1596530 987
1596540 983
1596550 978
1596560 978
1596570 975
1596580 971
1596590 971
1596600 970
1596610 975
1596620 975
1596630 979
1596640 983
1596650 983
1596660 986
1596670 990
1596680 990
1596690 995
1596700 999
1596710 999
1596720 1003
1596730 1005
1596740 1005
1596750 1008
1596760 1011
1596770 1014
1596780 1014
1596790 1016
1596800 1021
1596810 1021
1596820 1023
1596830 1024
1596840 1024
1596850 1025
1596860 1027
1596870 1027
1596880 1028
1596890 1030
1596900 1030
1596910 1031
1596920 1032
1596930 1032
1596940 1035
1596950 1036
1596960 1035
1596970 1035
1596980 1034
1596990 1032
1597000 1032
1597010 1029
1597020 1026
1597030 1026
1597040 1024
1597050 1023
1597060 1023
1597070 1022
1597080 1024
1597090 1024
1597100 1025
1597110 1026
1597120 1026
1597130 1027
1597140 1028
1597150 1030
1597160 1030
1597170 1032
1597180 1035
1597190 1035
1597200 1038
1597210 1040
1597220 1040
1597230 1042
1597240 1042
1597250 1042
1597260 1042
1597270 1041
1597280 1041
1597290 1040
1597300 1041
1597310 1041
1597320 1042
1597330 1044
1597340 1047
1597350 1047
1597360 1053
1597370 1059
1597380 1059
1597390 1063
1597400 1067
1597410 1067
1597420 1071
1597430 1073
1597440 1073
1597450 1077
1597460 1081
1597470 1081
1597480 1084
1597490 1087
1597500 1087
1597510 1090
1597520 1093
1597530 1095
1597540 1095
1597550 1098
1597560 1101
1597570 1101
1597580 1103
1597590 1104
1597600 1104
1597610 1106
1597620 1107
1597630 1107
1597640 1107
1597650 1105
1597660 1105
1597670 1101
1597680 1097
1597690 1097
1597700 1094
1597710 1091
1597720 1091
1597730 1089
1597740 1087
1597750 1087
1597760 1087
1597770 1092
1597780 1097
1597790 1097
1597800 1101
1597810 1105
1597820 1105
1597830 1108
1597840 1110
1597850 1110
1597860 1112
1597870 1115
1597880 1115
1597890 1118
1597900 1121
1597910 1121
1597920 1124
1597930 1127
1597940 1130
1597950 1130
1597960 1134
1597970 1138
1597980 1138
1597990 1141
1598000 1144
1598010 1144
1598020 1147
1598030 1149
1598040 1149
1598050 1151
1598060 1155
1598070 1155
1598080 1153
1598090 1149
1598100 1149
1598110 1146
1598120 1143
1598130 1142
1598140 1142
1598150 1140
1598160 1138
1598170 1138
1598180 1137
1598190 1134
1598200 1134
1598210 1130
1598220 1128
1598230 1128
1598240 1126
1598250 1124
1598260 1124
1598270 1120
1598280 1117
1598290 1117
1598300 1114
1598310 1111
1598320 1108
1598330 1108
1598340 1106
1598350 1103
1598360 1103
1598370 1100
1598380 1098
1598390 1098
1598400 1095
1598410 1092
1598420 1092
1598430 1088
1598440 1085
1598450 1085
1598460 1082
1598470 1078
1598480 1078
1598490 1074
1598500 1071
1598510 1067
1598520 1067
1598530 1063
1598540 1059
1598550 1059
1598560 1055
1598570 1051
1598580 1051
1598590 1046
1598600 1043
1598610 1043
1598620 1040
1598630 1037
1598640 1037
1598650 1035
1598660 1033
1598670 1033
1598680 1032
1598690 1029
1598700 1029
1598710 1028
1598720 1028
1598730 1027
1598740 1027
1598750 1026
1598760 1026
1598770 1026
1598780 1027
1598790 1028
1598800 1028
1598810 1029
1598820 1029
1598830 1029
1598840 1028
1598850 1025
1598860 1025
1598870 1023
1598880 1020
1598890 1020
1598900 1018
1598910 1016
1598920 1013
1598930 1013
1598940 1011
1598950 1009
1598960 1009
1598970 1007
1598980 1006
1598990 1006
1599000 1006
1599010 1006
1599020 1006
1599030 1006
1599040 1006
1599050 1006
1599060 1004
1599070 1001
1599080 1001
1599090 998
1599100 996
1599110 994
1599120 994
1599130 993
1599140 992
1599150 992
1599160 991
1599170 992
1599180 992
1599190 990
1599200 987
1599210 987
1599220 984
1599230 982
1599240 982
1599250 981
1599260 980
1599270 980
1599280 979
1599290 978
1599300 977
1599310 977
1599320 975
1599330 972
1599340 972
1599350 970
1599360 967
1599370 967
1599380 963
1599390 960
1599400 960
1599410 957
1599420 954
1599430 954
1599440 951
1599450 948
1599460 948
1599470 946
1599480 943
1599490 940
1599500 940
1599510 937
1599520 933
1599530 933
1599540 929
1599550 925
1599560 925
1599570 921
1599580 916
1599590 916
1599600 911
1599610 907
1599620 907
1599630 902
1599640 897
1599650 897
1599660 893
1599670 889
1599680 883
1599690 883
1599700 877
1599710 869
1599720 869
1599730 864
1599740 864
1599750 864
1599760 869
1599770 872
1599780 872
1599790 873
1599800 875
1599810 875
1599820 879
1599830 884
1599840 884
1599850 889
1599860 896
1599870 896
1599880 900
1599890 905
1599900 909
1599910 909
1599920 915
1599930 919
1599940 919
1599950 923
1599960 928
1599970 928
1599980 932
1599990 936
1580000 1338
1580010 1336
1580020 1334
1580030 1332
1580040 1330
1580050 1328
1580060 1326
1580070 1324
1580080 1322
1580090 1320
1580100 1317
1580110 1315
1580120 1313
1580130 1312
1580140 1310
1580150 1308
1580160 1306
1580170 1305
1580180 1303
1580190 1302
1580200 1301
1580210 1299
1580220 1298
1580230 1297
1580240 1296
1580250 1295
1580260 1294
1580270 1293
1580280 1291
1580290 1291
1580300 1290
1580310 1290
1580320 1290
1580330 1290
1580340 1290
1580350 1290
1580360 1290
1580370 1291
1580380 1291
1580390 1292
1580400 1293
1580410 1294
1580420 1295
1580430 1296
1580440 1298
1580450 1299
1580460 1300
1580470 1302
1580480 1303
1580490 1305
1580500 1307
1580510 1309
1580520 1311
1580530 1313
1580540 1315
1580550 1317
1580560 1319
1580570 1321
1580580 1323
1580590 1325
1580600 1327
1580610 1329
1580620 1330
1580630 1332
1580640 1334
1580650 1336
1580660 1339
1580670 1341
1580680 1343
1580690 1345
1580700 1347
1580710 1350
1580720 1352
1580730 1354
1580740 1357
1580750 1359
1580760 1361
1580770 1364
1580780 1367
1580790 1369
1580800 1372
1580810 1375
1580820 1378
1580830 1381
1580840 1384
1580850 1386
1580860 1389
1580870 1392
1580880 1395
1580890 1398
1580900 1401
1580910 1403
1580920 1406
1580930 1409
1580940 1412
1580950 1414
1580960 1417
1580970 1419
1580980 1422
1580990 1424
1581000 1427
1581010 1429
1581020 1431
1581030 1433
1581040 1435
1581050 1437
1581060 1439
1581070 1441
1581080 1443
1581090 1445
1581100 1448
1581110 1450
1581120 1453
1581130 1456
1581140 1458
1581150 1460
1581160 1462
1581170 1464
1581180 1465
1581190 1467
1581200 1469
1581210 1471
1581220 1472
1581230 1473
1581240 1475
1581250 1476
1581260 1478
1581270 1480
1581280 1481
1581290 1482
1581300 1483
1581310 1484
1581320 1485
1581330 1486
1581340 1487
1581350 1487
1581360 1488
1581370 1488
1581380 1487
1581390 1487
1581400 1486
1581410 1486
1581420 1485
1581430 1485
1581440 1485
1581450 1485
1581460 1484
1581470 1484
1581480 1484
1581490 1483
1581500 1482
1581510 1482
1581520 1481
1581530 1480
1581540 1479
1581550 1479
1581560 1478
1581570 1478
1581580 1478
1581590 1478
1581600 1478
1581610 1478
1581620 1479
1581630 1479
1581640 1480
1581650 1481
1581660 1482
1581670 1483
1581680 1483
1581690 1484
1581700 1485
1581710 1485
1581720 1485
1581730 1486
1581740 1486
1581750 1486
1581760 1486
1581770 1486
1581780 1486
1581790 1486
1581800 1486
1581810 1486
1581820 1486
1581830 1486
1581840 1486
1581850 1485
1581860 1485
1581870 1484
1581880 1484
1581890 1483
1581900 1483
1581910 1482
1581920 1482
1581930 1481
1581940 1481
1581950 1480
1581960 1479
1581970 1478
1581980 1478
1581990 1477
1582000 1477
1582010 1477
1582020 1476
1582030 1475
1582040 1474
1582050 1473
1582060 1473
1582070 1472
1582080 1471
1582090 1470
1582100 1469
1582110 1468
1582120 1467
1582130 1465
1582140 1464
1582150 1463
1582160 1462
1582170 1461
1582180 1460
1582190 1459
1582200 1457
1582210 1456
1582220 1455
1582230 1454
1582240 1452
1582250 1451
1582260 1450
1582270 1449
1582280 1448
1582290 1447
1582300 1445
1582310 1444
1582320 1442
1582330 1440
1582340 1438
1582350 1436
1582360 1434
1582370 1431
1582380 1429
1582390 1427
1582400 1425
1582410 1422
1582420 1420
1582430 1418
1582440 1415
1582450 1413
1582460 1410
1582470 1408
1582480 1405
1582490 1402
1582500 1399
1582510 1396
1582520 1393
1582530 1390
1582540 1387
1582550 1383
1582560 1380
1582570 1377
1582580 1374
1582590 1370
1582600 1367
1582610 1364
1582620 1361
1582630 1357
1582640 1354
1582650 1350
1582660 1347
1582670 1343
1582680 1339
1582690 1335
1582700 1332
1582710 1328
1582720 1324
1582730 1320
1582740 1317
1582750 1313
1582760 1310
1582770 1306
1582780 1303
1582790 1299
1582800 1296
1582810 1293
1582820 1290
1582830 1287
1582840 1284
1582850 1281
1582860 1278
1582870 1275
1582880 1273
1582890 1270
1582900 1268
1582910 1265
1582920 1263
1582930 1261
1582940 1258
1582950 1256
1582960 1254
1582970 1253
1582980 1251
1582990 1249
1583000 1247
1583010 1245
1583020 1243
1583030 1241
1583040 1239
1583050 1237
1583060 1235
1583070 1234
1583080 1232
1583090 1230
1583100 1227
1583110 1226
1583120 1224
1583130 1223
1583140 1222
1583150 1220
1583160 1219
1583170 1217
1583180 1215
1583190 1213
1583200 1211
1583210 1210
1583220 1208
1583230 1205
1583240 1204
1583250 1202
1583260 1199
1583270 1197
1583280 1194
1583290 1192
1583300 1191
1583310 1190
1583320 1190
1583330 1189
1583340 1189
1583350 1188
1583360 1188
1583370 1187
1583380 1187
1583390 1188
1583400 1188
1583410 1189
1583420 1189
1583430 1190
1583440 1191
1583450 1193
1583460 1194
1583470 1195
1583480 1196
1583490 1198
1583500 1199
1583510 1201
1583520 1202
1583530 1204
1583540 1205
1583550 1206
1583560 1207
1583570 1207
1583580 1207
1583590 1207
1583600 1207
1583610 1207
1583620 1205
1583630 1203
1583640 1199
1583650 1196
1583660 1192
1583670 1188
1583680 1184
1583690 1180
1583700 1177
1583710 1173
1583720 1170
1583730 1166
1583740 1162
1583750 1159
1583760 1158
1583770 1160
1583780 1161
1583790 1162
1583800 1163
1583810 1164
1583820 1166
1583830 1168
1583840 1170
1583850 1172
1583860 1175
1583870 1177
1583880 1180
1583890 1183
1583900 1185
1583910 1187
1583920 1189
1583930 1187
1583940 1184
1583950 1180
1583960 1177
1583970 1173
1583980 1169
1583990 1165
1584000 1161
1584010 1157
1584020 1154
1584030 1152
1584040 1151
1584050 1150
1584060 1151
1584070 1151
1584080 1152
1584090 1154
1584100 1156
1584110 1159
1584120 1162
1584130 1164
1584140 1167
1584150 1170
1584160 1173
1584170 1175
1584180 1177
1584190 1179
1584200 1182
1584210 1184
1584220 1187
1584230 1190
1584240 1192
1584250 1195
1584260 1198
1584270 1200
1584280 1203
1584290 1205
1584300 1207
1584310 1210
1584320 1212
1584330 1215
1584340 1217
1584350 1220
1584360 1223
1584370 1225
1584380 1227
1584390 1229
1584400 1231
1584410 1232
1584420 1234
1584430 1235
1584440 1236
1584450 1236
1584460 1235
1584470 1232
1584480 1229
1584490 1226
1584500 1223
1584510 1221
1584520 1218
1584530 1214
1584540 1211
1584550 1208
1584560 1206
1584570 1203
1584580 1200
1584590 1198
1584600 1194
1584610 1191
1584620 1187
1584630 1183
1584640 1180
1584650 1177
1584660 1174
1584670 1171
1584680 1168
1584690 1166
1584700 1163
1584710 1161
1584720 1159
1584730 1156
1584740 1154
1584750 1151
1584760 1149
1584770 1146
1584780 1142
1584790 1140
1584800 1139
1584810 1141
1584820 1143
1584830 1146
1584840 1148
1584850 1150
1584860 1152
1584870 1154
1584880 1156
1584890 1157
1584900 1159
1584910 1161
1584920 1163
1584930 1165
1584940 1167
1584950 1169
1584960 1171
1584970 1172
1584980 1173
1584990 1174
1585000 1175
1585010 1176
1585020 1177
1585030 1178
1585040 1180
1585050 1181
1585060 1181
1585070 1182
1585080 1181
1585090 1181
1585100 1179
1585110 1177
1585120 1173
1585130 1171
1585140 1168
1585150 1166
1585160 1163
1585170 1160
1585180 1156
1585190 1153
1585200 1149
1585210 1145
1585220 1141
1585230 1138
1585240 1134
1585250 1131
1585260 1128
1585270 1125
1585280 1122
1585290 1119
1585300 1116
1585310 1112
1585320 1108
1585330 1105
1585340 1102
1585350 1105
1585360 1107
1585370 1109
1585380 1110
1585390 1112
1585400 1113
1585410 1115
1585420 1116
1585430 1118
1585440 1119
1585450 1121
1585460 1123
1585470 1125
1585480 1127
1585490 1129
1585500 1131
1585510 1133
1585520 1134
1585530 1134
1585540 1135
1585550 1136
1585560 1137
1585570 1139
1585580 1140
1585590 1141
1585600 1142
1585610 1142
1585620 1142
1585630 1141
1585640 1139
1585650 1137
1585660 1135
1585670 1134
1585680 1133
1585690 1132
1585700 1131
1585710 1129
1585720 1128
1585730 1126
1585740 1124
1585750 1122
1585760 1120
1585770 1118
1585780 1117
1585790 1115
1585800 1113
1585810 1111
1585820 1109
1585830 1109
1585840 1108
1585850 1107
1585860 1107
1585870 1107
1585880 1106
1585890 1106
1585900 1107
1585910 1107
1585920 1107
1585930 1107
1585940 1108
1585950 1108
1585960 1108
1585970 1108
1585980 1108
1585990 1109
1586000 1109
1586010 1108
1586020 1108
1586030 1107
1586040 1105
1586050 1104
1586060 1102
1586070 1100
1586080 1097
1586090 1094
1586100 1091
1586110 1088
1586120 1086
1586130 1084
1586140 1082
1586150 1079
1586160 1076
1586170 1073
1586180 1069
1586190 1065
1586200 1061
1586210 1057
1586220 1053
1586230 1049
1586240 1046
1586250 1043
1586260 1039
1586270 1036
1586280 1033
1586290 1031
1586300 1029
1586310 1027
1586320 1024
1586330 1022
1586340 1020
1586350 1018
1586360 1015
1586370 1012
1586380 1010
1586390 1007
1586400 1005
1586410 1004
1586420 1002
1586430 1001
1586440 999
1586450 998
1586460 996
1586470 994
1586480 992
1586490 989
1586500 986
1586510 983
1586520 979
1586530 975
1586540 970
1586550 965
1586560 962
1586570 961
1586580 962
1586590 964
1586600 967
1586610 969
1586620 970
1586630 970
1586640 969
1586650 968
1586660 968
1586670 967
1586680 966
1586690 965
1586700 963
1586710 962
1586720 961
1586730 959
1586740 958
1586750 956
1586760 955
1586770 954
1586780 953
1586790 951
1586800 950
1586810 948
1586820 947
1586830 945
1586840 943
1586850 941
1586860 939
1586870 935
1586880 931
1586890 927
1586900 924
1586910 921
1586920 919
1586930 918
1586940 918
1586950 919
1586960 919
1586970 919
1586980 919
1586990 919
1587000 920
1587010 920
1587020 920
1587030 921
1587040 922
1587050 923
1587060 923
1587070 924
1587080 924
1587090 925
1587100 926
1587110 926
1587120 927
1587130 929
1587140 930
1587150 933
1587160 936
1587170 939
1587180 943
1587190 946
1587200 949
1587210 952
1587220 955
1587230 958
1587240 960
1587250 962
1587260 964
1587270 966
1587280 968
1587290 971
1587300 973
1587310 976
1587320 978
1587330 981
1587340 983
1587350 986
1587360 989
1587370 992
1587380 994
1587390 997
1587400 999
1587410 1001
1587420 1003
1587430 1006
1587440 1008
1587450 1010
1587460 1012
1587470 1014
1587480 1015
1587490 1017
1587500 1019
1587510 1022
1587520 1024
1587530 1027
1587540 1029
1587550 1031
1587560 1032
1587570 1033
1587580 1035
1587590 1036
1587600 1038
1587610 1040
1587620 1041
1587630 1042
1587640 1044
1587650 1046
1587660 1047
1587670 1049
1587680 1050
1587690 1051
1587700 1053
1587710 1055
1587720 1056
1587730 1058
1587740 1059
1587750 1060
1587760 1062
1587770 1063
1587780 1064
1587790 1064
1587800 1065
1587810 1066
1587820 1067
1587830 1068
1587840 1070
1587850 1072
1587860 1074
1587870 1076
1587880 1077
1587890 1079
1587900 1080
1587910 1081
1587920 1082
1587930 1082
1587940 1083
1587950 1083
1587960 1084
1587970 1085
1587980 1087
1587990 1089
1588000 1091
1588010 1093
1588020 1095
1588030 1097
1588040 1099
1588050 1101
1588060 1103
1588070 1105
1588080 1107
1588090 1109
1588100 1111
1588110 1113
1588120 1115
1588130 1117
1588140 1119
1588150 1120
1588160 1122
1588170 1124
1588180 1125
1588190 1127
1588200 1128
1588210 1130
1588220 1131
1588230 1132
1588240 1134
1588250 1135
1588260 1136
1588270 1138
1588280 1139
1588290 1141
1588300 1143
1588310 1145
1588320 1147
1588330 1149
1588340 1151
1588350 1153
1588360 1154
1588370 1155
1588380 1156
1588390 1157
1588400 1159
1588410 1161
1588420 1162
1588430 1164
1588440 1166
1588450 1168
1588460 1170
1588470 1171
1588480 1172
1588490 1173
1588500 1174
1588510 1175
1588520 1175
1588530 1176
1588540 1176
1588550 1177
1588560 1177
1588570 1176
1588580 1176
1588590 1175
1588600 1174
1588610 1172
1588620 1171
1588630 1171
1588640 1170
1588650 1169
1588660 1168
1588670 1168
1588680 1167
1588690 1167
1588700 1167
1588710 1167
1588720 1167
1588730 1167
1588740 1167
1588750 1167
1588760 1167
1588770 1167
1588780 1168
1588790 1168
1588800 1168
1588810 1168
1588820 1169
1588830 1169
1588840 1170
1588850 1170
1588860 1171
1588870 1172
1588880 1173
1588890 1174
1588900 1175
1588910 1177
1588920 1178
1588930 1180
1588940 1181
1588950 1183
1588960 1184
1588970 1184
1588980 1185
1588990 1186
1589000 1187
1589010 1187
1589020 1187
1589030 1187
1589040 1187
1589050 1187
1589060 1186
1589070 1186
1589080 1186
1589090 1185
1589100 1185
1589110 1185
1589120 1185
1589130 1185
1589140 1185
1589150 1185
1589160 1185
1589170 1186
1589180 1186
1589190 1186
1589200 1187
1589210 1187
1589220 1187
1589230 1188
1589240 1188
1589250 1189
1589260 1189
1589270 1190
1589280 1190
1589290 1191
1589300 1191
1589310 1192
1589320 1192
1589330 1193
1589340 1194
1589350 1194
1589360 1195
1589370 1196
1589380 1197
1589390 1198
1589400 1199
1589410 1200
1589420 1201
1589430 1203
1589440 1205
1589450 1207
1589460 1210
1589470 1212
1589480 1214
1589490 1216
1589500 1218
1589510 1219
1589520 1221
1589530 1222
1589540 1224
1589550 1226
1589560 1227
1589570 1229
1589580 1230
1589590 1231
1589600 1232
1589610 1233
1589620 1235
1589630 1236
1589640 1237
1589650 1238
1589660 1239
1589670 1240
1589680 1240
1589690 1241
1589700 1242
1589710 1243
1589720 1244
1589730 1246
1589740 1247
1589750 1249
1589760 1251
1589770 1252
1589780 1253
1589790 1254
1589800 1255
1589810 1256
1589820 1257
1589830 1258
1589840 1259
1589850 1260
1589860 1261
1589870 1262
1589880 1263
1589890 1264
1589900 1265
1589910 1267
1589920 1268
1589930 1269
1589940 1271
1589950 1272
1589960 1273
1589970 1274
1589980 1274
1589990 1274
1590000 1275
1590010 1276
1590020 1277
1590030 1277
1590040 1278
1590050 1279
1590060 1279
1590070 1280
1590080 1280
1590090 1281
1590100 1282
1590110 1284
1590120 1285
1590130 1286
1590140 1287
1590150 1287
1590160 1287
1590170 1287
1590180 1287
1590190 1287
1590200 1287
1590210 1288
1590220 1289
1590230 1289
1590240 1290
1590250 1290
1590260 1291
1590270 1292
1590280 1293
1590290 1294
1590300 1295
1590310 1296
1590320 1297
1590330 1298
1590340 1299
1590350 1300
1590360 1301
1590370 1302
1590380 1302
1590390 1303
1590400 1304
1590410 1304
1590420 1305
1590430 1306
1590440 1306
1590450 1307
1590460 1307
1590470 1308
1590480 1309
1590490 1309
1590500 1310
1590510 1310
1590520 1311
1590530 1312
1590540 1313
1590550 1313
1590560 1314
1590570 1315
1590580 1316
1590590 1317
1590600 1318
1590610 1319
1590620 1320
1590630 1320
1590640 1321
1590650 1322
1590660 1323
1590670 1324
1590680 1324
1590690 1324
1590700 1324
1590710 1324
1590720 1323
1590730 1322
1590740 1321
1590750 1320
1590760 1319
1590770 1318
1590780 1318
1590790 1317
1590800 1317
1590810 1316
1590820 1315
1590830 1314
1590840 1313
1590850 1312
1590860 1313
1590870 1313
1590880 1314
1590890 1314
1590900 1314
1590910 1314
1590920 1314
1590930 1315
1590940 1316
1590950 1316
1590960 1316
1590970 1317
1590980 1317
1590990 1318
1591000 1319
1591010 1322
1591020 1323
1591030 1325
1591040 1326
1591050 1327
1591060 1328
1591070 1329
1591080 1330
1591090 1331
1591100 1332
1591110 1332
1591120 1333
1591130 1333
1591140 1333
1591150 1333
1591160 1333
1591170 1333
1591180 1333
1591190 1333
1591200 1333
1591210 1333
1591220 1333
1591230 1332
1591240 1332
1591250 1333
1591260 1333
1591270 1332
1591280 1332
1591290 1332
1591300 1331
1591310 1330
1591320 1330
1591330 1328
1591340 1327
1591350 1326
1591360 1324
1591370 1323
1591380 1321
1591390 1319
1591400 1317
1591410 1315
1591420 1313
1591430 1311
1591440 1309
1591450 1307
1591460 1305
1591470 1304
1591480 1303
1591490 1302
1591500 1301
1591510 1300
1591520 1299
1591530 1298
1591540 1297
1591550 1296
1591560 1295
1591570 1294
1591580 1293
1591590 1292
1591600 1292
1591610 1291
1591620 1290
1591630 1289
1591640 1288
1591650 1287
1591660 1286
1591670 1284
1591680 1283
1591690 1282
1591700 1282
1591710 1281
1591720 1280
1591730 1280
1591740 1279
1591750 1279
1591760 1278
1591770 1277
1591780 1277
1591790 1276
1591800 1276
1591810 1276
1591820 1275
1591830 1274
1591840 1273
1591850 1271
1591860 1269
1591870 1267
1591880 1265
1591890 1263
1591900 1262
1591910 1260
1591920 1259
1591930 1257
1591940 1256
1591950 1255
1591960 1254
1591970 1252
1591980 1251
1591990 1250
1592000 1248
1592010 1246
1592020 1243
1592030 1242
1592040 1240
1592050 1238
1592060 1236
1592070 1234
1592080 1232
1592090 1231
1592100 1229
1592110 1228
1592120 1227
1592130 1226
1592140 1224
1592150 1223
1592160 1222
1592170 1221
1592180 1219
1592190 1218
1592200 1217
1592210 1215
1592220 1214
1592230 1212
1592240 1211
1592250 1210
1592260 1209
1592270 1208
1592280 1207
1592290 1205
1592300 1204
1592310 1204
1592320 1204
1592330 1204
1592340 1204
1592350 1204
1592360 1204
1592370 1204
1592380 1203
1592390 1202
1592400 1200
1592410 1198
1592420 1196
1592430 1194
1592440 1192
1592450 1190
1592460 1188
1592470 1185
1592480 1183
1592490 1181
1592500 1179
1592510 1177
1592520 1176
1592530 1173
1592540 1171
1592550 1170
1592560 1168
1592570 1166
1592580 1164
1592590 1162
1592600 1159
1592610 1156
1592620 1154
1592630 1151
1592640 1148
1592650 1146
1592660 1144
1592670 1141
1592680 1139
1592690 1136
1592700 1133
1592710 1130
1592720 1126
1592730 1123
1592740 1120
1592750 1118
1592760 1117
1592770 1117
1592780 1116
1592790 1115
1592800 1113
1592810 1113
1592820 1115
1592830 1116
1592840 1117
1592850 1119
1592860 1120
1592870 1121
1592880 1122
1592890 1124
1592900 1125
1592910 1126
1592920 1128
1592930 1131
1592940 1133
1592950 1136
1592960 1138
1592970 1141
1592980 1144
1592990 1147
1593000 1149
1593010 1150
1593020 1151
1593030 1151
1593040 1151
1593050 1151
1593060 1150
1593070 1150
1593080 1149
1593090 1149
1593100 1149
1593110 1150
1593120 1150
1593130 1151
1593140 1152
1593150 1153
1593160 1155
1593170 1156
1593180 1156
1593190 1157
1593200 1157
1593210 1157
1593220 1157
1593230 1157
1593240 1156
1593250 1156
1593260 1155
1593270 1154
1593280 1153
1593290 1152
1593300 1151
1593310 1150
1593320 1147
1593330 1144
1593340 1142
1593350 1140
1593360 1139
1593370 1138
1593380 1140
1593390 1142
1593400 1144
1593410 1146
1593420 1148
1593430 1150
1593440 1152
1593450 1154
1593460 1156
1593470 1158
1593480 1160
1593490 1162
1593500 1164
1593510 1165
1593520 1166
1593530 1167
1593540 1169
1593550 1170
1593560 1171
1593570 1171
1593580 1172
1593590 1173
1593600 1174
1593610 1174
1593620 1175
1593630 1176
1593640 1176
1593650 1176
1593660 1176
1593670 1175
1593680 1174
1593690 1172
1593700 1169
1593710 1165
1593720 1162
1593730 1159
1593740 1157
1593750 1156
1593760 1154
1593770 1153
1593780 1151
1593790 1150
1593800 1148
1593810 1146
1593820 1143
1593830 1142
1593840 1141
1593850 1142
1593860 1143
1593870 1145
1593880 1146
1593890 1148
1593900 1149
1593910 1151
1593920 1152
1593930 1154
1593940 1155
1593950 1156
1593960 1158
1593970 1159
1593980 1160
1593990 1160
1594000 1161
1594010 1162
1594020 1164
1594030 1165
1594040 1166
1594050 1168
1594060 1169
1594070 1170
1594080 1171
1594090 1172
1594100 1173
1594110 1173
1594120 1174
1594130 1175
1594140 1176
1594150 1177
1594160 1178
1594170 1179
1594180 1180
1594190 1181
1594200 1181
1594210 1182
1594220 1182
1594230 1182
1594240 1182
1594250 1182
1594260 1183
1594270 1183
1594280 1182
1594290 1182
1594300 1182
1594310 1181
1594320 1179
1594330 1177
1594340 1175
1594350 1173
1594360 1171
1594370 1168
1594380 1165
1594390 1162
1594400 1158
1594410 1154
1594420 1151
1594430 1147
1594440 1144
1594450 1141
1594460 1138
1594470 1136
1594480 1135
1594490 1133
1594500 1132
1594510 1131
1594520 1131
1594530 1130
1594540 1130
1594550 1129
1594560 1128
1594570 1128
1594580 1127
1594590 1126
1594600 1125
1594610 1123
1594620 1121
1594630 1118
1594640 1114
1594650 1111
1594660 1107
1594670 1105
1594680 1103
1594690 1101
1594700 1099
1594710 1098
1594720 1095
1594730 1092
1594740 1088
1594750 1085
1594760 1083
1594770 1080
1594780 1078
1594790 1077
1594800 1076
1594810 1076
1594820 1075
1594830 1074
1594840 1074
1594850 1073
1594860 1072
1594870 1072
1594880 1071
1594890 1071
1594900 1070
1594910 1070
1594920 1070
1594930 1071
1594940 1071
1594950 1071
1594960 1071
1594970 1071
1594980 1071
1594990 1071
1595000 1071
1595010 1072
1595020 1072
1595030 1072
1595040 1073
1595050 1073
1595060 1073
1595070 1073
1595080 1073
1595090 1073
1595100 1073
1595110 1073
1595120 1073
1595130 1072
1595140 1072
1595150 1071
1595160 1070
1595170 1069
1595180 1068
1595190 1067
1595200 1066
1595210 1064
1595220 1062
1595230 1059
1595240 1057
1595250 1055
1595260 1054
1595270 1052
1595280 1051
1595290 1050
1595300 1050
1595310 1050
1595320 1050
1595330 1050
1595340 1049
1595350 1049
1595360 1048
1595370 1046
1595380 1044
1595390 1041
1595400 1038
1595410 1034
1595420 1030
1595430 1026
1595440 1023
1595450 1020
1595460 1017
1595470 1015
1595480 1013
1595490 1011
1595500 1009
1595510 1007
1595520 1005
1595530 1002
1595540 999
1595550 996
1595560 994
1595570 992
1595580 990
1595590 989
1595600 991
1595610 994
1595620 998
1595630 1003
1595640 1007
1595650 1011
1595660 1015
1595670 1019
1595680 1022
1595690 1024
1595700 1026
1595710 1028
1595720 1030
1595730 1031
1595740 1033
1595750 1036
1595760 1038
1595770 1040
1595780 1042
1595790 1043
1595800 1045
1595810 1047
1595820 1048
1595830 1050
1595840 1051
1595850 1052
1595860 1053
1595870 1053
1595880 1054
1595890 1055
1595900 1056
1595910 1056
1595920 1056
1595930 1056
1595940 1056
1595950 1056
1595960 1055
1595970 1054
1595980 1053
1595990 1051
1596000 1049
1596010 1047
1596020 1045
1596030 1042
1596040 1039
1596050 1037
1596060 1035
1596070 1034
1596080 1034
1596090 1034
1596100 1035
1596110 1036
1596120 1037
1596130 1038
1596140 1039
1596150 1041
1596160 1042
1596170 1043
1596180 1044
1596190 1045
1596200 1046
1596210 1046
1596220 1047
1596230 1047
1596240 1048
1596250 1048
1596260 1047
1596270 1047
1596280 1047
1596290 1046
1596300 1045
1596310 1043
1596320 1041
1596330 1039
1596340 1036
1596350 1034
1596360 1031
1596370 1028
1596380 1026
1596390 1024
1596400 1021
1596410 1018
1596420 1014
1596430 1012
1596440 1011
1596450 1010
1596460 1009
1596470 1008
1596480 1005
1596490 1002
1596500 999
1596510 995
1596520 991
1596530 987
1596540 984
1596550 981
1596560 978
1596570 976
1596580 973
1596590 971
1596600 970
1596610 974
1596620 977
1596630 980
1596640 982
1596650 985
1596660 987
1596670 989
1596680 992
1596690 996
1596700 999
1596710 1001
1596720 1003
1596730 1005
1596740 1007
1596750 1010
1596760 1012
1596770 1014
1596780 1015
1596790 1017
1596800 1020
1596810 1022
1596820 1023
1596830 1024
1596840 1025
1596850 1026
1596860 1027
1596870 1029
1596880 1030
1596890 1031
1596900 1031
1596910 1032
1596920 1033
1596930 1033
1596940 1034
1596950 1034
1596960 1034
1596970 1033
1596980 1032
1596990 1031
1597000 1029
1597010 1028
1597020 1025
1597030 1024
1597040 1023
1597050 1022
1597060 1022
1597070 1022
1597080 1023
1597090 1024
1597100 1025
1597110 1026
1597120 1026
1597130 1027
1597140 1028
1597150 1029
1597160 1030
1597170 1032
1597180 1034
1597190 1035
1597200 1037
1597210 1039
1597220 1040
1597230 1041
1597240 1041
1597250 1041
1597260 1041
1597270 1040
1597280 1040
1597290 1040
1597300 1040
1597310 1041
1597320 1042
1597330 1043
1597340 1045
1597350 1048
1597360 1052
1597370 1056
1597380 1060
1597390 1062
1597400 1065
1597410 1068
1597420 1071
1597430 1072
1597440 1074
1597450 1077
1597460 1080
1597470 1082
1597480 1084
1597490 1086
1597500 1088
1597510 1090
1597520 1092
1597530 1094
1597540 1096
1597550 1098
1597560 1100
1597570 1101
1597580 1103
1597590 1104
1597600 1105
1597610 1106
1597620 1107
1597630 1107
1597640 1107
1597650 1106
1597660 1104
1597670 1101
1597680 1099
1597690 1097
1597700 1094
1597710 1092
1597720 1091
1597730 1090
1597740 1088
1597750 1088
1597760 1089
1597770 1092
1597780 1096
1597790 1099
1597800 1101
1597810 1104
1597820 1107
1597830 1109
1597840 1111
1597850 1112
1597860 1114
1597870 1116
1597880 1118
1597890 1120
1597900 1121
1597910 1124
1597920 1126
1597930 1128
1597940 1130
1597950 1132
1597960 1135
1597970 1138
1597980 1140
1597990 1143
1598000 1144
1598010 1146
1598020 1148
1598030 1150
1598040 1152
1598050 1153
1598060 1153
1598070 1152
1598080 1151
1598090 1149
1598100 1147
1598110 1145
1598120 1144
1598130 1142
1598140 1141
1598150 1140
1598160 1139
1598170 1137
1598180 1136
1598190 1134
1598200 1132
1598210 1130
1598220 1129
1598230 1127
1598240 1126
1598250 1124
1598260 1122
1598270 1120
1598280 1118
1598290 1115
1598300 1113
1598310 1111
1598320 1110
1598330 1108
1598340 1106
1598350 1104
1598360 1102
1598370 1100
1598380 1099
1598390 1097
1598400 1095
1598410 1093
1598420 1090
1598430 1088
1598440 1086
1598450 1084
1598460 1081
1598470 1079
1598480 1076
1598490 1074
1598500 1071
1598510 1069
1598520 1066
1598530 1064
1598540 1061
1598550 1058
1598560 1055
1598570 1052
1598580 1050
1598590 1047
1598600 1044
1598610 1042
1598620 1039
1598630 1037
1598640 1036
1598650 1035
1598660 1034
1598670 1033
1598680 1032
1598690 1030
1598700 1029
1598710 1028
1598720 1028
1598730 1028
1598740 1027
1598750 1027
1598760 1027
1598770 1027
1598780 1027
1598790 1028
1598800 1029
1598810 1030
1598820 1030
1598830 1029
1598840 1028
1598850 1027
1598860 1025
1598870 1023
1598880 1022
1598890 1020
1598900 1018
1598910 1017
1598920 1015
1598930 1014
1598940 1012
1598950 1011
1598960 1009
1598970 1008
1598980 1008
1598990 1008
1599000 1007
1599010 1007
1599020 1008
1599030 1008
1599040 1008
1599050 1007
1599060 1006
1599070 1004
1599080 1002
1599090 1000
1599100 998
1599110 997
1599120 996
1599130 995
1599140 994
1599150 994
1599160 993
1599170 992
1599180 990
1599190 988
1599200 986
1599210 984
1599220 983
1599230 981
1599240 980
1599250 978
1599260 978
1599270 977
1599280 977
1599290 976
1599300 975
1599310 974
1599320 973
1599330 972
1599340 971
1599350 970
1599360 968
1599370 966
1599380 963
1599390 962
1599400 960
1599410 958
1599420 956
1599430 954
1599440 952
1599450 950
1599460 948
1599470 946
1599480 944
1599490 942
1599500 940
1599510 938
1599520 935
1599530 933
1599540 930
1599550 927
1599560 924
1599570 921
1599580 918
1599590 915
1599600 912
1599610 908
1599620 905
1599630 902
1599640 899
1599650 896
1599660 893
1599670 890
1599680 886
1599690 882
1599700 878
1599710 872
1599720 868
1599730 864
1599740 864
1599750 866
1599760 869
1599770 871
1599780 872
1599790 873
1599800 875
1599810 877
1599820 880
1599830 883
1599840 887
1599850 891
1599860 895
1599870 898
1599880 901
1599890 904
1599900 908
1599910 911
1599920 915
1599930 918
1599940 921
1599950 924
1599960 927
1599970 930
1599980 933
1599990 935
