1580000 1329
1580010 1326
1580020 1326
1580030 1323
1580040 1320
1580050 1320
1580060 1317
1580070 1314
1580080 1314
1580090 1310
1580100 1307
1580110 1307
1580120 1305
1580130 1303
1580140 1303
1580150 1299
1580160 1296
1580170 1293
1580180 1293
1580190 1291
1580200 1289
1580210 1289
1580220 1288
1580230 1286
1580240 1281
1580250 1280
1580260 1279
1580270 1279
1580280 1278
1580290 1277
1580300 1277
1580310 1278
1580320 1278
1580330 1278
1580340 1278
1580350 1278
1580360 1279
1580370 1279
1580380 1279
1580390 1281
1580400 1281
1580410 1283
1580420 1285
1580430 1285
1580440 1287
1580450 1289
1580460 1289
1580470 1291
1580480 1294
1580490 1294
1580500 1297
1580510 1300
1580520 1300
1580530 1303
1580540 1306
1580550 1309
1580560 1309
1580570 1313
1580580 1316
1580590 1316
1580600 1319
1580610 1322
1580620 1322
1580630 1325
1580640 1328
1580650 1328
1580660 1332
1580670 1335
1580680 1335
1580690 1339
1580700 1343
1580710 1343
1580720 1346
1580730 1350
1580740 1354
1580750 1354
1580760 1358
1580770 1362
1580780 1362
1580790 1366
1580800 1370
1580810 1370
1580820 1375
1580830 1379
1580840 1379
1580850 1384
1580860 1389
1580870 1389
1580880 1393
1580890 1396
1580900 1396
1580910 1401
1580920 1405
1580930 1409
1580940 1409
1580950 1413
1580960 1416
1580970 1416
1580980 1420
1580990 1423
1581000 1423
1581010 1427
1581020 1431
1581030 1431
1581040 1433
1581050 1436
1581060 1436
1581070 1438
1581080 1442
1581090 1442
1581100 1446
1581110 1450
1581120 1450
1581130 1453
1581140 1456
1581150 1459
1581160 1459
1581170 1463
1581180 1465
1581190 1465
1581200 1467
1581210 1469
1581220 1469
1581230 1472
1581240 1474
1581250 1474
1581260 1477
1581270 1479
1581280 1479
1581290 1481
1581300 1483
1581310 1483
1581320 1485
1581330 1486
1581340 1488
1581350 1488
1581360 1489
1581370 1490
1581380 1490
1581390 1491
1581400 1491
1581410 1491
1581420 1490
1581430 1488
1581440 1488
1581450 1487
1581460 1486
1581470 1486
1581480 1485
1581490 1484
1581500 1484
1581510 1483
1581520 1481
1581530 1480
1581540 1480
1581550 1478
1581560 1477
1581570 1477
1581580 1477
1581590 1478
1581600 1478
1581610 1478
1581620 1479
1581630 1479
1581640 1480
1581650 1481
1581660 1481
1581670 1482
1581680 1482
1581690 1482
1581700 1482
1581710 1482
1581720 1482
1581730 1482
1581740 1482
1581750 1483
1581760 1483
1581770 1483
1581780 1482
1581790 1482
1581800 1482
1581810 1482
1581820 1482
1581830 1481
1581840 1481
1581850 1481
1581860 1481
1581870 1480
1581880 1480
1581890 1479
1581900 1479
1581910 1478
1581920 1478
1581930 1477
1581940 1476
1581950 1476
1581960 1475
1581970 1473
1581980 1473
1581990 1472
1582000 1472
1582010 1472
1582020 1471
1582030 1469
1582040 1469
1582050 1468
1582060 1467
1582070 1467
1582080 1465
1582090 1464
1582100 1463
1582110 1463
1582120 1462
1582130 1461
1582140 1461
1582150 1459
1582160 1458
1582170 1458
1582180 1456
1582190 1455
1582200 1455
1582210 1453
1582220 1452
1582230 1452
1582240 1450
1582250 1448
1582260 1448
1582270 1447
1582280 1446
1582290 1446
1582300 1444
1582310 1443
1582320 1441
1582330 1441
1582340 1439
1582350 1438
1582360 1438
1582370 1436
1582380 1434
1582390 1434
1582400 1432
1582410 1429
1582420 1429
1582430 1426
1582440 1422
1582450 1422
1582460 1419
1582470 1414
1582480 1414
1582490 1409
1582500 1405
1582510 1400
1582520 1400
1582530 1396
1582540 1392
1582550 1392
1582560 1387
1582570 1383
1582580 1383
1582590 1377
1582600 1372
1582610 1372
1582620 1367
1582630 1361
1582640 1361
1582650 1355
1582660 1350
1582670 1350
1582680 1344
1582690 1338
1582700 1333
1582710 1333
1582720 1327
1582730 1321
1582740 1321
1582750 1316
1582760 1311
1582770 1311
1582780 1306
1582790 1302
1582800 1302
1582810 1297
1582820 1292
1582830 1292
1582840 1288
1582850 1286
1582860 1286
1582870 1282
1582880 1278
1582890 1274
1582900 1274
1582910 1270
1582920 1267
1582930 1267
1582940 1265
1582950 1263
1582960 1263
1582970 1260
1582980 1258
1582990 1258
1583000 1256
1583010 1253
1583020 1253
1583030 1249
1583040 1246
1583050 1246
1583060 1243
1583070 1240
1583080 1237
1583090 1237
1583100 1234
1583110 1231
1583120 1231
1583130 1229
1583140 1226
1583150 1226
1583160 1224
1583170 1222
1583180 1222
1583190 1219
1583200 1217
1583210 1217
1583220 1215
1583230 1213
1583240 1213
1583250 1210
1583260 1206
1583270 1206
1583280 1205
1583290 1203
1583300 1203
1583310 1203
1583320 1202
1583330 1202
1583340 1202
1583350 1201
1583360 1201
1583370 1201
1583380 1201
1583390 1201
1583400 1201
1583410 1202
1583420 1203
1583430 1203
1583440 1205
1583450 1207
1583460 1207
1583470 1208
1583480 1211
1583490 1213
1583500 1213
1583510 1215
1583520 1217
1583530 1217
1583540 1219
1583550 1220
1583560 1220
1583570 1221
1583580 1221
1583590 1221
1583600 1218
1583610 1213
1583620 1213
1583630 1208
1583640 1202
1583650 1202
1583660 1196
1583670 1190
1583680 1185
1583690 1185
1583700 1180
1583710 1175
1583720 1175
1583730 1171
1583740 1168
1583750 1168
1583760 1169
1583770 1170
1583780 1170
1583790 1172
1583800 1174
1583810 1174
1583820 1176
1583830 1179
1583840 1179
1583850 1182
1583860 1185
1583870 1188
1583880 1188
1583890 1191
1583900 1194
1583910 1194
1583920 1194
1583930 1191
1583940 1191
1583950 1186
1583960 1181
1583970 1181
1583980 1175
1583990 1170
1584000 1170
1584010 1166
1584020 1162
1584030 1162
1584040 1159
1584050 1157
1584060 1157
1584070 1157
1584080 1160
1584090 1163
1584100 1163
1584110 1168
1584120 1173
1584130 1177
1584140 1183
1584150 1186
1584160 1186
1584170 1190
1584180 1193
1584190 1193
1584200 1196
1584210 1200
1584220 1200
1584230 1203
1584240 1205
1584250 1208
1584260 1208
1584270 1211
1584280 1214
1584290 1214
1584300 1218
1584310 1221
1584320 1221
1584330 1224
1584340 1228
1584350 1228
1584360 1231
1584370 1235
1584380 1235
1584390 1238
1584400 1241
1584410 1241
1584420 1244
1584430 1246
1584440 1246
1584450 1245
1584460 1241
1584470 1236
1584480 1236
1584490 1231
1584500 1227
1584510 1227
1584520 1223
1584530 1218
1584540 1218
1584550 1214
1584560 1210
1584570 1210
1584580 1205
1584590 1200
1584600 1200
1584610 1194
1584620 1188
1584630 1188
1584640 1183
1584650 1178
1584660 1174
1584670 1174
1584680 1170
1584690 1167
1584700 1167
1584710 1163
1584720 1160
1584730 1160
1584740 1157
1584750 1153
1584760 1153
1584770 1150
1584780 1148
1584790 1148
1584800 1146
1584810 1147
1584820 1147
1584830 1149
1584840 1152
1584850 1155
1584860 1155
1584870 1158
1584880 1161
1584890 1161
1584900 1164
1584910 1167
1584920 1167
1584930 1171
1584940 1174
1584950 1174
1584960 1176
1584970 1179
1584980 1179
1584990 1181
1585000 1182
1585010 1182
1585020 1183
1585030 1185
1585040 1185
1585050 1185
1585060 1184
1585070 1183
1585080 1183
1585090 1182
1585100 1179
1585110 1179
1585120 1175
1585130 1171
1585140 1171
1585150 1167
1585160 1164
1585170 1164
1585180 1159
1585190 1153
1585200 1153
1585210 1148
1585220 1142
1585230 1137
1585240 1137
1585250 1133
1585260 1129
1585270 1129
1585280 1125
1585290 1120
1585300 1120
1585310 1114
1585320 1111
1585330 1111
1585340 1112
1585350 1115
1585360 1115
1585370 1117
1585380 1118
1585390 1118
1585400 1124
1585410 1126
1585420 1126
1585430 1128
1585440 1130
1585450 1133
1585460 1133
1585470 1134
1585480 1136
1585490 1136
1585500 1139
1585510 1141
1585520 1141
1585530 1142
1585540 1144
1585550 1144
1585560 1145
1585570 1146
1585580 1146
1585590 1148
1585600 1148
1585610 1148
1585620 1147
1585630 1144
1585640 1140
1585650 1140
1585660 1138
1585670 1136
1585680 1136
1585690 1134
1585700 1132
1585710 1132
1585720 1131
1585730 1129
1585740 1129
1585750 1127
1585760 1125
1585770 1125
1585780 1122
1585790 1121
1585800 1121
1585810 1119
1585820 1118
1585830 1116
1585840 1116
1585850 1114
1585860 1114
1585870 1114
1585880 1114
1585890 1114
1585900 1114
1585910 1114
1585920 1114
1585930 1114
1585940 1114
1585950 1114
1585960 1114
1585970 1115
1585980 1114
1585990 1114
1586000 1112
1586010 1110
1586020 1107
1586030 1107
1586040 1103
1586050 1099
1586060 1099
1586070 1096
1586080 1092
1586090 1092
1586100 1088
1586110 1084
1586120 1084
1586130 1080
1586140 1076
1586150 1076
1586160 1072
1586170 1068
1586180 1068
1586190 1063
1586200 1057
1586210 1051
1586220 1051
1586230 1046
1586240 1041
1586250 1041
1586260 1036
1586270 1032
1586280 1032
1586290 1028
1586300 1025
1586310 1025
1586320 1022
1586330 1019
1586340 1019
1586350 1015
1586360 1011
1586370 1011
1586380 1006
1586390 1002
1586400 1002
1586410 999
1586420 997
1586430 995
1586440 995
1586450 992
1586460 989
1586470 989
1586480 982
1586490 977
1586500 977
1586510 973
1586520 968
1586530 968
1586540 967
1586550 969
1586560 969
1586570 971
1586580 975
1586590 975
1586600 976
1586610 976
1586620 975
1586630 975
1586640 977
1586650 976
1586660 976
1586670 974
1586680 972
1586690 972
1586700 971
1586710 969
1586720 969
1586730 968
1586740 967
1586750 967
1586760 966
1586770 965
1586780 965
1586790 964
1586800 963
1586810 962
1586820 962
1586830 959
1586840 955
1586850 955
1586860 949
1586870 944
1586880 944
1586890 938
1586900 931
1586910 931
1586920 925
1586930 921
1586940 921
1586950 918
1586960 917
1586970 917
1586980 918
1586990 917
1587000 917
1587010 917
1587020 918
1587030 918
1587040 918
1587050 919
1587060 919
1587070 919
1587080 920
1587090 921
1587100 921
1587110 922
1587120 923
1587130 923
1587140 925
1587150 929
1587160 929
1587170 934
1587180 940
1587190 946
1587200 946
1587210 950
1587220 953
1587230 953
1587240 958
1587250 961
1587260 961
1587270 965
1587280 969
1587290 969
1587300 973
1587310 977
1587320 977
1587330 981
1587340 985
1587350 985
1587360 988
1587370 990
1587380 993
1587390 993
1587400 996
1587410 999
1587420 999
1587430 1001
1587440 1003
1587450 1003
1587460 1005
1587470 1007
1587480 1007
1587490 1010
1587500 1014
1587510 1014
1587520 1017
1587530 1021
1587540 1021
1587550 1024
1587560 1027
1587570 1027
1587580 1029
1587590 1031
1587600 1033
1587610 1033
1587620 1035
1587630 1038
1587640 1038
1587650 1040
1587660 1042
1587670 1042
1587680 1044
1587690 1046
1587700 1046
1587710 1047
1587720 1049
1587730 1049
1587740 1051
1587750 1053
1587760 1053
1587770 1053
1587780 1055
1587790 1057
1587800 1057
1587810 1059
1587820 1061
1587830 1061
1587840 1064
1587850 1066
1587860 1066
1587870 1069
1587880 1068
1587890 1068
1587900 1070
1587910 1072
1587920 1072
1587930 1073
1587940 1074
1587950 1074
1587960 1077
1587970 1080
1587980 1083
1587990 1083
1588000 1086
1588010 1089
1588020 1089
1588030 1092
1588040 1095
1588050 1095
1588060 1098
1588070 1101
1588080 1101
1588090 1104
1588100 1107
1588110 1107
1588120 1110
1588130 1112
1588140 1112
1588150 1115
1588160 1118
1588170 1120
1588180 1120
1588190 1123
1588200 1126
1588210 1126
1588220 1128
1588230 1130
1588240 1130
1588250 1132
1588260 1135
1588270 1135
1588280 1138
1588290 1141
1588300 1141
1588310 1144
1588320 1147
1588330 1147
1588340 1150
1588350 1153
1588360 1155
1588370 1155
1588380 1157
1588390 1159
1588400 1159
1588410 1163
1588420 1166
1588430 1166
1588440 1169
1588450 1171
1588460 1171
1588470 1172
1588480 1173
1588490 1173
1588500 1174
1588510 1174
1588520 1174
1588530 1174
1588540 1174
1588550 1174
1588560 1172
1588570 1171
1588580 1169
1588590 1169
1588600 1168
1588610 1167
1588620 1167
1588630 1166
1588640 1166
1588650 1166
1588660 1165
1588670 1165
1588680 1165
1588690 1165
1588700 1164
1588710 1164
1588720 1164
1588730 1164
1588740 1164
1588750 1164
1588760 1164
1588770 1164
1588780 1164
1588790 1165
1588800 1165
1588810 1165
1588820 1166
1588830 1167
1588840 1167
1588850 1167
1588860 1169
1588870 1169
1588880 1170
1588890 1172
1588900 1172
1588910 1174
1588920 1175
1588930 1175
1588940 1177
1588950 1180
1588960 1181
1588970 1181
1588980 1182
1588990 1184
1589000 1184
1589010 1185
1589020 1186
1589030 1186
1589040 1186
1589050 1185
1589060 1185
1589070 1184
1589080 1183
1589090 1183
1589100 1182
1589110 1182
1589120 1182
1589130 1182
1589140 1182
1589150 1182
1589160 1182
1589170 1182
1589180 1183
1589190 1183
1589200 1183
1589210 1183
1589220 1183
1589230 1184
1589240 1185
1589250 1185
1589260 1185
1589270 1186
1589280 1186
1589290 1187
1589300 1188
1589310 1188
1589320 1188
1589330 1189
1589340 1190
1589350 1190
1589360 1192
1589370 1193
1589380 1193
1589390 1194
1589400 1196
1589410 1196
1589420 1197
1589430 1200
1589440 1200
1589450 1203
1589460 1206
1589470 1206
1589480 1209
1589490 1212
1589500 1212
1589510 1214
1589520 1217
1589530 1219
1589540 1219
1589550 1221
1589560 1223
1589570 1223
1589580 1225
1589590 1227
1589600 1227
1589610 1230
1589620 1232
1589630 1232
1589640 1234
1589650 1236
1589660 1236
1589670 1237
1589680 1239
1589690 1239
1589700 1240
1589710 1242
1589720 1242
1589730 1245
1589740 1247
1589750 1249
1589760 1249
1589770 1251
1589780 1252
1589790 1252
1589800 1254
1589810 1256
1589820 1256
1589830 1258
1589840 1260
1589850 1260
1589860 1262
1589870 1264
1589880 1264
1589890 1265
1589900 1267
1589910 1267
1589920 1268
1589930 1270
1589940 1272
1589950 1272
1589960 1273
1589970 1275
1589980 1275
1589990 1276
1590000 1278
1590010 1278
1590020 1279
1590030 1281
1590040 1281
1590050 1282
1590060 1283
1590070 1283
1590080 1284
1590090 1286
1590100 1286
1590110 1288
1590120 1290
1590130 1291
1590140 1291
1590150 1292
1590160 1294
1590170 1294
1590180 1294
1590190 1295
1590200 1295
1590210 1295
1590220 1295
1590230 1295
1590240 1296
1590250 1297
1590260 1297
1590270 1298
1590280 1299
1590290 1299
1590300 1303
1590310 1305
1590320 1306
1590330 1306
1590340 1307
1590350 1308
1590360 1308
1590370 1309
1590380 1310
1590390 1310
1590400 1311
1590410 1312
1590420 1312
1590430 1312
1590440 1312
1590450 1312
1590460 1313
1590470 1315
1590480 1315
1590490 1316
1590500 1318
1590510 1319
1590520 1319
1590530 1320
1590540 1321
1590550 1321
1590560 1322
1590570 1322
1590580 1322
1590590 1323
1590600 1324
1590610 1324
1590620 1324
1590630 1325
1590640 1325
1590650 1326
1590660 1327
1590670 1327
1590680 1327
1590690 1327
1590700 1327
1590710 1327
1590720 1327
1590730 1327
1590740 1327
1590750 1326
1590760 1326
1590770 1326
1590780 1325
1590790 1324
1590800 1324
1590810 1323
1590820 1322
1590830 1322
1590840 1321
1590850 1320
1590860 1320
1590870 1320
1590880 1320
1590890 1320
1590900 1319
1590910 1321
1590920 1322
1590930 1322
1590940 1322
1590950 1322
1590960 1322
1590970 1323
1590980 1323
1590990 1323
1591000 1325
1591010 1327
1591020 1327
1591030 1329
1591040 1331
1591050 1331
1591060 1332
1591070 1333
1591080 1333
1591090 1334
1591100 1335
1591110 1336
1591120 1336
1591130 1337
1591140 1337
1591150 1337
1591160 1336
1591170 1336
1591180 1336
1591190 1335
1591200 1335
1591210 1335
1591220 1335
1591230 1336
1591240 1336
1591250 1336
1591260 1335
1591270 1335
1591280 1335
1591290 1334
1591300 1333
1591310 1333
1591320 1332
1591330 1330
1591340 1330
1591350 1328
1591360 1325
1591370 1325
1591380 1323
1591390 1320
1591400 1320
1591410 1317
1591420 1314
1591430 1314
1591440 1311
1591450 1309
1591460 1309
1591470 1307
1591480 1305
1591490 1305
1591500 1305
1591510 1304
1591520 1303
1591530 1303
1591540 1302
1591550 1300
1591560 1300
1591570 1298
1591580 1296
1591590 1296
1591600 1295
1591610 1294
1591620 1294
1591630 1293
1591640 1292
1591650 1292
1591660 1290
1591670 1289
1591680 1289
1591690 1287
1591700 1286
1591710 1284
1591720 1284
1591730 1284
1591740 1283
1591750 1283
1591760 1282
1591770 1281
1591780 1281
1591790 1280
1591800 1279
1591810 1279
1591820 1279
1591830 1277
1591840 1277
1591850 1274
1591860 1271
1591870 1271
1591880 1269
1591890 1266
1591900 1263
1591910 1263
1591920 1261
1591930 1259
1591940 1259
1591950 1257
1591960 1254
1591970 1254
1591980 1253
1591990 1251
1592000 1251
1592010 1248
1592020 1246
1592030 1246
1592040 1243
1592050 1240
1592060 1240
1592070 1238
1592080 1235
1592090 1233
1592100 1233
1592110 1231
1592120 1229
1592130 1229
1592140 1227
1592150 1226
1592160 1226
1592170 1224
1592180 1222
1592190 1222
1592200 1220
1592210 1218
1592220 1218
1592230 1216
1592240 1214
1592250 1214
1592260 1212
1592270 1209
1592280 1208
1592290 1208
1592300 1206
1592310 1205
1592320 1205
1592330 1205
1592340 1205
1592350 1205
1592360 1204
1592370 1202
1592380 1202
1592390 1200
1592400 1197
1592410 1197
1592420 1195
1592430 1193
1592440 1193
1592450 1191
1592460 1188
1592470 1185
1592480 1185
1592490 1181
1592500 1178
1592510 1178
1592520 1175
1592530 1170
1592540 1170
1592550 1166
1592560 1163
1592570 1163
1592580 1160
1592590 1156
1592600 1156
1592610 1152
1592620 1148
1592630 1148
1592640 1145
1592650 1141
1592660 1138
1592670 1142
1592680 1140
1592690 1138
1592700 1138
1592710 1136
1592720 1135
1592730 1135
1592740 1135
1592750 1133
1592760 1133
1592770 1130
1592780 1124
1592790 1124
1592800 1120
1592810 1122
1592820 1122
1592830 1126
1592840 1128
1592850 1128
1592860 1129
1592870 1130
1592880 1131
1592890 1131
1592900 1134
1592910 1137
1592920 1137
1592930 1140
1592940 1143
1592950 1143
1592960 1148
1592970 1151
1592980 1151
1592990 1153
1593000 1155
1593010 1155
1593020 1158
1593030 1160
1593040 1160
1593050 1162
1593060 1163
1593070 1163
1593080 1163
1593090 1164
1593100 1164
1593110 1164
1593120 1164
1593130 1165
1593140 1165
1593150 1165
1593160 1165
1593170 1165
1593180 1165
1593190 1165
1593200 1165
1593210 1165
1593220 1164
1593230 1164
1593240 1163
1593250 1161
1593260 1159
1593270 1159
1593280 1158
1593290 1156
1593300 1156
1593310 1154
1593320 1151
1593330 1151
1593340 1148
1593350 1144
1593360 1144
1593370 1142
1593380 1144
1593390 1144
1593400 1147
1593410 1149
1593420 1149
1593430 1152
1593440 1154
1593450 1158
1593460 1158
1593470 1161
1593480 1163
1593490 1163
1593500 1164
1593510 1167
1593520 1167
1593530 1170
1593540 1172
1593550 1172
1593560 1175
1593570 1177
1593580 1177
1593590 1178
1593600 1180
1593610 1180
1593620 1181
1593630 1181
1593640 1181
1593650 1181
1593660 1181
1593670 1178
1593680 1178
1593690 1175
1593700 1170
1593710 1170
1593720 1166
1593730 1161
1593740 1161
1593750 1158
1593760 1155
1593770 1155
1593780 1152
1593790 1150
1593800 1150
1593810 1148
1593820 1145
1593830 1146
1593840 1145
1593850 1148
1593860 1148
1593870 1148
1593880 1150
1593890 1152
1593900 1152
1593910 1155
1593920 1156
1593930 1156
1593940 1158
1593950 1160
1593960 1160
1593970 1162
1593980 1163
1593990 1163
1594000 1164
1594010 1166
1594020 1166
1594030 1167
1594040 1169
1594050 1171
1594060 1171
1594070 1173
1594080 1174
1594090 1174
1594100 1175
1594110 1176
1594120 1176
1594130 1177
1594140 1178
1594150 1178
1594160 1180
1594170 1181
1594180 1181
1594190 1183
1594200 1183
1594210 1183
1594220 1184
1594230 1184
1594240 1185
1594250 1185
1594260 1185
1594270 1185
1594280 1185
1594290 1184
1594300 1183
1594310 1183
1594320 1182
1594330 1180
1594340 1180
1594350 1178
1594360 1174
1594370 1174
1594380 1170
1594390 1166
1594400 1166
1594410 1160
1594420 1154
1594430 1149
1594440 1149
1594450 1145
1594460 1141
1594470 1141
1594480 1139
1594490 1137
1594500 1137
1594510 1136
1594520 1135
1594530 1135
1594540 1134
1594550 1133
1594560 1133
1594570 1133
1594580 1132
1594590 1132
1594600 1131
1594610 1129
1594620 1125
1594630 1125
1594640 1121
1594650 1115
1594660 1115
1594670 1111
1594680 1109
1594690 1109
1594700 1107
1594710 1104
1594720 1104
1594730 1099
1594740 1096
1594750 1096
1594760 1092
1594770 1089
1594780 1089
1594790 1085
1594800 1083
1594810 1083
1594820 1081
1594830 1080
1594840 1081
1594850 1081
1594860 1081
1594870 1081
1594880 1081
1594890 1080
1594900 1078
1594910 1078
1594920 1078
1594930 1077
1594940 1077
1594950 1078
1594960 1078
1594970 1078
1594980 1081
1594990 1082
1595000 1082
1595010 1082
1595020 1083
1595030 1084
1595040 1084
1595050 1084
1595060 1085
1595070 1085
1595080 1085
1595090 1085
1595100 1085
1595110 1084
1595120 1083
1595130 1083
1595140 1082
1595150 1081
1595160 1081
1595170 1079
1595180 1077
1595190 1077
1595200 1075
1595210 1073
1595220 1071
1595230 1071
1595240 1068
1595250 1066
1595260 1066
1595270 1063
1595280 1062
1595290 1062
1595300 1061
1595310 1060
1595320 1060
1595330 1060
1595340 1060
1595350 1060
1595360 1059
1595370 1056
1595380 1056
1595390 1052
1595400 1048
1595410 1043
1595420 1043
1595430 1039
1595440 1035
1595450 1035
1595460 1032
1595470 1029
1595480 1029
1595490 1026
1595500 1021
1595510 1021
1595520 1016
1595530 1014
1595540 1014
1595550 1012
1595560 1008
1595570 1008
1595580 1005
1595590 1001
1595600 997
1595610 997
1595620 995
1595630 997
1595640 997
1595650 1005
1595660 1011
1595670 1011
1595680 1017
1595690 1021
1595700 1021
1595710 1025
1595720 1029
1595730 1029
1595740 1032
1595750 1036
1595760 1036
1595770 1039
1595780 1043
1595790 1046
1595800 1046
1595810 1048
1595820 1050
1595830 1050
1595840 1053
1595850 1055
1595860 1055
1595870 1057
1595880 1058
1595890 1058
1595900 1061
1595910 1062
1595920 1062
1595930 1062
1595940 1062
1595950 1062
1595960 1061
1595970 1060
1595980 1060
1595990 1059
1596000 1056
1596010 1052
1596020 1052
1596030 1048
1596040 1045
1596050 1045
1596060 1042
1596070 1041
1596080 1041
1596090 1042
1596100 1043
1596110 1043
1596120 1048
1596130 1049
1596140 1049
1596150 1051
1596160 1053
1596170 1053
1596180 1054
1596190 1054
1596200 1055
1596210 1055
1596220 1056
1596230 1057
1596240 1057
1596250 1057
1596260 1057
1596270 1057
1596280 1056
1596290 1055
1596300 1055
1596310 1053
1596320 1050
1596330 1050
1596340 1047
1596350 1044
1596360 1044
1596370 1039
1596380 1035
1596390 1031
1596400 1031
1596410 1029
1596420 1029
1596430 1029
1596440 1027
1596450 1024
1596460 1024
1596470 1021
1596480 1016
1596490 1016
1596500 1009
1596510 1003
1596520 1003
1596530 998
1596540 992
1596550 992
1596560 987
1596570 983
1596580 978
1596590 978
1596600 978
1596610 981
1596620 981
1596630 986
1596640 989
1596650 989
1596660 994
1596670 999
1596680 999
1596690 1003
1596700 1007
1596710 1007
1596720 1010
1596730 1013
1596740 1013
1596750 1015
1596760 1017
1596770 1020
1596780 1020
1596790 1023
1596800 1026
1596810 1026
1596820 1028
1596830 1029
1596840 1029
1596850 1032
1596860 1034
1596870 1034
1596880 1036
1596890 1038
1596900 1038
1596910 1040
1596920 1041
1596930 1041
1596940 1041
1596950 1042
1596960 1042
1596970 1042
1596980 1041
1596990 1037
1597000 1037
1597010 1034
1597020 1030
1597030 1030
1597040 1028
1597050 1027
1597060 1027
1597070 1027
1597080 1028
1597090 1028
1597100 1029
1597110 1031
1597120 1031
1597130 1032
1597140 1033
1597150 1033
1597160 1034
1597170 1036
1597180 1038
1597190 1038
1597200 1040
1597210 1043
1597220 1043
1597230 1046
1597240 1048
1597250 1050
1597260 1053
1597270 1055
1597280 1055
1597290 1058
1597300 1058
1597310 1058
1597320 1059
1597330 1061
1597340 1061
1597350 1062
1597360 1062
1597370 1064
1597380 1064
1597390 1068
1597400 1073
1597410 1073
1597420 1076
1597430 1078
1597440 1078
1597450 1081
1597460 1084
1597470 1084
1597480 1088
1597490 1092
1597500 1092
1597510 1096
1597520 1102
1597530 1102
1597540 1105
1597550 1108
1597560 1111
1597570 1111
1597580 1113
1597590 1116
1597600 1116
1597610 1118
1597620 1119
1597630 1119
1597640 1119
1597650 1118
1597660 1118
1597670 1115
1597680 1111
1597690 1111
1597700 1107
1597710 1104
1597720 1104
1597730 1102
1597740 1099
1597750 1098
1597760 1098
1597770 1098
1597780 1099
1597790 1099
1597800 1106
1597810 1111
1597820 1111
1597830 1115
1597840 1119
1597850 1119
1597860 1122
1597870 1125
1597880 1125
1597890 1128
1597900 1131
1597910 1131
1597920 1134
1597930 1137
1597940 1140
1597950 1140
1597960 1143
1597970 1146
1597980 1146
1597990 1150
1598000 1154
1598010 1154
1598020 1157
1598030 1160
1598040 1160
1598050 1161
1598060 1160
1598070 1160
1598080 1157
1598090 1153
1598100 1153
1598110 1149
1598120 1146
1598130 1146
1598140 1143
1598150 1141
1598160 1139
1598170 1139
1598180 1137
1598190 1135
1598200 1135
1598210 1131
1598220 1128
1598230 1128
1598240 1127
1598250 1126
1598260 1126
1598270 1122
1598280 1119
1598290 1119
1598300 1116
1598310 1113
1598320 1113
1598330 1110
1598340 1107
1598350 1105
1598360 1105
1598370 1102
1598380 1099
1598390 1099
1598400 1096
1598410 1092
1598420 1092
1598430 1089
1598440 1086
1598450 1086
1598460 1083
1598470 1079
1598480 1079
1598490 1077
1598500 1073
1598510 1073
1598520 1069
1598530 1066
1598540 1062
1598550 1062
1598560 1055
1598570 1050
1598580 1050
1598590 1048
1598600 1049
1598610 1049
1598620 1048
1598630 1048
1598640 1048
1598650 1048
1598660 1048
1598670 1048
1598680 1047
1598690 1045
1598700 1045
1598710 1042
1598720 1040
1598730 1039
1598740 1039
1598750 1039
1598760 1039
1598770 1039
1598780 1039
1598790 1039
1598800 1039
1598810 1040
1598820 1040
1598830 1040
1598840 1039
1598850 1037
1598860 1037
1598870 1034
1598880 1032
1598890 1032
1598900 1030
1598910 1027
1598920 1025
1598930 1025
1598940 1023
1598950 1021
1598960 1021
1598970 1019
1598980 1018
1598990 1018
1599000 1018
1599010 1018
1599020 1018
1599030 1019
1599040 1019
1599050 1019
1599060 1018
1599070 1014
1599080 1014
1599090 1011
1599100 1008
1599110 1008
1599120 1006
1599130 1005
1599140 1003
1599150 1003
1599160 1001
1599170 1000
1599180 1000
1599190 997
1599200 994
1599210 994
1599220 992
1599230 991
1599240 991
1599250 990
1599260 989
1599270 989
1599280 987
1599290 983
1599300 983
1599310 979
1599320 973
1599330 969
1599340 969
1599350 966
1599360 963
1599370 963
1599380 958
1599390 955
1599400 955
1599410 951
1599420 948
1599430 948
1599440 945
1599450 942
1599460 942
1599470 934
1599480 931
1599490 931
1599500 928
1599510 924
1599520 921
1599530 921
1599540 917
1599550 913
1599560 913
1599570 910
1599580 906
1599590 906
1599600 903
1599610 899
1599620 899
1599630 895
1599640 890
1599650 890
1599660 885
1599670 881
1599680 881
1599690 874
1599700 869
1599710 869
1599720 869
1599730 870
1599740 872
1599750 872
1599760 876
1599770 880
1599780 880
1599790 883
1599800 885
1599810 885
1599820 887
1599830 893
1599840 893
1599850 898
1599860 903
1599870 903
1599880 908
1599890 912
1599900 917
1599910 917
1599920 922
1599930 929
1599940 929
1599950 934
1599960 937
1599970 937
1599980 940
1599990 943
