1580000 1088
1580010 1091
1580020 1091
1580030 1094
1580040 1096
1580050 1096
1580060 1099
1580070 1101
1580080 1101
1580090 1104
1580100 1106
1580110 1106
1580120 1107
1580130 1109
1580140 1109
1580150 1112
1580160 1115
1580170 1115
1580180 1121
1580190 1124
1580200 1128
1580210 1128
1580220 1130
1580230 1135
1580240 1135
1580250 1138
1580260 1141
1580270 1141
1580280 1145
1580290 1150
1580300 1150
1580310 1154
1580320 1158
1580330 1158
1580340 1163
1580350 1169
1580360 1169
1580370 1174
1580380 1178
1580390 1183
1580400 1183
1580410 1187
1580420 1190
1580430 1190
1580440 1192
1580450 1194
1580460 1194
1580470 1196
1580480 1198
1580490 1198
1580500 1200
1580510 1201
1580520 1201
1580530 1202
1580540 1203
1580550 1203
1580560 1205
1580570 1206
1580580 1209
1580590 1209
1580600 1211
1580610 1213
1580620 1213
1580630 1216
1580640 1219
1580650 1219
1580660 1223
1580670 1227
1580680 1227
1580690 1230
1580700 1234
1580710 1234
1580720 1238
1580730 1243
1580740 1243
1580750 1247
1580760 1251
1580770 1255
1580780 1255
1580790 1260
1580800 1264
1580810 1264
1580820 1268
1580830 1272
1580840 1272
1580850 1275
1580860 1278
1580870 1278
1580880 1281
1580890 1285
1580900 1285
1580910 1289
1580920 1291
1580930 1291
1580940 1293
1580950 1295
1580960 1295
1580970 1296
1580980 1298
1580990 1298
1581000 1298
1581010 1298
1581020 1298
1581030 1298
1581040 1296
1581050 1294
1581060 1294
1581070 1292
1581080 1290
1581090 1290
1581100 1287
1581110 1284
1581120 1284
1581130 1279
1581140 1272
1581150 1272
1581160 1264
1581170 1257
1581180 1251
1581190 1251
1581200 1245
1581210 1238
1581220 1238
1581230 1231
1581240 1223
1581250 1223
1581260 1216
1581270 1209
1581280 1209
1581290 1204
1581300 1199
1581310 1199
1581320 1194
1581330 1190
1581340 1190
1581350 1185
1581360 1181
1581370 1176
1581380 1176
1581390 1173
1581400 1170
1581410 1170
1581420 1167
1581430 1165
1581440 1163
1581450 1160
1581460 1156
1581470 1156
1581480 1153
1581490 1150
1581500 1150
1581510 1147
1581520 1144
1581530 1144
1581540 1141
1581550 1138
1581560 1136
1581570 1136
1581580 1132
1581590 1129
1581600 1129
1581610 1125
1581620 1124
1581630 1124
1581640 1123
1581650 1123
1581660 1123
1581670 1125
1581680 1127
1581690 1127
1581700 1130
1581710 1131
1581720 1131
1581730 1133
1581740 1136
1581750 1136
1581760 1140
1581770 1144
1581780 1147
1581790 1147
1581800 1150
1581810 1152
1581820 1152
1581830 1154
1581840 1154
1581850 1154
1581860 1154
1581870 1153
1581880 1153
1581890 1151
1581900 1148
1581910 1148
1581920 1145
1581930 1141
1581940 1141
1581950 1136
1581960 1131
1581970 1127
1581980 1127
1581990 1123
1582000 1121
1582010 1121
1582020 1119
1582030 1117
1582040 1117
1582050 1114
1582060 1112
1582070 1112
1582080 1111
1582090 1114
1582100 1114
1582110 1118
1582120 1122
1582130 1122
1582140 1124
1582150 1127
1582160 1129
1582170 1129
1582180 1132
1582190 1134
1582200 1134
1582210 1137
1582220 1140
1582230 1140
1582240 1142
1582250 1146
1582260 1146
1582270 1149
1582280 1154
1582290 1154
1582300 1158
1582310 1163
1582320 1163
1582330 1168
1582340 1173
1582350 1177
1582360 1177
1582370 1181
1582380 1185
1582390 1185
1582400 1189
1582410 1194
1582420 1194
1582430 1198
1582440 1203
1582450 1203
1582460 1208
1582470 1213
1582480 1213
1582490 1217
1582500 1221
1582510 1221
1582520 1225
1582530 1229
1582540 1229
1582550 1234
1582560 1238
1582570 1242
1582580 1242
1582590 1246
1582600 1249
1582610 1249
1582620 1252
1582630 1256
1582640 1256
1582650 1261
1582660 1266
1582670 1266
1582680 1269
1582690 1269
1582700 1269
1582710 1267
1582720 1265
1582730 1263
1582740 1262
1582750 1261
1582760 1259
1582770 1259
1582780 1258
1582790 1257
1582800 1257
1582810 1255
1582820 1252
1582830 1252
1582840 1247
1582850 1243
1582860 1243
1582870 1240
1582880 1238
1582890 1238
1582900 1236
1582910 1236
1582920 1236
1582930 1236
1582940 1236
1582950 1236
1582960 1236
1582970 1236
1582980 1236
1582990 1236
1583000 1235
1583010 1234
1583020 1234
1583030 1233
1583040 1232
1583050 1232
1583060 1231
1583070 1230
1583080 1230
1583090 1228
1583100 1225
1583110 1225
1583120 1223
1583130 1222
1583140 1221
1583150 1221
1583160 1219
1583170 1217
1583180 1217
1583190 1216
1583200 1215
1583210 1215
1583220 1215
1583230 1214
1583240 1214
1583250 1213
1583260 1213
1583270 1213
1583280 1213
1583290 1212
1583300 1212
1583310 1211
1583320 1211
1583330 1214
1583340 1214
1583350 1216
1583360 1220
1583370 1220
1583380 1226
1583390 1232
1583400 1232
1583410 1237
1583420 1243
1583430 1243
1583440 1249
1583450 1256
1583460 1256
1583470 1263
1583480 1268
1583490 1268
1583500 1272
1583510 1275
1583520 1275
1583530 1278
1583540 1281
1583550 1285
1583560 1285
1583570 1288
1583580 1292
1583590 1292
1583600 1295
1583610 1299
1583620 1299
1583630 1302
1583640 1305
1583650 1305
1583660 1308
1583670 1311
1583680 1311
1583690 1314
1583700 1317
1583710 1317
1583720 1320
1583730 1323
1583740 1326
1583750 1326
1583760 1329
1583770 1332
1583780 1332
1583790 1334
1583800 1336
1583810 1336
1583820 1337
1583830 1337
1583840 1337
1583850 1337
1583860 1336
1583870 1336
1583880 1336
1583890 1335
1583900 1335
1583910 1334
1583920 1332
1583930 1331
1583940 1331
1583950 1329
1583960 1328
1583970 1328
1583980 1326
1583990 1325
1584000 1325
1584010 1320
1584020 1319
1584030 1319
1584040 1318
1584050 1316
1584060 1316
1584070 1314
1584080 1312
1584090 1312
1584100 1311
1584110 1310
1584120 1310
1584130 1310
1584140 1310
1584150 1310
1584160 1310
1584170 1310
1584180 1310
1584190 1310
1584200 1310
1584210 1310
1584220 1310
1584230 1312
1584240 1312
1584250 1312
1584260 1312
1584270 1312
1584280 1312
1584290 1313
1584300 1314
1584310 1314
1584320 1315
1584330 1315
1584340 1316
1584350 1316
1584360 1316
1584370 1315
1584380 1315
1584390 1314
1584400 1314
1584410 1314
1584420 1316
1584430 1317
1584440 1317
1584450 1318
1584460 1319
1584470 1319
1584480 1321
1584490 1322
1584500 1322
1584510 1323
1584520 1324
1584530 1325
1584540 1325
1584550 1327
1584560 1328
1584570 1328
1584580 1329
1584590 1329
1584600 1329
1584610 1330
1584620 1332
1584630 1332
1584640 1332
1584650 1334
1584660 1334
1584670 1335
1584680 1335
1584690 1335
1584700 1336
1584710 1337
1584720 1338
1584730 1338
1584740 1339
1584750 1340
1584760 1340
1584770 1341
1584780 1342
1584790 1342
1584800 1343
1584810 1343
1584820 1343
1584830 1343
1584840 1343
1584850 1343
1584860 1341
1584870 1340
1584880 1340
1584890 1338
1584900 1336
1584910 1334
1584920 1334
1584930 1331
1584940 1327
1584950 1327
1584960 1323
1584970 1319
1584980 1319
1584990 1316
1585000 1313
1585010 1313
1585020 1309
1585030 1306
1585040 1306
1585050 1303
1585060 1300
1585070 1300
1585080 1297
1585090 1294
1585100 1290
1585110 1290
1585120 1287
1585130 1284
1585140 1284
1585150 1280
1585160 1276
1585170 1276
1585180 1272
1585190 1270
1585200 1270
1585210 1268
1585220 1265
1585230 1265
1585240 1263
1585250 1259
1585260 1259
1585270 1256
1585280 1251
1585290 1251
1585300 1247
1585310 1243
1585320 1240
1585330 1240
1585340 1236
1585350 1233
1585360 1233
1585370 1230
1585380 1225
1585390 1225
1585400 1221
1585410 1217
1585420 1217
1585430 1214
1585440 1211
1585450 1211
1585460 1208
1585470 1205
1585480 1205
1585490 1202
1585500 1200
1585510 1197
1585520 1197
1585530 1194
1585540 1191
1585550 1191
1585560 1188
1585570 1185
1585580 1185
1585590 1182
1585600 1180
1585610 1180
1585620 1176
1585630 1174
1585640 1174
1585650 1172
1585660 1170
1585670 1170
1585680 1169
1585690 1168
1585700 1167
1585710 1167
1585720 1164
1585730 1161
1585740 1161
1585750 1159
1585760 1156
1585770 1156
1585780 1155
1585790 1153
1585800 1153
1585810 1151
1585820 1150
1585830 1150
1585840 1148
1585850 1146
1585860 1146
1585870 1144
1585880 1141
1585890 1137
1585900 1137
1585910 1135
1585920 1132
1585930 1132
1585940 1128
1585950 1124
1585960 1124
1585970 1120
1585980 1117
1585990 1117
1586000 1114
1586010 1112
1586020 1112
1586030 1111
1586040 1109
1586050 1109
1586060 1107
1586070 1107
1586080 1107
1586090 1106
1586100 1106
1586110 1105
1586120 1105
1586130 1104
1586140 1103
1586150 1103
1586160 1101
1586170 1100
1586180 1100
1586190 1099
1586200 1098
1586210 1098
1586220 1096
1586230 1095
1586240 1095
1586250 1095
1586260 1095
1586270 1095
1586280 1094
1586290 1092
1586300 1090
1586310 1090
1586320 1087
1586330 1083
1586340 1083
1586350 1080
1586360 1077
1586370 1077
1586380 1075
1586390 1074
1586400 1074
1586410 1072
1586420 1070
1586430 1070
1586440 1069
1586450 1067
1586460 1067
1586470 1064
1586480 1060
1586490 1056
1586500 1056
1586510 1052
1586520 1047
1586530 1043
1586540 1040
1586550 1041
1586560 1041
1586570 1041
1586580 1040
1586590 1040
1586600 1039
1586610 1038
1586620 1038
1586630 1038
1586640 1040
1586650 1040
1586660 1043
1586670 1044
1586680 1045
1586690 1045
1586700 1046
1586710 1047
1586720 1047
1586730 1048
1586740 1050
1586750 1050
1586760 1051
1586770 1051
1586780 1051
1586790 1050
1586800 1049
1586810 1049
1586820 1045
1586830 1046
1586840 1046
1586850 1052
1586860 1058
1586870 1058
1586880 1064
1586890 1067
1586900 1069
1586910 1069
1586920 1071
1586930 1073
1586940 1073
1586950 1074
1586960 1075
1586970 1075
1586980 1077
1586990 1078
1587000 1078
1587010 1079
1587020 1079
1587030 1079
1587040 1078
1587050 1076
1587060 1076
1587070 1074
1587080 1071
1587090 1068
1587100 1068
1587110 1065
1587120 1062
1587130 1062
1587140 1061
1587150 1061
1587160 1061
1587170 1059
1587180 1053
1587190 1053
1587200 1047
1587210 1044
1587220 1044
1587230 1041
1587240 1035
1587250 1035
1587260 1030
1587270 1024
1587280 1018
1587290 1018
1587300 1012
1587310 1006
1587320 1006
1587330 1001
1587340 995
1587350 995
1587360 990
1587370 985
1587380 985
1587390 980
1587400 975
1587410 975
1587420 970
1587430 964
1587440 964
1587450 958
1587460 952
1587470 946
1587480 946
1587490 941
1587500 936
1587510 936
1587520 932
1587530 928
1587540 928
1587550 926
1587560 924
1587570 924
1587580 922
1587590 920
1587600 920
1587610 918
1587620 916
1587630 916
1587640 913
1587650 910
1587660 908
1587670 908
1587680 906
1587690 904
1587700 904
1587710 901
1587720 898
1587730 898
1587740 895
1587750 892
1587760 894
1587770 891
1587780 888
1587790 888
1587800 885
1587810 883
1587820 883
1587830 882
1587840 879
1587850 879
1587860 877
1587870 875
1587880 874
1587890 874
1587900 876
1587910 879
1587920 879
1587930 883
1587940 887
1587950 887
1587960 889
1587970 891
1587980 891
1587990 892
1588000 895
1588010 895
1588020 897
1588030 899
1588040 899
1588050 899
1588060 900
1588070 900
1588080 900
1588090 901
1588100 902
1588110 902
1588120 903
1588130 904
1588140 904
1588150 904
1588160 904
1588170 904
1588180 905
1588190 905
1588200 905
1588210 906
1588220 907
1588230 907
1588240 908
1588250 909
1588260 910
1588270 910
1588280 911
1588290 912
1588300 912
1588310 912
1588320 913
1588330 913
1588340 914
1588350 914
1588360 914
1588370 913
1588380 913
1588390 913
1588400 913
1588410 914
1588420 914
1588430 914
1588440 913
1588450 913
1588460 913
1588470 912
1588480 913
1588490 913
1588500 915
1588510 916
1588520 916
1588530 918
1588540 920
1588550 920
1588560 919
1588570 918
1588580 918
1588590 918
1588600 917
1588610 917
1588620 918
1588630 920
1588640 920
1588650 923
1588660 925
1588670 927
1588680 927
1588690 928
1588700 930
1588710 930
1588720 932
1588730 934
1588740 934
1588750 936
1588760 939
1588770 939
1588780 940
1588790 942
1588800 942
1588810 945
1588820 948
1588830 948
1588840 951
1588850 954
1588860 957
1588870 957
1588880 959
1588890 962
1588900 962
1588910 965
1588920 969
1588930 969
1588940 974
1588950 980
1588960 980
1588970 983
1588980 989
1588990 989
1589000 993
1589010 996
1589020 996
1589030 999
1589040 1003
1589050 1007
1589060 1007
1589070 1010
1589080 1011
1589090 1011
1589100 1013
1589110 1016
1589120 1016
1589130 1019
1589140 1022
1589150 1022
1589160 1026
1589170 1029
1589180 1029
1589190 1033
1589200 1037
1589210 1037
1589220 1041
1589230 1044
1589240 1047
1589250 1047
1589260 1052
1589270 1055
1589280 1055
1589290 1059
1589300 1063
1589310 1063
1589320 1067
1589330 1069
1589340 1069
1589350 1074
1589360 1075
1589370 1075
1589380 1078
1589390 1081
1589400 1081
1589410 1084
1589420 1086
1589430 1086
1589440 1089
1589450 1092
1589460 1094
1589470 1094
1589480 1097
1589490 1100
1589500 1100
1589510 1102
1589520 1105
1589530 1105
1589540 1108
1589550 1111
1589560 1111
1589570 1114
1589580 1116
1589590 1116
1589600 1119
1589610 1122
1589620 1122
1589630 1126
1589640 1128
1589650 1131
1589660 1131
1589670 1135
1589680 1138
1589690 1138
1589700 1141
1589710 1145
1589720 1145
1589730 1148
1589740 1151
1589750 1151
1589760 1154
1589770 1156
1589780 1156
1589790 1158
1589800 1160
1589810 1160
1589820 1162
1589830 1165
1589840 1167
1589850 1167
1589860 1170
1589870 1172
1589880 1172
1589890 1174
1589900 1175
1589910 1175
1589920 1177
1589930 1178
1589940 1178
1589950 1179
1589960 1181
1589970 1181
1589980 1182
1589990 1184
1590000 1184
1590010 1186
1590020 1188
1590030 1190
1590040 1190
1590050 1191
1590060 1193
1590070 1193
1590080 1195
1590090 1196
1590100 1196
1590110 1197
1590120 1198
1590130 1198
1590140 1199
1590150 1201
1590160 1201
1590170 1202
1590180 1203
1590190 1203
1590200 1203
1590210 1204
1590220 1205
1590230 1205
1590240 1206
1590250 1207
1590260 1207
1590270 1208
1590280 1209
1590290 1209
1590300 1210
1590310 1211
1590320 1211
1590330 1212
1590340 1213
1590350 1213
1590360 1213
1590370 1212
1590380 1212
1590390 1211
1590400 1210
1590410 1210
1590420 1210
1590430 1209
1590440 1208
1590450 1208
1590460 1207
1590470 1206
1590480 1206
1590490 1206
1590500 1206
1590510 1206
1590520 1208
1590530 1210
1590540 1210
1590550 1212
1590560 1213
1590570 1213
1590580 1213
1590590 1214
1590600 1214
1590610 1215
1590620 1217
1590630 1219
1590640 1219
1590650 1221
1590660 1221
1590670 1221
1590680 1223
1590690 1226
1590700 1226
1590710 1229
1590720 1232
1590730 1232
1590740 1236
1590750 1239
1590760 1239
1590770 1242
1590780 1244
1590790 1244
1590800 1246
1590810 1247
1590820 1248
1590830 1248
1590840 1250
1590850 1251
1590860 1251
1590870 1253
1590880 1255
1590890 1255
1590900 1258
1590910 1260
1590920 1260
1590930 1262
1590940 1263
1590950 1263
1590960 1264
1590970 1266
1590980 1266
1590990 1269
1591000 1271
1591010 1273
1591020 1273
1591030 1275
1591040 1276
1591050 1276
1591060 1277
1591070 1278
1591080 1278
1591090 1279
1591100 1279
1591110 1279
1591120 1279
1591130 1278
1591140 1278
1591150 1277
1591160 1277
1591170 1277
1591180 1275
1591190 1275
1591200 1275
1591210 1274
1591220 1274
1591230 1273
1591240 1273
1591250 1273
1591260 1273
1591270 1273
1591280 1273
1591290 1273
1591300 1273
1591310 1274
1591320 1274
1591330 1274
1591340 1274
1591350 1276
1591360 1276
1591370 1278
1591380 1277
1591390 1277
1591400 1279
1591410 1281
1591420 1283
1591430 1283
1591440 1286
1591450 1288
1591460 1288
1591470 1290
1591480 1291
1591490 1291
1591500 1293
1591510 1294
1591520 1294
1591530 1295
1591540 1297
1591550 1297
1591560 1298
1591570 1300
1591580 1300
1591590 1301
1591600 1302
1591610 1303
1591620 1303
1591630 1304
1591640 1305
1591650 1305
1591660 1305
1591670 1305
1591680 1305
1591690 1306
1591700 1306
1591710 1306
1591720 1306
1591730 1306
1591740 1306
1591750 1305
1591760 1305
1591770 1305
1591780 1304
1591790 1303
1591800 1301
1591810 1301
1591820 1300
1591830 1299
1591840 1299
1591850 1298
1591860 1296
1591870 1296
1591880 1293
1591890 1290
1591900 1290
1591910 1288
1591920 1288
1591930 1288
1591940 1287
1591950 1285
1591960 1285
1591970 1283
1591980 1281
1591990 1281
1592000 1279
1592010 1276
1592020 1274
1592030 1274
1592040 1272
1592050 1270
1592060 1270
1592070 1268
1592080 1267
1592090 1267
1592100 1266
1592110 1263
1592120 1263
1592130 1260
1592140 1256
1592150 1256
1592160 1253
1592170 1250
1592180 1250
1592190 1247
1592200 1244
1592210 1241
1592220 1241
1592230 1238
1592240 1235
1592250 1235
1592260 1231
1592270 1227
1592280 1227
1592290 1222
1592300 1217
1592310 1217
1592320 1214
1592330 1213
1592340 1213
1592350 1212
1592360 1211
1592370 1211
1592380 1211
1592390 1210
1592400 1209
1592410 1209
1592420 1209
1592430 1209
1592440 1209
1592450 1209
1592460 1209
1592470 1209
1592480 1209
1592490 1210
1592500 1210
1592510 1210
1592520 1209
1592530 1209
1592540 1207
1592550 1205
1592560 1202
1592570 1199
1592580 1197
1592590 1194
1592600 1194
1592610 1193
1592620 1194
1592630 1194
1592640 1194
1592650 1194
1592660 1194
1592670 1194
1592680 1195
1592690 1195
1592700 1195
1592710 1195
1592720 1195
1592730 1195
1592740 1196
1592750 1196
1592760 1197
1592770 1198
1592780 1198
1592790 1198
1592800 1199
1592810 1198
1592820 1198
1592830 1198
1592840 1197
1592850 1197
1592860 1197
1592870 1197
1592880 1197
1592890 1197
1592900 1197
1592910 1197
1592920 1197
1592930 1197
1592940 1197
1592950 1197
1592960 1196
1592970 1196
1592980 1196
1592990 1195
1593000 1195
1593010 1195
1593020 1195
1593030 1195
1593040 1195
1593050 1194
1593060 1194
1593070 1194
1593080 1194
1593090 1194
1593100 1194
1593110 1194
1593120 1194
1593130 1194
1593140 1194
1593150 1195
1593160 1195
1593170 1195
1593180 1195
1593190 1195
1593200 1195
1593210 1195
1593220 1196
1593230 1196
1593240 1196
1593250 1195
1593260 1195
1593270 1195
1593280 1193
1593290 1193
1593300 1193
1593310 1193
1593320 1193
1593330 1193
1593340 1192
1593350 1192
1593360 1191
1593370 1189
1593380 1188
1593390 1188
1593400 1186
1593410 1184
1593420 1184
1593430 1183
1593440 1182
1593450 1182
1593460 1181
1593470 1179
1593480 1179
1593490 1178
1593500 1178
1593510 1178
1593520 1178
1593530 1177
1593540 1177
1593550 1178
1593560 1179
1593570 1182
1593580 1182
1593590 1183
1593600 1184
1593610 1184
1593620 1187
1593630 1188
1593640 1188
1593650 1190
1593660 1191
1593670 1191
1593680 1193
1593690 1194
1593700 1194
1593710 1195
1593720 1193
1593730 1193
1593740 1195
1593750 1196
1593760 1196
1593770 1197
1593780 1198
1593790 1199
1593800 1199
1593810 1201
1593820 1204
1593830 1204
1593840 1206
1593850 1208
1593860 1208
1593870 1210
1593880 1212
1593890 1212
1593900 1214
1593910 1215
1593920 1215
1593930 1216
1593940 1217
1593950 1217
1593960 1218
1593970 1219
1593980 1218
1593990 1218
1594000 1217
1594010 1216
1594020 1216
1594030 1215
1594040 1213
1594050 1213
1594060 1213
1594070 1212
1594080 1212
1594090 1211
1594100 1210
1594110 1210
1594120 1210
1594130 1209
1594140 1209
1594150 1207
1594160 1204
1594170 1201
1594180 1201
1594190 1198
1594200 1195
1594210 1195
1594220 1193
1594230 1189
1594240 1189
1594250 1185
1594260 1181
1594270 1181
1594280 1178
1594290 1175
1594300 1175
1594310 1172
1594320 1170
1594330 1170
1594340 1169
1594350 1167
1594360 1165
1594370 1165
1594380 1164
1594390 1163
1594400 1163
1594410 1163
1594420 1163
1594430 1163
1594440 1162
1594450 1161
1594460 1161
1594470 1160
1594480 1158
1594490 1158
1594500 1156
1594510 1155
1594520 1155
1594530 1155
1594540 1155
1594550 1154
1594560 1154
1594570 1154
1594580 1153
1594590 1153
1594600 1152
1594610 1152
1594620 1152
1594630 1151
1594640 1150
1594650 1150
1594660 1149
1594670 1149
1594680 1149
1594690 1148
1594700 1147
1594710 1147
1594720 1147
1594730 1146
1594740 1146
1594750 1145
1594760 1145
1594770 1145
1594780 1145
1594790 1145
1594800 1145
1594810 1145
1594820 1145
1594830 1145
1594840 1145
1594850 1145
1594860 1145
1594870 1145
1594880 1142
1594890 1141
1594900 1141
1594910 1141
1594920 1141
1594930 1141
1594940 1141
1594950 1141
1594960 1141
1594970 1141
1594980 1142
1594990 1141
1595000 1141
1595010 1141
1595020 1140
1595030 1140
1595040 1140
1595050 1141
1595060 1141
1595070 1141
1595080 1141
1595090 1141
1595100 1141
1595110 1141
1595120 1141
1595130 1141
1595140 1141
1595150 1141
1595160 1141
1595170 1140
1595180 1140
1595190 1140
1595200 1140
1595210 1140
1595220 1140
1595230 1140
1595240 1140
1595250 1140
1595260 1140
1595270 1140
1595280 1140
1595290 1140
1595300 1140
1595310 1140
1595320 1140
1595330 1140
1595340 1139
1595350 1139
1595360 1139
1595370 1138
1595380 1138
1595390 1138
1595400 1138
1595410 1138
1595420 1137
1595430 1137
1595440 1137
1595450 1138
1595460 1139
1595470 1139
1595480 1139
1595490 1140
1595500 1140
1595510 1142
1595520 1143
1595530 1143
1595540 1144
1595550 1144
1595560 1144
1595570 1144
1595580 1145
1595590 1146
1595600 1146
1595610 1146
1595620 1148
1595630 1148
1595640 1149
1595650 1150
1595660 1150
1595670 1152
1595680 1152
1595690 1152
1595700 1153
1595710 1154
1595720 1154
1595730 1155
1595740 1156
1595750 1158
1595760 1158
1595770 1159
1595780 1160
1595790 1160
1595800 1161
1595810 1161
1595820 1161
1595830 1162
1595840 1162
1595850 1162
1595860 1161
1595870 1161
1595880 1161
1595890 1161
1595900 1161
1595910 1161
1595920 1161
1595930 1160
1595940 1159
1595950 1159
1595960 1159
1595970 1158
1595980 1158
1595990 1157
1596000 1156
1596010 1156
1596020 1153
1596030 1151
1596040 1151
1596050 1150
1596060 1149
1596070 1149
1596080 1148
1596090 1147
1596100 1147
1596110 1147
1596120 1146
1596130 1145
1596140 1145
1596150 1143
1596160 1141
1596170 1141
1596180 1139
1596190 1137
1596200 1137
1596210 1135
1596220 1133
1596230 1133
1596240 1132
1596250 1131
1596260 1131
1596270 1131
1596280 1130
1596290 1130
1596300 1130
1596310 1129
1596320 1129
1596330 1128
1596340 1127
1596350 1126
1596360 1126
1596370 1126
1596380 1126
1596390 1126
1596400 1126
1596410 1126
1596420 1126
1596430 1126
1596440 1126
1596450 1126
1596460 1126
1596470 1127
1596480 1127
1596490 1127
1596500 1127
1596510 1127
1596520 1126
1596530 1126
1596540 1126
1596550 1126
1596560 1126
1596570 1126
1596580 1126
1596590 1127
1596600 1127
1596610 1127
1596620 1128
1596630 1128
1596640 1128
1596650 1128
1596660 1129
1596670 1129
1596680 1129
1596690 1130
1596700 1130
1596710 1131
1596720 1132
1596730 1133
1596740 1133
1596750 1133
1596760 1134
1596770 1134
1596780 1135
1596790 1135
1596800 1135
1596810 1136
1596820 1137
1596830 1137
1596840 1139
1596850 1140
1596860 1140
1596870 1141
1596880 1143
1596890 1143
1596900 1145
1596910 1146
1596920 1148
1596930 1148
1596940 1150
1596950 1152
1596960 1152
1596970 1154
1596980 1155
1596990 1155
1597000 1157
1597010 1159
1597020 1159
1597030 1160
1597040 1162
1597050 1162
1597060 1163
1597070 1164
1597080 1164
1597090 1165
1597100 1166
1597110 1167
1597120 1167
1597130 1168
1597140 1169
1597150 1168
1597160 1169
1597170 1171
1597180 1171
1597190 1173
1597200 1175
1597210 1175
1597220 1177
1597230 1179
1597240 1179
1597250 1181
1597260 1183
1597270 1183
1597280 1184
1597290 1186
1597300 1186
1597310 1188
1597320 1190
1597330 1191
1597340 1191
1597350 1193
1597360 1194
1597370 1194
1597380 1196
1597390 1197
1597400 1197
1597410 1198
1597420 1199
1597430 1199
1597440 1199
1597450 1199
1597460 1199
1597470 1198
1597480 1197
1597490 1197
1597500 1196
1597510 1194
1597520 1192
1597530 1192
1597540 1190
1597550 1188
1597560 1188
1597570 1187
1597580 1185
1597590 1185
1597600 1183
1597610 1181
1597620 1181
1597630 1180
1597640 1178
1597650 1178
1597660 1176
1597670 1175
1597680 1175
1597690 1174
1597700 1172
1597710 1170
1597720 1170
1597730 1168
1597740 1168
1597750 1168
1597760 1167
1597770 1166
1597780 1166
1597790 1165
1597800 1165
1597810 1165
1597820 1164
1597830 1163
1597840 1163
1597850 1162
1597860 1161
1597870 1161
1597880 1160
1597890 1159
1597900 1159
1597910 1159
1597920 1158
1597930 1158
1597940 1158
1597950 1157
1597960 1155
1597970 1155
1597980 1153
1597990 1152
1598000 1152
1598010 1150
1598020 1148
1598030 1148
1598040 1146
1598050 1145
1598060 1145
1598070 1143
1598080 1142
1598090 1142
1598100 1140
1598110 1138
1598120 1137
1598130 1137
1598140 1135
1598150 1134
1598160 1134
1598170 1132
1598180 1130
1598190 1130
1598200 1127
1598210 1124
1598220 1124
1598230 1121
1598240 1119
1598250 1119
1598260 1115
1598270 1114
1598280 1114
1598290 1110
1598300 1107
1598310 1104
1598320 1104
1598330 1101
1598340 1099
1598350 1099
1598360 1098
1598370 1097
1598380 1097
1598390 1097
1598400 1095
1598410 1095
1598420 1094
1598430 1093
1598440 1093
1598450 1092
1598460 1091
1598470 1091
1598480 1091
1598490 1090
1598500 1090
1598510 1090
1598520 1089
1598530 1088
1598540 1088
1598550 1087
1598560 1087
1598570 1087
1598580 1087
1598590 1087
1598600 1087
1598610 1088
1598620 1088
1598630 1088
1598640 1089
1598650 1090
1598660 1090
1598670 1091
1598680 1092
1598690 1093
1598700 1093
1598710 1095
1598720 1096
1598730 1096
1598740 1097
1598750 1097
1598760 1097
1598770 1098
1598780 1099
1598790 1099
1598800 1100
1598810 1101
1598820 1101
1598830 1101
1598840 1101
1598850 1101
1598860 1102
1598870 1102
1598880 1102
1598890 1103
1598900 1104
1598910 1105
1598920 1105
1598930 1106
1598940 1108
1598950 1108
1598960 1109
1598970 1109
1598980 1109
1598990 1110
1599000 1112
1599010 1112
1599020 1114
1599030 1115
1599040 1115
1599050 1116
1599060 1118
1599070 1118
1599080 1119
1599090 1120
1599100 1121
1599110 1121
1599120 1122
1599130 1124
1599140 1124
1599150 1125
1599160 1126
1599170 1126
1599180 1127
1599190 1129
1599200 1129
1599210 1130
1599220 1132
1599230 1132
1599240 1134
1599250 1135
1599260 1135
1599270 1136
1599280 1136
1599290 1135
1599300 1135
1599310 1135
1599320 1135
1599330 1135
1599340 1134
1599350 1133
1599360 1133
1599370 1130
1599380 1129
1599390 1129
1599400 1127
1599410 1124
1599420 1124
1599430 1123
1599440 1122
1599450 1122
1599460 1120
1599470 1118
1599480 1118
1599490 1118
1599500 1117
1599510 1117
1599520 1117
1599530 1116
1599540 1114
1599550 1114
1599560 1112
1599570 1111
1599580 1111
1599590 1110
1599600 1108
1599610 1108
1599620 1107
1599630 1107
1599640 1107
1599650 1106
1599660 1105
1599670 1105
1599680 1105
1599690 1104
1599700 1104
1599710 1104
1599720 1103
1599730 1103
1599740 1103
1599750 1103
1599760 1103
1599770 1103
1599780 1103
1599790 1103
1599800 1103
1599810 1103
1599820 1104
1599830 1104
1599840 1105
1599850 1105
1599860 1105
1599870 1106
1599880 1107
1599890 1108
1599900 1108
1599910 1110
1599920 1112
1599930 1112
1599940 1115
1599950 1118
1599960 1118
1599970 1119
1599980 1118
1599990 1118
1580000 1088
1580010 1090
1580020 1092
1580030 1093
1580040 1095
1580050 1097
1580060 1099
1580070 1100
1580080 1102
1580090 1103
1580100 1105
1580110 1106
1580120 1107
1580130 1109
1580140 1111
1580150 1113
1580160 1115
1580170 1118
1580180 1122
1580190 1124
1580200 1126
1580210 1128
1580220 1130
1580230 1134
1580240 1136
1580250 1138
1580260 1140
1580270 1142
1580280 1145
1580290 1148
1580300 1151
1580310 1154
1580320 1157
1580330 1160
1580340 1164
1580350 1167
1580360 1171
1580370 1174
1580380 1177
1580390 1181
1580400 1184
1580410 1187
1580420 1189
1580430 1191
1580440 1193
1580450 1194
1580460 1196
1580470 1197
1580480 1198
1580490 1199
1580500 1200
1580510 1201
1580520 1202
1580530 1203
1580540 1204
1580550 1205
1580560 1206
1580570 1207
1580580 1208
1580590 1210
1580600 1211
1580610 1212
1580620 1214
1580630 1216
1580640 1218
1580650 1221
1580660 1223
1580670 1226
1580680 1228
1580690 1231
1580700 1233
1580710 1236
1580720 1239
1580730 1242
1580740 1245
1580750 1247
1580760 1250
1580770 1253
1580780 1256
1580790 1259
1580800 1262
1580810 1265
1580820 1267
1580830 1270
1580840 1272
1580850 1275
1580860 1277
1580870 1279
1580880 1281
1580890 1284
1580900 1287
1580910 1288
1580920 1290
1580930 1291
1580940 1292
1580950 1294
1580960 1295
1580970 1296
1580980 1297
1580990 1297
1581000 1298
1581010 1298
1581020 1297
1581030 1297
1581040 1295
1581050 1294
1581060 1293
1581070 1291
1581080 1290
1581090 1288
1581100 1287
1581110 1284
1581120 1281
1581130 1278
1581140 1273
1581150 1268
1581160 1263
1581170 1258
1581180 1253
1581190 1249
1581200 1245
1581210 1240
1581220 1235
1581230 1231
1581240 1226
1581250 1221
1581260 1216
1581270 1211
1581280 1207
1581290 1203
1581300 1200
1581310 1197
1581320 1193
1581330 1190
1581340 1187
1581350 1184
1581360 1181
1581370 1178
1581380 1175
1581390 1172
1581400 1170
1581410 1168
1581420 1166
1581430 1165
1581440 1163
1581450 1161
1581460 1158
1581470 1156
1581480 1154
1581490 1152
1581500 1149
1581510 1147
1581520 1145
1581530 1143
1581540 1141
1581550 1139
1581560 1137
1581570 1135
1581580 1133
1581590 1130
1581600 1128
1581610 1126
1581620 1125
1581630 1124
1581640 1124
1581650 1124
1581660 1124
1581670 1126
1581680 1127
1581690 1129
1581700 1130
1581710 1131
1581720 1133
1581730 1134
1581740 1137
1581750 1139
1581760 1142
1581770 1144
1581780 1146
1581790 1148
1581800 1150
1581810 1152
1581820 1153
1581830 1154
1581840 1155
1581850 1155
1581860 1154
1581870 1154
1581880 1152
1581890 1151
1581900 1149
1581910 1147
1581920 1145
1581930 1142
1581940 1139
1581950 1136
1581960 1132
1581970 1129
1581980 1127
1581990 1124
1582000 1122
1582010 1120
1582020 1119
1582030 1118
1582040 1116
1582050 1114
1582060 1113
1582070 1112
1582080 1112
1582090 1113
1582100 1116
1582110 1118
1582120 1121
1582130 1123
1582140 1125
1582150 1126
1582160 1128
1582170 1129
1582180 1131
1582190 1133
1582200 1134
1582210 1136
1582220 1138
1582230 1140
1582240 1142
1582250 1144
1582260 1147
1582270 1149
1582280 1152
1582290 1155
1582300 1158
1582310 1162
1582320 1165
1582330 1168
1582340 1172
1582350 1175
1582360 1178
1582370 1180
1582380 1183
1582390 1186
1582400 1189
1582410 1191
1582420 1194
1582430 1197
1582440 1201
1582450 1204
1582460 1207
1582470 1211
1582480 1214
1582490 1217
1582500 1220
1582510 1222
1582520 1225
1582530 1228
1582540 1231
1582550 1234
1582560 1237
1582570 1239
1582580 1242
1582590 1244
1582600 1247
1582610 1249
1582620 1252
1582630 1255
1582640 1258
1582650 1261
1582660 1264
1582670 1267
1582680 1268
1582690 1268
1582700 1267
1582710 1266
1582720 1265
1582730 1264
1582740 1263
1582750 1262
1582760 1261
1582770 1260
1582780 1260
1582790 1259
1582800 1258
1582810 1257
1582820 1255
1582830 1252
1582840 1249
1582850 1246
1582860 1243
1582870 1242
1582880 1240
1582890 1239
1582900 1238
1582910 1237
1582920 1237
1582930 1237
1582940 1237
1582950 1237
1582960 1237
1582970 1237
1582980 1237
1582990 1236
1583000 1236
1583010 1235
1583020 1234
1583030 1234
1583040 1233
1583050 1232
1583060 1232
1583070 1231
1583080 1230
1583090 1228
1583100 1227
1583110 1225
1583120 1224
1583130 1223
1583140 1222
1583150 1221
1583160 1220
1583170 1218
1583180 1217
1583190 1216
1583200 1216
1583210 1216
1583220 1215
1583230 1215
1583240 1214
1583250 1214
1583260 1214
1583270 1213
1583280 1213
1583290 1213
1583300 1212
1583310 1212
1583320 1212
1583330 1213
1583340 1214
1583350 1216
1583360 1218
1583370 1221
1583380 1225
1583390 1229
1583400 1233
1583410 1237
1583420 1241
1583430 1245
1583440 1249
1583450 1254
1583460 1259
1583470 1263
1583480 1267
1583490 1270
1583500 1272
1583510 1274
1583520 1276
1583530 1278
1583540 1281
1583550 1283
1583560 1285
1583570 1288
1583580 1290
1583590 1292
1583600 1295
1583610 1297
1583620 1300
1583630 1302
1583640 1304
1583650 1306
1583660 1308
1583670 1310
1583680 1312
1583690 1314
1583700 1316
1583710 1318
1583720 1320
1583730 1322
1583740 1324
1583750 1326
1583760 1328
1583770 1330
1583780 1332
1583790 1333
1583800 1335
1583810 1335
1583820 1336
1583830 1336
1583840 1336
1583850 1335
1583860 1335
1583870 1335
1583880 1334
1583890 1333
1583900 1333
1583910 1332
1583920 1331
1583930 1330
1583940 1329
1583950 1328
1583960 1327
1583970 1326
1583980 1325
1583990 1324
1584000 1323
1584010 1322
1584020 1321
1584030 1320
1584040 1319
1584050 1318
1584060 1317
1584070 1316
1584080 1315
1584090 1313
1584100 1313
1584110 1312
1584120 1312
1584130 1312
1584140 1312
1584150 1311
1584160 1311
1584170 1311
1584180 1311
1584190 1311
1584200 1311
1584210 1311
1584220 1312
1584230 1313
1584240 1314
1584250 1314
1584260 1314
1584270 1314
1584280 1314
1584290 1314
1584300 1315
1584310 1315
1584320 1316
1584330 1316
1584340 1316
1584350 1317
1584360 1317
1584370 1316
1584380 1316
1584390 1315
1584400 1315
1584410 1315
1584420 1316
1584430 1317
1584440 1318
1584450 1318
1584460 1319
1584470 1320
1584480 1321
1584490 1322
1584500 1323
1584510 1324
1584520 1325
1584530 1325
1584540 1326
1584550 1327
1584560 1327
1584570 1328
1584580 1329
1584590 1329
1584600 1330
1584610 1331
1584620 1331
1584630 1332
1584640 1332
1584650 1333
1584660 1334
1584670 1335
1584680 1335
1584690 1336
1584700 1336
1584710 1337
1584720 1337
1584730 1338
1584740 1339
1584750 1339
1584760 1340
1584770 1341
1584780 1341
1584790 1342
1584800 1343
1584810 1343
1584820 1343
1584830 1343
1584840 1342
1584850 1342
1584860 1341
1584870 1340
1584880 1339
1584890 1337
1584900 1336
1584910 1334
1584920 1333
1584930 1331
1584940 1328
1584950 1326
1584960 1323
1584970 1321
1584980 1318
1584990 1316
1585000 1314
1585010 1311
1585020 1309
1585030 1307
1585040 1305
1585050 1303
1585060 1301
1585070 1298
1585080 1296
1585090 1294
1585100 1292
1585110 1289
1585120 1287
1585130 1284
1585140 1282
1585150 1280
1585160 1277
1585170 1275
1585180 1272
1585190 1270
1585200 1268
1585210 1266
1585220 1265
1585230 1263
1585240 1261
1585250 1259
1585260 1257
1585270 1255
1585280 1253
1585290 1250
1585300 1247
1585310 1244
1585320 1242
1585330 1239
1585340 1237
1585350 1235
1585360 1233
1585370 1231
1585380 1228
1585390 1225
1585400 1222
1585410 1219
1585420 1217
1585430 1215
1585440 1212
1585450 1211
1585460 1209
1585470 1207
1585480 1205
1585490 1203
1585500 1201
1585510 1199
1585520 1197
1585530 1195
1585540 1193
1585550 1191
1585560 1188
1585570 1186
1585580 1184
1585590 1183
1585600 1181
1585610 1179
1585620 1177
1585630 1175
1585640 1174
1585650 1172
1585660 1171
1585670 1170
1585680 1170
1585690 1169
1585700 1168
1585710 1166
1585720 1165
1585730 1163
1585740 1161
1585750 1159
1585760 1157
1585770 1156
1585780 1155
1585790 1154
1585800 1153
1585810 1152
1585820 1151
1585830 1149
1585840 1148
1585850 1147
1585860 1145
1585870 1144
1585880 1141
1585890 1139
1585900 1137
1585910 1135
1585920 1133
1585930 1131
1585940 1128
1585950 1125
1585960 1123
1585970 1120
1585980 1118
1585990 1116
1586000 1114
1586010 1112
1586020 1112
1586030 1111
1586040 1109
1586050 1107
1586060 1106
1586070 1106
1586080 1106
1586090 1106
1586100 1105
1586110 1105
1586120 1104
1586130 1103
1586140 1102
1586150 1101
1586160 1100
1586170 1100
1586180 1099
1586190 1098
1586200 1097
1586210 1096
1586220 1095
1586230 1094
1586240 1094
1586250 1094
1586260 1093
1586270 1093
1586280 1092
1586290 1091
1586300 1089
1586310 1088
1586320 1086
1586330 1084
1586340 1082
1586350 1079
1586360 1078
1586370 1076
1586380 1075
1586390 1074
1586400 1072
1586410 1071
1586420 1070
1586430 1069
1586440 1068
1586450 1066
1586460 1064
1586470 1062
1586480 1060
1586490 1057
1586500 1054
1586510 1051
1586520 1047
1586530 1044
1586540 1040
1586550 1039
1586560 1038
1586570 1038
1586580 1038
1586590 1037
1586600 1036
1586610 1036
1586620 1036
1586630 1036
1586640 1037
1586650 1038
1586660 1040
1586670 1041
1586680 1042
1586690 1043
1586700 1044
1586710 1045
1586720 1046
1586730 1047
1586740 1048
1586750 1049
1586760 1050
1586770 1050
1586780 1050
1586790 1050
1586800 1049
1586810 1047
1586820 1045
1586830 1045
1586840 1048
1586850 1052
1586860 1056
1586870 1061
1586880 1064
1586890 1067
1586900 1068
1586910 1069
1586920 1071
1586930 1071
1586940 1072
1586950 1073
1586960 1074
1586970 1075
1586980 1076
1586990 1077
1587000 1078
1587010 1079
1587020 1079
1587030 1078
1587040 1077
1587050 1076
1587060 1075
1587070 1074
1587080 1072
1587090 1069
1587100 1067
1587110 1065
1587120 1063
1587130 1062
1587140 1061
1587150 1061
1587160 1060
1587170 1059
1587180 1054
1587190 1050
1587200 1047
1587210 1045
1587220 1042
1587230 1040
1587240 1036
1587250 1033
1587260 1029
1587270 1025
1587280 1021
1587290 1017
1587300 1013
1587310 1009
1587320 1005
1587330 1001
1587340 998
1587350 994
1587360 991
1587370 987
1587380 984
1587390 980
1587400 977
1587410 973
1587420 969
1587430 965
1587440 961
1587450 957
1587460 953
1587470 949
1587480 945
1587490 942
1587500 938
1587510 935
1587520 932
1587530 930
1587540 928
1587550 926
1587560 925
1587570 924
1587580 922
1587590 921
1587600 919
1587610 918
1587620 917
1587630 915
1587640 913
1587650 911
1587660 910
1587670 908
1587680 907
1587690 905
1587700 904
1587710 902
1587720 900
1587730 898
1587740 896
1587750 894
1587760 892
1587770 890
1587780 888
1587790 886
1587800 884
1587810 883
1587820 882
1587830 880
1587840 879
1587850 877
1587860 876
1587870 875
1587880 875
1587890 875
1587900 877
1587910 879
1587920 881
1587930 883
1587940 885
1587950 888
1587960 889
1587970 890
1587980 892
1587990 893
1588000 895
1588010 896
1588020 898
1588030 899
1588040 899
1588050 900
1588060 900
1588070 901
1588080 901
1588090 902
1588100 902
1588110 903
1588120 903
1588130 904
1588140 904
1588150 904
1588160 905
1588170 905
1588180 905
1588190 905
1588200 906
1588210 906
1588220 907
1588230 908
1588240 909
1588250 910
1588260 910
1588270 911
1588280 911
1588290 912
1588300 912
1588310 913
1588320 913
1588330 914
1588340 914
1588350 914
1588360 913
1588370 913
1588380 913
1588390 913
1588400 913
1588410 913
1588420 914
1588430 914
1588440 913
1588450 913
1588460 913
1588470 912
1588480 912
1588490 913
1588500 914
1588510 915
1588520 916
1588530 918
1588540 918
1588550 919
1588560 918
1588570 918
1588580 917
1588590 917
1588600 917
1588610 917
1588620 918
1588630 920
1588640 922
1588650 923
1588660 925
1588670 926
1588680 927
1588690 928
1588700 929
1588710 931
1588720 932
1588730 934
1588740 935
1588750 937
1588760 939
1588770 940
1588780 942
1588790 943
1588800 945
1588810 947
1588820 949
1588830 951
1588840 953
1588850 955
1588860 957
1588870 959
1588880 960
1588890 962
1588900 964
1588910 967
1588920 970
1588930 973
1588940 976
1588950 979
1588960 982
1588970 984
1588980 987
1588990 989
1589000 991
1589010 994
1589020 996
1589030 998
1589040 1001
1589050 1003
1589060 1006
1589070 1008
1589080 1009
1589090 1011
1589100 1012
1589110 1014
1589120 1016
1589130 1018
1589140 1020
1589150 1022
1589160 1025
1589170 1028
1589180 1030
1589190 1033
1589200 1036
1589210 1039
1589220 1041
1589230 1043
1589240 1045
1589250 1048
1589260 1051
1589270 1053
1589280 1056
1589290 1059
1589300 1061
1589310 1064
1589320 1067
1589330 1069
1589340 1071
1589350 1074
1589360 1075
1589370 1077
1589380 1079
1589390 1081
1589400 1083
1589410 1084
1589420 1086
1589430 1088
1589440 1090
1589450 1091
1589460 1093
1589470 1095
1589480 1097
1589490 1099
1589500 1100
1589510 1102
1589520 1104
1589530 1106
1589540 1108
1589550 1110
1589560 1112
1589570 1114
1589580 1116
1589590 1118
1589600 1120
1589610 1122
1589620 1124
1589630 1126
1589640 1128
1589650 1130
1589660 1132
1589670 1134
1589680 1137
1589690 1139
1589700 1141
1589710 1143
1589720 1146
1589730 1148
1589740 1150
1589750 1152
1589760 1154
1589770 1155
1589780 1157
1589790 1158
1589800 1159
1589810 1161
1589820 1163
1589830 1164
1589840 1166
1589850 1168
1589860 1169
1589870 1171
1589880 1172
1589890 1173
1589900 1175
1589910 1176
1589920 1177
1589930 1178
1589940 1178
1589950 1179
1589960 1180
1589970 1181
1589980 1182
1589990 1184
1590000 1185
1590010 1187
1590020 1188
1590030 1189
1590040 1190
1590050 1191
1590060 1192
1590070 1193
1590080 1195
1590090 1196
1590100 1196
1590110 1197
1590120 1198
1590130 1198
1590140 1199
1590150 1200
1590160 1201
1590170 1202
1590180 1203
1590190 1203
1590200 1204
1590210 1205
1590220 1205
1590230 1206
1590240 1207
1590250 1207
1590260 1208
1590270 1209
1590280 1209
1590290 1210
1590300 1211
1590310 1211
1590320 1212
1590330 1212
1590340 1213
1590350 1213
1590360 1214
1590370 1213
1590380 1213
1590390 1212
1590400 1212
1590410 1211
1590420 1211
1590430 1210
1590440 1209
1590450 1209
1590460 1208
1590470 1208
1590480 1207
1590490 1207
1590500 1208
1590510 1208
1590520 1209
1590530 1210
1590540 1211
1590550 1212
1590560 1213
1590570 1213
1590580 1213
1590590 1214
1590600 1215
1590610 1215
1590620 1217
1590630 1218
1590640 1220
1590650 1221
1590660 1221
1590670 1222
1590680 1223
1590690 1225
1590700 1227
1590710 1229
1590720 1232
1590730 1234
1590740 1236
1590750 1238
1590760 1240
1590770 1242
1590780 1244
1590790 1245
1590800 1246
1590810 1247
1590820 1248
1590830 1248
1590840 1249
1590850 1250
1590860 1251
1590870 1253
1590880 1254
1590890 1256
1590900 1257
1590910 1259
1590920 1260
1590930 1262
1590940 1262
1590950 1263
1590960 1264
1590970 1265
1590980 1267
1590990 1269
1591000 1270
1591010 1271
1591020 1273
1591030 1274
1591040 1275
1591050 1275
1591060 1276
1591070 1277
1591080 1277
1591090 1278
1591100 1278
1591110 1278
1591120 1278
1591130 1277
1591140 1277
1591150 1276
1591160 1276
1591170 1275
1591180 1274
1591190 1274
1591200 1273
1591210 1273
1591220 1273
1591230 1272
1591240 1272
1591250 1272
1591260 1272
1591270 1272
1591280 1272
1591290 1272
1591300 1272
1591310 1272
1591320 1272
1591330 1273
1591340 1273
1591350 1274
1591360 1275
1591370 1277
1591380 1278
1591390 1279
1591400 1280
1591410 1282
1591420 1283
1591430 1285
1591440 1286
1591450 1288
1591460 1289
1591470 1290
1591480 1291
1591490 1292
1591500 1293
1591510 1294
1591520 1295
1591530 1296
1591540 1297
1591550 1298
1591560 1299
1591570 1300
1591580 1301
1591590 1302
1591600 1302
1591610 1303
1591620 1304
1591630 1304
1591640 1305
1591650 1305
1591660 1305
1591670 1306
1591680 1306
1591690 1306
1591700 1306
1591710 1306
1591720 1306
1591730 1306
1591740 1306
1591750 1306
1591760 1305
1591770 1305
1591780 1304
1591790 1303
1591800 1302
1591810 1302
1591820 1301
1591830 1300
1591840 1299
1591850 1299
1591860 1297
1591870 1296
1591880 1293
1591890 1291
1591900 1290
1591910 1288
1591920 1288
1591930 1287
1591940 1287
1591950 1286
1591960 1284
1591970 1283
1591980 1281
1591990 1280
1592000 1278
1592010 1277
1592020 1275
1592030 1274
1592040 1272
1592050 1271
1592060 1270
1592070 1268
1592080 1267
1592090 1267
1592100 1266
1592110 1264
1592120 1262
1592130 1260
1592140 1257
1592150 1255
1592160 1253
1592170 1250
1592180 1248
1592190 1246
1592200 1244
1592210 1242
1592220 1240
1592230 1238
1592240 1236
1592250 1234
1592260 1231
1592270 1228
1592280 1225
1592290 1221
1592300 1218
1592310 1216
1592320 1213
1592330 1212
1592340 1211
1592350 1211
1592360 1210
1592370 1210
1592380 1210
1592390 1209
1592400 1209
1592410 1208
1592420 1208
1592430 1208
1592440 1208
1592450 1208
1592460 1208
1592470 1208
1592480 1208
1592490 1209
1592500 1209
1592510 1208
1592520 1208
1592530 1207
1592540 1205
1592550 1204
1592560 1202
1592570 1201
1592580 1199
1592590 1197
1592600 1196
1592610 1196
1592620 1196
1592630 1195
1592640 1195
1592650 1195
1592660 1195
1592670 1195
1592680 1196
1592690 1196
1592700 1196
1592710 1196
1592720 1196
1592730 1196
1592740 1197
1592750 1197
1592760 1198
1592770 1198
1592780 1199
1592790 1199
1592800 1199
1592810 1199
1592820 1199
1592830 1198
1592840 1198
1592850 1198
1592860 1198
1592870 1198
1592880 1198
1592890 1198
1592900 1198
1592910 1198
1592920 1198
1592930 1198
1592940 1197
1592950 1197
1592960 1197
1592970 1197
1592980 1196
1592990 1196
1593000 1196
1593010 1196
1593020 1195
1593030 1195
1593040 1195
1593050 1195
1593060 1194
1593070 1194
1593080 1194
1593090 1194
1593100 1194
1593110 1194
1593120 1194
1593130 1194
1593140 1194
1593150 1195
1593160 1195
1593170 1195
1593180 1195
1593190 1195
1593200 1195
1593210 1195
1593220 1195
1593230 1196
1593240 1196
1593250 1195
1593260 1195
1593270 1194
1593280 1193
1593290 1193
1593300 1193
1593310 1193
1593320 1193
1593330 1192
1593340 1192
1593350 1191
1593360 1190
1593370 1189
1593380 1188
1593390 1187
1593400 1185
1593410 1184
1593420 1183
1593430 1182
1593440 1181
1593450 1180
1593460 1179
1593470 1179
1593480 1178
1593490 1177
1593500 1177
1593510 1177
1593520 1177
1593530 1176
1593540 1176
1593550 1177
1593560 1178
1593570 1180
1593580 1181
1593590 1182
1593600 1183
1593610 1184
1593620 1185
1593630 1186
1593640 1187
1593650 1189
1593660 1190
1593670 1190
1593680 1191
1593690 1192
1593700 1193
1593710 1194
1593720 1195
1593730 1196
1593740 1196
1593750 1197
1593760 1198
1593770 1198
1593780 1199
1593790 1200
1593800 1201
1593810 1202
1593820 1204
1593830 1205
1593840 1206
1593850 1208
1593860 1209
1593870 1211
1593880 1212
1593890 1213
1593900 1214
1593910 1215
1593920 1216
1593930 1217
1593940 1218
1593950 1218
1593960 1219
1593970 1219
1593980 1219
1593990 1219
1594000 1218
1594010 1217
1594020 1216
1594030 1215
1594040 1215
1594050 1214
1594060 1214
1594070 1213
1594080 1212
1594090 1211
1594100 1211
1594110 1210
1594120 1210
1594130 1209
1594140 1208
1594150 1207
1594160 1205
1594170 1203
1594180 1201
1594190 1199
1594200 1197
1594210 1195
1594220 1193
1594230 1191
1594240 1188
1594250 1185
1594260 1183
1594270 1180
1594280 1178
1594290 1175
1594300 1174
1594310 1172
1594320 1171
1594330 1170
1594340 1169
1594350 1167
1594360 1166
1594370 1165
1594380 1164
1594390 1163
1594400 1163
1594410 1163
1594420 1162
1594430 1162
1594440 1162
1594450 1161
1594460 1160
1594470 1159
1594480 1158
1594490 1157
1594500 1156
1594510 1155
1594520 1155
1594530 1155
1594540 1154
1594550 1154
1594560 1153
1594570 1153
1594580 1153
1594590 1152
1594600 1152
1594610 1151
1594620 1151
1594630 1150
1594640 1150
1594650 1149
1594660 1149
1594670 1148
1594680 1147
1594690 1147
1594700 1146
1594710 1146
1594720 1145
1594730 1145
1594740 1145
1594750 1144
1594760 1144
1594770 1144
1594780 1144
1594790 1144
1594800 1144
1594810 1144
1594820 1144
1594830 1144
1594840 1144
1594850 1144
1594860 1143
1594870 1143
1594880 1143
1594890 1143
1594900 1142
1594910 1142
1594920 1142
1594930 1142
1594940 1142
1594950 1142
1594960 1142
1594970 1142
1594980 1142
1594990 1142
1595000 1142
1595010 1142
1595020 1141
1595030 1141
1595040 1141
1595050 1141
1595060 1141
1595070 1141
1595080 1141
1595090 1141
1595100 1141
1595110 1142
1595120 1142
1595130 1142
1595140 1142
1595150 1141
1595160 1141
1595170 1141
1595180 1140
1595190 1140
1595200 1140
1595210 1140
1595220 1140
1595230 1140
1595240 1140
1595250 1140
1595260 1140
1595270 1140
1595280 1140
1595290 1141
1595300 1141
1595310 1140
1595320 1140
1595330 1140
1595340 1140
1595350 1139
1595360 1139
1595370 1139
1595380 1138
1595390 1138
1595400 1138
1595410 1138
1595420 1138
1595430 1137
1595440 1138
1595450 1138
1595460 1138
1595470 1139
1595480 1139
1595490 1140
1595500 1140
1595510 1142
1595520 1143
1595530 1143
1595540 1144
1595550 1144
1595560 1144
1595570 1144
1595580 1144
1595590 1145
1595600 1146
1595610 1146
1595620 1147
1595630 1148
1595640 1149
1595650 1150
1595660 1150
1595670 1151
1595680 1152
1595690 1152
1595700 1153
1595710 1153
1595720 1154
1595730 1155
1595740 1155
1595750 1156
1595760 1157
1595770 1158
1595780 1158
1595790 1159
1595800 1159
1595810 1160
1595820 1160
1595830 1161
1595840 1161
1595850 1161
1595860 1160
1595870 1160
1595880 1160
1595890 1160
1595900 1160
1595910 1160
1595920 1160
1595930 1159
1595940 1159
1595950 1158
1595960 1158
1595970 1158
1595980 1157
1595990 1157
1596000 1156
1596010 1155
1596020 1154
1596030 1153
1596040 1152
1596050 1151
1596060 1150
1596070 1150
1596080 1149
1596090 1148
1596100 1148
1596110 1147
1596120 1147
1596130 1146
1596140 1145
1596150 1144
1596160 1143
1596170 1141
1596180 1140
1596190 1138
1596200 1137
1596210 1135
1596220 1134
1596230 1133
1596240 1132
1596250 1132
1596260 1131
1596270 1131
1596280 1131
1596290 1131
1596300 1130
1596310 1130
1596320 1129
1596330 1128
1596340 1127
1596350 1127
1596360 1126
1596370 1126
1596380 1126
1596390 1126
1596400 1126
1596410 1126
1596420 1126
1596430 1126
1596440 1126
1596450 1127
1596460 1127
1596470 1127
1596480 1127
1596490 1127
1596500 1127
1596510 1126
1596520 1126
1596530 1126
1596540 1126
1596550 1126
1596560 1126
1596570 1126
1596580 1127
1596590 1127
1596600 1127
1596610 1127
1596620 1128
1596630 1128
1596640 1128
1596650 1128
1596660 1129
1596670 1129
1596680 1129
1596690 1130
1596700 1130
1596710 1130
1596720 1131
1596730 1132
1596740 1133
1596750 1133
1596760 1134
1596770 1134
1596780 1134
1596790 1135
1596800 1135
1596810 1136
1596820 1136
1596830 1137
1596840 1138
1596850 1139
1596860 1140
1596870 1141
1596880 1142
1596890 1143
1596900 1144
1596910 1146
1596920 1147
1596930 1148
1596940 1150
1596950 1151
1596960 1152
1596970 1153
1596980 1154
1596990 1155
1597000 1156
1597010 1158
1597020 1159
1597030 1160
1597040 1161
1597050 1162
1597060 1163
1597070 1164
1597080 1164
1597090 1165
1597100 1165
1597110 1166
1597120 1166
1597130 1167
1597140 1168
1597150 1169
1597160 1170
1597170 1171
1597180 1172
1597190 1173
1597200 1175
1597210 1176
1597220 1178
1597230 1179
1597240 1180
1597250 1182
1597260 1183
1597270 1184
1597280 1185
1597290 1186
1597300 1187
1597310 1189
1597320 1190
1597330 1191
1597340 1192
1597350 1193
1597360 1194
1597370 1195
1597380 1196
1597390 1197
1597400 1198
1597410 1198
1597420 1199
1597430 1199
1597440 1199
1597450 1199
1597460 1199
1597470 1198
1597480 1198
1597490 1197
1597500 1196
1597510 1195
1597520 1193
1597530 1192
1597540 1191
1597550 1189
1597560 1188
1597570 1187
1597580 1186
1597590 1184
1597600 1183
1597610 1182
1597620 1181
1597630 1180
1597640 1179
1597650 1178
1597660 1176
1597670 1175
1597680 1174
1597690 1173
1597700 1172
1597710 1171
1597720 1169
1597730 1168
1597740 1168
1597750 1168
1597760 1167
1597770 1167
1597780 1166
1597790 1165
1597800 1165
1597810 1165
1597820 1164
1597830 1163
1597840 1163
1597850 1162
1597860 1161
1597870 1160
1597880 1160
1597890 1159
1597900 1159
1597910 1158
1597920 1158
1597930 1158
1597940 1157
1597950 1156
1597960 1155
1597970 1154
1597980 1153
1597990 1152
1598000 1151
1598010 1149
1598020 1148
1598030 1147
1598040 1146
1598050 1145
1598060 1144
1598070 1143
1598080 1142
1598090 1140
1598100 1139
1598110 1138
1598120 1137
1598130 1136
1598140 1135
1598150 1134
1598160 1134
1598170 1133
1598180 1131
1598190 1129
1598200 1128
1598210 1126
1598220 1124
1598230 1122
1598240 1120
1598250 1118
1598260 1116
1598270 1114
1598280 1112
1598290 1110
1598300 1107
1598310 1105
1598320 1103
1598330 1102
1598340 1101
1598350 1100
1598360 1099
1598370 1098
1598380 1097
1598390 1097
1598400 1096
1598410 1095
1598420 1094
1598430 1093
1598440 1093
1598450 1092
1598460 1092
1598470 1091
1598480 1091
1598490 1091
1598500 1090
1598510 1090
1598520 1089
1598530 1089
1598540 1088
1598550 1088
1598560 1088
1598570 1087
1598580 1087
1598590 1087
1598600 1088
1598610 1088
1598620 1088
1598630 1089
1598640 1089
1598650 1090
1598660 1090
1598670 1091
1598680 1092
1598690 1093
1598700 1094
1598710 1095
1598720 1095
1598730 1096
1598740 1097
1598750 1097
1598760 1098
1598770 1098
1598780 1099
1598790 1100
1598800 1100
1598810 1101
1598820 1101
1598830 1101
1598840 1101
1598850 1101
1598860 1102
1598870 1102
1598880 1102
1598890 1103
1598900 1103
1598910 1104
1598920 1105
1598930 1106
1598940 1107
1598950 1108
1598960 1108
1598970 1108
1598980 1109
1598990 1110
1599000 1111
1599010 1112
1599020 1113
1599030 1114
1599040 1115
1599050 1116
1599060 1117
1599070 1117
1599080 1118
1599090 1119
1599100 1120
1599110 1121
1599120 1121
1599130 1122
1599140 1123
1599150 1124
1599160 1125
1599170 1126
1599180 1127
1599190 1128
1599200 1129
1599210 1130
1599220 1131
1599230 1133
1599240 1134
1599250 1134
1599260 1135
1599270 1136
1599280 1136
1599290 1135
1599300 1135
1599310 1135
1599320 1134
1599330 1134
1599340 1133
1599350 1133
1599360 1132
1599370 1131
1599380 1130
1599390 1129
1599400 1127
1599410 1126
1599420 1125
1599430 1124
1599440 1123
1599450 1122
1599460 1121
1599470 1120
1599480 1120
1599490 1119
1599500 1118
1599510 1118
1599520 1117
1599530 1116
1599540 1116
1599550 1115
1599560 1113
1599570 1112
1599580 1111
1599590 1111
1599600 1110
1599610 1109
1599620 1108
1599630 1108
1599640 1107
1599650 1107
1599660 1106
1599670 1106
1599680 1105
1599690 1105
1599700 1104
1599710 1104
1599720 1104
1599730 1104
1599740 1104
1599750 1104
1599760 1104
1599770 1103
1599780 1103
1599790 1103
1599800 1104
1599810 1104
1599820 1104
1599830 1105
1599840 1105
1599850 1105
1599860 1106
1599870 1106
1599880 1107
1599890 1108
1599900 1109
1599910 1110
1599920 1111
1599930 1113
1599940 1115
1599950 1117
1599960 1118
1599970 1118
1599980 1118
1599990 1119
