1580000 1136
1580010 1136
1580020 1131
1580030 1127
1580040 1127
1580050 1123
1580060 1120
1580070 1118
1580080 1118
1580090 1117
1580100 1116
1580110 1116
1580120 1112
1580130 1106
1580140 1106
1580150 1099
1580160 1091
1580170 1091
1580180 1083
1580190 1076
1580200 1076
1580210 1069
1580220 1062
1580230 1062
1580240 1062
1580250 1064
1580260 1063
1580270 1065
1580280 1065
1580290 1064
1580300 1064
1580310 1061
1580320 1057
1580330 1057
1580340 1053
1580350 1051
1580360 1051
1580370 1049
1580380 1047
1580390 1047
1580400 1044
1580410 1042
1580420 1042
1580430 1041
1580440 1039
1580450 1039
1580460 1038
1580470 1036
1580480 1035
1580490 1035
1580500 1033
1580510 1031
1580520 1031
1580530 1029
1580540 1027
1580550 1027
1580560 1026
1580570 1024
1580580 1024
1580590 1022
1580600 1021
1580610 1021
1580620 1019
1580630 1017
1580640 1017
1580650 1016
1580660 1013
1580670 1010
1580680 1010
1580690 1006
1580700 1003
1580710 1003
1580720 1002
1580730 1001
1580740 1001
1580750 1000
1580760 999
1580770 999
1580780 998
1580790 998
1580800 998
1580810 998
1580820 996
1580830 996
1580840 994
1580850 992
1580860 990
1580870 990
1580880 989
1580890 988
1580900 988
1580910 987
1580920 986
1580930 986
1580940 985
1580950 985
1580960 985
1580970 984
1580980 982
1580990 982
1581000 980
1581010 978
1581020 978
1581030 976
1581040 973
1581050 973
1581060 972
1581070 972
1581080 974
1581090 974
1581100 975
1581110 975
1581120 975
1581130 975
1581140 975
1581150 975
1581160 973
1581170 970
1581180 970
1581190 969
1581200 966
1581210 966
1581220 964
1581230 964
1581240 964
1581250 965
1581260 971
1581270 976
1581280 976
1581290 979
1581300 980
1581310 980
1581320 981
1581330 983
1581340 983
1581350 986
1581360 989
1581370 989
1581380 990
1581390 992
1581400 992
1581410 991
1581420 991
1581430 991
1581440 988
1581450 985
1581460 982
1581470 982
1581480 980
1581490 979
1581500 979
1581510 978
1581520 978
1581530 978
1581540 978
1581550 979
1581560 979
1581570 979
1581580 977
1581590 977
1581600 978
1581610 979
1581620 979
1581630 980
1581640 980
1581650 981
1581660 981
1581670 982
1581680 983
1581690 983
1581700 984
1581710 986
1581720 986
1581730 987
1581740 988
1581750 988
1581760 989
1581770 990
1581780 990
1581790 991
1581800 991
1581810 991
1581820 991
1581830 990
1581840 990
1581850 989
1581860 986
1581870 983
1581880 983
1581890 979
1581900 976
1581910 976
1581920 978
1581930 986
1581940 986
1581950 994
1581960 1001
1581970 1001
1581980 1006
1581990 1010
1582000 1010
1582010 1015
1582020 1019
1582030 1019
1582040 1022
1582050 1027
1582060 1028
1582070 1028
1582080 1030
1582090 1033
1582100 1033
1582110 1036
1582120 1039
1582130 1039
1582140 1041
1582150 1043
1582160 1043
1582170 1045
1582180 1048
1582190 1048
1582200 1050
1582210 1052
1582220 1052
1582230 1055
1582240 1057
1582250 1059
1582260 1059
1582270 1061
1582280 1062
1582290 1062
1582300 1062
1582310 1062
1582320 1062
1582330 1062
1582340 1060
1582350 1060
1582360 1058
1582370 1055
1582380 1055
1582390 1053
1582400 1050
1582410 1050
1582420 1047
1582430 1044
1582440 1044
1582450 1042
1582460 1040
1582470 1037
1582480 1037
1582490 1034
1582500 1032
1582510 1032
1582520 1030
1582530 1029
1582540 1029
1582550 1028
1582560 1027
1582570 1027
1582580 1026
1582590 1025
1582600 1025
1582610 1024
1582620 1024
1582630 1024
1582640 1023
1582650 1022
1582660 1020
1582670 1020
1582680 1019
1582690 1017
1582700 1017
1582710 1015
1582720 1013
1582730 1013
1582740 1013
1582750 1013
1582760 1013
1582770 1015
1582780 1015
1582790 1015
1582800 1015
1582810 1018
1582820 1018
1582830 1021
1582840 1024
1582850 1027
1582860 1027
1582870 1032
1582880 1035
1582890 1035
1582900 1037
1582910 1040
1582920 1040
1582930 1042
1582940 1043
1582950 1043
1582960 1045
1582970 1047
1582980 1047
1582990 1049
1583000 1050
1583010 1050
1583020 1052
1583030 1054
1583040 1055
1583050 1055
1583060 1057
1583070 1059
1583080 1059
1583090 1062
1583100 1064
1583110 1064
1583120 1065
1583130 1069
1583140 1069
1583150 1072
1583160 1074
1583170 1074
1583180 1076
1583190 1079
1583200 1079
1583210 1084
1583220 1091
1583230 1091
1583240 1094
1583250 1096
1583260 1098
1583270 1098
1583280 1102
1583290 1105
1583300 1105
1583310 1109
1583320 1113
1583330 1113
1583340 1118
1583350 1124
1583360 1124
1583370 1126
1583380 1128
1583390 1128
1583400 1129
1583410 1130
1583420 1130
1583430 1132
1583440 1132
1583450 1132
1583460 1132
1583470 1131
1583480 1132
1583490 1132
1583500 1133
1583510 1135
1583520 1135
1583530 1138
1583540 1140
1583550 1140
1583560 1143
1583570 1146
1583580 1146
1583590 1149
1583600 1151
1583610 1151
1583620 1152
1583630 1155
1583640 1160
1583650 1160
1583660 1165
1583670 1169
1583680 1169
1583690 1172
1583700 1177
1583710 1177
1583720 1182
1583730 1186
1583740 1186
1583750 1190
1583760 1194
1583770 1194
1583780 1198
1583790 1202
1583800 1202
1583810 1207
1583820 1211
1583830 1215
1583840 1215
1583850 1218
1583860 1219
1583870 1219
1583880 1220
1583890 1225
1583900 1225
1583910 1230
1583920 1234
1583930 1234
1583940 1238
1583950 1243
1583960 1243
1583970 1248
1583980 1252
1583990 1252
1584000 1257
1584010 1261
1584020 1261
1584030 1266
1584040 1271
1584050 1275
1584060 1275
1584070 1280
1584080 1284
1584090 1284
1584100 1289
1584110 1294
1584120 1294
1584130 1299
1584140 1303
1584150 1308
1584160 1313
1584170 1317
1584180 1317
1584190 1321
1584200 1326
1584210 1326
1584220 1328
1584230 1328
1584240 1326
1584250 1326
1584260 1325
1584270 1323
1584280 1323
1584290 1323
1584300 1325
1584310 1325
1584320 1327
1584330 1330
1584340 1330
1584350 1332
1584360 1336
1584370 1336
1584380 1342
1584390 1347
1584400 1347
1584410 1352
1584420 1358
1584430 1364
1584440 1364
1584450 1369
1584460 1375
1584470 1375
1584480 1380
1584490 1386
1584500 1386
1584510 1392
1584520 1397
1584530 1397
1584540 1402
1584550 1407
1584560 1407
1584570 1411
1584580 1415
1584590 1415
1584600 1419
1584610 1423
1584620 1423
1584630 1427
1584640 1432
1584650 1437
1584660 1437
1584670 1442
1584680 1447
1584690 1447
1584700 1452
1584710 1457
1584720 1457
1584730 1462
1584740 1466
1584750 1466
1584760 1471
1584770 1473
1584780 1473
1584790 1473
1584800 1470
1584810 1470
1584820 1467
1584830 1464
1584840 1460
1584850 1460
1584860 1456
1584870 1453
1584880 1453
1584890 1450
1584900 1446
1584910 1446
1584920 1443
1584930 1440
1584940 1440
1584950 1437
1584960 1434
1584970 1434
1584980 1431
1584990 1429
1585000 1429
1585010 1426
1585020 1423
1585030 1420
1585040 1420
1585050 1417
1585060 1413
1585070 1413
1585080 1409
1585090 1405
1585100 1405
1585110 1401
1585120 1397
1585130 1397
1585140 1394
1585150 1391
1585160 1391
1585170 1388
1585180 1386
1585190 1386
1585200 1383
1585210 1381
1585220 1379
1585230 1379
1585240 1378
1585250 1377
1585260 1377
1585270 1375
1585280 1374
1585290 1374
1585300 1372
1585310 1370
1585320 1370
1585330 1369
1585340 1367
1585350 1367
1585360 1365
1585370 1364
1585380 1364
1585390 1363
1585400 1362
1585410 1360
1585420 1358
1585430 1356
1585440 1353
1585450 1353
1585460 1349
1585470 1345
1585480 1345
1585490 1341
1585500 1338
1585510 1338
1585520 1337
1585530 1336
1585540 1336
1585550 1334
1585560 1334
1585570 1334
1585580 1334
1585590 1334
1585600 1334
1585610 1334
1585620 1334
1585630 1333
1585640 1333
1585650 1330
1585660 1326
1585670 1326
1585680 1323
1585690 1319
1585700 1319
1585710 1317
1585720 1315
1585730 1315
1585740 1312
1585750 1311
1585760 1311
1585770 1310
1585780 1308
1585790 1308
1585800 1307
1585810 1305
1585820 1302
1585830 1302
1585840 1298
1585850 1296
1585860 1296
1585870 1294
1585880 1291
1585890 1291
1585900 1288
1585910 1284
1585920 1284
1585930 1281
1585940 1276
1585950 1276
1585960 1273
1585970 1269
1585980 1269
1585990 1266
1586000 1263
1586010 1261
1586020 1261
1586030 1258
1586040 1255
1586050 1255
1586060 1252
1586070 1249
1586080 1249
1586090 1246
1586100 1243
1586110 1243
1586120 1240
1586130 1237
1586140 1237
1586150 1235
1586160 1232
1586170 1232
1586180 1230
1586190 1228
1586200 1228
1586210 1226
1586220 1225
1586230 1223
1586240 1223
1586250 1221
1586260 1220
1586270 1220
1586280 1218
1586290 1216
1586300 1216
1586310 1215
1586320 1214
1586330 1214
1586340 1213
1586350 1212
1586360 1212
1586370 1212
1586380 1211
1586390 1211
1586400 1211
1586410 1212
1586420 1212
1586430 1212
1586440 1212
1586450 1213
1586460 1213
1586470 1213
1586480 1214
1586490 1214
1586500 1214
1586510 1214
1586520 1214
1586530 1215
1586540 1215
1586550 1215
1586560 1215
1586570 1216
1586580 1216
1586590 1217
1586600 1217
1586610 1217
1586620 1217
1586630 1216
1586640 1214
1586650 1214
1586660 1210
1586670 1208
1586680 1208
1586690 1205
1586700 1203
1586710 1203
1586720 1199
1586730 1195
1586740 1195
1586750 1191
1586760 1186
1586770 1186
1586780 1183
1586790 1180
1586800 1180
1586810 1177
1586820 1175
1586830 1173
1586840 1173
1586850 1171
1586860 1168
1586870 1168
1586880 1165
1586890 1162
1586900 1162
1586910 1160
1586920 1159
1586930 1159
1586940 1158
1586950 1156
1586960 1156
1586970 1155
1586980 1154
1586990 1154
1587000 1153
1587010 1151
1587020 1150
1587030 1150
1587040 1147
1587050 1144
1587060 1144
1587070 1142
1587080 1140
1587090 1140
1587100 1137
1587110 1135
1587120 1135
1587130 1132
1587140 1130
1587150 1130
1587160 1127
1587170 1124
1587180 1124
1587190 1123
1587200 1121
1587210 1120
1587220 1120
1587230 1119
1587240 1118
1587250 1118
1587260 1116
1587270 1113
1587280 1113
1587290 1110
1587300 1107
1587310 1107
1587320 1103
1587330 1100
1587340 1100
1587350 1097
1587360 1092
1587370 1092
1587380 1089
1587390 1087
1587400 1085
1587410 1085
1587420 1082
1587430 1079
1587440 1079
1587450 1076
1587460 1074
1587470 1074
1587480 1072
1587490 1069
1587500 1069
1587510 1067
1587520 1065
1587530 1065
1587540 1064
1587550 1061
1587560 1061
1587570 1059
1587580 1058
1587590 1058
1587600 1056
1587610 1054
1587620 1052
1587630 1052
1587640 1049
1587650 1047
1587660 1047
1587670 1044
1587680 1041
1587690 1041
1587700 1038
1587710 1034
1587720 1034
1587730 1031
1587740 1028
1587750 1028
1587760 1024
1587770 1020
1587780 1020
1587790 1015
1587800 1009
1587810 1003
1587820 1003
1587830 999
1587840 995
1587850 995
1587860 990
1587870 986
1587880 986
1587890 981
1587900 977
1587910 977
1587920 973
1587930 969
1587940 969
1587950 966
1587960 962
1587970 962
1587980 958
1587990 955
1588000 951
1588010 951
1588020 948
1588030 945
1588040 945
1588050 942
1588060 939
1588070 939
1588080 937
1588090 934
1588100 934
1588110 932
1588120 929
1588130 929
1588140 928
1588150 926
1588160 926
1588170 924
1588180 921
1588190 920
1588200 920
1588210 917
1588220 914
1588230 914
1588240 907
1588250 900
1588260 900
1588270 893
1588280 885
1588290 885
1588300 876
1588310 870
1588320 870
1588330 862
1588340 856
1588350 856
1588360 854
1588370 852
1588380 852
1588390 850
1588400 846
1588410 844
1588420 844
1588430 840
1588440 835
1588450 835
1588460 830
1588470 826
1588480 826
1588490 824
1588500 822
1588510 822
1588520 820
1588530 818
1588540 818
1588550 817
1588560 815
1588570 815
1588580 814
1588590 813
1588600 812
1588610 812
1588620 812
1588630 815
1588640 815
1588650 819
1588660 822
1588670 822
1588680 823
1588690 826
1588700 826
1588710 828
1588720 830
1588730 830
1588740 833
1588750 836
1588760 836
1588770 837
1588780 837
1588790 838
1588800 838
1588810 842
1588820 846
1588830 846
1588840 847
1588850 850
1588860 850
1588870 853
1588880 856
1588890 856
1588900 859
1588910 863
1588920 863
1588930 869
1588940 874
1588950 874
1588960 877
1588970 881
1588980 881
1588990 886
1589000 891
1589010 897
1589020 897
1589030 902
1589040 906
1589050 906
1589060 907
1589070 905
1589080 905
1589090 904
1589100 904
1589110 902
1589120 902
1589130 905
1589140 905
1589150 907
1589160 908
1589170 908
1589180 908
1589190 909
1589200 910
1589210 910
1589220 912
1589230 913
1589240 913
1589250 914
1589260 915
1589270 915
1589280 916
1589290 917
1589300 917
1589310 919
1589320 920
1589330 920
1589340 921
1589350 922
1589360 922
1589370 922
1589380 923
1589390 924
1589400 924
1589410 923
1589420 923
1589430 923
1589440 923
1589450 922
1589460 922
1589470 922
1589480 922
1589490 922
1589500 923
1589510 923
1589520 923
1589530 922
1589540 920
1589550 920
1589560 917
1589570 911
1589580 906
1589590 906
1589600 902
1589610 902
1589620 902
1589630 906
1589640 910
1589650 910
1589660 915
1589670 919
1589680 919
1589690 923
1589700 926
1589710 926
1589720 930
1589730 934
1589740 934
1589750 938
1589760 941
1589770 941
1589780 944
1589790 947
1589800 950
1589810 950
1589820 953
1589830 956
1589840 956
1589850 960
1589860 963
1589870 963
1589880 966
1589890 971
1589900 971
1589910 975
1589920 979
1589930 979
1589940 983
1589950 986
1589960 986
1589970 991
1589980 996
1589990 1002
1590000 1002
1590010 1005
1590020 1007
1590030 1007
1590040 1009
1590050 1010
1590060 1010
1590070 1013
1590080 1016
1590090 1016
1590100 1018
1590110 1020
1590120 1020
1590130 1021
1590140 1023
1590150 1023
1590160 1024
1590170 1026
1590180 1028
1590190 1028
1590200 1030
1590210 1033
1590220 1033
1590230 1035
1590240 1038
1590250 1038
1590260 1041
1590270 1044
1590280 1044
1590290 1046
1590300 1049
1590310 1049
1590320 1052
1590330 1055
1590340 1055
1590350 1058
1590360 1060
1590370 1060
1590380 1063
1590390 1066
1590400 1068
1590410 1068
1590420 1071
1590430 1074
1590440 1074
1590450 1076
1590460 1079
1590470 1079
1590480 1081
1590490 1084
1590500 1084
1590510 1087
1590520 1091
1590530 1091
1590540 1094
1590550 1096
1590560 1096
1590570 1099
1590580 1101
1590590 1104
1590600 1104
1590610 1107
1590620 1109
1590630 1109
1590640 1112
1590650 1115
1590660 1115
1590670 1117
1590680 1119
1590690 1119
1590700 1122
1590710 1125
1590720 1125
1590730 1127
1590740 1130
1590750 1130
1590760 1133
1590770 1136
1590780 1139
1590790 1139
1590800 1142
1590810 1146
1590820 1146
1590830 1150
1590840 1153
1590850 1153
1590860 1156
1590870 1159
1590880 1159
1590890 1162
1590900 1165
1590910 1165
1590920 1168
1590930 1170
1590940 1170
1590950 1173
1590960 1175
1590970 1176
1590980 1176
1590990 1178
1591000 1180
1591010 1180
1591020 1182
1591030 1185
1591040 1185
1591050 1188
1591060 1191
1591070 1191
1591080 1194
1591090 1196
1591100 1196
1591110 1198
1591120 1200
1591130 1200
1591140 1202
1591150 1203
1591160 1203
1591170 1204
1591180 1205
1591190 1205
1591200 1205
1591210 1205
1591220 1204
1591230 1204
1591240 1203
1591250 1202
1591260 1202
1591270 1200
1591280 1198
1591290 1198
1591300 1196
1591310 1193
1591320 1193
1591330 1191
1591340 1190
1591350 1190
1591360 1186
1591370 1182
1591380 1178
1591390 1178
1591400 1175
1591410 1171
1591420 1171
1591430 1166
1591440 1161
1591450 1161
1591460 1156
1591470 1150
1591480 1150
1591490 1146
1591500 1142
1591510 1136
1591520 1131
1591530 1126
1591540 1126
1591550 1121
1591560 1115
1591570 1109
1591580 1109
1591590 1102
1591600 1097
1591610 1097
1591620 1092
1591630 1089
1591640 1089
1591650 1084
1591660 1081
1591670 1081
1591680 1078
1591690 1074
1591700 1074
1591710 1068
1591720 1063
1591730 1063
1591740 1058
1591750 1055
1591760 1056
1591770 1056
1591780 1057
1591790 1058
1591800 1058
1591810 1059
1591820 1062
1591830 1062
1591840 1065
1591850 1068
1591860 1068
1591870 1072
1591880 1074
1591890 1074
1591900 1073
1591910 1071
1591920 1071
1591930 1069
1591940 1066
1591950 1066
1591960 1069
1591970 1070
1591980 1072
1591990 1072
1592000 1074
1592010 1076
1592020 1076
1592030 1078
1592040 1080
1592050 1080
1592060 1083
1592070 1085
1592080 1085
1592090 1086
1592100 1087
1592110 1087
1592120 1087
1592130 1087
1592140 1087
1592150 1088
1592160 1088
1592170 1088
1592180 1088
1592190 1087
1592200 1086
1592210 1086
1592220 1083
1592230 1079
1592240 1079
1592250 1074
1592260 1068
1592270 1068
1592280 1061
1592290 1052
1592300 1052
1592310 1046
1592320 1038
1592330 1038
1592340 1032
1592350 1026
1592360 1021
1592370 1021
1592380 1015
1592390 1010
1592400 1010
1592410 1004
1592420 1000
1592430 1000
1592440 996
1592450 993
1592460 993
1592470 990
1592480 985
1592490 985
1592500 981
1592510 976
1592520 976
1592530 972
1592540 968
1592550 968
1592560 964
1592570 959
1592580 953
1592590 953
1592600 946
1592610 939
1592620 939
1592630 931
1592640 923
1592650 923
1592660 916
1592670 909
1592680 909
1592690 907
1592700 902
1592710 902
1592720 897
1592730 891
1592740 891
1592750 886
1592760 883
1592770 881
1592780 881
1592790 880
1592800 880
1592810 880
1592820 878
1592830 876
1592840 876
1592850 876
1592860 877
1592870 877
1592880 876
1592890 870
1592900 870
1592910 865
1592920 862
1592930 862
1592940 861
1592950 860
1592960 861
1592970 861
1592980 865
1592990 866
1593000 866
1593010 867
1593020 870
1593030 870
1593040 871
1593050 871
1593060 871
1593070 867
1593080 863
1593090 863
1593100 859
1593110 855
1593120 855
1593130 851
1593140 847
1593150 846
1593160 846
1593170 847
1593180 852
1593190 852
1593200 858
1593210 863
1593220 863
1593230 867
1593240 871
1593250 871
1593260 874
1593270 876
1593280 876
1593290 878
1593300 879
1593310 879
1593320 880
1593330 879
1593340 879
1593350 876
1593360 872
1593370 873
1593380 873
1593390 877
1593400 883
1593410 883
1593420 888
1593430 891
1593440 891
1593450 892
1593460 893
1593470 893
1593480 895
1593490 897
1593500 897
1593510 898
1593520 899
1593530 899
1593540 900
1593550 902
1593560 903
1593570 903
1593580 904
1593590 905
1593600 905
1593610 906
1593620 908
1593630 908
1593640 910
1593650 911
1593660 911
1593670 913
1593680 915
1593690 915
1593700 917
1593710 918
1593720 918
1593730 920
1593740 922
1593750 925
1593760 925
1593770 926
1593780 927
1593790 927
1593800 928
1593810 929
1593820 929
1593830 929
1593840 930
1593850 927
1593860 928
1593870 928
1593880 928
1593890 927
1593900 927
1593910 927
1593920 925
1593930 924
1593940 923
1593950 923
1593960 923
1593970 922
1593980 922
1593990 921
1594000 919
1594010 919
1594020 917
1594030 915
1594040 915
1594050 914
1594060 913
1594070 913
1594080 912
1594090 911
1594100 911
1594110 909
1594120 902
1594130 902
1594140 901
1594150 904
1594160 907
1594170 907
1594180 908
1594190 907
1594200 907
1594210 907
1594220 907
1594230 907
1594240 907
1594250 907
1594260 907
1594270 907
1594280 905
1594290 905
1594300 903
1594310 896
1594320 896
1594330 896
1594340 900
1594350 903
1594360 903
1594370 904
1594380 904
1594390 904
1594400 904
1594410 904
1594420 904
1594430 904
1594440 905
1594450 905
1594460 905
1594470 905
1594480 905
1594490 905
1594500 906
1594510 906
1594520 906
1594530 906
1594540 906
1594550 906
1594560 906
1594570 905
1594580 905
1594590 905
1594600 905
1594610 905
1594620 905
1594630 905
1594640 905
1594650 904
1594660 903
1594670 903
1594680 903
1594690 902
1594700 902
1594710 901
1594720 900
1594730 900
1594740 898
1594750 892
1594760 884
1594770 884
1594780 882
1594790 885
1594800 885
1594810 889
1594820 889
1594830 889
1594840 886
1594850 881
1594860 881
1594870 875
1594880 871
1594890 871
1594900 869
1594910 865
1594920 865
1594930 861
1594940 857
1594950 853
1594960 853
1594970 848
1594980 844
1594990 844
1595000 840
1595010 844
1595020 844
1595030 848
1595040 850
1595050 850
1595060 851
1595070 851
1595080 851
1595090 852
1595100 852
1595110 852
1595120 851
1595130 851
1595140 851
1595150 851
1595160 851
1595170 851
1595180 851
1595190 851
1595200 850
1595210 850
1595220 850
1595230 850
1595240 850
1595250 846
1595260 841
1595270 841
1595280 840
1595290 846
1595300 846
1595310 852
1595320 859
1595330 864
1595340 864
1595350 868
1595360 872
1595370 872
1595380 876
1595390 879
1595400 879
1595410 882
1595420 885
1595430 885
1595440 887
1595450 888
1595460 888
1595470 889
1595480 890
1595490 890
1595500 890
1595510 891
1595520 891
1595530 891
1595540 891
1595550 892
1595560 892
1595570 892
1595580 893
1595590 893
1595600 892
1595610 892
1595620 892
1595630 892
1595640 891
1595650 891
1595660 891
1595670 890
1595680 890
1595690 890
1595700 890
1595710 890
1595720 889
1595730 889
1595740 889
1595750 889
1595760 888
1595770 889
1595780 889
1595790 890
1595800 891
1595810 891
1595820 891
1595830 892
1595840 892
1595850 893
1595860 893
1595870 893
1595880 893
1595890 893
1595900 893
1595910 893
1595920 893
1595930 891
1595940 891
1595950 888
1595960 885
1595970 885
1595980 882
1595990 878
1596000 878
1596010 874
1596020 871
1596030 871
1596040 867
1596050 864
1596060 864
1596070 860
1596080 854
1596090 854
1596100 848
1596110 841
1596120 837
1596130 837
1596140 831
1596150 827
1596160 827
1596170 826
1596180 825
1596190 825
1596200 820
1596210 814
1596220 814
1596230 815
1596240 824
1596250 824
1596260 831
1596270 838
1596280 838
1596290 842
1596300 846
1596310 846
1596320 850
1596330 853
1596340 854
1596350 854
1596360 856
1596370 858
1596380 858
1596390 856
1596400 863
1596410 863
1596420 866
1596430 869
1596440 869
1596450 870
1596460 872
1596470 872
1596480 872
1596490 870
1596500 870
1596510 871
1596520 874
1596530 876
1596540 876
1596550 880
1596560 884
1596570 884
1596580 887
1596590 889
1596600 889
1596610 891
1596620 892
1596630 892
1596640 894
1596650 895
1596660 895
1596670 896
1596680 899
1596690 899
1596700 901
1596710 903
1596720 905
1596730 905
1596740 907
1596750 910
1596760 910
1596770 913
1596780 915
1596790 915
1596800 917
1596810 918
1596820 918
1596830 920
1596840 921
1596850 921
1596860 923
1596870 924
1596880 924
1596890 926
1596900 927
1596910 927
1596920 927
1596930 928
1596940 928
1596950 928
1596960 928
1596970 927
1596980 927
1596990 928
1597000 931
1597010 931
1597020 935
1597030 940
1597040 940
1597050 943
1597060 947
1597070 947
1597080 949
1597090 951
1597100 951
1597110 953
1597120 955
1597130 956
1597140 956
1597150 957
1597160 958
1597170 958
1597180 958
1597190 959
1597200 959
1597210 959
1597220 958
1597230 958
1597240 957
1597250 958
1597260 958
1597270 956
1597280 956
1597290 956
1597300 956
1597310 955
1597320 955
1597330 955
1597340 955
1597350 954
1597360 954
1597370 952
1597380 951
1597390 951
1597400 950
1597410 949
1597420 949
1597430 948
1597440 946
1597450 946
1597460 944
1597470 943
1597480 943
1597490 942
1597500 941
1597510 941
1597520 941
1597530 939
1597540 938
1597550 938
1597560 937
1597570 936
1597580 936
1597590 935
1597600 935
1597610 935
1597620 935
1597630 934
1597640 934
1597650 933
1597660 932
1597670 932
1597680 931
1597690 931
1597700 931
1597710 930
1597720 929
1597730 927
1597740 927
1597750 925
1597760 921
1597770 921
1597780 914
1597790 907
1597800 907
1597810 903
1597820 907
1597830 907
1597840 911
1597850 915
1597860 915
1597870 919
1597880 921
1597890 921
1597900 925
1597910 928
1597920 929
1597930 929
1597940 928
1597950 928
1597960 928
1597970 929
1597980 929
1597990 929
1598000 929
1598010 928
1598020 928
1598030 928
1598040 928
1598050 928
1598060 928
1598070 927
1598080 927
1598090 927
1598100 926
1598110 926
1598120 926
1598130 925
1598140 924
1598150 924
1598160 923
1598170 922
1598180 922
1598190 921
1598200 920
1598210 920
1598220 918
1598230 917
1598240 917
1598250 916
1598260 915
1598270 915
1598280 914
1598290 914
1598300 914
1598310 912
1598320 911
1598330 910
1598340 910
1598350 909
1598360 907
1598370 907
1598380 905
1598390 898
1598400 898
1598410 896
1598420 893
1598430 893
1598440 891
1598450 889
1598460 889
1598470 887
1598480 885
1598490 885
1598500 883
1598510 879
1598520 875
1598530 875
1598540 871
1598550 867
1598560 867
1598570 862
1598580 859
1598590 859
1598600 855
1598610 851
1598620 851
1598630 847
1598640 844
1598650 844
1598660 841
1598670 838
1598680 838
1598690 834
1598700 831
1598710 828
1598720 828
1598730 825
1598740 819
1598750 819
1598760 813
1598770 804
1598780 804
1598790 801
1598800 805
1598810 805
1598820 810
1598830 813
1598840 813
1598850 816
1598860 821
1598870 821
1598880 825
1598890 827
1598900 830
1598910 830
1598920 833
1598930 835
1598940 835
1598950 838
1598960 838
1598970 838
1598980 838
1598990 838
1599000 838
1599010 838
1599020 837
1599030 837
1599040 837
1599050 837
1599060 837
1599070 837
1599080 837
1599090 837
1599100 835
1599110 833
1599120 832
1599130 832
1599140 832
1599150 832
1599160 832
1599170 831
1599180 830
1599190 830
1599200 828
1599210 827
1599220 827
1599230 826
1599240 825
1599250 825
1599260 824
1599270 822
1599280 822
1599290 819
1599300 816
1599310 814
1599320 814
1599330 814
1599340 811
1599350 811
1599360 810
1599370 813
1599380 813
1599390 816
1599400 818
1599410 818
1599420 822
1599430 823
1599440 823
1599450 823
1599460 822
1599470 822
1599480 822
1599490 822
1599500 818
1599510 818
1599520 818
1599530 818
1599540 818
1599550 818
1599560 818
1599570 818
1599580 817
1599590 814
1599600 814
1599610 808
1599620 803
1599630 803
1599640 808
1599650 813
1599660 813
1599670 816
1599680 820
1599690 820
1599700 825
1599710 829
1599720 833
1599730 833
1599740 836
1599750 837
1599760 837
1599770 839
1599780 841
1599790 841
1599800 843
1599810 845
1599820 845
1599830 846
1599840 848
1599850 848
1599860 850
1599870 852
1599880 852
1599890 855
1599900 856
1599910 857
1599920 857
1599930 859
1599940 861
1599950 861
1599960 863
1599970 864
1599980 864
1599990 866
