1580000 1204
1580010 1203
1580020 1201
1580030 1201
1580040 1199
1580050 1197
1580060 1197
1580070 1195
1580080 1192
1580090 1192
1580100 1190
1580110 1189
1580120 1187
1580130 1187
1580140 1186
1580150 1184
1580160 1184
1580170 1183
1580180 1181
1580190 1181
1580200 1178
1580210 1175
1580220 1175
1580230 1171
1580240 1167
1580250 1167
1580260 1164
1580270 1162
1580280 1162
1580290 1160
1580300 1160
1580310 1158
1580320 1158
1580330 1156
1580340 1154
1580350 1154
1580360 1152
1580370 1150
1580380 1150
1580390 1144
1580400 1140
1580410 1140
1580420 1137
1580430 1132
1580440 1132
1580450 1129
1580460 1131
1580470 1131
1580480 1131
1580490 1131
1580500 1132
1580510 1132
1580520 1133
1580530 1137
1580540 1137
1580550 1136
1580560 1131
1580570 1131
1580580 1127
1580590 1124
1580600 1124
1580610 1122
1580620 1119
1580630 1119
1580640 1117
1580650 1116
1580660 1116
1580670 1114
1580680 1113
1580690 1113
1580700 1112
1580710 1110
1580720 1109
1580730 1109
1580740 1106
1580750 1104
1580760 1104
1580770 1102
1580780 1101
1580790 1101
1580800 1100
1580810 1100
1580820 1100
1580830 1099
1580840 1094
1580850 1094
1580860 1090
1580870 1087
1580880 1087
1580890 1083
1580900 1078
1580910 1073
1580920 1073
1580930 1067
1580940 1062
1580950 1062
1580960 1058
1580970 1054
1580980 1054
1580990 1049
1581000 1047
1581010 1047
1581020 1046
1581030 1041
1581040 1041
1581050 1035
1581060 1033
1581070 1033
1581080 1031
1581090 1029
1581100 1027
1581110 1027
1581120 1025
1581130 1025
1581140 1025
1581150 1022
1581160 1016
1581170 1016
1581180 1009
1581190 1003
1581200 1003
1581210 998
1581220 994
1581230 994
1581240 990
1581250 987
1581260 987
1581270 985
1581280 985
1581290 984
1581300 984
1581310 984
1581320 984
1581330 984
1581340 983
1581350 979
1581360 979
1581370 976
1581380 973
1581390 973
1581400 971
1581410 968
1581420 968
1581430 966
1581440 965
1581450 965
1581460 966
1581470 967
1581480 967
1581490 967
1581500 964
1581510 957
1581520 957
1581530 950
1581540 946
1581550 946
1581560 944
1581570 942
1581580 942
1581590 939
1581600 935
1581610 935
1581620 930
1581630 930
1581640 930
1581650 935
1581660 941
1581670 941
1581680 945
1581690 947
1581700 949
1581710 949
1581720 950
1581730 951
1581740 951
1581750 952
1581760 954
1581770 954
1581780 956
1581790 958
1581800 958
1581810 962
1581820 965
1581830 965
1581840 968
1581850 971
1581860 971
1581870 973
1581880 976
1581890 979
1581900 979
1581910 982
1581920 985
1581930 985
1581940 988
1581950 993
1581960 993
1581970 999
1581980 1004
1581990 1004
1582000 1009
1582010 1016
1582020 1016
1582030 1023
1582040 1025
1582050 1025
1582060 1027
1582070 1032
1582080 1032
1582090 1035
1582100 1035
1582110 1032
1582120 1032
1582130 1028
1582140 1024
1582150 1024
1582160 1019
1582170 1014
1582180 1014
1582190 1009
1582200 1006
1582210 1006
1582220 1006
1582230 1006
1582240 1006
1582250 1005
1582260 1005
1582270 1005
1582280 1004
1582290 1003
1582300 1002
1582310 1002
1582320 1000
1582330 999
1582340 999
1582350 997
1582360 992
1582370 992
1582380 986
1582390 981
1582400 981
1582410 977
1582420 972
1582430 972
1582440 969
1582450 965
1582460 965
1582470 962
1582480 965
1582490 969
1582500 969
1582510 974
1582520 981
1582530 981
1582540 987
1582550 993
1582560 993
1582570 999
1582580 1004
1582590 1004
1582600 1008
1582610 1011
1582620 1011
1582630 1015
1582640 1018
1582650 1018
1582660 1021
1582670 1024
1582680 1027
1582690 1027
1582700 1029
1582710 1031
1582720 1031
1582730 1034
1582740 1037
1582750 1037
1582760 1039
1582770 1041
1582780 1041
1582790 1043
1582800 1045
1582810 1045
1582820 1047
1582830 1048
1582840 1048
1582850 1051
1582860 1054
1582870 1054
1582880 1055
1582890 1058
1582900 1061
1582910 1061
1582920 1065
1582930 1068
1582940 1068
1582950 1071
1582960 1074
1582970 1074
1582980 1077
1582990 1081
1583000 1081
1583010 1085
1583020 1089
1583030 1089
1583040 1093
1583050 1097
1583060 1097
1583070 1101
1583080 1105
1583090 1109
1583100 1109
1583110 1113
1583120 1118
1583130 1118
1583140 1122
1583150 1125
1583160 1125
1583170 1129
1583180 1134
1583190 1134
1583200 1139
1583210 1143
1583220 1143
1583230 1146
1583240 1150
1583250 1150
1583260 1154
1583270 1158
1583280 1161
1583290 1161
1583300 1165
1583310 1168
1583320 1168
1583330 1172
1583340 1176
1583350 1176
1583360 1181
1583370 1185
1583380 1185
1583390 1190
1583400 1195
1583410 1195
1583420 1201
1583430 1206
1583440 1206
1583450 1212
1583460 1217
1583470 1217
1583480 1223
1583490 1228
1583500 1233
1583510 1233
1583520 1238
1583530 1244
1583540 1244
1583550 1249
1583560 1255
1583570 1255
1583580 1260
1583590 1265
1583600 1269
1583610 1274
1583620 1279
1583630 1279
1583640 1284
1583650 1289
1583660 1289
1583670 1293
1583680 1297
1583690 1302
1583700 1302
1583710 1308
1583720 1313
1583730 1313
1583740 1319
1583750 1324
1583760 1324
1583770 1330
1583780 1335
1583790 1335
1583800 1340
1583810 1346
1583820 1346
1583830 1351
1583840 1356
1583850 1356
1583860 1361
1583870 1367
1583880 1373
1583890 1373
1583900 1378
1583910 1379
1583920 1379
1583930 1381
1583940 1383
1583950 1383
1583960 1384
1583970 1385
1583980 1385
1583990 1386
1584000 1388
1584010 1388
1584020 1391
1584030 1394
1584040 1394
1584050 1396
1584060 1398
1584070 1398
1584080 1403
1584090 1408
1584100 1412
1584110 1412
1584120 1417
1584130 1421
1584140 1421
1584150 1426
1584160 1431
1584170 1431
1584180 1436
1584190 1442
1584200 1442
1584210 1447
1584220 1451
1584230 1451
1584240 1455
1584250 1460
1584260 1460
1584270 1465
1584280 1466
1584290 1467
1584300 1467
1584310 1470
1584320 1471
1584330 1471
1584340 1473
1584350 1475
1584360 1475
1584370 1478
1584380 1480
1584390 1480
1584400 1483
1584410 1485
1584420 1485
1584430 1483
1584440 1480
1584450 1480
1584460 1476
1584470 1472
1584480 1468
1584490 1468
1584500 1464
1584510 1459
1584520 1459
1584530 1454
1584540 1449
1584550 1449
1584560 1444
1584570 1439
1584580 1439
1584590 1433
1584600 1427
1584610 1427
1584620 1421
1584630 1416
1584640 1416
1584650 1411
1584660 1405
1584670 1400
1584680 1400
1584690 1396
1584700 1390
1584710 1390
1584720 1384
1584730 1378
1584740 1378
1584750 1372
1584760 1365
1584770 1365
1584780 1359
1584790 1352
1584800 1352
1584810 1347
1584820 1341
1584830 1341
1584840 1336
1584850 1330
1584860 1330
1584870 1324
1584880 1318
1584890 1312
1584900 1312
1584910 1307
1584920 1301
1584930 1301
1584940 1296
1584950 1291
1584960 1291
1584970 1287
1584980 1283
1584990 1283
1585000 1280
1585010 1277
1585020 1277
1585030 1273
1585040 1268
1585050 1268
1585060 1264
1585070 1260
1585080 1256
1585090 1256
1585100 1253
1585110 1250
1585120 1250
1585130 1246
1585140 1243
1585150 1243
1585160 1240
1585170 1237
1585180 1237
1585190 1234
1585200 1232
1585210 1232
1585220 1232
1585230 1230
1585240 1230
1585250 1228
1585260 1226
1585270 1225
1585280 1225
1585290 1223
1585300 1222
1585310 1222
1585320 1222
1585330 1221
1585340 1221
1585350 1220
1585360 1219
1585370 1219
1585380 1219
1585390 1219
1585400 1219
1585410 1219
1585420 1220
1585430 1220
1585440 1220
1585450 1221
1585460 1221
1585470 1220
1585480 1221
1585490 1221
1585500 1221
1585510 1221
1585520 1222
1585530 1222
1585540 1223
1585550 1224
1585560 1224
1585570 1226
1585580 1227
1585590 1227
1585600 1229
1585610 1232
1585620 1232
1585630 1234
1585640 1237
1585650 1237
1585660 1239
1585670 1241
1585680 1243
1585690 1243
1585700 1244
1585710 1246
1585720 1246
1585730 1247
1585740 1250
1585750 1250
1585760 1252
1585770 1255
1585780 1255
1585790 1256
1585800 1258
1585810 1258
1585820 1259
1585830 1259
1585840 1259
1585850 1258
1585860 1256
1585870 1254
1585880 1254
1585890 1253
1585900 1251
1585910 1251
1585920 1249
1585930 1248
1585940 1248
1585950 1245
1585960 1241
1585970 1241
1585980 1237
1585990 1231
1586000 1231
1586010 1225
1586020 1219
1586030 1219
1586040 1215
1586050 1212
1586060 1208
1586070 1208
1586080 1205
1586090 1203
1586100 1203
1586110 1201
1586120 1200
1586130 1201
1586140 1200
1586150 1199
1586160 1199
1586170 1199
1586180 1198
1586190 1198
1586200 1197
1586210 1197
1586220 1197
1586230 1197
1586240 1196
1586250 1196
1586260 1196
1586270 1195
1586280 1195
1586290 1195
1586300 1194
1586310 1193
1586320 1193
1586330 1192
1586340 1191
1586350 1191
1586360 1190
1586370 1189
1586380 1189
1586390 1188
1586400 1185
1586410 1185
1586420 1182
1586430 1181
1586440 1181
1586450 1179
1586460 1177
1586470 1175
1586480 1175
1586490 1172
1586500 1169
1586510 1169
1586520 1166
1586530 1161
1586540 1161
1586550 1157
1586560 1153
1586570 1153
1586580 1148
1586590 1144
1586600 1144
1586610 1140
1586620 1137
1586630 1137
1586640 1133
1586650 1129
1586660 1126
1586670 1126
1586680 1124
1586690 1122
1586700 1122
1586710 1120
1586720 1117
1586730 1117
1586740 1115
1586750 1113
1586760 1113
1586770 1112
1586780 1110
1586790 1110
1586800 1110
1586810 1110
1586820 1110
1586830 1109
1586840 1108
1586850 1108
1586860 1108
1586870 1107
1586880 1106
1586890 1106
1586900 1106
1586910 1105
1586920 1105
1586930 1105
1586940 1105
1586950 1105
1586960 1105
1586970 1107
1586980 1107
1586990 1108
1587000 1109
1587010 1109
1587020 1110
1587030 1110
1587040 1110
1587050 1111
1587060 1112
1587070 1112
1587080 1112
1587090 1113
1587100 1114
1587110 1114
1587120 1115
1587130 1116
1587140 1116
1587150 1117
1587160 1117
1587170 1117
1587180 1118
1587190 1117
1587200 1117
1587210 1115
1587220 1114
1587230 1114
1587240 1113
1587250 1109
1587260 1107
1587270 1107
1587280 1106
1587290 1105
1587300 1105
1587310 1104
1587320 1101
1587330 1101
1587340 1097
1587350 1095
1587360 1095
1587370 1094
1587380 1091
1587390 1091
1587400 1090
1587410 1089
1587420 1089
1587430 1088
1587440 1087
1587450 1083
1587460 1083
1587470 1080
1587480 1077
1587490 1077
1587500 1075
1587510 1074
1587520 1074
1587530 1072
1587540 1070
1587550 1070
1587560 1068
1587570 1066
1587580 1066
1587590 1065
1587600 1064
1587610 1064
1587620 1062
1587630 1061
1587640 1061
1587650 1059
1587660 1057
1587670 1054
1587680 1054
1587690 1050
1587700 1046
1587710 1046
1587720 1043
1587730 1039
1587740 1039
1587750 1036
1587760 1032
1587770 1032
1587780 1027
1587790 1024
1587800 1024
1587810 1020
1587820 1016
1587830 1016
1587840 1012
1587850 1009
1587860 1006
1587870 1006
1587880 1004
1587890 1002
1587900 1002
1587910 999
1587920 995
1587930 995
1587940 991
1587950 985
1587960 985
1587970 980
1587980 975
1587990 975
1588000 967
1588010 961
1588020 961
1588030 955
1588040 950
1588050 946
1588060 946
1588070 943
1588080 939
1588090 939
1588100 936
1588110 933
1588120 933
1588130 930
1588140 928
1588150 928
1588160 924
1588170 920
1588180 920
1588190 918
1588200 916
1588210 916
1588220 914
1588230 911
1588240 911
1588250 907
1588260 905
1588270 903
1588280 903
1588290 900
1588300 898
1588310 898
1588320 896
1588330 894
1588340 894
1588350 891
1588360 889
1588370 889
1588380 886
1588390 884
1588400 884
1588410 882
1588420 880
1588430 880
1588440 877
1588450 875
1588460 873
1588470 873
1588480 872
1588490 870
1588500 870
1588510 869
1588520 868
1588530 868
1588540 862
1588550 857
1588560 857
1588570 853
1588580 848
1588590 850
1588600 844
1588610 839
1588620 839
1588630 836
1588640 833
1588650 829
1588660 829
1588670 825
1588680 820
1588690 820
1588700 816
1588710 812
1588720 812
1588730 808
1588740 806
1588750 806
1588760 804
1588770 803
1588780 803
1588790 801
1588800 799
1588810 799
1588820 798
1588830 797
1588840 797
1588850 797
1588860 797
1588870 798
1588880 798
1588890 802
1588900 807
1588910 807
1588920 812
1588930 816
1588940 816
1588950 821
1588960 828
1588970 828
1588980 834
1588990 837
1589000 837
1589010 840
1589020 844
1589030 844
1589040 849
1589050 854
1589060 859
1589070 859
1589080 864
1589090 867
1589100 867
1589110 870
1589120 872
1589130 872
1589140 873
1589150 874
1589160 874
1589170 875
1589180 877
1589190 877
1589200 878
1589210 880
1589220 880
1589230 881
1589240 883
1589250 885
1589260 885
1589270 888
1589280 890
1589290 890
1589300 893
1589310 896
1589320 896
1589330 898
1589340 900
1589350 900
1589360 903
1589370 906
1589380 906
1589390 909
1589400 911
1589410 911
1589420 914
1589430 917
1589440 919
1589450 919
1589460 922
1589470 924
1589480 924
1589490 926
1589500 928
1589510 928
1589520 930
1589530 934
1589540 934
1589550 937
1589560 939
1589570 939
1589580 941
1589590 942
1589600 942
1589610 944
1589620 945
1589630 945
1589640 947
1589650 947
1589660 949
1589670 949
1589680 950
1589690 951
1589700 951
1589710 953
1589720 955
1589730 955
1589740 956
1589750 958
1589760 958
1589770 960
1589780 962
1589790 962
1589800 964
1589810 967
1589820 967
1589830 972
1589840 975
1589850 978
1589860 978
1589870 982
1589880 985
1589890 985
1589900 988
1589910 991
1589920 991
1589930 994
1589940 997
1589950 997
1589960 1000
1589970 1002
1589980 1002
1589990 1006
1590000 1009
1590010 1009
1590020 1012
1590030 1016
1590040 1019
1590050 1019
1590060 1023
1590070 1026
1590080 1026
1590090 1029
1590100 1032
1590110 1032
1590120 1035
1590130 1038
1590140 1038
1590150 1042
1590160 1045
1590170 1045
1590180 1048
1590190 1051
1590200 1051
1590210 1053
1590220 1056
1590230 1056
1590240 1059
1590250 1062
1590260 1065
1590270 1065
1590280 1068
1590290 1071
1590300 1071
1590310 1073
1590320 1075
1590330 1075
1590340 1077
1590350 1079
1590360 1079
1590370 1080
1590380 1082
1590390 1082
1590400 1083
1590410 1085
1590420 1085
1590430 1087
1590440 1089
1590450 1091
1590460 1091
1590470 1093
1590480 1094
1590490 1094
1590500 1094
1590510 1095
1590520 1095
1590530 1095
1590540 1095
1590550 1095
1590560 1095
1590570 1094
1590580 1094
1590590 1093
1590600 1092
1590610 1092
1590620 1091
1590630 1090
1590640 1089
1590650 1089
1590660 1088
1590670 1087
1590680 1087
1590690 1086
1590700 1086
1590710 1086
1590720 1086
1590730 1086
1590740 1086
1590750 1086
1590760 1086
1590770 1086
1590780 1087
1590790 1087
1590800 1087
1590810 1088
1590820 1087
1590830 1087
1590840 1087
1590850 1087
1590860 1087
1590870 1087
1590880 1086
1590890 1086
1590900 1086
1590910 1086
1590920 1086
1590930 1086
1590940 1087
1590950 1087
1590960 1087
1590970 1088
1590980 1088
1590990 1088
1591000 1085
1591010 1086
1591020 1086
1591030 1087
1591040 1088
1591050 1089
1591060 1089
1591070 1090
1591080 1091
1591090 1091
1591100 1091
1591110 1091
1591120 1091
1591130 1090
1591140 1090
1591150 1090
1591160 1091
1591170 1091
1591180 1091
1591190 1090
1591200 1088
1591210 1088
1591220 1086
1591230 1084
1591240 1080
1591250 1080
1591260 1077
1591270 1074
1591280 1074
1591290 1070
1591300 1067
1591310 1067
1591320 1062
1591330 1057
1591340 1057
1591350 1052
1591360 1047
1591370 1047
1591380 1043
1591390 1038
1591400 1038
1591410 1033
1591420 1029
1591430 1025
1591440 1025
1591450 1021
1591460 1016
1591470 1016
1591480 1011
1591490 1007
1591500 1007
1591510 1003
1591520 999
1591530 999
1591540 996
1591550 993
1591560 993
1591570 990
1591580 987
1591590 987
1591600 983
1591610 980
1591620 980
1591630 976
1591640 972
1591650 969
1591660 969
1591670 966
1591680 963
1591690 963
1591700 960
1591710 956
1591720 956
1591730 953
1591740 950
1591750 950
1591760 948
1591770 945
1591780 945
1591790 942
1591800 939
1591810 939
1591820 934
1591830 931
1591840 930
1591850 930
1591860 928
1591870 926
1591880 926
1591890 924
1591900 922
1591910 922
1591920 919
1591930 912
1591940 912
1591950 909
1591960 913
1591970 913
1591980 918
1591990 918
1592000 918
1592010 918
1592020 917
1592030 916
1592040 916
1592050 915
1592060 914
1592070 914
1592080 912
1592090 910
1592100 910
1592110 909
1592120 907
1592130 907
1592140 906
1592150 904
1592160 904
1592170 903
1592180 900
1592190 900
1592200 899
1592210 897
1592220 896
1592230 896
1592240 895
1592250 894
1592260 894
1592270 893
1592280 893
1592290 893
1592300 892
1592310 892
1592320 892
1592330 892
1592340 892
1592350 892
1592360 892
1592370 892
1592380 892
1592390 892
1592400 892
1592410 892
1592420 892
1592430 892
1592440 892
1592450 892
1592460 892
1592470 892
1592480 892
1592490 892
1592500 893
1592510 893
1592520 893
1592530 892
1592540 892
1592550 892
1592560 891
1592570 891
1592580 891
1592590 890
1592600 890
1592610 889
1592620 888
1592630 886
1592640 886
1592650 884
1592660 883
1592670 883
1592680 881
1592690 879
1592700 879
1592710 877
1592720 876
1592730 876
1592740 874
1592750 872
1592760 872
1592770 870
1592780 868
1592790 868
1592800 867
1592810 865
1592820 863
1592830 863
1592840 861
1592850 860
1592860 860
1592870 859
1592880 858
1592890 858
1592900 855
1592910 853
1592920 853
1592930 851
1592940 848
1592950 848
1592960 842
1592970 837
1592980 837
1592990 831
1593000 827
1593010 827
1593020 823
1593030 819
1593040 815
1593050 815
1593060 813
1593070 810
1593080 810
1593090 808
1593100 807
1593110 807
1593120 806
1593130 806
1593140 806
1593150 806
1593160 805
1593170 805
1593180 804
1593190 803
1593200 803
1593210 802
1593220 801
1593230 799
1593240 799
1593250 798
1593260 797
1593270 797
1593280 796
1593290 802
1593300 802
1593310 806
1593320 809
1593330 809
1593340 812
1593350 812
1593360 812
1593370 815
1593380 817
1593390 817
1593400 818
1593410 819
1593420 819
1593430 819
1593440 819
1593450 819
1593460 819
1593470 819
1593480 819
1593490 819
1593500 821
1593510 821
1593520 821
1593530 820
1593540 822
1593550 822
1593560 823
1593570 822
1593580 822
1593590 822
1593600 821
1593610 822
1593620 822
1593630 822
1593640 824
1593650 824
1593660 826
1593670 828
1593680 828
1593690 829
1593700 830
1593710 830
1593720 831
1593730 832
1593740 832
1593750 834
1593760 835
1593770 835
1593780 834
1593790 835
1593800 835
1593810 839
1593820 839
1593830 840
1593840 840
1593850 841
1593860 842
1593870 842
1593880 843
1593890 844
1593900 844
1593910 844
1593920 843
1593930 843
1593940 843
1593950 841
1593960 841
1593970 840
1593980 837
1593990 837
1594000 835
1594010 833
1594020 831
1594030 831
1594040 829
1594050 827
1594060 827
1594070 824
1594080 822
1594090 822
1594100 819
1594110 817
1594120 817
1594130 815
1594140 813
1594150 813
1594160 812
1594170 809
1594180 809
1594190 805
1594200 802
1594210 798
1594220 798
1594230 794
1594240 786
1594250 786
1594260 780
1594270 779
1594280 779
1594290 779
1594300 780
1594310 780
1594320 786
1594330 794
1594340 794
1594350 799
1594360 801
1594370 801
1594380 801
1594390 801
1594400 801
1594410 802
1594420 803
1594430 803
1594440 803
1594450 802
1594460 802
1594470 802
1594480 802
1594490 800
1594500 800
1594510 795
1594520 792
1594530 792
1594540 786
1594550 780
1594560 780
1594570 784
1594580 791
1594590 791
1594600 796
1594610 800
1594620 803
1594630 803
1594640 805
1594650 808
1594660 808
1594670 810
1594680 812
1594690 812
1594700 814
1594710 815
1594720 815
1594730 816
1594740 817
1594750 817
1594760 817
1594770 817
1594780 817
1594790 817
1594800 816
1594810 815
1594820 815
1594830 814
1594840 813
1594850 813
1594860 811
1594870 808
1594880 808
1594890 805
1594900 801
1594910 801
1594920 797
1594930 792
1594940 792
1594950 786
1594960 781
1594970 781
1594980 774
1594990 769
1595000 762
1595010 762
1595020 755
1595030 751
1595040 751
1595050 748
1595060 750
1595070 750
1595080 757
1595090 761
1595100 761
1595110 763
1595120 768
1595130 768
1595140 773
1595150 778
1595160 778
1595170 782
1595180 786
1595190 786
1595200 789
1595210 792
1595220 795
1595230 795
1595240 798
1595250 801
1595260 801
1595270 803
1595280 804
1595290 804
1595300 806
1595310 806
1595320 806
1595330 806
1595340 805
1595350 805
1595360 804
1595370 803
1595380 803
1595390 801
1595400 800
1595410 800
1595420 800
1595430 800
1595440 800
1595450 800
1595460 800
1595470 798
1595480 798
1595490 797
1595500 798
1595510 798
1595520 800
1595530 801
1595540 801
1595550 802
1595560 804
1595570 804
1595580 804
1595590 802
1595600 800
1595610 800
1595620 800
1595630 800
1595640 800
1595650 801
1595660 798
1595670 798
1595680 798
1595690 799
1595700 799
1595710 799
1595720 799
1595730 799
1595740 798
1595750 794
1595760 794
1595770 788
1595780 784
1595790 784
1595800 788
1595810 792
1595820 794
1595830 794
1595840 792
1595850 791
1595860 791
1595870 791
1595880 791
1595890 791
1595900 790
1595910 788
1595920 788
1595930 786
1595940 785
1595950 785
1595960 784
1595970 782
1595980 782
1595990 780
1596000 778
1596010 775
1596020 775
1596030 773
1596040 772
1596050 772
1596060 770
1596070 767
1596080 767
1596090 764
1596100 761
1596110 761
1596120 759
1596130 756
1596140 756
1596150 751
1596160 749
1596170 749
1596180 754
1596190 755
1596200 754
1596210 754
1596220 758
1596230 760
1596240 760
1596250 763
1596260 767
1596270 767
1596280 770
1596290 774
1596300 774
1596310 778
1596320 782
1596330 782
1596340 786
1596350 790
1596360 790
1596370 795
1596380 799
1596390 799
1596400 802
1596410 804
1596420 807
1596430 807
1596440 810
1596450 814
1596460 814
1596470 820
1596480 826
1596490 826
1596500 831
1596510 836
1596520 836
1596530 840
1596540 843
1596550 843
1596560 846
1596570 850
1596580 850
1596590 853
1596600 857
1596610 861
1596620 861
1596630 865
1596640 868
1596650 868
1596660 871
1596670 873
1596680 873
1596690 874
1596700 876
1596710 876
1596720 877
1596730 878
1596740 878
1596750 879
1596760 880
1596770 880
1596780 881
1596790 880
1596800 881
1596810 881
1596820 882
1596830 883
1596840 883
1596850 883
1596860 884
1596870 884
1596880 884
1596890 884
1596900 884
1596910 885
1596920 885
1596930 885
1596940 886
1596950 887
1596960 887
1596970 888
1596980 889
1596990 890
1597000 890
1597010 890
1597020 891
1597030 891
1597040 891
1597050 891
1597060 891
1597070 891
1597080 890
1597090 890
1597100 889
1597110 889
1597120 889
1597130 888
1597140 888
1597150 888
1597160 888
1597170 889
1597180 889
1597190 890
1597200 891
1597210 893
1597220 893
1597230 896
1597240 899
1597250 899
1597260 900
1597270 899
1597280 899
1597290 898
1597300 897
1597310 897
1597320 897
1597330 897
1597340 897
1597350 897
1597360 896
1597370 896
1597380 895
1597390 894
1597400 893
1597410 893
1597420 891
1597430 890
1597440 890
1597450 888
1597460 887
1597470 887
1597480 885
1597490 884
1597500 884
1597510 881
1597520 877
1597530 877
1597540 874
1597550 871
1597560 871
1597570 866
1597580 866
1597590 866
1597600 866
1597610 865
1597620 863
1597630 863
1597640 862
1597650 860
1597660 860
1597670 858
1597680 856
1597690 856
1597700 853
1597710 850
1597720 850
1597730 846
1597740 842
1597750 842
1597760 837
1597770 833
1597780 833
1597790 829
1597800 825
1597810 819
1597820 819
1597830 812
1597840 806
1597850 806
1597860 800
1597870 795
1597880 795
1597890 794
1597900 793
1597910 792
1597920 799
1597930 805
1597940 805
1597950 807
1597960 807
1597970 807
1597980 806
1597990 803
1598000 799
1598010 799
1598020 802
1598030 802
1598040 802
1598050 801
1598060 801
1598070 801
1598080 801
1598090 801
1598100 801
1598110 801
1598120 798
1598130 798
1598140 798
1598150 797
1598160 797
1598170 798
1598180 798
1598190 796
1598200 796
1598210 795
1598220 794
1598230 794
1598240 794
1598250 794
1598260 794
1598270 794
1598280 794
1598290 794
1598300 794
1598310 795
1598320 795
1598330 794
1598340 792
1598350 792
1598360 791
1598370 789
1598380 787
1598390 787
1598400 782
1598410 778
1598420 778
1598430 778
1598440 777
1598450 777
1598460 775
1598470 773
1598480 773
1598490 771
1598500 769
1598510 769
1598520 767
1598530 765
1598540 765
1598550 764
1598560 763
1598570 763
1598580 761
1598590 758
1598600 755
1598610 755
1598620 752
1598630 750
1598640 750
1598650 747
1598660 746
1598670 746
1598680 744
1598690 743
1598700 743
1598710 744
1598720 747
1598730 747
1598740 745
1598750 742
1598760 742
1598770 740
1598780 739
1598790 739
1598800 739
1598810 739
1598820 737
1598830 737
1598840 736
1598850 733
1598860 733
1598870 729
1598880 724
1598890 724
1598900 715
1598910 710
1598920 710
1598930 710
1598940 712
1598950 712
1598960 717
1598970 722
1598980 727
1598990 727
1599000 732
1599010 734
1599020 734
1599030 732
1599040 734
1599050 734
1599060 735
1599070 737
1599080 737
1599090 738
1599100 738
1599110 738
1599120 738
1599130 738
1599140 738
1599150 737
1599160 736
1599170 736
1599180 736
1599190 736
1599200 736
1599210 736
1599220 735
1599230 735
1599240 735
1599250 732
1599260 730
1599270 730
1599280 729
1599290 728
1599300 728
1599310 729
1599320 729
1599330 729
1599340 728
1599350 728
1599360 728
1599370 729
1599380 729
1599390 728
1599400 728
1599410 727
1599420 727
1599430 727
1599440 727
1599450 727
1599460 727
1599470 726
1599480 726
1599490 726
1599500 726
1599510 724
1599520 724
1599530 718
1599540 713
1599550 713
1599560 719
1599570 728
1599580 730
1599590 730
1599600 730
1599610 730
1599620 730
1599630 731
1599640 732
1599650 732
1599660 734
1599670 735
1599680 735
1599690 736
1599700 736
1599710 736
1599720 736
1599730 736
1599740 736
1599750 735
1599760 734
1599770 734
1599780 733
1599790 730
1599800 730
1599810 730
1599820 731
1599830 732
1599840 732
1599850 733
1599860 734
1599870 734
1599880 734
1599890 734
1599900 734
1599910 735
1599920 735
1599930 735
1599940 735
1599950 735
1599960 735
1599970 735
1599980 734
1599990 734
