1580000 1011
1580010 1011
1580020 1011
1580030 1010
1580040 1010
1580050 1010
1580060 1009
1580070 1008
1580080 1008
1580090 1006
1580100 1001
1580110 1001
1580120 995
1580130 988
1580140 988
1580150 982
1580160 975
1580170 975
1580180 969
1580190 963
1580200 963
1580210 956
1580220 950
1580230 942
1580240 942
1580250 935
1580260 927
1580270 927
1580280 921
1580290 916
1580300 916
1580310 909
1580320 903
1580330 903
1580340 896
1580350 891
1580360 891
1580370 886
1580380 880
1580390 880
1580400 873
1580410 869
1580420 869
1580430 869
1580440 872
1580450 875
1580460 875
1580470 876
1580480 876
1580490 876
1580500 875
1580510 875
1580520 875
1580530 875
1580540 875
1580550 875
1580560 875
1580570 875
1580580 875
1580590 876
1580600 877
1580610 877
1580620 879
1580630 882
1580640 885
1580650 885
1580660 889
1580670 892
1580680 892
1580690 896
1580700 899
1580710 899
1580720 904
1580730 909
1580740 909
1580750 913
1580760 917
1580770 917
1580780 919
1580790 922
1580800 922
1580810 925
1580820 928
1580830 928
1580840 928
1580850 926
1580860 920
1580870 920
1580880 918
1580890 918
1580900 918
1580910 919
1580920 920
1580930 920
1580940 922
1580950 924
1580960 924
1580970 925
1580980 925
1580990 925
1581000 924
1581010 922
1581020 922
1581030 921
1581040 918
1581050 916
1581060 916
1581070 914
1581080 912
1581090 912
1581100 910
1581110 908
1581120 908
1581130 908
1581140 904
1581150 904
1581160 905
1581170 910
1581180 910
1581190 916
1581200 920
1581210 920
1581220 926
1581230 933
1581240 936
1581250 936
1581260 938
1581270 941
1581280 941
1581290 943
1581300 946
1581310 946
1581320 950
1581330 953
1581340 953
1581350 954
1581360 955
1581370 955
1581380 956
1581390 960
1581400 960
1581410 961
1581420 961
1581430 961
1581440 960
1581450 958
1581460 956
1581470 956
1581480 954
1581490 952
1581500 952
1581510 951
1581520 953
1581530 953
1581540 955
1581550 958
1581560 958
1581570 961
1581580 963
1581590 963
1581600 965
1581610 966
1581620 966
1581630 967
1581640 967
1581650 966
1581660 966
1581670 965
1581680 963
1581690 963
1581700 960
1581710 958
1581720 958
1581730 956
1581740 954
1581750 954
1581760 953
1581770 951
1581780 951
1581790 951
1581800 953
1581810 953
1581820 956
1581830 959
1581840 959
1581850 961
1581860 965
1581870 968
1581880 968
1581890 972
1581900 975
1581910 975
1581920 977
1581930 976
1581940 976
1581950 975
1581960 977
1581970 977
1581980 979
1581990 980
1582000 980
1582010 982
1582020 984
1582030 984
1582040 985
1582050 986
1582060 986
1582070 986
1582080 986
1582090 986
1582100 986
1582110 987
1582120 986
1582130 986
1582140 985
1582150 985
1582160 985
1582170 985
1582180 986
1582190 986
1582200 988
1582210 991
1582220 991
1582230 993
1582240 995
1582250 997
1582260 997
1582270 998
1582280 998
1582290 998
1582300 997
1582310 996
1582320 996
1582330 995
1582340 993
1582350 993
1582360 990
1582370 989
1582380 989
1582390 988
1582400 989
1582410 989
1582420 991
1582430 992
1582440 992
1582450 993
1582460 993
1582470 991
1582480 991
1582490 988
1582500 985
1582510 985
1582520 981
1582530 978
1582540 978
1582550 970
1582560 960
1582570 960
1582580 950
1582590 945
1582600 945
1582610 941
1582620 933
1582630 933
1582640 921
1582650 911
1582660 906
1582670 906
1582680 903
1582690 898
1582700 898
1582710 889
1582720 883
1582730 883
1582740 876
1582750 870
1582760 870
1582770 862
1582780 856
1582790 856
1582800 853
1582810 850
1582820 850
1582830 846
1582840 845
1582850 845
1582860 844
1582870 844
1582880 843
1582890 843
1582900 842
1582910 842
1582920 842
1582930 842
1582940 842
1582950 842
1582960 842
1582970 842
1582980 842
1582990 840
1583000 835
1583010 835
1583020 831
1583030 827
1583040 827
1583050 825
1583060 822
1583070 820
1583080 820
1583090 820
1583100 821
1583110 821
1583120 822
1583130 826
1583140 826
1583150 830
1583160 835
1583170 835
1583180 840
1583190 844
1583200 844
1583210 847
1583220 851
1583230 851
1583240 856
1583250 861
1583260 868
1583270 868
1583280 875
1583290 882
1583300 882
1583310 887
1583320 892
1583330 892
1583340 898
1583350 904
1583360 904
1583370 908
1583380 911
1583390 911
1583400 915
1583410 919
1583420 919
1583430 924
1583440 927
1583450 927
1583460 927
1583470 920
1583480 912
1583490 912
1583500 907
1583510 906
1583520 906
1583530 912
1583540 918
1583550 918
1583560 922
1583570 926
1583580 926
1583590 928
1583600 926
1583610 926
1583620 923
1583630 922
1583640 922
1583650 920
1583660 916
1583670 914
1583680 914
1583690 916
1583700 921
1583710 925
1583720 927
1583730 927
1583740 927
1583750 925
1583760 921
1583770 921
1583780 918
1583790 916
1583800 916
1583810 914
1583820 913
1583830 913
1583840 912
1583850 911
1583860 911
1583870 909
1583880 904
1583890 900
1583900 900
1583910 895
1583920 892
1583930 892
1583940 889
1583950 888
1583960 888
1583970 887
1583980 886
1583990 886
1584000 885
1584010 885
1584020 885
1584030 885
1584040 887
1584050 887
1584060 889
1584070 886
1584080 883
1584090 883
1584100 880
1584110 878
1584120 878
1584130 876
1584140 874
1584150 874
1584160 872
1584170 871
1584180 871
1584190 870
1584200 868
1584210 868
1584220 866
1584230 863
1584240 863
1584250 866
1584260 868
1584270 868
1584280 868
1584290 868
1584300 868
1584310 868
1584320 868
1584330 869
1584340 869
1584350 870
1584360 871
1584370 871
1584380 871
1584390 872
1584400 872
1584410 873
1584420 873
1584430 873
1584440 872
1584450 871
1584460 871
1584470 871
1584480 871
1584490 870
1584500 870
1584510 870
1584520 870
1584530 870
1584540 869
1584550 869
1584560 869
1584570 869
1584580 869
1584590 869
1584600 869
1584610 868
1584620 868
1584630 866
1584640 864
1584650 864
1584660 862
1584670 860
1584680 858
1584690 858
1584700 856
1584710 853
1584720 853
1584730 849
1584740 847
1584750 847
1584760 846
1584770 844
1584780 844
1584790 844
1584800 842
1584810 842
1584820 840
1584830 839
1584840 839
1584850 838
1584860 837
1584870 837
1584880 836
1584890 835
1584900 833
1584910 833
1584920 832
1584930 831
1584940 831
1584950 829
1584960 827
1584970 827
1584980 828
1584990 826
1585000 826
1585010 824
1585020 822
1585030 822
1585040 815
1585050 810
1585060 810
1585070 811
1585080 815
1585090 814
1585100 814
1585110 814
1585120 817
1585130 817
1585140 819
1585150 819
1585160 819
1585170 819
1585180 818
1585190 818
1585200 817
1585210 816
1585220 816
1585230 816
1585240 815
1585250 815
1585260 814
1585270 813
1585280 811
1585290 811
1585300 810
1585310 808
1585320 808
1585330 808
1585340 808
1585350 808
1585360 808
1585370 809
1585380 809
1585390 808
1585400 809
1585410 809
1585420 810
1585430 811
1585440 811
1585450 812
1585460 813
1585470 813
1585480 813
1585490 813
1585500 813
1585510 813
1585520 814
1585530 814
1585540 814
1585550 813
1585560 813
1585570 813
1585580 812
1585590 812
1585600 812
1585610 812
1585620 812
1585630 812
1585640 812
1585650 813
1585660 813
1585670 814
1585680 815
1585690 818
1585700 818
1585710 823
1585720 828
1585730 828
1585740 828
1585750 831
1585760 831
1585770 837
1585780 842
1585790 842
1585800 848
1585810 855
1585820 855
1585830 857
1585840 856
1585850 856
1585860 858
1585870 862
1585880 862
1585890 862
1585900 859
1585910 858
1585920 858
1585930 856
1585940 850
1585950 850
1585960 846
1585970 845
1585980 845
1585990 845
1586000 845
1586010 845
1586020 845
1586030 844
1586040 844
1586050 843
1586060 841
1586070 841
1586080 840
1586090 839
1586100 837
1586110 837
1586120 835
1586130 833
1586140 833
1586150 829
1586160 826
1586170 826
1586180 822
1586190 818
1586200 818
1586210 815
1586220 816
1586230 819
1586240 822
1586250 823
1586260 823
1586270 823
1586280 821
1586290 819
1586300 819
1586310 818
1586320 817
1586330 817
1586340 816
1586350 815
1586360 815
1586370 815
1586380 815
1586390 815
1586400 815
1586410 814
1586420 814
1586430 813
1586440 813
1586450 813
1586460 810
1586470 806
1586480 806
1586490 806
1586500 807
1586510 808
1586520 808
1586530 810
1586540 815
1586550 815
1586560 820
1586570 824
1586580 824
1586590 826
1586600 821
1586610 821
1586620 808
1586630 795
1586640 795
1586650 783
1586660 775
1586670 775
1586680 775
1586690 777
1586700 780
1586710 780
1586720 788
1586730 800
1586740 800
1586750 811
1586760 821
1586770 821
1586780 826
1586790 830
1586800 830
1586810 834
1586820 834
1586830 834
1586840 828
1586850 826
1586860 826
1586870 833
1586880 832
1586890 832
1586900 831
1586910 835
1586920 831
1586930 831
1586940 817
1586950 805
1586960 805
1586970 794
1586980 784
1586990 784
1587000 771
1587010 763
1587020 763
1587030 761
1587040 764
1587050 764
1587060 772
1587070 780
1587080 780
1587090 788
1587100 796
1587110 802
1587120 802
1587130 809
1587140 815
1587150 815
1587160 821
1587170 829
1587180 829
1587190 835
1587200 842
1587210 842
1587220 850
1587230 857
1587240 857
1587250 864
1587260 871
1587270 871
1587280 876
1587290 881
1587300 886
1587310 886
1587320 891
1587330 896
1587340 896
1587350 900
1587360 905
1587370 905
1587380 910
1587390 915
1587400 915
1587410 920
1587420 925
1587430 925
1587440 930
1587450 931
1587460 931
1587470 938
1587480 938
1587490 938
1587500 939
1587510 940
1587520 941
1587530 941
1587540 945
1587550 948
1587560 948
1587570 950
1587580 950
1587590 950
1587600 952
1587610 955
1587620 955
1587630 959
1587640 963
1587650 963
1587660 966
1587670 967
1587680 967
1587690 969
1587700 971
1587710 973
1587720 973
1587730 974
1587740 976
1587750 976
1587760 978
1587770 979
1587780 979
1587790 981
1587800 984
1587810 984
1587820 988
1587830 992
1587840 992
1587850 995
1587860 999
1587870 999
1587880 1003
1587890 1008
1587900 1008
1587910 1011
1587920 1013
1587930 1014
1587940 1014
1587950 1015
1587960 1017
1587970 1017
1587980 1017
1587990 1017
1588000 1017
1588010 1016
1588020 1016
1588030 1016
1588040 1018
1588050 1018
1588060 1018
1588070 1018
1588080 1017
1588090 1017
1588100 1015
1588110 1012
1588120 1011
1588130 1011
1588140 1012
1588150 1013
1588160 1013
1588170 1014
1588180 1015
1588190 1015
1588200 1019
1588210 1022
1588220 1022
1588230 1024
1588240 1026
1588250 1026
1588260 1028
1588270 1033
1588280 1033
1588290 1037
1588300 1039
1588310 1043
1588320 1043
1588330 1045
1588340 1046
1588350 1046
1588360 1048
1588370 1051
1588380 1051
1588390 1056
1588400 1062
1588410 1062
1588420 1066
1588430 1070
1588440 1070
1588450 1074
1588460 1076
1588470 1076
1588480 1076
1588490 1076
1588500 1076
1588510 1076
1588520 1075
1588530 1072
1588540 1072
1588550 1070
1588560 1067
1588570 1067
1588580 1065
1588590 1063
1588600 1063
1588610 1063
1588620 1064
1588630 1064
1588640 1063
1588650 1063
1588660 1063
1588670 1060
1588680 1057
1588690 1052
1588700 1049
1588710 1045
1588720 1040
1588730 1040
1588740 1034
1588750 1029
1588760 1029
1588770 1026
1588780 1023
1588790 1023
1588800 1016
1588810 1008
1588820 1008
1588830 1000
1588840 994
1588850 994
1588860 991
1588870 989
1588880 989
1588890 985
1588900 981
1588910 981
1588920 977
1588930 970
1588940 966
1588950 966
1588960 963
1588970 960
1588980 960
1588990 957
1589000 948
1589010 948
1589020 941
1589030 936
1589040 936
1589050 931
1589060 926
1589070 926
1589080 922
1589090 918
1589100 918
1589110 914
1589120 911
1589130 909
1589140 909
1589150 907
1589160 903
1589170 903
1589180 900
1589190 896
1589200 896
1589210 890
1589220 886
1589230 886
1589240 882
1589250 879
1589260 879
1589270 877
1589280 876
1589290 876
1589300 874
1589310 872
1589320 871
1589330 871
1589340 870
1589350 858
1589360 858
1589370 844
1589380 836
1589390 836
1589400 829
1589410 822
1589420 822
1589430 817
1589440 813
1589450 813
1589460 809
1589470 805
1589480 805
1589490 801
1589500 797
1589510 797
1589520 793
1589530 790
1589540 788
1589550 788
1589560 784
1589570 782
1589580 782
1589590 778
1589600 774
1589610 774
1589620 771
1589630 769
1589640 769
1589650 768
1589660 768
1589670 768
1589680 767
1589690 767
1589700 767
1589710 768
1589720 770
1589730 773
1589740 773
1589750 775
1589760 778
1589770 778
1589780 781
1589790 785
1589800 785
1589810 788
1589820 790
1589830 790
1589840 794
1589850 798
1589860 798
1589870 804
1589880 810
1589890 810
1589900 819
1589910 825
1589920 825
1589930 833
1589940 837
1589950 840
1589960 840
1589970 841
1589980 842
1589990 842
1590000 844
1590010 847
1590020 847
1590030 851
1590040 855
1590050 855
1590060 858
1590070 862
1590080 862
1590090 867
1590100 872
1590110 872
1590120 876
1590130 876
1590140 877
1590150 877
1590160 878
1590170 881
1590180 881
1590190 884
1590200 890
1590210 890
1590220 898
1590230 907
1590240 907
1590250 916
1590260 921
1590270 921
1590280 926
1590290 932
1590300 932
1590310 938
1590320 945
1590330 952
1590340 952
1590350 955
1590360 958
1590370 958
1590380 960
1590390 963
1590400 963
1590410 966
1590420 967
1590430 967
1590440 966
1590450 964
1590460 964
1590470 960
1590480 954
1590490 954
1590500 948
1590510 940
1590520 940
1590530 936
1590540 935
1590550 936
1590560 936
1590570 937
1590580 938
1590590 938
1590600 939
1590610 940
1590620 940
1590630 942
1590640 944
1590650 944
1590660 947
1590670 949
1590680 949
1590690 952
1590700 954
1590710 954
1590720 956
1590730 958
1590740 960
1590750 960
1590760 963
1590770 965
1590780 965
1590790 966
1590800 967
1590810 967
1590820 967
1590830 968
1590840 968
1590850 969
1590860 970
1590870 970
1590880 971
1590890 972
1590900 972
1590910 974
1590920 975
1590930 975
1590940 976
1590950 979
1590960 984
1590970 984
1590980 988
1590990 991
1591000 991
1591010 995
1591020 999
1591030 999
1591040 1004
1591050 1009
1591060 1009
1591070 1013
1591080 1018
1591090 1018
1591100 1023
1591110 1025
1591120 1025
1591130 1028
1591140 1032
1591150 1035
1591160 1035
1591170 1038
1591180 1042
1591190 1042
1591200 1046
1591210 1049
1591220 1049
1591230 1051
1591240 1053
1591250 1053
1591260 1055
1591270 1057
1591280 1057
1591290 1059
1591300 1062
1591310 1062
1591320 1065
1591330 1068
1591340 1072
1591350 1072
1591360 1075
1591370 1077
1591380 1077
1591390 1078
1591400 1078
1591410 1078
1591420 1076
1591430 1072
1591440 1072
1591450 1067
1591460 1062
1591470 1062
1591480 1059
1591490 1055
1591500 1055
1591510 1052
1591520 1049
1591530 1049
1591540 1047
1591550 1045
1591560 1044
1591570 1044
1591580 1041
1591590 1036
1591600 1036
1591610 1031
1591620 1027
1591630 1027
1591640 1024
1591650 1020
1591660 1020
1591670 1017
1591680 1013
1591690 1013
1591700 1008
1591710 1005
1591720 1005
1591730 1001
1591740 997
1591750 994
1591760 994
1591770 991
1591780 988
1591790 988
1591800 985
1591810 982
1591820 982
1591830 979
1591840 977
1591850 977
1591860 976
1591870 974
1591880 974
1591890 972
1591900 970
1591910 970
1591920 967
1591930 963
1591940 963
1591950 959
1591960 955
1591970 950
1591980 950
1591990 945
1592000 940
1592010 940
1592020 934
1592030 929
1592040 929
1592050 923
1592060 918
1592070 918
1592080 912
1592090 908
1592100 908
1592110 905
1592120 902
1592130 902
1592140 896
1592150 891
1592160 886
1592170 886
1592180 883
1592190 880
1592200 880
1592210 876
1592220 877
1592230 877
1592240 878
1592250 877
1592260 877
1592270 871
1592280 872
1592290 872
1592300 867
1592310 862
1592320 862
1592330 859
1592340 855
1592350 853
1592360 853
1592370 851
1592380 851
1592390 851
1592400 849
1592410 856
1592420 856
1592430 864
1592440 868
1592450 868
1592460 872
1592470 875
1592480 875
1592490 878
1592500 877
1592510 877
1592520 879
1592530 886
1592540 886
1592550 890
1592560 893
1592570 897
1592580 897
1592590 902
1592600 908
1592610 908
1592620 914
1592630 919
1592640 919
1592650 924
1592660 929
1592670 929
1592680 935
1592690 941
1592700 941
1592710 947
1592720 953
1592730 953
1592740 960
1592750 966
1592760 974
1592770 974
1592780 980
1592790 984
1592800 984
1592810 989
1592820 995
1592830 995
1592840 1001
1592850 1003
1592860 1003
1592870 1004
1592880 1004
1592890 1004
1592900 1004
1592910 1004
1592920 1004
1592930 1006
1592940 1007
1592950 1007
1592960 1009
1592970 1010
1592980 1011
1592990 1011
1593000 1012
1593010 1014
1593020 1014
1593030 1015
1593040 1017
1593050 1017
1593060 1019
1593070 1021
1593080 1021
1593090 1024
1593100 1026
1593110 1026
1593120 1029
1593130 1032
1593140 1032
1593150 1034
1593160 1036
1593170 1039
1593180 1039
1593190 1042
1593200 1046
1593210 1046
1593220 1048
1593230 1051
1593240 1051
1593250 1055
1593260 1059
1593270 1059
1593280 1062
1593290 1067
1593300 1067
1593310 1071
1593320 1075
1593330 1075
1593340 1077
1593350 1080
1593360 1083
1593370 1083
1593380 1085
1593390 1088
1593400 1088
1593410 1092
1593420 1096
1593430 1096
1593440 1100
1593450 1110
1593460 1110
1593470 1114
1593480 1117
1593490 1117
1593500 1121
1593510 1124
1593520 1124
1593530 1127
1593540 1130
1593550 1130
1593560 1133
1593570 1136
1593580 1139
1593590 1139
1593600 1142
1593610 1145
1593620 1145
1593630 1148
1593640 1150
1593650 1150
1593660 1153
1593670 1155
1593680 1155
1593690 1156
1593700 1158
1593710 1158
1593720 1160
1593730 1161
1593740 1161
1593750 1163
1593760 1164
1593770 1165
1593780 1165
1593790 1167
1593800 1168
1593810 1168
1593820 1169
1593830 1169
1593840 1169
1593850 1169
1593860 1170
1593870 1170
1593880 1170
1593890 1170
1593900 1170
1593910 1171
1593920 1172
1593930 1172
1593940 1173
1593950 1174
1593960 1174
1593970 1174
1593980 1175
1593990 1175
1594000 1175
1594010 1174
1594020 1174
1594030 1174
1594040 1173
1594050 1171
1594060 1171
1594070 1170
1594080 1168
1594090 1168
1594100 1165
1594110 1163
1594120 1163
1594130 1160
1594140 1157
1594150 1157
1594160 1154
1594170 1151
1594180 1148
1594190 1148
1594200 1145
1594210 1142
1594220 1142
1594230 1139
1594240 1136
1594250 1136
1594260 1134
1594270 1131
1594280 1131
1594290 1128
1594300 1124
1594310 1124
1594320 1119
1594330 1114
1594340 1114
1594350 1108
1594360 1103
1594370 1098
1594380 1098
1594390 1094
1594400 1090
1594410 1090
1594420 1086
1594430 1083
1594440 1083
1594450 1080
1594460 1077
1594470 1077
1594480 1074
1594490 1071
1594500 1071
1594510 1068
1594520 1066
1594530 1066
1594540 1063
1594550 1060
1594560 1060
1594570 1057
1594580 1055
1594590 1052
1594600 1054
1594610 1051
1594620 1048
1594630 1048
1594640 1045
1594650 1041
1594660 1041
1594670 1037
1594680 1033
1594690 1033
1594700 1028
1594710 1024
1594720 1024
1594730 1021
1594740 1019
1594750 1019
1594760 1016
1594770 1013
1594780 1011
1594790 1011
1594800 1009
1594810 1007
1594820 1007
1594830 1005
1594840 1004
1594850 1004
1594860 1002
1594870 1000
1594880 1000
1594890 998
1594900 996
1594910 996
1594920 994
1594930 993
1594940 993
1594950 991
1594960 987
1594970 985
1594980 985
1594990 983
1595000 980
1595010 980
1595020 977
1595030 974
1595040 974
1595050 971
1595060 968
1595070 968
1595080 967
1595090 964
1595100 964
1595110 962
1595120 959
1595130 959
1595140 958
1595150 956
1595160 956
1595170 955
1595180 954
1595190 952
1595200 952
1595210 949
1595220 947
1595230 947
1595240 945
1595250 942
1595260 942
1595270 940
1595280 938
1595290 938
1595300 935
1595310 932
1595320 932
1595330 929
1595340 924
1595350 924
1595360 921
1595370 924
1595380 928
1595390 928
1595400 933
1595410 935
1595420 935
1595430 938
1595440 941
1595450 941
1595460 944
1595470 946
1595480 946
1595490 949
1595500 951
1595510 951
1595520 954
1595530 955
1595540 955
1595550 956
1595560 955
1595570 955
1595580 954
1595590 949
1595600 946
1595610 946
1595620 943
1595630 941
1595640 941
1595650 938
1595660 934
1595670 934
1595680 931
1595690 927
1595700 927
1595710 922
1595720 918
1595730 918
1595740 914
1595750 914
1595760 914
1595770 910
1595780 907
1595790 904
1595800 904
1595810 902
1595820 899
1595830 899
1595840 895
1595850 892
1595860 892
1595870 890
1595880 887
1595890 887
1595900 885
1595910 882
1595920 882
1595930 880
1595940 877
1595950 877
1595960 873
1595970 869
1595980 865
1595990 865
1596000 859
1596010 853
1596020 853
1596030 846
1596040 840
1596050 840
1596060 835
1596070 835
1596080 835
1596090 838
1596100 841
1596110 841
1596120 843
1596130 845
1596140 845
1596150 847
1596160 849
1596170 849
1596180 852
1596190 855
1596200 857
1596210 857
1596220 860
1596230 863
1596240 863
1596250 866
1596260 868
1596270 868
1596280 871
1596290 875
1596300 875
1596310 878
1596320 880
1596330 880
1596340 883
1596350 886
1596360 886
1596370 888
1596380 892
1596390 896
1596400 896
1596410 902
1596420 907
1596430 907
1596440 913
1596450 919
1596460 919
1596470 923
1596480 928
1596490 928
1596500 932
1596510 938
1596520 938
1596530 942
1596540 945
1596550 945
1596560 950
1596570 957
1596580 957
1596590 964
1596600 972
1596610 978
1596620 978
1596630 980
1596640 981
1596650 981
1596660 982
1596670 983
1596680 983
1596690 983
1596700 984
1596710 984
1596720 984
1596730 985
1596740 985
1596750 986
1596760 986
1596770 986
1596780 987
1596790 987
1596800 987
1596810 987
1596820 987
1596830 987
1596840 987
1596850 987
1596860 988
1596870 988
1596880 988
1596890 990
1596900 990
1596910 991
1596920 991
1596930 991
1596940 991
1596950 991
1596960 991
1596970 990
1596980 990
1596990 989
1597000 989
1597010 989
1597020 990
1597030 990
1597040 990
1597050 990
1597060 990
1597070 990
1597080 992
1597090 992
1597100 995
1597110 998
1597120 998
1597130 1001
1597140 1003
1597150 1003
1597160 1006
1597170 1008
1597180 1008
1597190 1009
1597200 1009
1597210 1008
1597220 1008
1597230 1007
1597240 1004
1597250 1004
1597260 1003
1597270 1001
1597280 1001
1597290 999
1597300 996
1597310 996
1597320 992
1597330 991
1597340 991
1597350 991
1597360 991
1597370 991
1597380 990
1597390 989
1597400 988
1597410 988
1597420 988
1597430 987
1597440 987
1597450 986
1597460 984
1597470 984
1597480 983
1597490 981
1597500 981
1597510 978
1597520 975
1597530 975
1597540 972
1597550 970
1597560 970
1597570 968
1597580 964
1597590 964
1597600 961
1597610 958
1597620 956
1597630 956
1597640 954
1597650 951
1597660 951
1597670 949
1597680 947
1597690 947
1597700 945
1597710 943
1597720 943
1597730 941
1597740 938
1597750 938
1597760 936
1597770 935
1597780 935
1597790 933
1597800 932
1597810 931
1597820 931
1597830 930
1597840 928
1597850 928
1597860 927
1597870 925
1597880 925
1597890 925
1597900 924
1597910 924
1597920 924
1597930 923
1597940 923
1597950 923
1597960 923
1597970 923
1597980 923
1597990 922
1598000 922
1598010 924
1598020 922
1598030 920
1598040 920
1598050 918
1598060 918
1598070 918
1598080 918
1598090 917
1598100 917
1598110 916
1598120 915
1598130 915
1598140 915
1598150 914
1598160 914
1598170 910
1598180 904
1598190 904
1598200 897
1598210 892
1598220 886
1598230 886
1598240 882
1598250 882
1598260 882
1598270 891
1598280 897
1598290 897
1598300 900
1598310 903
1598320 903
1598330 903
1598340 903
1598350 903
1598360 901
1598370 899
1598380 899
1598390 897
1598400 894
1598410 892
1598420 892
1598430 889
1598440 887
1598450 887
1598460 885
1598470 882
1598480 882
1598490 880
1598500 880
1598510 880
1598520 879
1598530 879
1598540 879
1598550 879
1598560 879
1598570 879
1598580 879
1598590 880
1598600 880
1598610 880
1598620 879
1598630 878
1598640 878
1598650 877
1598660 875
1598670 875
1598680 873
1598690 872
1598700 872
1598710 871
1598720 871
1598730 871
1598740 872
1598750 872
1598760 872
1598770 873
1598780 873
1598790 873
1598800 873
1598810 871
1598820 869
1598830 869
1598840 867
1598850 864
1598860 864
1598870 861
1598880 858
1598890 858
1598900 856
1598910 853
1598920 853
1598930 850
1598940 846
1598950 846
1598960 843
1598970 840
1598980 840
1598990 838
1599000 836
1599010 836
1599020 830
1599030 825
1599040 819
1599050 819
1599060 813
1599070 807
1599080 807
1599090 800
1599100 792
1599110 792
1599120 785
1599130 782
1599140 782
1599150 781
1599160 783
1599170 783
1599180 782
1599190 778
1599200 778
1599210 772
1599220 767
1599230 764
1599240 764
1599250 762
1599260 761
1599270 761
1599280 760
1599290 758
1599300 758
1599310 757
1599320 757
1599330 757
1599340 757
1599350 763
1599360 763
1599370 771
1599380 777
1599390 777
1599400 781
1599410 786
1599420 788
1599430 788
1599440 790
1599450 792
1599460 792
1599470 794
1599480 796
1599490 796
1599500 797
1599510 799
1599520 799
1599530 800
1599540 802
1599550 802
1599560 803
1599570 805
1599580 805
1599590 807
1599600 810
1599610 810
1599620 812
1599630 814
1599640 816
1599650 816
1599660 818
1599670 820
1599680 820
1599690 823
1599700 827
1599710 827
1599720 833
1599730 840
1599740 840
1599750 843
1599760 846
1599770 846
1599780 850
1599790 856
1599800 856
1599810 862
1599820 869
1599830 876
1599840 876
1599850 883
1599860 889
1599870 889
1599880 891
1599890 890
1599900 890
1599910 887
1599920 884
1599930 884
1599940 881
1599950 878
1599960 878
1599970 876
1599980 875
1599990 875
