1580000 1077
1580010 1077
1580020 1079
1580030 1082
1580040 1082
1580050 1085
1580060 1089
1580070 1089
1580080 1093
1580090 1097
1580100 1101
1580110 1101
1580120 1104
1580130 1107
1580140 1107
1580150 1111
1580160 1117
1580170 1117
1580180 1122
1580190 1124
1580200 1124
1580210 1125
1580220 1127
1580230 1127
1580240 1128
1580250 1128
1580260 1128
1580270 1128
1580280 1127
1580290 1125
1580300 1125
1580310 1122
1580320 1120
1580330 1120
1580340 1118
1580350 1115
1580360 1115
1580370 1113
1580380 1112
1580390 1112
1580400 1112
1580410 1110
1580420 1110
1580430 1109
1580440 1114
1580450 1114
1580460 1117
1580470 1119
1580480 1119
1580490 1120
1580500 1122
1580510 1125
1580520 1125
1580530 1129
1580540 1134
1580550 1134
1580560 1139
1580570 1143
1580580 1143
1580590 1148
1580600 1152
1580610 1152
1580620 1156
1580630 1161
1580640 1161
1580650 1165
1580660 1170
1580670 1170
1580680 1174
1580690 1178
1580700 1182
1580710 1182
1580720 1185
1580730 1187
1580740 1187
1580750 1190
1580760 1192
1580770 1192
1580780 1193
1580790 1195
1580800 1195
1580810 1197
1580820 1199
1580830 1199
1580840 1200
1580850 1202
1580860 1202
1580870 1203
1580880 1203
1580890 1203
1580900 1203
1580910 1202
1580920 1202
1580930 1202
1580940 1200
1580950 1198
1580960 1198
1580970 1195
1580980 1190
1580990 1190
1581000 1183
1581010 1180
1581020 1180
1581030 1177
1581040 1179
1581050 1179
1581060 1176
1581070 1172
1581080 1172
1581090 1171
1581100 1172
1581110 1174
1581120 1174
1581130 1175
1581140 1176
1581150 1176
1581160 1177
1581170 1180
1581180 1180
1581190 1182
1581200 1185
1581210 1185
1581220 1189
1581230 1192
1581240 1192
1581250 1198
1581260 1200
1581270 1200
1581280 1202
1581290 1204
1581300 1204
1581310 1204
1581320 1205
1581330 1208
1581340 1208
1581350 1209
1581360 1209
1581370 1209
1581380 1208
1581390 1210
1581400 1210
1581410 1214
1581420 1218
1581430 1218
1581440 1221
1581450 1223
1581460 1223
1581470 1224
1581480 1226
1581490 1226
1581500 1226
1581510 1225
1581520 1224
1581530 1224
1581540 1223
1581550 1221
1581560 1221
1581570 1218
1581580 1215
1581590 1215
1581600 1213
1581610 1211
1581620 1211
1581630 1210
1581640 1208
1581650 1208
1581660 1205
1581670 1203
1581680 1203
1581690 1200
1581700 1199
1581710 1199
1581720 1199
1581730 1199
1581740 1198
1581750 1198
1581760 1198
1581770 1196
1581780 1196
1581790 1194
1581800 1190
1581810 1190
1581820 1186
1581830 1182
1581840 1182
1581850 1178
1581860 1174
1581870 1174
1581880 1168
1581890 1161
1581900 1161
1581910 1155
1581920 1148
1581930 1143
1581940 1143
1581950 1138
1581960 1133
1581970 1133
1581980 1127
1581990 1119
1582000 1119
1582010 1113
1582020 1107
1582030 1107
1582040 1101
1582050 1096
1582060 1096
1582070 1090
1582080 1084
1582090 1084
1582100 1080
1582110 1075
1582120 1070
1582130 1070
1582140 1065
1582150 1060
1582160 1060
1582170 1055
1582180 1051
1582190 1051
1582200 1046
1582210 1042
1582220 1042
1582230 1038
1582240 1031
1582250 1031
1582260 1026
1582270 1021
1582280 1021
1582290 1016
1582300 1008
1582310 1008
1582320 997
1582330 988
1582340 981
1582350 981
1582360 975
1582370 971
1582380 971
1582390 968
1582400 967
1582410 967
1582420 962
1582430 955
1582440 955
1582450 948
1582460 939
1582470 939
1582480 925
1582490 915
1582500 915
1582510 907
1582520 900
1582530 893
1582540 893
1582550 886
1582560 881
1582570 881
1582580 877
1582590 875
1582600 875
1582610 872
1582620 869
1582630 869
1582640 864
1582650 858
1582660 858
1582670 855
1582680 854
1582690 854
1582700 854
1582710 854
1582720 855
1582730 855
1582740 856
1582750 856
1582760 856
1582770 856
1582780 857
1582790 857
1582800 857
1582810 860
1582820 860
1582830 863
1582840 865
1582850 865
1582860 867
1582870 869
1582880 869
1582890 871
1582900 874
1582910 874
1582920 880
1582930 884
1582940 889
1582950 889
1582960 894
1582970 897
1582980 897
1582990 900
1583000 900
1583010 900
1583020 902
1583030 904
1583040 904
1583050 907
1583060 911
1583070 911
1583080 916
1583090 922
1583100 922
1583110 926
1583120 930
1583130 934
1583140 934
1583150 937
1583160 939
1583170 939
1583180 942
1583190 946
1583200 946
1583210 950
1583220 953
1583230 953
1583240 955
1583250 958
1583260 958
1583270 962
1583280 964
1583290 964
1583300 968
1583310 973
1583320 973
1583330 977
1583340 980
1583350 982
1583360 982
1583370 982
1583380 980
1583390 980
1583400 980
1583410 982
1583420 982
1583430 986
1583440 990
1583450 990
1583460 994
1583470 999
1583480 999
1583490 1003
1583500 1006
1583510 1006
1583520 1009
1583530 1012
1583540 1016
1583550 1016
1583560 1019
1583570 1022
1583580 1022
1583590 1026
1583600 1030
1583610 1030
1583620 1035
1583630 1039
1583640 1039
1583650 1044
1583660 1049
1583670 1049
1583680 1053
1583690 1056
1583700 1056
1583710 1059
1583720 1062
1583730 1062
1583740 1064
1583750 1067
1583760 1069
1583770 1069
1583780 1072
1583790 1074
1583800 1074
1583810 1077
1583820 1080
1583830 1080
1583840 1082
1583850 1084
1583860 1084
1583870 1087
1583880 1089
1583890 1089
1583900 1092
1583910 1097
1583920 1097
1583930 1100
1583940 1103
1583950 1107
1583960 1107
1583970 1110
1583980 1113
1583990 1113
1584000 1116
1584010 1118
1584020 1118
1584030 1122
1584040 1126
1584050 1126
1584060 1128
1584070 1130
1584080 1130
1584090 1131
1584100 1133
1584110 1133
1584120 1134
1584130 1134
1584140 1134
1584150 1135
1584160 1137
1584170 1138
1584180 1138
1584190 1140
1584200 1141
1584210 1141
1584220 1143
1584230 1144
1584240 1144
1584250 1146
1584260 1148
1584270 1148
1584280 1149
1584290 1150
1584300 1150
1584310 1149
1584320 1147
1584330 1147
1584340 1145
1584350 1143
1584360 1140
1584370 1140
1584380 1138
1584390 1136
1584400 1136
1584410 1133
1584420 1129
1584430 1129
1584440 1125
1584450 1121
1584460 1121
1584470 1116
1584480 1112
1584490 1112
1584500 1107
1584510 1103
1584520 1103
1584530 1098
1584540 1094
1584550 1090
1584560 1090
1584570 1086
1584580 1083
1584590 1083
1584600 1079
1584610 1077
1584620 1077
1584630 1074
1584640 1073
1584650 1073
1584660 1072
1584670 1068
1584680 1068
1584690 1065
1584700 1060
1584710 1060
1584720 1052
1584730 1042
1584740 1042
1584750 1035
1584760 1031
1584770 1026
1584780 1026
1584790 1022
1584800 1019
1584810 1019
1584820 1013
1584830 1009
1584840 1009
1584850 1006
1584860 1003
1584870 1003
1584880 999
1584890 996
1584900 996
1584910 992
1584920 989
1584930 989
1584940 984
1584950 980
1584960 977
1584970 977
1584980 973
1584990 971
1585000 971
1585010 967
1585020 963
1585030 963
1585040 959
1585050 956
1585060 956
1585070 954
1585080 953
1585090 953
1585100 952
1585110 951
1585120 951
1585130 950
1585140 949
1585150 949
1585160 948
1585170 947
1585180 946
1585190 946
1585200 945
1585210 944
1585220 944
1585230 942
1585240 941
1585250 941
1585260 938
1585270 934
1585280 934
1585290 934
1585300 936
1585310 936
1585320 940
1585330 942
1585340 942
1585350 943
1585360 944
1585370 945
1585380 945
1585390 946
1585400 947
1585410 947
1585420 948
1585430 949
1585440 949
1585450 951
1585460 952
1585470 952
1585480 953
1585490 955
1585500 955
1585510 957
1585520 959
1585530 959
1585540 960
1585550 962
1585560 962
1585570 964
1585580 967
1585590 970
1585600 970
1585610 972
1585620 974
1585630 974
1585640 977
1585650 979
1585660 979
1585670 981
1585680 983
1585690 983
1585700 985
1585710 989
1585720 989
1585730 993
1585740 997
1585750 997
1585760 1000
1585770 1001
1585780 1003
1585790 1003
1585800 1006
1585810 1010
1585820 1010
1585830 1014
1585840 1018
1585850 1018
1585860 1023
1585870 1027
1585880 1027
1585890 1031
1585900 1034
1585910 1034
1585920 1036
1585930 1039
1585940 1039
1585950 1042
1585960 1045
1585970 1045
1585980 1048
1585990 1050
1586000 1053
1586010 1053
1586020 1057
1586030 1061
1586040 1061
1586050 1064
1586060 1068
1586070 1068
1586080 1073
1586090 1076
1586100 1076
1586110 1078
1586120 1081
1586130 1081
1586140 1083
1586150 1086
1586160 1091
1586170 1092
1586180 1093
1586190 1094
1586200 1094
1586210 1095
1586220 1096
1586230 1096
1586240 1097
1586250 1097
1586260 1097
1586270 1098
1586280 1099
1586290 1099
1586300 1101
1586310 1103
1586320 1103
1586330 1104
1586340 1105
1586350 1105
1586360 1106
1586370 1108
1586380 1108
1586390 1110
1586400 1112
1586410 1113
1586420 1113
1586430 1116
1586440 1118
1586450 1118
1586460 1119
1586470 1121
1586480 1121
1586490 1125
1586500 1128
1586510 1128
1586520 1131
1586530 1135
1586540 1135
1586550 1139
1586560 1143
1586570 1143
1586580 1147
1586590 1149
1586600 1150
1586610 1150
1586620 1150
1586630 1148
1586640 1148
1586650 1146
1586660 1143
1586670 1143
1586680 1141
1586690 1140
1586700 1140
1586710 1138
1586720 1137
1586730 1137
1586740 1135
1586750 1134
1586760 1134
1586770 1132
1586780 1131
1586790 1131
1586800 1131
1586810 1130
1586820 1129
1586830 1129
1586840 1130
1586850 1130
1586860 1130
1586870 1131
1586880 1131
1586890 1131
1586900 1130
1586910 1130
1586920 1130
1586930 1130
1586940 1131
1586950 1131
1586960 1132
1586970 1134
1586980 1134
1586990 1137
1587000 1139
1587010 1141
1587020 1141
1587030 1143
1587040 1146
1587050 1146
1587060 1148
1587070 1150
1587080 1150
1587090 1150
1587100 1149
1587110 1149
1587120 1149
1587130 1146
1587140 1146
1587150 1143
1587160 1140
1587170 1140
1587180 1136
1587190 1133
1587200 1131
1587210 1131
1587220 1128
1587230 1123
1587240 1123
1587250 1119
1587260 1119
1587270 1119
1587280 1121
1587290 1120
1587300 1120
1587310 1117
1587320 1114
1587330 1114
1587340 1111
1587350 1111
1587360 1111
1587370 1112
1587380 1117
1587390 1120
1587400 1124
1587410 1129
1587420 1133
1587430 1133
1587440 1135
1587450 1137
1587460 1137
1587470 1139
1587480 1141
1587490 1141
1587500 1142
1587510 1141
1587520 1141
1587530 1138
1587540 1134
1587550 1134
1587560 1131
1587570 1125
1587580 1125
1587590 1119
1587600 1116
1587610 1112
1587620 1112
1587630 1109
1587640 1107
1587650 1107
1587660 1104
1587670 1099
1587680 1099
1587690 1094
1587700 1089
1587710 1089
1587720 1084
1587730 1079
1587740 1079
1587750 1075
1587760 1071
1587770 1071
1587780 1066
1587790 1061
1587800 1061
1587810 1056
1587820 1053
1587830 1051
1587840 1051
1587850 1049
1587860 1046
1587870 1046
1587880 1044
1587890 1040
1587900 1040
1587910 1034
1587920 1030
1587930 1030
1587940 1026
1587950 1020
1587960 1020
1587970 1018
1587980 1017
1587990 1017
1588000 1015
1588010 1010
1588020 1005
1588030 1005
1588040 996
1588050 990
1588060 990
1588070 984
1588080 976
1588090 976
1588100 968
1588110 964
1588120 964
1588130 962
1588140 957
1588150 957
1588160 948
1588170 941
1588180 941
1588190 936
1588200 930
1588210 930
1588220 927
1588230 918
1588240 906
1588250 906
1588260 898
1588270 891
1588280 891
1588290 885
1588300 878
1588310 878
1588320 872
1588330 865
1588340 865
1588350 858
1588360 852
1588370 852
1588380 846
1588390 839
1588400 839
1588410 833
1588420 830
1588430 828
1588440 828
1588450 824
1588460 820
1588470 820
1588480 816
1588490 813
1588500 813
1588510 810
1588520 808
1588530 808
1588540 806
1588550 804
1588560 804
1588570 802
1588580 800
1588590 800
1588600 800
1588610 800
1588620 800
1588630 800
1588640 800
1588650 801
1588660 801
1588670 800
1588680 804
1588690 804
1588700 812
1588710 820
1588720 820
1588730 827
1588740 834
1588750 834
1588760 841
1588770 847
1588780 847
1588790 853
1588800 859
1588810 859
1588820 863
1588830 872
1588840 881
1588850 881
1588860 891
1588870 898
1588880 898
1588890 903
1588900 909
1588910 909
1588920 915
1588930 919
1588940 919
1588950 921
1588960 924
1588970 924
1588980 919
1588990 907
1589000 907
1589010 898
1589020 890
1589030 886
1589040 886
1589050 887
1589060 893
1589070 893
1589080 900
1589090 909
1589100 909
1589110 915
1589120 921
1589130 921
1589140 925
1589150 928
1589160 928
1589170 929
1589180 932
1589190 932
1589200 934
1589210 936
1589220 936
1589230 940
1589240 945
1589250 951
1589260 951
1589270 960
1589280 965
1589290 965
1589300 965
1589310 965
1589320 965
1589330 966
1589340 968
1589350 968
1589360 965
1589370 959
1589380 959
1589390 954
1589400 950
1589410 950
1589420 950
1589430 950
1589440 950
1589450 950
1589460 948
1589470 946
1589480 946
1589490 942
1589500 941
1589510 941
1589520 940
1589530 939
1589540 939
1589550 937
1589560 937
1589570 937
1589580 939
1589590 943
1589600 943
1589610 947
1589620 953
1589630 953
1589640 959
1589650 965
1589660 970
1589670 970
1589680 973
1589690 977
1589700 977
1589710 980
1589720 983
1589730 983
1589740 986
1589750 990
1589760 990
1589770 995
1589780 999
1589790 999
1589800 1003
1589810 1007
1589820 1007
1589830 1011
1589840 1014
1589850 1017
1589860 1017
1589870 1020
1589880 1023
1589890 1023
1589900 1026
1589910 1028
1589920 1028
1589930 1030
1589940 1033
1589950 1033
1589960 1036
1589970 1039
1589980 1039
1589990 1042
1590000 1045
1590010 1045
1590020 1049
1590030 1053
1590040 1053
1590050 1057
1590060 1061
1590070 1065
1590080 1065
1590090 1069
1590100 1072
1590110 1072
1590120 1075
1590130 1079
1590140 1079
1590150 1083
1590160 1088
1590170 1088
1590180 1093
1590190 1098
1590200 1098
1590210 1103
1590220 1106
1590230 1106
1590240 1109
1590250 1112
1590260 1114
1590270 1114
1590280 1117
1590290 1121
1590300 1121
1590310 1125
1590320 1130
1590330 1130
1590340 1134
1590350 1138
1590360 1138
1590370 1142
1590380 1146
1590390 1146
1590400 1150
1590410 1155
1590420 1155
1590430 1159
1590440 1164
1590450 1168
1590460 1168
1590470 1172
1590480 1175
1590490 1175
1590500 1178
1590510 1181
1590520 1181
1590530 1184
1590540 1186
1590550 1186
1590560 1188
1590570 1189
1590580 1189
1590590 1189
1590600 1189
1590610 1189
1590620 1189
1590630 1189
1590640 1189
1590650 1192
1590660 1195
1590670 1197
1590680 1197
1590690 1200
1590700 1203
1590710 1203
1590720 1207
1590730 1210
1590740 1210
1590750 1214
1590760 1218
1590770 1218
1590780 1221
1590790 1223
1590800 1223
1590810 1225
1590820 1226
1590830 1226
1590840 1227
1590850 1227
1590860 1228
1590870 1228
1590880 1228
1590890 1226
1590900 1226
1590910 1223
1590920 1219
1590930 1219
1590940 1215
1590950 1211
1590960 1211
1590970 1207
1590980 1204
1590990 1204
1591000 1200
1591010 1197
1591020 1197
1591030 1194
1591040 1191
1591050 1191
1591060 1188
1591070 1185
1591080 1182
1591090 1182
1591100 1178
1591110 1175
1591120 1175
1591130 1171
1591140 1168
1591150 1168
1591160 1166
1591170 1164
1591180 1164
1591190 1162
1591200 1161
1591210 1161
1591220 1159
1591230 1159
1591240 1159
1591250 1159
1591260 1158
1591270 1157
1591280 1157
1591290 1156
1591300 1155
1591310 1155
1591320 1156
1591330 1156
1591340 1156
1591350 1155
1591360 1155
1591370 1155
1591380 1153
1591390 1153
1591400 1153
1591410 1153
1591420 1154
1591430 1154
1591440 1155
1591450 1155
1591460 1155
1591470 1156
1591480 1156
1591490 1156
1591500 1156
1591510 1156
1591520 1156
1591530 1156
1591540 1155
1591550 1153
1591560 1153
1591570 1152
1591580 1150
1591590 1150
1591600 1148
1591610 1147
1591620 1147
1591630 1144
1591640 1141
1591650 1141
1591660 1138
1591670 1134
1591680 1131
1591690 1131
1591700 1129
1591710 1126
1591720 1126
1591730 1123
1591740 1121
1591750 1121
1591760 1117
1591770 1114
1591780 1114
1591790 1112
1591800 1109
1591810 1109
1591820 1105
1591830 1103
1591840 1103
1591850 1101
1591860 1099
1591870 1097
1591880 1097
1591890 1095
1591900 1091
1591910 1091
1591920 1083
1591930 1078
1591940 1078
1591950 1077
1591960 1081
1591970 1081
1591980 1085
1591990 1087
1592000 1087
1592010 1089
1592020 1090
1592030 1090
1592040 1090
1592050 1088
1592060 1088
1592070 1084
1592080 1081
1592090 1077
1592100 1077
1592110 1074
1592120 1071
1592130 1071
1592140 1068
1592150 1065
1592160 1065
1592170 1063
1592180 1060
1592190 1060
1592200 1057
1592210 1054
1592220 1054
1592230 1052
1592240 1050
1592250 1050
1592260 1048
1592270 1046
1592280 1044
1592290 1044
1592300 1042
1592310 1040
1592320 1040
1592330 1038
1592340 1036
1592350 1036
1592360 1034
1592370 1031
1592380 1031
1592390 1026
1592400 1021
1592410 1021
1592420 1017
1592430 1010
1592440 1010
1592450 1004
1592460 998
1592470 998
1592480 993
1592490 993
1592500 999
1592510 999
1592520 1004
1592530 1006
1592540 1006
1592550 1009
1592560 1011
1592570 1011
1592580 1012
1592590 1013
1592600 1013
1592610 1013
1592620 1014
1592630 1014
1592640 1014
1592650 1014
1592660 1014
1592670 1015
1592680 1015
1592690 1015
1592700 1015
1592710 1015
1592720 1015
1592730 1015
1592740 1015
1592750 1015
1592760 1015
1592770 1015
1592780 1016
1592790 1016
1592800 1016
1592810 1016
1592820 1016
1592830 1016
1592840 1016
1592850 1016
1592860 1015
1592870 1015
1592880 1015
1592890 1015
1592900 1015
1592910 1016
1592920 1016
1592930 1016
1592940 1016
1592950 1016
1592960 1017
1592970 1017
1592980 1017
1592990 1018
1593000 1019
1593010 1019
1593020 1021
1593030 1023
1593040 1023
1593050 1025
1593060 1027
1593070 1027
1593080 1029
1593090 1033
1593100 1036
1593110 1036
1593120 1038
1593130 1041
1593140 1041
1593150 1043
1593160 1045
1593170 1045
1593180 1048
1593190 1050
1593200 1050
1593210 1052
1593220 1054
1593230 1054
1593240 1056
1593250 1057
1593260 1057
1593270 1059
1593280 1061
1593290 1061
1593300 1064
1593310 1066
1593320 1069
1593330 1069
1593340 1073
1593350 1076
1593360 1076
1593370 1081
1593380 1083
1593390 1083
1593400 1087
1593410 1092
1593420 1092
1593430 1096
1593440 1101
1593450 1101
1593460 1105
1593470 1109
1593480 1109
1593490 1112
1593500 1116
1593510 1119
1593520 1119
1593530 1122
1593540 1124
1593550 1124
1593560 1127
1593570 1130
1593580 1130
1593590 1134
1593600 1138
1593610 1138
1593620 1141
1593630 1144
1593640 1144
1593650 1148
1593660 1152
1593670 1152
1593680 1156
1593690 1160
1593700 1160
1593710 1164
1593720 1168
1593730 1171
1593740 1171
1593750 1174
1593760 1178
1593770 1178
1593780 1180
1593790 1183
1593800 1183
1593810 1186
1593820 1188
1593830 1188
1593840 1190
1593850 1192
1593860 1192
1593870 1193
1593880 1194
1593890 1194
1593900 1194
1593910 1193
1593920 1192
1593930 1192
1593940 1190
1593950 1188
1593960 1188
1593970 1186
1593980 1183
1593990 1183
1594000 1181
1594010 1179
1594020 1179
1594030 1177
1594040 1175
1594050 1175
1594060 1173
1594070 1170
1594080 1170
1594090 1166
1594100 1163
1594110 1159
1594120 1159
1594130 1156
1594140 1153
1594150 1153
1594160 1150
1594170 1146
1594180 1146
1594190 1144
1594200 1141
1594210 1141
1594220 1137
1594230 1133
1594240 1133
1594250 1129
1594260 1125
1594270 1125
1594280 1121
1594290 1117
1594300 1117
1594310 1114
1594320 1110
1594330 1106
1594340 1106
1594350 1100
1594360 1096
1594370 1096
1594380 1091
1594390 1087
1594400 1087
1594410 1082
1594420 1078
1594430 1078
1594440 1073
1594450 1068
1594460 1068
1594470 1064
1594480 1060
1594490 1060
1594500 1056
1594510 1053
1594520 1048
1594530 1048
1594540 1042
1594550 1037
1594560 1037
1594570 1036
1594580 1039
1594590 1039
1594600 1042
1594610 1045
1594620 1045
1594630 1045
1594640 1046
1594650 1046
1594660 1047
1594670 1048
1594680 1048
1594690 1049
1594700 1051
1594710 1051
1594720 1052
1594730 1054
1594740 1055
1594750 1055
1594760 1057
1594770 1059
1594780 1059
1594790 1062
1594800 1065
1594810 1065
1594820 1068
1594830 1071
1594840 1071
1594850 1074
1594860 1078
1594870 1078
1594880 1082
1594890 1086
1594900 1086
1594910 1090
1594920 1095
1594930 1099
1594940 1099
1594950 1104
1594960 1108
1594970 1108
1594980 1112
1594990 1117
1595000 1117
1595010 1121
1595020 1125
1595030 1125
1595040 1129
1595050 1133
1595060 1133
1595070 1138
1595080 1142
1595090 1142
1595100 1146
1595110 1149
1595120 1149
1595130 1154
1595140 1158
1595150 1162
1595160 1162
1595170 1167
1595180 1172
1595190 1172
1595200 1177
1595210 1182
1595220 1182
1595230 1186
1595240 1190
1595250 1190
1595260 1194
1595270 1198
1595280 1198
1595290 1201
1595300 1203
1595310 1203
1595320 1204
1595330 1203
1595340 1201
1595350 1201
1595360 1199
1595370 1197
1595380 1197
1595390 1195
1595400 1192
1595410 1192
1595420 1189
1595430 1185
1595440 1185
1595450 1180
1595460 1176
1595470 1176
1595480 1172
1595490 1169
1595500 1169
1595510 1164
1595520 1159
1595530 1159
1595540 1154
1595550 1149
1595560 1145
1595570 1145
1595580 1140
1595590 1136
1595600 1136
1595610 1131
1595620 1127
1595630 1127
1595640 1123
1595650 1119
1595660 1119
1595670 1115
1595680 1115
1595690 1115
1595700 1112
1595710 1108
1595720 1108
1595730 1105
1595740 1102
1595750 1098
1595760 1098
1595770 1095
1595780 1092
1595790 1092
1595800 1088
1595810 1084
1595820 1084
1595830 1082
1595840 1080
1595850 1080
1595860 1078
1595870 1075
1595880 1075
1595890 1071
1595900 1067
1595910 1067
1595920 1063
1595930 1060
1595940 1056
1595950 1056
1595960 1053
1595970 1050
1595980 1050
1595990 1046
1596000 1043
1596010 1043
1596020 1039
1596030 1036
1596040 1036
1596050 1032
1596060 1028
1596070 1028
1596080 1025
1596090 1021
1596100 1021
1596110 1017
1596120 1013
1596130 1013
1596140 1009
1596150 1005
1596160 1001
1596170 1001
1596180 996
1596190 990
1596200 990
1596210 985
1596220 980
1596230 980
1596240 975
1596250 969
1596260 969
1596270 964
1596280 958
1596290 958
1596300 954
1596310 950
1596320 950
1596330 947
1596340 945
1596350 942
1596360 942
1596370 940
1596380 938
1596390 938
1596400 936
1596410 933
1596420 933
1596430 931
1596440 929
1596450 929
1596460 925
1596470 923
1596480 923
1596490 921
1596500 919
1596510 919
1596520 922
1596530 924
1596540 924
1596550 927
1596560 928
1596570 929
1596580 929
1596590 930
1596600 932
1596610 932
1596620 933
1596630 936
1596640 936
1596650 939
1596660 944
1596670 944
1596680 950
1596690 954
1596700 954
1596710 959
1596720 963
1596730 963
1596740 968
1596750 972
1596760 975
1596770 975
1596780 978
1596790 981
1596800 981
1596810 991
1596820 996
1596830 996
1596840 1002
1596850 1006
1596860 1006
1596870 1011
1596880 1015
1596890 1015
1596900 1019
1596910 1022
1596920 1022
1596930 1025
1596940 1028
1596950 1028
1596960 1033
1596970 1036
1596980 1039
1596990 1039
1597000 1041
1597010 1041
1597020 1041
1597030 1041
1597040 1042
1597050 1042
1597060 1045
1597070 1047
1597080 1047
1597090 1051
1597100 1055
1597110 1055
1597120 1060
1597130 1065
1597140 1065
1597150 1070
1597160 1075
1597170 1080
1597180 1080
1597190 1085
1597200 1089
1597210 1089
1597220 1093
1597230 1096
1597240 1096
1597250 1102
1597260 1108
1597270 1108
1597280 1114
1597290 1121
1597300 1121
1597310 1128
1597320 1135
1597330 1135
1597340 1141
1597350 1147
1597360 1147
1597370 1152
1597380 1157
1597390 1163
1597400 1163
1597410 1168
1597420 1172
1597430 1172
1597440 1176
1597450 1180
1597460 1180
1597470 1184
1597480 1188
1597490 1188
1597500 1191
1597510 1196
1597520 1196
1597530 1199
1597540 1203
1597550 1203
1597560 1206
1597570 1210
1597580 1212
1597590 1212
1597600 1215
1597610 1216
1597620 1216
1597630 1217
1597640 1216
1597650 1216
1597660 1215
1597670 1214
1597680 1214
1597690 1212
1597700 1210
1597710 1210
1597720 1207
1597730 1204
1597740 1204
1597750 1201
1597760 1198
1597770 1196
1597780 1196
1597790 1194
1597800 1190
1597810 1190
1597820 1187
1597830 1186
1597840 1186
1597850 1184
1597860 1182
1597870 1182
1597880 1179
1597890 1176
1597900 1176
1597910 1172
1597920 1171
1597930 1171
1597940 1174
1597950 1173
1597960 1173
1597970 1172
1597980 1172
1597990 1171
1598000 1171
1598010 1171
1598020 1170
1598030 1170
1598040 1169
1598050 1168
1598060 1168
1598070 1165
1598080 1161
1598090 1161
1598100 1159
1598110 1157
1598120 1157
1598130 1156
1598140 1155
1598150 1155
1598160 1153
1598170 1151
1598180 1147
1598190 1147
1598200 1144
1598210 1141
1598220 1141
1598230 1139
1598240 1136
1598250 1136
1598260 1133
1598270 1129
1598280 1129
1598290 1125
1598300 1121
1598310 1121
1598320 1117
1598330 1112
1598340 1112
1598350 1109
1598360 1104
1598370 1104
1598380 1099
1598390 1095
1598400 1090
1598410 1090
1598420 1086
1598430 1080
1598440 1080
1598450 1075
1598460 1071
1598470 1071
1598480 1067
1598490 1062
1598500 1062
1598510 1058
1598520 1054
1598530 1054
1598540 1049
1598550 1045
1598560 1045
1598570 1042
1598580 1037
1598590 1030
1598600 1030
1598610 1025
1598620 1019
1598630 1019
1598640 1013
1598650 1007
1598660 1007
1598670 1001
1598680 996
1598690 996
1598700 991
1598710 985
1598720 985
1598730 980
1598740 976
1598750 976
1598760 972
1598770 968
1598780 968
1598790 964
1598800 960
1598810 955
1598820 955
1598830 951
1598840 947
1598850 947
1598860 942
1598870 939
1598880 939
1598890 935
1598900 931
1598910 931
1598920 926
1598930 923
1598940 923
1598950 920
1598960 916
1598970 916
1598980 913
1598990 910
1599000 911
1599010 911
1599020 915
1599030 921
1599040 921
1599050 927
1599060 926
1599070 926
1599080 925
1599090 923
1599100 923
1599110 920
1599120 916
1599130 916
1599140 914
1599150 912
1599160 912
1599170 909
1599180 907
1599190 907
1599200 904
1599210 901
1599220 897
1599230 897
1599240 894
1599250 891
1599260 891
1599270 887
1599280 884
1599290 884
1599300 882
1599310 879
1599320 879
1599330 874
1599340 869
1599350 869
1599360 866
1599370 865
1599380 865
1599390 862
1599400 860
1599410 856
1599420 856
1599430 853
1599440 849
1599450 849
1599460 845
1599470 843
1599480 843
1599490 842
1599500 845
1599510 845
1599520 850
1599530 850
1599540 850
1599550 852
1599560 855
1599570 855
1599580 860
1599590 864
1599600 864
1599610 864
1599620 863
1599630 862
1599640 862
1599650 861
1599660 860
1599670 860
1599680 861
1599690 862
1599700 862
1599710 864
1599720 865
1599730 865
1599740 869
1599750 873
1599760 873
1599770 876
1599780 880
1599790 880
1599800 884
1599810 886
1599820 890
1599830 890
1599840 893
1599850 896
1599860 896
1599870 900
1599880 904
1599890 904
1599900 907
1599910 911
1599920 911
1599930 915
1599940 919
1599950 919
1599960 923
1599970 926
1599980 926
1599990 929
