1580000 1309
1580010 1309
1580020 1308
1580030 1308
1580040 1308
1580050 1309
1580060 1314
1580070 1314
1580080 1317
1580090 1320
1580100 1320
1580110 1321
1580120 1322
1580130 1322
1580140 1322
1580150 1322
1580160 1322
1580170 1322
1580180 1321
1580190 1319
1580200 1319
1580210 1318
1580220 1317
1580230 1317
1580240 1315
1580250 1313
1580260 1313
1580270 1312
1580280 1310
1580290 1310
1580300 1309
1580310 1307
1580320 1307
1580330 1302
1580340 1297
1580350 1297
1580360 1292
1580370 1287
1580380 1284
1580390 1284
1580400 1283
1580410 1280
1580420 1280
1580430 1277
1580440 1273
1580450 1273
1580460 1268
1580470 1263
1580480 1263
1580490 1258
1580500 1255
1580510 1255
1580520 1252
1580530 1249
1580540 1249
1580550 1245
1580560 1240
1580570 1240
1580580 1236
1580590 1232
1580600 1228
1580610 1228
1580620 1221
1580630 1212
1580640 1212
1580650 1202
1580660 1193
1580670 1193
1580680 1185
1580690 1178
1580700 1178
1580710 1172
1580720 1168
1580730 1168
1580740 1165
1580750 1163
1580760 1163
1580770 1160
1580780 1158
1580790 1157
1580800 1157
1580810 1153
1580820 1150
1580830 1150
1580840 1147
1580850 1143
1580860 1143
1580870 1141
1580880 1139
1580890 1139
1580900 1138
1580910 1136
1580920 1136
1580930 1135
1580940 1132
1580950 1132
1580960 1130
1580970 1128
1580980 1128
1580990 1126
1581000 1123
1581010 1120
1581020 1120
1581030 1118
1581040 1116
1581050 1116
1581060 1113
1581070 1109
1581080 1109
1581090 1106
1581100 1104
1581110 1104
1581120 1100
1581130 1097
1581140 1097
1581150 1093
1581160 1088
1581170 1088
1581180 1084
1581190 1082
1581200 1079
1581210 1079
1581220 1078
1581230 1075
1581240 1075
1581250 1070
1581260 1065
1581270 1065
1581280 1060
1581290 1053
1581300 1053
1581310 1046
1581320 1040
1581330 1040
1581340 1035
1581350 1029
1581360 1029
1581370 1025
1581380 1020
1581390 1020
1581400 1015
1581410 1011
1581420 1006
1581430 1006
1581440 1001
1581450 995
1581460 995
1581470 988
1581480 982
1581490 982
1581500 976
1581510 975
1581520 975
1581530 976
1581540 976
1581550 976
1581560 976
1581570 974
1581580 974
1581590 969
1581600 960
1581610 952
1581620 952
1581630 945
1581640 938
1581650 938
1581660 932
1581670 928
1581680 928
1581690 924
1581700 921
1581710 921
1581720 915
1581730 909
1581740 909
1581750 905
1581760 904
1581770 904
1581780 903
1581790 902
1581800 902
1581810 897
1581820 892
1581830 890
1581840 890
1581850 887
1581860 886
1581870 886
1581880 886
1581890 885
1581900 885
1581910 885
1581920 886
1581930 886
1581940 886
1581950 886
1581960 886
1581970 887
1581980 887
1581990 887
1582000 888
1582010 888
1582020 889
1582030 889
1582040 889
1582050 888
1582060 888
1582070 888
1582080 888
1582090 888
1582100 887
1582110 888
1582120 888
1582130 890
1582140 892
1582150 892
1582160 896
1582170 900
1582180 900
1582190 906
1582200 911
1582210 911
1582220 917
1582230 923
1582240 929
1582250 929
1582260 935
1582270 942
1582280 942
1582290 956
1582300 964
1582310 964
1582320 967
1582330 969
1582340 969
1582350 971
1582360 974
1582370 974
1582380 977
1582390 984
1582400 984
1582410 992
1582420 1000
1582430 1007
1582440 1007
1582450 1015
1582460 1022
1582470 1022
1582480 1028
1582490 1034
1582500 1034
1582510 1036
1582520 1039
1582530 1039
1582540 1042
1582550 1044
1582560 1044
1582570 1048
1582580 1052
1582590 1052
1582600 1057
1582610 1062
1582620 1062
1582630 1068
1582640 1074
1582650 1079
1582660 1079
1582670 1081
1582680 1084
1582690 1084
1582700 1087
1582710 1089
1582720 1089
1582730 1090
1582740 1091
1582750 1091
1582760 1092
1582770 1094
1582780 1094
1582790 1096
1582800 1098
1582810 1098
1582820 1101
1582830 1103
1582840 1105
1582850 1105
1582860 1108
1582870 1111
1582880 1111
1582890 1112
1582900 1112
1582910 1112
1582920 1112
1582930 1110
1582940 1110
1582950 1108
1582960 1104
1582970 1104
1582980 1101
1582990 1097
1583000 1097
1583010 1094
1583020 1090
1583030 1090
1583040 1085
1583050 1079
1583060 1074
1583070 1074
1583080 1072
1583090 1071
1583100 1071
1583110 1073
1583120 1074
1583130 1074
1583140 1074
1583150 1074
1583160 1074
1583170 1073
1583180 1072
1583190 1072
1583200 1071
1583210 1069
1583220 1069
1583230 1067
1583240 1064
1583250 1060
1583260 1060
1583270 1057
1583280 1055
1583290 1055
1583300 1053
1583310 1052
1583320 1052
1583330 1051
1583340 1051
1583350 1051
1583360 1050
1583370 1048
1583380 1048
1583390 1046
1583400 1045
1583410 1048
1583420 1049
1583430 1050
1583440 1050
1583450 1051
1583460 1054
1583470 1057
1583480 1057
1583490 1060
1583500 1063
1583510 1063
1583520 1064
1583530 1064
1583540 1064
1583550 1064
1583560 1064
1583570 1064
1583580 1065
1583590 1066
1583600 1066
1583610 1066
1583620 1066
1583630 1066
1583640 1065
1583650 1064
1583660 1063
1583670 1063
1583680 1063
1583690 1063
1583700 1063
1583710 1063
1583720 1064
1583730 1064
1583740 1065
1583750 1068
1583760 1068
1583770 1070
1583780 1072
1583790 1072
1583800 1073
1583810 1074
1583820 1074
1583830 1074
1583840 1074
1583850 1074
1583860 1073
1583870 1073
1583880 1074
1583890 1074
1583900 1074
1583910 1073
1583920 1073
1583930 1073
1583940 1072
1583950 1072
1583960 1072
1583970 1071
1583980 1071
1583990 1070
1584000 1069
1584010 1069
1584020 1069
1584030 1068
1584040 1068
1584050 1068
1584060 1067
1584070 1066
1584080 1066
1584090 1066
1584100 1067
1584110 1067
1584120 1067
1584130 1067
1584140 1067
1584150 1067
1584160 1066
1584170 1066
1584180 1066
1584190 1066
1584200 1066
1584210 1067
1584220 1067
1584230 1067
1584240 1068
1584250 1067
1584260 1067
1584270 1067
1584280 1065
1584290 1065
1584300 1065
1584310 1064
1584320 1063
1584330 1063
1584340 1062
1584350 1065
1584360 1065
1584370 1069
1584380 1074
1584390 1074
1584400 1079
1584410 1085
1584420 1085
1584430 1090
1584440 1095
1584450 1095
1584460 1099
1584470 1101
1584480 1105
1584490 1105
1584500 1108
1584510 1111
1584520 1111
1584530 1115
1584540 1119
1584550 1119
1584560 1123
1584570 1126
1584580 1126
1584590 1130
1584600 1134
1584610 1134
1584620 1137
1584630 1142
1584640 1142
1584650 1146
1584660 1150
1584670 1150
1584680 1155
1584690 1159
1584700 1164
1584710 1164
1584720 1170
1584730 1176
1584740 1176
1584750 1181
1584760 1186
1584770 1186
1584780 1192
1584790 1196
1584800 1196
1584810 1199
1584820 1202
1584830 1202
1584840 1206
1584850 1209
1584860 1209
1584870 1213
1584880 1217
1584890 1219
1584900 1219
1584910 1221
1584920 1223
1584930 1223
1584940 1225
1584950 1228
1584960 1228
1584970 1230
1584980 1232
1584990 1232
1585000 1232
1585010 1234
1585020 1234
1585030 1236
1585040 1238
1585050 1238
1585060 1242
1585070 1245
1585080 1245
1585090 1246
1585100 1247
1585110 1246
1585120 1246
1585130 1244
1585140 1240
1585150 1240
1585160 1237
1585170 1235
1585180 1235
1585190 1233
1585200 1232
1585210 1232
1585220 1233
1585230 1235
1585240 1235
1585250 1239
1585260 1245
1585270 1245
1585280 1250
1585290 1255
1585300 1259
1585310 1259
1585320 1262
1585330 1265
1585340 1265
1585350 1266
1585360 1267
1585370 1267
1585380 1268
1585390 1270
1585400 1270
1585410 1272
1585420 1273
1585430 1273
1585440 1273
1585450 1271
1585460 1271
1585470 1268
1585480 1264
1585490 1264
1585500 1261
1585510 1258
1585520 1255
1585530 1255
1585540 1253
1585550 1251
1585560 1251
1585570 1250
1585580 1248
1585590 1248
1585600 1247
1585610 1246
1585620 1246
1585630 1245
1585640 1244
1585650 1244
1585660 1244
1585670 1242
1585680 1242
1585690 1240
1585700 1238
1585710 1235
1585720 1235
1585730 1231
1585740 1228
1585750 1228
1585760 1226
1585770 1224
1585780 1224
1585790 1222
1585800 1220
1585810 1220
1585820 1219
1585830 1217
1585840 1217
1585850 1217
1585860 1217
1585870 1217
1585880 1218
1585890 1220
1585900 1220
1585910 1223
1585920 1228
1585930 1234
1585940 1234
1585950 1241
1585960 1247
1585970 1247
1585980 1251
1585990 1252
1586000 1252
1586010 1251
1586020 1255
1586030 1255
1586040 1260
1586050 1265
1586060 1265
1586070 1269
1586080 1272
1586090 1272
1586100 1274
1586110 1275
1586120 1276
1586130 1276
1586140 1276
1586150 1273
1586160 1273
1586170 1270
1586180 1269
1586190 1269
1586200 1268
1586210 1267
1586220 1267
1586230 1266
1586240 1265
1586250 1265
1586260 1263
1586270 1262
1586280 1262
1586290 1260
1586300 1258
1586310 1258
1586320 1256
1586330 1252
1586340 1248
1586350 1248
1586360 1244
1586370 1238
1586380 1238
1586390 1232
1586400 1226
1586410 1226
1586420 1220
1586430 1215
1586440 1215
1586450 1211
1586460 1206
1586470 1206
1586480 1202
1586490 1198
1586500 1198
1586510 1194
1586520 1189
1586530 1185
1586540 1185
1586550 1181
1586560 1177
1586570 1177
1586580 1174
1586590 1170
1586600 1170
1586610 1167
1586620 1163
1586630 1163
1586640 1159
1586650 1154
1586660 1154
1586670 1149
1586680 1144
1586690 1144
1586700 1140
1586710 1136
1586720 1136
1586730 1133
1586740 1130
1586750 1126
1586760 1126
1586770 1122
1586780 1119
1586790 1119
1586800 1115
1586810 1112
1586820 1112
1586830 1109
1586840 1105
1586850 1105
1586860 1101
1586870 1097
1586880 1097
1586890 1092
1586900 1088
1586910 1088
1586920 1084
1586930 1079
1586940 1075
1586950 1075
1586960 1069
1586970 1064
1586980 1064
1586990 1060
1587000 1057
1587010 1057
1587020 1054
1587030 1051
1587040 1051
1587050 1049
1587060 1047
1587070 1047
1587080 1046
1587090 1044
1587100 1044
1587110 1041
1587120 1038
1587130 1038
1587140 1035
1587150 1031
1587160 1028
1587170 1028
1587180 1025
1587190 1022
1587200 1022
1587210 1021
1587220 1016
1587230 1016
1587240 1016
1587250 1016
1587260 1016
1587270 1014
1587280 1013
1587290 1013
1587300 1012
1587310 1009
1587320 1009
1587330 1006
1587340 1004
1587350 1000
1587360 1000
1587370 999
1587380 998
1587390 998
1587400 996
1587410 994
1587420 994
1587430 991
1587440 987
1587450 987
1587460 983
1587470 978
1587480 978
1587490 971
1587500 964
1587510 964
1587520 956
1587530 954
1587540 954
1587550 955
1587560 955
1587570 953
1587580 953
1587590 952
1587600 947
1587610 947
1587620 941
1587630 934
1587640 934
1587650 927
1587660 920
1587670 920
1587680 913
1587690 907
1587700 907
1587710 903
1587720 899
1587730 899
1587740 894
1587750 888
1587760 883
1587770 883
1587780 879
1587790 872
1587800 872
1587810 867
1587820 863
1587830 863
1587840 861
1587850 859
1587860 859
1587870 857
1587880 856
1587890 856
1587900 854
1587910 853
1587920 853
1587930 852
1587940 850
1587950 850
1587960 849
1587970 847
1587980 846
1587990 846
1588000 845
1588010 845
1588020 845
1588030 844
1588040 844
1588050 844
1588060 843
1588070 842
1588080 842
1588090 842
1588100 841
1588110 841
1588120 841
1588130 841
1588140 841
1588150 842
1588160 843
1588170 845
1588180 845
1588190 847
1588200 850
1588210 850
1588220 855
1588230 859
1588240 859
1588250 864
1588260 868
1588270 868
1588280 872
1588290 878
1588300 878
1588310 882
1588320 888
1588330 888
1588340 894
1588350 900
1588360 900
1588370 906
1588380 913
1588390 921
1588400 921
1588410 934
1588420 941
1588430 941
1588440 948
1588450 956
1588460 956
1588470 961
1588480 969
1588490 969
1588500 979
1588510 991
1588520 991
1588530 997
1588540 1001
1588550 1001
1588560 1004
1588570 1005
1588580 1001
1588590 1001
1588600 992
1588610 982
1588620 982
1588630 973
1588640 966
1588650 966
1588660 959
1588670 954
1588680 954
1588690 949
1588700 944
1588710 944
1588720 940
1588730 936
1588740 936
1588750 932
1588760 928
1588770 928
1588780 920
1588790 913
1588800 909
1588810 909
1588820 909
1588830 909
1588840 909
1588850 907
1588860 904
1588870 904
1588880 902
1588890 900
1588900 900
1588910 898
1588920 896
1588930 896
1588940 893
1588950 891
1588960 891
1588970 889
1588980 886
1588990 884
1589000 884
1589010 882
1589020 880
1589030 880
1589040 878
1589050 876
1589060 876
1589070 873
1589080 871
1589090 871
1589100 869
1589110 866
1589120 866
1589130 864
1589140 861
1589150 861
1589160 859
1589170 857
1589180 857
1589190 856
1589200 854
1589210 852
1589220 852
1589230 851
1589240 850
1589250 850
1589260 850
1589270 850
1589280 850
1589290 850
1589300 851
1589310 851
1589320 852
1589330 855
1589340 855
1589350 858
1589360 862
1589370 862
1589380 866
1589390 870
1589400 874
1589410 874
1589420 878
1589430 883
1589440 883
1589450 887
1589460 892
1589470 892
1589480 897
1589490 901
1589500 901
1589510 905
1589520 907
1589530 907
1589540 910
1589550 914
1589560 914
1589570 917
1589580 921
1589590 921
1589600 925
1589610 928
1589620 928
1589630 928
1589640 931
1589650 934
1589660 934
1589670 937
1589680 940
1589690 940
1589700 943
1589710 946
1589720 946
1589730 949
1589740 952
1589750 952
1589760 954
1589770 956
1589780 956
1589790 958
1589800 961
1589810 963
1589820 963
1589830 966
1589840 968
1589850 968
1589860 970
1589870 971
1589880 971
1589890 974
1589900 977
1589910 977
1589920 981
1589930 983
1589940 983
1589950 983
1589960 983
1589970 983
1589980 983
1589990 986
1590000 986
1590010 990
1590020 994
1590030 995
1590040 995
1590050 996
1590060 1000
1590070 1000
1590080 1003
1590090 1005
1590100 1005
1590110 1007
1590120 1009
1590130 1009
1590140 1011
1590150 1012
1590160 1012
1590170 1011
1590180 1008
1590190 1008
1590200 1007
1590210 1009
1590220 1011
1590230 1011
1590240 1014
1590250 1018
1590260 1018
1590270 1020
1590280 1022
1590290 1022
1590300 1023
1590310 1026
1590320 1026
1590330 1030
1590340 1036
1590350 1036
1590360 1041
1590370 1047
1590380 1047
1590390 1052
1590400 1057
1590410 1057
1590420 1060
1590430 1063
1590440 1067
1590450 1067
1590460 1070
1590470 1073
1590480 1073
1590490 1075
1590500 1077
1590510 1077
1590520 1080
1590530 1084
1590540 1084
1590550 1088
1590560 1092
1590570 1092
1590580 1095
1590590 1099
1590600 1099
1590610 1103
1590620 1107
1590630 1111
1590640 1111
1590650 1116
1590660 1120
1590670 1120
1590680 1126
1590690 1130
1590700 1130
1590710 1134
1590720 1140
1590730 1140
1590740 1146
1590750 1152
1590760 1152
1590770 1156
1590780 1160
1590790 1160
1590800 1164
1590810 1168
1590820 1163
1590830 1167
1590840 1170
1590850 1172
1590860 1172
1590870 1174
1590880 1175
1590890 1175
1590900 1178
1590910 1181
1590920 1181
1590930 1182
1590940 1185
1590950 1185
1590960 1187
1590970 1189
1590980 1189
1590990 1191
1591000 1195
1591010 1195
1591020 1198
1591030 1200
1591040 1202
1591050 1202
1591060 1204
1591070 1207
1591080 1207
1591090 1210
1591100 1213
1591110 1213
1591120 1216
1591130 1219
1591140 1219
1591150 1221
1591160 1224
1591170 1224
1591180 1226
1591190 1228
1591200 1228
1591210 1229
1591220 1230
1591230 1230
1591240 1232
1591250 1235
1591260 1237
1591270 1237
1591280 1240
1591290 1243
1591300 1243
1591310 1246
1591320 1249
1591330 1249
1591340 1253
1591350 1256
1591360 1256
1591370 1259
1591380 1261
1591390 1261
1591400 1263
1591410 1266
1591420 1266
1591430 1270
1591440 1274
1591450 1279
1591460 1279
1591470 1283
1591480 1289
1591490 1289
1591500 1294
1591510 1299
1591520 1299
1591530 1305
1591540 1311
1591550 1311
1591560 1316
1591570 1321
1591580 1321
1591590 1327
1591600 1331
1591610 1331
1591620 1337
1591630 1342
1591640 1342
1591650 1346
1591660 1350
1591670 1354
1591680 1354
1591690 1358
1591700 1362
1591710 1362
1591720 1366
1591730 1369
1591740 1369
1591750 1372
1591760 1375
1591770 1375
1591780 1376
1591790 1378
1591800 1378
1591810 1379
1591820 1376
1591830 1376
1591840 1373
1591850 1369
1591860 1364
1591870 1364
1591880 1360
1591890 1355
1591900 1355
1591910 1350
1591920 1345
1591930 1345
1591940 1339
1591950 1334
1591960 1334
1591970 1328
1591980 1323
1591990 1323
1592000 1318
1592010 1315
1592020 1315
1592030 1310
1592040 1304
1592050 1304
1592060 1299
1592070 1294
1592080 1289
1592090 1289
1592100 1284
1592110 1280
1592120 1280
1592130 1275
1592140 1270
1592150 1270
1592160 1265
1592170 1261
1592180 1261
1592190 1256
1592200 1251
1592210 1251
1592220 1247
1592230 1243
1592240 1243
1592250 1239
1592260 1237
1592270 1236
1592280 1236
1592290 1236
1592300 1237
1592310 1237
1592320 1237
1592330 1237
1592340 1237
1592350 1236
1592360 1235
1592370 1235
1592380 1234
1592390 1233
1592400 1233
1592410 1232
1592420 1231
1592430 1231
1592440 1230
1592450 1229
1592460 1226
1592470 1226
1592480 1223
1592490 1219
1592500 1219
1592510 1214
1592520 1210
1592530 1210
1592540 1205
1592550 1199
1592560 1199
1592570 1193
1592580 1186
1592590 1186
1592600 1180
1592610 1173
1592620 1173
1592630 1167
1592640 1161
1592650 1161
1592660 1155
1592670 1150
1592680 1144
1592690 1144
1592700 1140
1592710 1134
1592720 1134
1592730 1128
1592740 1123
1592750 1123
1592760 1118
1592770 1113
1592780 1113
1592790 1107
1592800 1103
1592810 1103
1592820 1099
1592830 1096
1592840 1096
1592850 1092
1592860 1088
1592870 1084
1592880 1084
1592890 1079
1592900 1075
1592910 1075
1592920 1071
1592930 1068
1592940 1068
1592950 1065
1592960 1062
1592970 1062
1592980 1060
1592990 1059
1593000 1059
1593010 1059
1593020 1058
1593030 1058
1593040 1057
1593050 1057
1593060 1057
1593070 1056
1593080 1055
1593090 1054
1593100 1054
1593110 1052
1593120 1051
1593130 1051
1593140 1049
1593150 1048
1593160 1048
1593170 1048
1593180 1048
1593190 1048
1593200 1046
1593210 1045
1593220 1045
1593230 1045
1593240 1046
1593250 1046
1593260 1047
1593270 1047
1593280 1048
1593290 1048
1593300 1048
1593310 1049
1593320 1049
1593330 1049
1593340 1049
1593350 1049
1593360 1050
1593370 1050
1593380 1050
1593390 1050
1593400 1051
1593410 1051
1593420 1051
1593430 1051
1593440 1051
1593450 1051
1593460 1052
1593470 1052
1593480 1052
1593490 1052
1593500 1052
1593510 1052
1593520 1053
1593530 1054
1593540 1054
1593550 1056
1593560 1057
1593570 1057
1593580 1059
1593590 1061
1593600 1061
1593610 1064
1593620 1066
1593630 1066
1593640 1070
1593650 1073
1593660 1073
1593670 1077
1593680 1080
1593690 1084
1593700 1084
1593710 1089
1593720 1092
1593730 1092
1593740 1098
1593750 1103
1593760 1103
1593770 1108
1593780 1113
1593790 1113
1593800 1118
1593810 1123
1593820 1123
1593830 1127
1593840 1132
1593850 1132
1593860 1136
1593870 1141
1593880 1141
1593890 1146
1593900 1151
1593910 1155
1593920 1155
1593930 1160
1593940 1166
1593950 1166
1593960 1172
1593970 1177
1593980 1177
1593990 1183
1594000 1189
1594010 1189
1594020 1195
1594030 1201
1594040 1201
1594050 1207
1594060 1213
1594070 1213
1594080 1219
1594090 1225
1594100 1231
1594110 1231
1594120 1237
1594130 1243
1594140 1243
1594150 1250
1594160 1256
1594170 1256
1594180 1262
1594190 1268
1594200 1268
1594210 1274
1594220 1280
1594230 1280
1594240 1285
1594250 1290
1594260 1290
1594270 1296
1594280 1301
1594290 1301
1594300 1306
1594310 1311
1594320 1315
1594330 1318
1594340 1322
1594350 1327
1594360 1327
1594370 1330
1594380 1333
1594390 1333
1594400 1335
1594410 1335
1594420 1335
1594430 1334
1594440 1333
1594450 1333
1594460 1331
1594470 1329
1594480 1329
1594490 1328
1594500 1326
1594510 1325
1594520 1325
1594530 1324
1594540 1322
1594550 1322
1594560 1321
1594570 1319
1594580 1319
1594590 1317
1594600 1314
1594610 1314
1594620 1311
1594630 1309
1594640 1309
1594650 1307
1594660 1304
1594670 1304
1594680 1301
1594690 1299
1594700 1299
1594710 1295
1594720 1292
1594730 1289
1594740 1289
1594750 1286
1594760 1284
1594770 1284
1594780 1281
1594790 1278
1594800 1278
1594810 1274
1594820 1271
1594830 1271
1594840 1267
1594850 1262
1594860 1262
1594870 1258
1594880 1253
1594890 1253
1594900 1249
1594910 1245
1594920 1240
1594930 1240
1594940 1236
1594950 1232
1594960 1232
1594970 1231
1594980 1235
1594990 1235
1595000 1239
1595010 1242
1595020 1242
1595030 1245
1595040 1249
1595050 1249
1595060 1253
1595070 1257
1595080 1257
1595090 1261
1595100 1266
1595110 1266
1595120 1269
1595130 1273
1595140 1277
1595150 1277
1595160 1282
1595170 1285
1595180 1285
1595190 1289
1595200 1293
1595210 1293
1595220 1297
1595230 1301
1595240 1301
1595250 1305
1595260 1308
1595270 1308
1595280 1312
1595290 1316
1595300 1316
1595310 1319
1595320 1323
1595330 1326
1595340 1326
1595350 1329
1595360 1331
1595370 1331
1595380 1334
1595390 1335
1595400 1335
1595410 1337
1595420 1337
1595430 1337
1595440 1338
1595450 1336
1595460 1336
1595470 1334
1595480 1330
1595490 1330
1595500 1327
1595510 1322
1595520 1322
1595530 1318
1595540 1313
1595550 1307
1595560 1307
1595570 1301
1595580 1296
1595590 1296
1595600 1290
1595610 1284
1595620 1284
1595630 1277
1595640 1269
1595650 1269
1595660 1261
1595670 1252
1595680 1252
1595690 1244
1595700 1237
1595710 1237
1595720 1229
1595730 1222
1595740 1214
1595750 1214
1595760 1206
1595770 1198
1595780 1198
1595790 1192
1595800 1184
1595810 1184
1595820 1177
1595830 1169
1595840 1169
1595850 1164
1595860 1164
1595870 1164
1595880 1164
1595890 1165
1595900 1165
1595910 1166
1595920 1164
1595930 1164
1595940 1163
1595950 1162
1595960 1160
1595970 1160
1595980 1160
1595990 1163
1596000 1163
1596010 1163
1596020 1160
1596030 1160
1596040 1153
1596050 1145
1596060 1145
1596070 1137
1596080 1131
1596090 1131
1596100 1124
1596110 1119
1596120 1119
1596130 1114
1596140 1109
1596150 1105
1596160 1105
1596170 1101
1596180 1097
1596190 1097
1596200 1093
1596210 1088
1596220 1088
1596230 1084
1596240 1080
1596250 1080
1596260 1076
1596270 1072
1596280 1072
1596290 1069
1596300 1065
1596310 1065
1596320 1062
1596330 1059
1596340 1059
1596350 1055
1596360 1051
1596370 1047
1596380 1047
1596390 1044
1596400 1041
1596410 1041
1596420 1038
1596430 1035
1596440 1035
1596450 1033
1596460 1030
1596470 1030
1596480 1027
1596490 1024
1596500 1024
1596510 1022
1596520 1020
1596530 1020
1596540 1019
1596550 1020
1596560 1021
1596570 1021
1596580 1021
1596590 1021
1596600 1021
1596610 1022
1596620 1022
1596630 1022
1596640 1023
1596650 1023
1596660 1023
1596670 1023
1596680 1024
1596690 1024
1596700 1027
1596710 1030
1596720 1030
1596730 1033
1596740 1038
1596750 1038
1596760 1042
1596770 1047
1596780 1052
1596790 1052
1596800 1055
1596810 1058
1596820 1058
1596830 1063
1596840 1068
1596850 1068
1596860 1074
1596870 1078
1596880 1078
1596890 1082
1596900 1085
1596910 1085
1596920 1090
1596930 1095
1596940 1095
1596950 1099
1596960 1105
1596970 1110
1596980 1110
1596990 1116
1597000 1121
1597010 1121
1597020 1127
1597030 1134
1597040 1134
1597050 1141
1597060 1148
1597070 1148
1597080 1153
1597090 1158
1597100 1158
1597110 1162
1597120 1166
1597130 1166
1597140 1170
1597150 1173
1597160 1173
1597170 1177
1597180 1180
1597190 1183
1597200 1183
1597210 1186
1597220 1188
1597230 1188
1597240 1191
1597250 1194
1597260 1194
1597270 1197
1597280 1200
1597290 1200
1597300 1202
1597310 1204
1597320 1204
1597330 1205
1597340 1206
1597350 1206
1597360 1208
1597370 1211
1597380 1214
1597390 1214
1597400 1219
1597410 1223
1597420 1223
1597430 1227
1597440 1231
1597450 1231
1597460 1236
1597470 1241
1597480 1241
1597490 1246
1597500 1250
1597510 1250
1597520 1255
1597530 1260
1597540 1260
1597550 1265
1597560 1271
1597570 1271
1597580 1276
1597590 1281
1597600 1287
1597610 1287
1597620 1292
1597630 1298
1597640 1298
1597650 1304
1597660 1309
1597670 1309
1597680 1314
1597690 1320
1597700 1320
1597710 1326
1597720 1331
1597730 1331
1597740 1341
1597750 1346
1597760 1346
1597770 1351
1597780 1356
1597790 1361
1597800 1361
1597810 1367
1597820 1372
1597830 1372
1597840 1376
1597850 1381
1597860 1381
1597870 1386
1597880 1387
1597890 1387
1597900 1384
1597910 1378
1597920 1378
1597930 1373
1597940 1368
1597950 1368
1597960 1363
1597970 1357
1597980 1357
1597990 1351
1598000 1346
1598010 1341
1598020 1341
1598030 1336
1598040 1331
1598050 1331
1598060 1325
1598070 1322
1598080 1322
1598090 1318
1598100 1314
1598110 1314
1598120 1310
1598130 1305
1598140 1305
1598150 1299
1598160 1294
1598170 1294
1598180 1287
1598190 1281
1598200 1275
1598210 1275
1598220 1269
1598230 1264
1598240 1264
1598250 1258
1598260 1253
1598270 1253
1598280 1249
1598290 1244
1598300 1244
1598310 1239
1598320 1234
1598330 1234
1598340 1229
1598350 1224
1598360 1224
1598370 1220
1598380 1216
1598390 1216
1598400 1211
1598410 1207
1598420 1203
1598430 1203
1598440 1199
1598450 1194
1598460 1194
1598470 1190
1598480 1185
1598490 1185
1598500 1181
1598510 1175
1598520 1175
1598530 1170
1598540 1166
1598550 1166
1598560 1160
1598570 1153
1598580 1153
1598590 1148
1598600 1142
1598610 1136
1598620 1136
1598630 1130
1598640 1125
1598650 1125
1598660 1120
1598670 1115
1598680 1115
1598690 1109
1598700 1105
1598710 1105
1598720 1100
1598730 1096
1598740 1096
1598750 1092
1598760 1088
1598770 1088
1598780 1084
1598790 1080
1598800 1080
1598810 1076
1598820 1072
1598830 1067
1598840 1067
1598850 1063
1598860 1058
1598870 1058
1598880 1054
1598890 1049
1598900 1049
1598910 1044
1598920 1039
1598930 1039
1598940 1035
1598950 1031
1598960 1031
1598970 1029
1598980 1027
1598990 1027
1599000 1024
1599010 1021
1599020 1019
1599030 1019
1599040 1015
1599050 1012
1599060 1012
1599070 1008
1599080 1004
1599090 1004
1599100 1001
1599110 998
1599120 998
1599130 995
1599140 991
1599150 991
1599160 987
1599170 982
1599180 982
1599190 978
1599200 975
1599210 975
1599220 972
1599230 969
1599240 965
1599250 965
1599260 965
1599270 969
1599280 969
1599290 971
1599300 972
1599310 972
1599320 973
1599330 975
1599340 975
1599350 976
1599360 978
1599370 978
1599380 979
1599390 981
1599400 981
1599410 984
1599420 987
1599430 989
1599440 989
1599450 992
1599460 993
1599470 993
1599480 995
1599490 996
1599500 996
1599510 998
1599520 999
1599530 999
1599540 1001
1599550 1002
1599560 1002
1599570 1004
1599580 1005
1599590 1005
1599600 1007
1599610 1008
1599620 1008
1599630 1010
1599640 1011
1599650 1013
1599660 1013
1599670 1013
1599680 1013
1599690 1013
1599700 1015
1599710 1017
1599720 1017
1599730 1020
1599740 1021
1599750 1021
1599760 1023
1599770 1026
1599780 1026
1599790 1030
1599800 1035
1599810 1035
1599820 1038
1599830 1040
1599840 1043
1599850 1043
1599860 1046
1599870 1048
1599880 1048
1599890 1049
1599900 1051
1599910 1051
1599920 1052
1599930 1054
1599940 1054
1599950 1056
1599960 1060
1599970 1060
1599980 1061
1599990 1062
1580000 1309
1580010 1308
1580020 1308
1580030 1308
1580040 1308
1580050 1309
1580060 1312
1580070 1315
1580080 1317
1580090 1319
1580100 1320
1580110 1321
1580120 1322
1580130 1322
1580140 1322
1580150 1322
1580160 1322
1580170 1321
1580180 1321
1580190 1320
1580200 1319
1580210 1318
1580220 1317
1580230 1316
1580240 1315
1580250 1313
1580260 1312
1580270 1311
1580280 1310
1580290 1309
1580300 1308
1580310 1307
1580320 1304
1580330 1301
1580340 1298
1580350 1294
1580360 1291
1580370 1288
1580380 1285
1580390 1284
1580400 1282
1580410 1281
1580420 1279
1580430 1276
1580440 1274
1580450 1271
1580460 1267
1580470 1264
1580480 1261
1580490 1258
1580500 1255
1580510 1253
1580520 1251
1580530 1249
1580540 1247
1580550 1244
1580560 1241
1580570 1237
1580580 1234
1580590 1232
1580600 1229
1580610 1226
1580620 1222
1580630 1216
1580640 1209
1580650 1202
1580660 1196
1580670 1190
1580680 1185
1580690 1180
1580700 1176
1580710 1172
1580720 1169
1580730 1166
1580740 1164
1580750 1162
1580760 1161
1580770 1159
1580780 1158
1580790 1156
1580800 1155
1580810 1154
1580820 1152
1580830 1150
1580840 1148
1580850 1146
1580860 1144
1580870 1143
1580880 1141
1580890 1140
1580900 1139
1580910 1138
1580920 1137
1580930 1135
1580940 1134
1580950 1132
1580960 1131
1580970 1129
1580980 1128
1580990 1126
1581000 1124
1581010 1122
1581020 1121
1581030 1119
1581040 1117
1581050 1115
1581060 1113
1581070 1111
1581080 1108
1581090 1107
1581100 1105
1581110 1103
1581120 1100
1581130 1098
1581140 1096
1581150 1093
1581160 1089
1581170 1086
1581180 1084
1581190 1082
1581200 1081
1581210 1079
1581220 1078
1581230 1076
1581240 1074
1581250 1070
1581260 1067
1581270 1063
1581280 1060
1581290 1056
1581300 1051
1581310 1046
1581320 1042
1581330 1038
1581340 1034
1581350 1031
1581360 1028
1581370 1024
1581380 1021
1581390 1018
1581400 1014
1581410 1011
1581420 1008
1581430 1005
1581440 1001
1581450 997
1581460 993
1581470 988
1581480 984
1581490 980
1581500 976
1581510 975
1581520 975
1581530 976
1581540 976
1581550 976
1581560 975
1581570 974
1581580 972
1581590 968
1581600 961
1581610 955
1581620 950
1581630 945
1581640 941
1581650 936
1581660 932
1581670 929
1581680 926
1581690 924
1581700 921
1581710 919
1581720 915
1581730 911
1581740 908
1581750 905
1581760 904
1581770 904
1581780 903
1581790 903
1581800 900
1581810 896
1581820 893
1581830 891
1581840 889
1581850 887
1581860 886
1581870 886
1581880 886
1581890 885
1581900 885
1581910 886
1581920 886
1581930 886
1581940 886
1581950 886
1581960 887
1581970 887
1581980 887
1581990 888
1582000 888
1582010 888
1582020 889
1582030 889
1582040 889
1582050 889
1582060 889
1582070 888
1582080 888
1582090 888
1582100 888
1582110 888
1582120 888
1582130 889
1582140 890
1582150 892
1582160 895
1582170 898
1582180 901
1582190 904
1582200 908
1582210 912
1582220 916
1582230 920
1582240 924
1582250 928
1582260 932
1582270 936
1582280 942
1582290 951
1582300 958
1582310 962
1582320 964
1582330 966
1582340 967
1582350 968
1582360 970
1582370 973
1582380 976
1582390 980
1582400 985
1582410 990
1582420 995
1582430 1001
1582440 1006
1582450 1012
1582460 1017
1582470 1022
1582480 1026
1582490 1030
1582500 1033
1582510 1036
1582520 1038
1582530 1040
1582540 1042
1582550 1043
1582560 1045
1582570 1047
1582580 1050
1582590 1053
1582600 1057
1582610 1060
1582620 1064
1582630 1069
1582640 1072
1582650 1076
1582660 1079
1582670 1081
1582680 1083
1582690 1085
1582700 1086
1582710 1088
1582720 1089
1582730 1090
1582740 1091
1582750 1091
1582760 1092
1582770 1093
1582780 1095
1582790 1096
1582800 1098
1582810 1100
1582820 1101
1582830 1103
1582840 1104
1582850 1105
1582860 1108
1582870 1110
1582880 1111
1582890 1112
1582900 1112
1582910 1112
1582920 1112
1582930 1111
1582940 1109
1582950 1108
1582960 1105
1582970 1103
1582980 1101
1582990 1098
1583000 1096
1583010 1093
1583020 1090
1583030 1087
1583040 1084
1583050 1080
1583060 1076
1583070 1073
1583080 1072
1583090 1072
1583100 1072
1583110 1073
1583120 1074
1583130 1074
1583140 1074
1583150 1074
1583160 1074
1583170 1074
1583180 1073
1583190 1072
1583200 1071
1583210 1070
1583220 1069
1583230 1067
1583240 1065
1583250 1062
1583260 1059
1583270 1057
1583280 1056
1583290 1055
1583300 1054
1583310 1053
1583320 1052
1583330 1051
1583340 1051
1583350 1050
1583360 1050
1583370 1048
1583380 1047
1583390 1047
1583400 1047
1583410 1047
1583420 1047
1583430 1048
1583440 1049
1583450 1050
1583460 1051
1583470 1053
1583480 1055
1583490 1057
1583500 1059
1583510 1061
1583520 1062
1583530 1062
1583540 1062
1583550 1062
1583560 1062
1583570 1063
1583580 1063
1583590 1064
1583600 1064
1583610 1065
1583620 1065
1583630 1064
1583640 1064
1583650 1063
1583660 1062
1583670 1062
1583680 1062
1583690 1062
1583700 1062
1583710 1062
1583720 1063
1583730 1064
1583740 1065
1583750 1066
1583760 1068
1583770 1069
1583780 1071
1583790 1072
1583800 1073
1583810 1073
1583820 1073
1583830 1073
1583840 1073
1583850 1073
1583860 1073
1583870 1073
1583880 1073
1583890 1073
1583900 1073
1583910 1073
1583920 1073
1583930 1072
1583940 1072
1583950 1072
1583960 1071
1583970 1071
1583980 1070
1583990 1069
1584000 1069
1584010 1069
1584020 1069
1584030 1068
1584040 1068
1584050 1068
1584060 1067
1584070 1067
1584080 1066
1584090 1066
1584100 1067
1584110 1067
1584120 1068
1584130 1067
1584140 1067
1584150 1067
1584160 1067
1584170 1066
1584180 1066
1584190 1067
1584200 1067
1584210 1067
1584220 1067
1584230 1068
1584240 1068
1584250 1068
1584260 1068
1584270 1067
1584280 1066
1584290 1066
1584300 1065
1584310 1065
1584320 1064
1584330 1063
1584340 1063
1584350 1064
1584360 1066
1584370 1069
1584380 1072
1584390 1075
1584400 1079
1584410 1083
1584420 1087
1584430 1091
1584440 1094
1584450 1097
1584460 1099
1584470 1101
1584480 1103
1584490 1106
1584500 1108
1584510 1110
1584520 1113
1584530 1115
1584540 1118
1584550 1120
1584560 1123
1584570 1126
1584580 1128
1584590 1130
1584600 1133
1584610 1135
1584620 1138
1584630 1141
1584640 1144
1584650 1147
1584660 1150
1584670 1153
1584680 1156
1584690 1159
1584700 1162
1584710 1166
1584720 1169
1584730 1173
1584740 1177
1584750 1180
1584760 1184
1584770 1188
1584780 1191
1584790 1194
1584800 1197
1584810 1199
1584820 1201
1584830 1204
1584840 1206
1584850 1209
1584860 1211
1584870 1214
1584880 1216
1584890 1218
1584900 1220
1584910 1221
1584920 1222
1584930 1223
1584940 1225
1584950 1226
1584960 1228
1584970 1230
1584980 1231
1584990 1232
1585000 1232
1585010 1233
1585020 1234
1585030 1235
1585040 1237
1585050 1239
1585060 1241
1585070 1244
1585080 1245
1585090 1246
1585100 1246
1585110 1246
1585120 1245
1585130 1243
1585140 1241
1585150 1238
1585160 1236
1585170 1235
1585180 1233
1585190 1232
1585200 1232
1585210 1232
1585220 1233
1585230 1234
1585240 1237
1585250 1240
1585260 1243
1585270 1247
1585280 1251
1585290 1254
1585300 1257
1585310 1260
1585320 1262
1585330 1264
1585340 1265
1585350 1266
1585360 1267
1585370 1268
1585380 1269
1585390 1270
1585400 1271
1585410 1272
1585420 1273
1585430 1273
1585440 1273
1585450 1272
1585460 1270
1585470 1268
1585480 1265
1585490 1263
1585500 1261
1585510 1259
1585520 1257
1585530 1255
1585540 1253
1585550 1252
1585560 1251
1585570 1251
1585580 1250
1585590 1249
1585600 1248
1585610 1247
1585620 1246
1585630 1246
1585640 1246
1585650 1245
1585660 1244
1585670 1243
1585680 1242
1585690 1240
1585700 1239
1585710 1237
1585720 1235
1585730 1233
1585740 1230
1585750 1228
1585760 1227
1585770 1225
1585780 1224
1585790 1223
1585800 1221
1585810 1220
1585820 1220
1585830 1219
1585840 1218
1585850 1218
1585860 1218
1585870 1218
1585880 1219
1585890 1221
1585900 1222
1585910 1225
1585920 1228
1585930 1232
1585940 1236
1585950 1241
1585960 1245
1585970 1248
1585980 1250
1585990 1249
1586000 1249
1586010 1250
1586020 1252
1586030 1255
1586040 1259
1586050 1262
1586060 1265
1586070 1268
1586080 1270
1586090 1272
1586100 1273
1586110 1274
1586120 1275
1586130 1275
1586140 1275
1586150 1274
1586160 1272
1586170 1270
1586180 1269
1586190 1268
1586200 1268
1586210 1268
1586220 1267
1586230 1266
1586240 1265
1586250 1264
1586260 1263
1586270 1262
1586280 1261
1586290 1260
1586300 1259
1586310 1257
1586320 1255
1586330 1253
1586340 1250
1586350 1247
1586360 1244
1586370 1240
1586380 1236
1586390 1232
1586400 1228
1586410 1224
1586420 1220
1586430 1217
1586440 1214
1586450 1211
1586460 1208
1586470 1205
1586480 1202
1586490 1199
1586500 1196
1586510 1193
1586520 1190
1586530 1187
1586540 1185
1586550 1182
1586560 1179
1586570 1177
1586580 1174
1586590 1172
1586600 1169
1586610 1167
1586620 1164
1586630 1161
1586640 1158
1586650 1155
1586660 1152
1586670 1148
1586680 1145
1586690 1142
1586700 1139
1586710 1137
1586720 1135
1586730 1132
1586740 1130
1586750 1128
1586760 1125
1586770 1122
1586780 1120
1586790 1118
1586800 1115
1586810 1113
1586820 1111
1586830 1109
1586840 1106
1586850 1103
1586860 1101
1586870 1098
1586880 1095
1586890 1091
1586900 1089
1586910 1086
1586920 1083
1586930 1080
1586940 1077
1586950 1074
1586960 1070
1586970 1067
1586980 1064
1586990 1061
1587000 1059
1587010 1057
1587020 1055
1587030 1052
1587040 1051
1587050 1049
1587060 1048
1587070 1047
1587080 1045
1587090 1044
1587100 1042
1587110 1041
1587120 1039
1587130 1037
1587140 1034
1587150 1032
1587160 1029
1587170 1027
1587180 1025
1587190 1024
1587200 1022
1587210 1021
1587220 1018
1587230 1017
1587240 1017
1587250 1016
1587260 1016
1587270 1015
1587280 1014
1587290 1014
1587300 1012
1587310 1011
1587320 1009
1587330 1007
1587340 1005
1587350 1003
1587360 1001
1587370 1000
1587380 999
1587390 998
1587400 997
1587410 995
1587420 994
1587430 992
1587440 989
1587450 986
1587460 983
1587470 980
1587480 975
1587490 971
1587500 966
1587510 961
1587520 957
1587530 956
1587540 956
1587550 956
1587560 956
1587570 955
1587580 954
1587590 953
1587600 950
1587610 946
1587620 942
1587630 937
1587640 932
1587650 927
1587660 923
1587670 918
1587680 913
1587690 909
1587700 906
1587710 903
1587720 900
1587730 897
1587740 893
1587750 889
1587760 886
1587770 882
1587780 879
1587790 875
1587800 871
1587810 867
1587820 864
1587830 862
1587840 861
1587850 860
1587860 859
1587870 857
1587880 856
1587890 855
1587900 854
1587910 853
1587920 852
1587930 851
1587940 850
1587950 849
1587960 848
1587970 848
1587980 847
1587990 846
1588000 846
1588010 845
1588020 844
1588030 844
1588040 844
1588050 844
1588060 843
1588070 843
1588080 842
1588090 842
1588100 841
1588110 841
1588120 841
1588130 841
1588140 842
1588150 842
1588160 843
1588170 844
1588180 846
1588190 847
1588200 850
1588210 852
1588220 855
1588230 858
1588240 861
1588250 864
1588260 867
1588270 871
1588280 874
1588290 878
1588300 881
1588310 884
1588320 888
1588330 892
1588340 896
1588350 900
1588360 904
1588370 909
1588380 914
1588390 919
1588400 925
1588410 931
1588420 936
1588430 942
1588440 947
1588450 952
1588460 956
1588470 960
1588480 965
1588490 971
1588500 977
1588510 984
1588520 989
1588530 994
1588540 998
1588550 1001
1588560 1003
1588570 1004
1588580 1002
1588590 998
1588600 993
1588610 986
1588620 979
1588630 972
1588640 967
1588650 963
1588660 958
1588670 955
1588680 951
1588690 948
1588700 944
1588710 941
1588720 938
1588730 936
1588740 933
1588750 931
1588760 928
1588770 924
1588780 919
1588790 914
1588800 911
1588810 909
1588820 909
1588830 909
1588840 908
1588850 907
1588860 905
1588870 903
1588880 902
1588890 900
1588900 899
1588910 897
1588920 896
1588930 895
1588940 893
1588950 891
1588960 890
1588970 888
1588980 887
1588990 885
1589000 884
1589010 882
1589020 881
1589030 879
1589040 878
1589050 877
1589060 875
1589070 874
1589080 872
1589090 870
1589100 869
1589110 867
1589120 866
1589130 864
1589140 862
1589150 860
1589160 859
1589170 858
1589180 857
1589190 856
1589200 854
1589210 853
1589220 852
1589230 851
1589240 851
1589250 850
1589260 851
1589270 851
1589280 850
1589290 850
1589300 850
1589310 851
1589320 853
1589330 854
1589340 856
1589350 859
1589360 861
1589370 864
1589380 866
1589390 869
1589400 872
1589410 874
1589420 877
1589430 881
1589440 884
1589450 886
1589460 890
1589470 893
1589480 896
1589490 899
1589500 901
1589510 903
1589520 905
1589530 908
1589540 910
1589550 912
1589560 914
1589570 916
1589580 919
1589590 922
1589600 924
1589610 926
1589620 928
1589630 930
1589640 932
1589650 934
1589660 936
1589670 938
1589680 940
1589690 942
1589700 944
1589710 946
1589720 948
1589730 950
1589740 952
1589750 954
1589760 955
1589770 956
1589780 958
1589790 959
1589800 961
1589810 963
1589820 964
1589830 966
1589840 968
1589850 969
1589860 970
1589870 971
1589880 973
1589890 974
1589900 977
1589910 979
1589920 981
1589930 983
1589940 984
1589950 984
1589960 984
1589970 984
1589980 984
1589990 986
1590000 988
1590010 991
1590020 993
1590030 995
1590040 996
1590050 997
1590060 999
1590070 1001
1590080 1003
1590090 1005
1590100 1006
1590110 1008
1590120 1009
1590130 1010
1590140 1011
1590150 1012
1590160 1011
1590170 1010
1590180 1009
1590190 1008
1590200 1007
1590210 1008
1590220 1010
1590230 1012
1590240 1014
1590250 1016
1590260 1019
1590270 1020
1590280 1021
1590290 1022
1590300 1023
1590310 1025
1590320 1027
1590330 1030
1590340 1034
1590350 1038
1590360 1042
1590370 1046
1590380 1049
1590390 1053
1590400 1056
1590410 1058
1590420 1061
1590430 1063
1590440 1065
1590450 1067
1590460 1069
1590470 1071
1590480 1073
1590490 1075
1590500 1076
1590510 1078
1590520 1080
1590530 1082
1590540 1085
1590550 1088
1590560 1090
1590570 1093
1590580 1095
1590590 1098
1590600 1100
1590610 1103
1590620 1105
1590630 1108
1590640 1111
1590650 1114
1590660 1117
1590670 1121
1590680 1124
1590690 1127
1590700 1130
1590710 1133
1590720 1136
1590730 1140
1590740 1144
1590750 1148
1590760 1152
1590770 1155
1590780 1157
1590790 1160
1590800 1162
1590810 1165
1590820 1167
1590830 1169
1590840 1171
1590850 1173
1590860 1174
1590870 1175
1590880 1177
1590890 1178
1590900 1180
1590910 1182
1590920 1183
1590930 1184
1590940 1186
1590950 1187
1590960 1189
1590970 1190
1590980 1191
1590990 1193
1591000 1195
1591010 1197
1591020 1199
1591030 1201
1591040 1202
1591050 1204
1591060 1205
1591070 1207
1591080 1209
1591090 1211
1591100 1213
1591110 1215
1591120 1217
1591130 1219
1591140 1221
1591150 1222
1591160 1224
1591170 1226
1591180 1228
1591190 1229
1591200 1230
1591210 1230
1591220 1231
1591230 1232
1591240 1234
1591250 1235
1591260 1237
1591270 1238
1591280 1240
1591290 1242
1591300 1244
1591310 1247
1591320 1249
1591330 1251
1591340 1253
1591350 1255
1591360 1257
1591370 1259
1591380 1261
1591390 1262
1591400 1264
1591410 1266
1591420 1268
1591430 1270
1591440 1273
1591450 1276
1591460 1279
1591470 1283
1591480 1286
1591490 1290
1591500 1294
1591510 1297
1591520 1301
1591530 1305
1591540 1309
1591550 1312
1591560 1316
1591570 1319
1591580 1323
1591590 1327
1591600 1330
1591610 1334
1591620 1338
1591630 1341
1591640 1344
1591650 1347
1591660 1350
1591670 1352
1591680 1355
1591690 1358
1591700 1360
1591710 1363
1591720 1366
1591730 1368
1591740 1370
1591750 1372
1591760 1374
1591770 1375
1591780 1376
1591790 1378
1591800 1378
1591810 1378
1591820 1377
1591830 1375
1591840 1372
1591850 1370
1591860 1367
1591870 1364
1591880 1361
1591890 1358
1591900 1354
1591910 1351
1591920 1348
1591930 1345
1591940 1341
1591950 1337
1591960 1333
1591970 1330
1591980 1326
1591990 1322
1592000 1319
1592010 1315
1592020 1311
1592030 1307
1592040 1304
1592050 1300
1592060 1297
1592070 1293
1592080 1290
1592090 1287
1592100 1283
1592110 1280
1592120 1277
1592130 1274
1592140 1270
1592150 1267
1592160 1264
1592170 1261
1592180 1257
1592190 1254
1592200 1251
1592210 1248
1592220 1245
1592230 1243
1592240 1240
1592250 1238
1592260 1236
1592270 1235
1592280 1235
1592290 1235
1592300 1235
1592310 1236
1592320 1236
1592330 1236
1592340 1235
1592350 1235
1592360 1234
1592370 1234
1592380 1233
1592390 1233
1592400 1232
1592410 1231
1592420 1231
1592430 1230
1592440 1229
1592450 1228
1592460 1227
1592470 1225
1592480 1223
1592490 1220
1592500 1217
1592510 1214
1592520 1212
1592530 1209
1592540 1205
1592550 1201
1592560 1197
1592570 1192
1592580 1188
1592590 1184
1592600 1179
1592610 1175
1592620 1171
1592630 1166
1592640 1162
1592650 1158
1592660 1154
1592670 1151
1592680 1147
1592690 1143
1592700 1140
1592710 1136
1592720 1132
1592730 1129
1592740 1125
1592750 1122
1592760 1118
1592770 1114
1592780 1111
1592790 1107
1592800 1104
1592810 1101
1592820 1099
1592830 1096
1592840 1094
1592850 1091
1592860 1089
1592870 1086
1592880 1083
1592890 1080
1592900 1077
1592910 1074
1592920 1072
1592930 1069
1592940 1067
1592950 1065
1592960 1063
1592970 1062
1592980 1061
1592990 1060
1593000 1060
1593010 1060
1593020 1059
1593030 1059
1593040 1058
1593050 1058
1593060 1058
1593070 1057
1593080 1056
1593090 1055
1593100 1054
1593110 1053
1593120 1053
1593130 1052
1593140 1051
1593150 1050
1593160 1048
1593170 1048
1593180 1047
1593190 1046
1593200 1045
1593210 1045
1593220 1044
1593230 1045
1593240 1045
1593250 1046
1593260 1046
1593270 1047
1593280 1047
1593290 1047
1593300 1048
1593310 1048
1593320 1048
1593330 1049
1593340 1049
1593350 1049
1593360 1049
1593370 1050
1593380 1050
1593390 1050
1593400 1050
1593410 1050
1593420 1051
1593430 1051
1593440 1051
1593450 1051
1593460 1051
1593470 1052
1593480 1052
1593490 1052
1593500 1052
1593510 1052
1593520 1053
1593530 1054
1593540 1054
1593550 1056
1593560 1057
1593570 1058
1593580 1059
1593590 1061
1593600 1062
1593610 1064
1593620 1066
1593630 1068
1593640 1070
1593650 1073
1593660 1075
1593670 1077
1593680 1080
1593690 1082
1593700 1085
1593710 1088
1593720 1091
1593730 1094
1593740 1097
1593750 1101
1593760 1104
1593770 1108
1593780 1111
1593790 1115
1593800 1118
1593810 1121
1593820 1124
1593830 1127
1593840 1131
1593850 1134
1593860 1137
1593870 1140
1593880 1143
1593890 1147
1593900 1150
1593910 1153
1593920 1157
1593930 1160
1593940 1164
1593950 1168
1593960 1172
1593970 1175
1593980 1179
1593990 1183
1594000 1187
1594010 1191
1594020 1196
1594030 1200
1594040 1204
1594050 1208
1594060 1212
1594070 1217
1594080 1221
1594090 1224
1594100 1229
1594110 1233
1594120 1237
1594130 1241
1594140 1246
1594150 1250
1594160 1254
1594170 1258
1594180 1263
1594190 1267
1594200 1271
1594210 1275
1594220 1279
1594230 1283
1594240 1286
1594250 1290
1594260 1294
1594270 1297
1594280 1301
1594290 1304
1594300 1308
1594310 1311
1594320 1314
1594330 1318
1594340 1321
1594350 1324
1594360 1326
1594370 1329
1594380 1331
1594390 1332
1594400 1333
1594410 1333
1594420 1333
1594430 1332
1594440 1331
1594450 1330
1594460 1329
1594470 1328
1594480 1327
1594490 1326
1594500 1325
1594510 1324
1594520 1323
1594530 1322
1594540 1321
1594550 1320
1594560 1320
1594570 1318
1594580 1317
1594590 1315
1594600 1314
1594610 1312
1594620 1310
1594630 1308
1594640 1307
1594650 1305
1594660 1304
1594670 1302
1594680 1300
1594690 1298
1594700 1296
1594710 1294
1594720 1292
1594730 1290
1594740 1288
1594750 1286
1594760 1284
1594770 1282
1594780 1280
1594790 1278
1594800 1276
1594810 1274
1594820 1271
1594830 1269
1594840 1266
1594850 1263
1594860 1260
1594870 1257
1594880 1254
1594890 1251
1594900 1248
1594910 1245
1594920 1243
1594930 1240
1594940 1237
1594950 1234
1594960 1232
1594970 1232
1594980 1234
1594990 1236
1595000 1239
1595010 1241
1595020 1243
1595030 1246
1595040 1249
1595050 1251
1595060 1254
1595070 1256
1595080 1259
1595090 1262
1595100 1265
1595110 1268
1595120 1270
1595130 1273
1595140 1276
1595150 1279
1595160 1282
1595170 1284
1595180 1287
1595190 1289
1595200 1292
1595210 1295
1595220 1298
1595230 1301
1595240 1303
1595250 1306
1595260 1308
1595270 1311
1595280 1313
1595290 1316
1595300 1318
1595310 1320
1595320 1323
1595330 1325
1595340 1327
1595350 1329
1595360 1331
1595370 1332
1595380 1334
1595390 1335
1595400 1337
1595410 1338
1595420 1338
1595430 1338
1595440 1338
1595450 1337
1595460 1336
1595470 1334
1595480 1332
1595490 1329
1595500 1327
1595510 1324
1595520 1320
1595530 1317
1595540 1313
1595550 1310
1595560 1306
1595570 1302
1595580 1298
1595590 1295
1595600 1291
1595610 1286
1595620 1282
1595630 1277
1595640 1272
1595650 1267
1595660 1261
1595670 1255
1595680 1249
1595690 1244
1595700 1239
1595710 1234
1595720 1228
1595730 1223
1595740 1218
1595750 1212
1595760 1207
1595770 1202
1595780 1197
1595790 1192
1595800 1187
1595810 1182
1595820 1177
1595830 1172
1595840 1167
1595850 1164
1595860 1163
1595870 1163
1595880 1163
1595890 1163
1595900 1164
1595910 1165
1595920 1163
1595930 1163
1595940 1162
1595950 1161
1595960 1160
1595970 1159
1595980 1160
1595990 1162
1596000 1163
1596010 1163
1596020 1161
1596030 1157
1596040 1153
1596050 1147
1596060 1142
1596070 1137
1596080 1133
1596090 1128
1596100 1124
1596110 1120
1596120 1117
1596130 1113
1596140 1110
1596150 1107
1596160 1104
1596170 1102
1596180 1099
1596190 1096
1596200 1093
1596210 1090
1596220 1087
1596230 1084
1596240 1081
1596250 1079
1596260 1076
1596270 1074
1596280 1071
1596290 1069
1596300 1067
1596310 1065
1596320 1063
1596330 1060
1596340 1058
1596350 1055
1596360 1052
1596370 1050
1596380 1047
1596390 1045
1596400 1043
1596410 1040
1596420 1038
1596430 1037
1596440 1035
1596450 1033
1596460 1032
1596470 1030
1596480 1028
1596490 1026
1596500 1024
1596510 1022
1596520 1021
1596530 1020
1596540 1020
1596550 1020
1596560 1021
1596570 1021
1596580 1022
1596590 1022
1596600 1022
1596610 1022
1596620 1022
1596630 1022
1596640 1022
1596650 1022
1596660 1023
1596670 1023
1596680 1023
1596690 1024
1596700 1027
1596710 1029
1596720 1031
1596730 1033
1596740 1036
1596750 1039
1596760 1042
1596770 1045
1596780 1048
1596790 1051
1596800 1053
1596810 1055
1596820 1058
1596830 1061
1596840 1065
1596850 1068
1596860 1072
1596870 1075
1596880 1078
1596890 1081
1596900 1083
1596910 1086
1596920 1090
1596930 1093
1596940 1096
1596950 1100
1596960 1103
1596970 1107
1596980 1111
1596990 1115
1597000 1119
1597010 1123
1597020 1127
1597030 1131
1597040 1136
1597050 1140
1597060 1145
1597070 1149
1597080 1153
1597090 1156
1597100 1159
1597110 1162
1597120 1165
1597130 1167
1597140 1170
1597150 1172
1597160 1175
1597170 1177
1597180 1179
1597190 1182
1597200 1184
1597210 1185
1597220 1187
1597230 1189
1597240 1191
1597250 1193
1597260 1195
1597270 1197
1597280 1199
1597290 1201
1597300 1203
1597310 1204
1597320 1205
1597330 1206
1597340 1207
1597350 1208
1597360 1210
1597370 1212
1597380 1214
1597390 1216
1597400 1219
1597410 1222
1597420 1225
1597430 1227
1597440 1230
1597450 1233
1597460 1237
1597470 1240
1597480 1244
1597490 1247
1597500 1250
1597510 1253
1597520 1257
1597530 1260
1597540 1264
1597550 1267
1597560 1271
1597570 1274
1597580 1278
1597590 1282
1597600 1286
1597610 1289
1597620 1293
1597630 1297
1597640 1301
1597650 1305
1597660 1308
1597670 1312
1597680 1316
1597690 1320
1597700 1324
1597710 1328
1597720 1332
1597730 1335
1597740 1339
1597750 1343
1597760 1347
1597770 1350
1597780 1354
1597790 1357
1597800 1361
1597810 1365
1597820 1368
1597830 1371
1597840 1375
1597850 1378
1597860 1382
1597870 1385
1597880 1386
1597890 1386
1597900 1383
1597910 1379
1597920 1376
1597930 1372
1597940 1369
1597950 1366
1597960 1362
1597970 1358
1597980 1354
1597990 1350
1598000 1346
1598010 1343
1598020 1340
1598030 1336
1598040 1333
1598050 1329
1598060 1326
1598070 1323
1598080 1321
1598090 1318
1598100 1316
1598110 1313
1598120 1310
1598130 1306
1598140 1303
1598150 1299
1598160 1295
1598170 1291
1598180 1287
1598190 1282
1598200 1278
1598210 1274
1598220 1270
1598230 1266
1598240 1262
1598250 1259
1598260 1255
1598270 1252
1598280 1249
1598290 1246
1598300 1242
1598310 1239
1598320 1236
1598330 1232
1598340 1229
1598350 1225
1598360 1222
1598370 1219
1598380 1216
1598390 1213
1598400 1211
1598410 1208
1598420 1205
1598430 1202
1598440 1199
1598450 1196
1598460 1193
1598470 1190
1598480 1187
1598490 1184
1598500 1181
1598510 1177
1598520 1173
1598530 1170
1598540 1167
1598550 1163
1598560 1159
1598570 1155
1598580 1151
1598590 1147
1598600 1143
1598610 1139
1598620 1134
1598630 1131
1598640 1127
1598650 1124
1598660 1120
1598670 1117
1598680 1113
1598690 1109
1598700 1106
1598710 1103
1598720 1100
1598730 1097
1598740 1094
1598750 1091
1598760 1088
1598770 1085
1598780 1083
1598790 1080
1598800 1078
1598810 1075
1598820 1072
1598830 1069
1598840 1066
1598850 1063
1598860 1061
1598870 1058
1598880 1055
1598890 1051
1598900 1048
1598910 1045
1598920 1041
1598930 1038
1598940 1035
1598950 1032
1598960 1030
1598970 1029
1598980 1027
1598990 1026
1599000 1024
1599010 1022
1599020 1020
1599030 1018
1599040 1015
1599050 1013
1599060 1011
1599070 1008
1599080 1006
1599090 1003
1599100 1001
1599110 999
1599120 996
1599130 994
1599140 992
1599150 989
1599160 986
1599170 983
1599180 980
1599190 978
1599200 976
1599210 974
1599220 972
1599230 969
1599240 967
1599250 965
1599260 965
1599270 967
1599280 969
1599290 971
1599300 971
1599310 972
1599320 973
1599330 974
1599340 975
1599350 976
1599360 977
1599370 978
1599380 979
1599390 981
1599400 983
1599410 985
1599420 986
1599430 988
1599440 990
1599450 991
1599460 993
1599470 994
1599480 995
1599490 996
1599500 997
1599510 998
1599520 999
1599530 1000
1599540 1001
1599550 1002
1599560 1003
1599570 1004
1599580 1005
1599590 1006
1599600 1007
1599610 1008
1599620 1009
1599630 1010
1599640 1011
1599650 1012
1599660 1013
1599670 1014
1599680 1014
1599690 1014
1599700 1015
1599710 1016
1599720 1018
1599730 1020
1599740 1021
1599750 1023
1599760 1024
1599770 1027
1599780 1029
1599790 1032
1599800 1034
1599810 1037
1599820 1038
1599830 1040
1599840 1042
1599850 1044
1599860 1046
1599870 1047
1599880 1048
1599890 1049
1599900 1050
1599910 1051
1599920 1052
1599930 1054
1599940 1055
1599950 1057
1599960 1059
1599970 1060
1599980 1060
1599990 1061
