1580000 1005
1580010 1000
1580020 994
1580030 994
1580040 987
1580050 982
1580060 982
1580070 979
1580080 975
1580090 975
1580100 971
1580110 965
1580120 960
1580130 960
1580140 957
1580150 955
1580160 955
1580170 954
1580180 951
1580190 951
1580200 948
1580210 946
1580220 946
1580230 945
1580240 945
1580250 945
1580260 944
1580270 944
1580280 944
1580290 944
1580300 944
1580310 944
1580320 943
1580330 943
1580340 943
1580350 943
1580360 942
1580370 942
1580380 942
1580390 942
1580400 942
1580410 942
1580420 942
1580430 942
1580440 942
1580450 943
1580460 944
1580470 944
1580480 946
1580490 947
1580500 947
1580510 949
1580520 950
1580530 951
1580540 951
1580550 953
1580560 954
1580570 954
1580580 956
1580590 957
1580600 957
1580610 958
1580620 959
1580630 959
1580640 960
1580650 962
1580660 962
1580670 963
1580680 964
1580690 964
1580700 965
1580710 967
1580720 967
1580730 968
1580740 970
1580750 973
1580760 973
1580770 975
1580780 977
1580790 977
1580800 979
1580810 981
1580820 981
1580830 983
1580840 984
1580850 984
1580860 986
1580870 988
1580880 988
1580890 990
1580900 993
1580910 993
1580920 995
1580930 997
1580940 1000
1580950 1000
1580960 1003
1580970 1005
1580980 1005
1580990 1007
1581000 1010
1581010 1010
1581020 1011
1581030 1011
1581040 1011
1581050 1012
1581060 1016
1581070 1016
1581080 1020
1581090 1025
1581100 1025
1581110 1030
1581120 1034
1581130 1034
1581140 1039
1581150 1043
1581160 1047
1581170 1047
1581180 1051
1581190 1054
1581200 1054
1581210 1058
1581220 1063
1581230 1063
1581240 1067
1581250 1072
1581260 1072
1581270 1076
1581280 1081
1581290 1081
1581300 1085
1581310 1090
1581320 1090
1581330 1094
1581340 1100
1581350 1105
1581360 1105
1581370 1109
1581380 1114
1581390 1114
1581400 1118
1581410 1123
1581420 1123
1581430 1128
1581440 1133
1581450 1133
1581460 1137
1581470 1141
1581480 1141
1581490 1145
1581500 1149
1581510 1149
1581520 1153
1581530 1156
1581540 1156
1581550 1159
1581560 1162
1581570 1164
1581580 1164
1581590 1166
1581600 1168
1581610 1168
1581620 1169
1581630 1169
1581640 1169
1581650 1170
1581660 1171
1581670 1171
1581680 1173
1581690 1175
1581700 1175
1581710 1177
1581720 1179
1581730 1179
1581740 1181
1581750 1183
1581760 1184
1581770 1184
1581780 1185
1581790 1186
1581800 1186
1581810 1188
1581820 1189
1581830 1189
1581840 1190
1581850 1191
1581860 1191
1581870 1193
1581880 1195
1581890 1195
1581900 1198
1581910 1201
1581920 1201
1581930 1205
1581940 1208
1581950 1208
1581960 1211
1581970 1213
1581980 1217
1581990 1217
1582000 1222
1582010 1227
1582020 1227
1582030 1229
1582040 1230
1582050 1230
1582060 1229
1582070 1227
1582080 1227
1582090 1224
1582100 1217
1582110 1217
1582120 1213
1582130 1209
1582140 1209
1582150 1207
1582160 1204
1582170 1204
1582180 1199
1582190 1195
1582200 1190
1582210 1190
1582220 1185
1582230 1181
1582240 1181
1582250 1176
1582260 1171
1582270 1171
1582280 1167
1582290 1163
1582300 1163
1582310 1159
1582320 1157
1582330 1157
1582340 1154
1582350 1146
1582360 1146
1582370 1139
1582380 1134
1582390 1128
1582400 1128
1582410 1119
1582420 1113
1582430 1113
1582440 1106
1582450 1100
1582460 1100
1582470 1095
1582480 1090
1582490 1090
1582500 1084
1582510 1078
1582520 1078
1582530 1073
1582540 1068
1582550 1068
1582560 1063
1582570 1058
1582580 1062
1582590 1057
1582600 1052
1582610 1048
1582620 1048
1582630 1046
1582640 1044
1582650 1044
1582660 1044
1582670 1046
1582680 1046
1582690 1048
1582700 1047
1582710 1047
1582720 1043
1582730 1037
1582740 1037
1582750 1032
1582760 1026
1582770 1026
1582780 1022
1582790 1019
1582800 1016
1582810 1016
1582820 1015
1582830 1008
1582840 1008
1582850 1007
1582860 1016
1582870 1016
1582880 1025
1582890 1031
1582900 1031
1582910 1037
1582920 1042
1582930 1042
1582940 1046
1582950 1051
1582960 1051
1582970 1055
1582980 1059
1582990 1059
1583000 1063
1583010 1067
1583020 1071
1583030 1071
1583040 1074
1583050 1078
1583060 1078
1583070 1083
1583080 1088
1583090 1088
1583100 1093
1583110 1099
1583120 1099
1583130 1105
1583140 1109
1583150 1109
1583160 1112
1583170 1115
1583180 1115
1583190 1118
1583200 1121
1583210 1124
1583220 1124
1583230 1128
1583240 1130
1583250 1130
1583260 1132
1583270 1135
1583280 1135
1583290 1139
1583300 1143
1583310 1143
1583320 1148
1583330 1153
1583340 1153
1583350 1157
1583360 1163
1583370 1163
1583380 1168
1583390 1172
1583400 1172
1583410 1177
1583420 1182
1583430 1185
1583440 1185
1583450 1189
1583460 1192
1583470 1192
1583480 1195
1583490 1195
1583500 1195
1583510 1191
1583520 1190
1583530 1190
1583540 1192
1583550 1190
1583560 1190
1583570 1186
1583580 1185
1583590 1185
1583600 1187
1583610 1188
1583620 1190
1583630 1190
1583640 1188
1583650 1186
1583660 1186
1583670 1188
1583680 1191
1583690 1191
1583700 1196
1583710 1198
1583720 1198
1583730 1198
1583740 1199
1583750 1199
1583760 1201
1583770 1203
1583780 1203
1583790 1206
1583800 1209
1583810 1209
1583820 1213
1583830 1217
1583840 1220
1583850 1220
1583860 1223
1583870 1226
1583880 1226
1583890 1228
1583900 1229
1583910 1229
1583920 1231
1583930 1233
1583940 1233
1583950 1236
1583960 1240
1583970 1240
1583980 1244
1583990 1249
1584000 1249
1584010 1254
1584020 1257
1584030 1261
1584040 1261
1584050 1265
1584060 1269
1584070 1269
1584080 1273
1584090 1275
1584100 1275
1584110 1278
1584120 1281
1584130 1281
1584140 1284
1584150 1287
1584160 1287
1584170 1290
1584180 1295
1584190 1295
1584200 1299
1584210 1302
1584220 1302
1584230 1306
1584240 1311
1584250 1317
1584260 1317
1584270 1324
1584280 1332
1584290 1332
1584300 1338
1584310 1344
1584320 1344
1584330 1350
1584340 1355
1584350 1355
1584360 1357
1584370 1359
1584380 1359
1584390 1361
1584400 1364
1584410 1364
1584420 1367
1584430 1371
1584440 1371
1584450 1375
1584460 1380
1584470 1386
1584480 1386
1584490 1392
1584500 1399
1584510 1399
1584520 1406
1584530 1414
1584540 1414
1584550 1419
1584560 1422
1584570 1422
1584580 1426
1584590 1430
1584600 1430
1584610 1433
1584620 1431
1584630 1431
1584640 1425
1584650 1421
1584660 1424
1584670 1424
1584680 1424
1584690 1422
1584700 1422
1584710 1418
1584720 1413
1584730 1413
1584740 1409
1584750 1406
1584760 1406
1584770 1403
1584780 1399
1584790 1399
1584800 1393
1584810 1387
1584820 1387
1584830 1385
1584840 1385
1584850 1385
1584860 1384
1584870 1383
1584880 1380
1584890 1380
1584900 1378
1584910 1378
1584920 1378
1584930 1375
1584940 1370
1584950 1370
1584960 1366
1584970 1362
1584980 1362
1584990 1359
1585000 1356
1585010 1356
1585020 1352
1585030 1348
1585040 1348
1585050 1344
1585060 1341
1585070 1338
1585080 1338
1585090 1336
1585100 1333
1585110 1333
1585120 1331
1585130 1324
1585140 1324
1585150 1320
1585160 1314
1585170 1314
1585180 1308
1585190 1302
1585200 1302
1585210 1301
1585220 1296
1585230 1296
1585240 1291
1585250 1284
1585260 1284
1585270 1278
1585280 1274
1585290 1270
1585300 1270
1585310 1266
1585320 1264
1585330 1264
1585340 1262
1585350 1259
1585360 1259
1585370 1257
1585380 1254
1585390 1254
1585400 1251
1585410 1247
1585420 1247
1585430 1244
1585440 1243
1585450 1243
1585460 1241
1585470 1239
1585480 1237
1585490 1237
1585500 1236
1585510 1234
1585520 1234
1585530 1232
1585540 1230
1585550 1230
1585560 1226
1585570 1222
1585580 1222
1585590 1218
1585600 1214
1585610 1214
1585620 1210
1585630 1207
1585640 1207
1585650 1204
1585660 1202
1585670 1202
1585680 1200
1585690 1200
1585700 1199
1585710 1199
1585720 1198
1585730 1197
1585740 1197
1585750 1197
1585760 1196
1585770 1196
1585780 1195
1585790 1194
1585800 1194
1585810 1192
1585820 1189
1585830 1189
1585840 1187
1585850 1186
1585860 1186
1585870 1184
1585880 1180
1585890 1176
1585900 1176
1585910 1176
1585920 1179
1585930 1179
1585940 1180
1585950 1180
1585960 1180
1585970 1179
1585980 1177
1585990 1177
1586000 1174
1586010 1170
1586020 1170
1586030 1165
1586040 1159
1586050 1159
1586060 1153
1586070 1149
1586080 1149
1586090 1144
1586100 1139
1586110 1132
1586120 1132
1586130 1126
1586140 1120
1586150 1120
1586160 1114
1586170 1109
1586180 1109
1586190 1105
1586200 1101
1586210 1101
1586220 1096
1586230 1091
1586240 1091
1586250 1084
1586260 1077
1586270 1077
1586280 1071
1586290 1065
1586300 1059
1586310 1059
1586320 1053
1586330 1048
1586340 1048
1586350 1044
1586360 1040
1586370 1040
1586380 1033
1586390 1029
1586400 1029
1586410 1026
1586420 1024
1586430 1024
1586440 1022
1586450 1019
1586460 1019
1586470 1015
1586480 1012
1586490 1012
1586500 1010
1586510 1008
1586520 1006
1586530 1006
1586540 1004
1586550 1001
1586560 1001
1586570 998
1586580 995
1586590 995
1586600 993
1586610 991
1586620 991
1586630 989
1586640 988
1586650 988
1586660 986
1586670 984
1586680 984
1586690 982
1586700 980
1586710 980
1586720 979
1586730 980
1586740 982
1586750 982
1586760 981
1586770 975
1586780 975
1586790 964
1586800 953
1586810 953
1586820 954
1586830 955
1586840 955
1586850 956
1586860 958
1586870 958
1586880 960
1586890 963
1586900 963
1586910 967
1586920 971
1586930 975
1586940 975
1586950 979
1586960 982
1586970 982
1586980 986
1586990 991
1587000 991
1587010 996
1587020 1000
1587030 1000
1587040 1005
1587050 1009
1587060 1009
1587070 1013
1587080 1018
1587090 1018
1587100 1024
1587110 1030
1587120 1030
1587130 1035
1587140 1039
1587150 1044
1587160 1044
1587170 1050
1587180 1053
1587190 1053
1587200 1056
1587210 1060
1587220 1060
1587230 1064
1587240 1067
1587250 1067
1587260 1070
1587270 1073
1587280 1073
1587290 1075
1587300 1076
1587310 1076
1587320 1076
1587330 1076
1587340 1076
1587350 1076
1587360 1076
1587370 1076
1587380 1076
1587390 1077
1587400 1077
1587410 1077
1587420 1079
1587430 1081
1587440 1081
1587450 1084
1587460 1086
1587470 1086
1587480 1089
1587490 1091
1587500 1091
1587510 1093
1587520 1093
1587530 1093
1587540 1093
1587550 1095
1587560 1099
1587570 1099
1587580 1104
1587590 1111
1587600 1111
1587610 1119
1587620 1126
1587630 1126
1587640 1129
1587650 1134
1587660 1134
1587670 1137
1587680 1134
1587690 1134
1587700 1127
1587710 1121
1587720 1121
1587730 1118
1587740 1115
1587750 1113
1587760 1113
1587770 1110
1587780 1106
1587790 1106
1587800 1101
1587810 1096
1587820 1096
1587830 1090
1587840 1086
1587850 1086
1587860 1084
1587870 1082
1587880 1082
1587890 1081
1587900 1079
1587910 1079
1587920 1077
1587930 1076
1587940 1076
1587950 1075
1587960 1075
1587970 1077
1587980 1077
1587990 1081
1588000 1084
1588010 1084
1588020 1089
1588030 1093
1588040 1093
1588050 1098
1588060 1104
1588070 1104
1588080 1112
1588090 1121
1588100 1121
1588110 1125
1588120 1131
1588130 1131
1588140 1136
1588150 1140
1588160 1145
1588170 1145
1588180 1150
1588190 1156
1588200 1156
1588210 1161
1588220 1167
1588230 1167
1588240 1173
1588250 1179
1588260 1179
1588270 1185
1588280 1190
1588290 1190
1588300 1196
1588310 1201
1588320 1201
1588330 1206
1588340 1212
1588350 1212
1588360 1216
1588370 1219
1588380 1223
1588390 1223
1588400 1226
1588410 1228
1588420 1228
1588430 1231
1588440 1234
1588450 1234
1588460 1236
1588470 1237
1588480 1237
1588490 1239
1588500 1240
1588510 1240
1588520 1242
1588530 1244
1588540 1244
1588550 1246
1588560 1248
1588570 1248
1588580 1250
1588590 1252
1588600 1254
1588610 1254
1588620 1256
1588630 1258
1588640 1258
1588650 1259
1588660 1261
1588670 1261
1588680 1263
1588690 1264
1588700 1264
1588710 1265
1588720 1264
1588730 1264
1588740 1262
1588750 1261
1588760 1261
1588770 1259
1588780 1258
1588790 1257
1588800 1257
1588810 1254
1588820 1251
1588830 1251
1588840 1253
1588850 1251
1588860 1251
1588870 1252
1588880 1253
1588890 1253
1588900 1253
1588910 1253
1588920 1253
1588930 1251
1588940 1249
1588950 1249
1588960 1249
1588970 1247
1588980 1247
1588990 1246
1589000 1243
1589010 1241
1589020 1241
1589030 1240
1589040 1239
1589050 1239
1589060 1237
1589070 1235
1589080 1235
1589090 1233
1589100 1231
1589110 1231
1589120 1229
1589130 1228
1589140 1228
1589150 1227
1589160 1223
1589170 1223
1589180 1217
1589190 1212
1589200 1205
1589210 1205
1589220 1199
1589230 1195
1589240 1195
1589250 1192
1589260 1190
1589270 1190
1589280 1189
1589290 1189
1589300 1189
1589310 1188
1589320 1187
1589330 1187
1589340 1181
1589350 1175
1589360 1175
1589370 1167
1589380 1160
1589390 1160
1589400 1153
1589410 1147
1589420 1143
1589430 1143
1589440 1138
1589450 1134
1589460 1134
1589470 1129
1589480 1125
1589490 1125
1589500 1121
1589510 1118
1589520 1118
1589530 1115
1589540 1112
1589550 1112
1589560 1108
1589570 1103
1589580 1103
1589590 1098
1589600 1093
1589610 1088
1589620 1088
1589630 1083
1589640 1076
1589650 1076
1589660 1071
1589670 1065
1589680 1065
1589690 1060
1589700 1054
1589710 1054
1589720 1049
1589730 1044
1589740 1044
1589750 1037
1589760 1031
1589770 1031
1589780 1025
1589790 1020
1589800 1020
1589810 1014
1589820 1008
1589830 1003
1589840 1003
1589850 999
1589860 994
1589870 994
1589880 988
1589890 983
1589900 983
1589910 978
1589920 976
1589930 976
1589940 980
1589950 986
1589960 986
1589970 991
1589980 996
1589990 996
1590000 1002
1590010 1008
1590020 1013
1590030 1013
1590040 1017
1590050 1025
1590060 1025
1590070 1029
1590080 1033
1590090 1033
1590100 1037
1590110 1040
1590120 1040
1590130 1043
1590140 1046
1590150 1046
1590160 1048
1590170 1051
1590180 1051
1590190 1055
1590200 1062
1590210 1062
1590220 1066
1590230 1068
1590240 1070
1590250 1070
1590260 1071
1590270 1075
1590280 1075
1590290 1078
1590300 1074
1590310 1074
1590320 1070
1590330 1066
1590340 1066
1590350 1062
1590360 1059
1590370 1059
1590380 1054
1590390 1046
1590400 1046
1590410 1037
1590420 1030
1590430 1030
1590440 1021
1590450 1014
1590460 1007
1590470 1007
1590480 1000
1590490 993
1590500 993
1590510 988
1590520 983
1590530 983
1590540 977
1590550 972
1590560 972
1590570 968
1590580 965
1590590 965
1590600 962
1590610 961
1590620 961
1590630 960
1590640 958
1590650 951
1590660 951
1590670 947
1590680 946
1590690 946
1590700 946
1590710 946
1590720 946
1590730 946
1590740 946
1590750 946
1590760 946
1590770 947
1590780 947
1590790 952
1590800 956
1590810 956
1590820 960
1590830 964
1590840 964
1590850 968
1590860 972
1590870 976
1590880 976
1590890 980
1590900 984
1590910 984
1590920 991
1590930 998
1590940 998
1590950 1004
1590960 1010
1590970 1010
1590980 1016
1590990 1022
1591000 1022
1591010 1029
1591020 1035
1591030 1035
1591040 1040
1591050 1045
1591060 1051
1591070 1051
1591080 1056
1591090 1059
1591100 1059
1591110 1062
1591120 1067
1591130 1067
1591140 1073
1591150 1080
1591160 1080
1591170 1087
1591180 1094
1591190 1094
1591200 1098
1591210 1104
1591220 1104
1591230 1109
1591240 1109
1591250 1109
1591260 1113
1591270 1119
1591280 1125
1591290 1125
1591300 1130
1591310 1136
1591320 1136
1591330 1142
1591340 1148
1591350 1148
1591360 1154
1591370 1159
1591380 1159
1591390 1165
1591400 1170
1591410 1170
1591420 1175
1591430 1180
1591440 1180
1591450 1184
1591460 1190
1591470 1196
1591480 1196
1591490 1202
1591500 1207
1591510 1207
1591520 1212
1591530 1217
1591540 1217
1591550 1222
1591560 1227
1591570 1227
1591580 1233
1591590 1237
1591600 1237
1591610 1242
1591620 1246
1591630 1246
1591640 1250
1591650 1254
1591660 1254
1591670 1258
1591680 1262
1591690 1267
1591700 1267
1591710 1273
1591720 1277
1591730 1277
1591740 1280
1591750 1283
1591760 1283
1591770 1286
1591780 1289
1591790 1289
1591800 1292
1591810 1295
1591820 1295
1591830 1297
1591840 1301
1591850 1301
1591860 1305
1591870 1310
1591880 1314
1591890 1314
1591900 1318
1591910 1321
1591920 1321
1591930 1325
1591940 1328
1591950 1328
1591960 1331
1591970 1333
1591980 1333
1591990 1335
1592000 1336
1592010 1336
1592020 1338
1592030 1341
1592040 1341
1592050 1343
1592060 1344
1592070 1344
1592080 1346
1592090 1348
1592100 1351
1592110 1351
1592120 1352
1592130 1351
1592140 1351
1592150 1353
1592160 1356
1592170 1356
1592180 1359
1592190 1362
1592200 1362
1592210 1364
1592220 1365
1592230 1365
1592240 1366
1592250 1367
1592260 1367
1592270 1368
1592280 1368
1592290 1368
1592300 1368
1592310 1367
1592320 1367
1592330 1367
1592340 1366
1592350 1366
1592360 1366
1592370 1366
1592380 1366
1592390 1366
1592400 1366
1592410 1366
1592420 1370
1592430 1370
1592440 1371
1592450 1371
1592460 1372
1592470 1375
1592480 1375
1592490 1377
1592500 1379
1592510 1380
1592520 1380
1592530 1383
1592540 1385
1592550 1385
1592560 1387
1592570 1389
1592580 1389
1592590 1391
1592600 1394
1592610 1394
1592620 1397
1592630 1400
1592640 1400
1592650 1402
1592660 1404
1592670 1404
1592680 1405
1592690 1407
1592700 1407
1592710 1408
1592720 1411
1592730 1413
1592740 1413
1592750 1416
1592760 1418
1592770 1418
1592780 1420
1592790 1421
1592800 1421
1592810 1421
1592820 1422
1592830 1422
1592840 1424
1592850 1425
1592860 1425
1592870 1426
1592880 1428
1592890 1428
1592900 1430
1592910 1432
1592920 1433
1592930 1433
1592940 1434
1592950 1435
1592960 1435
1592970 1437
1592980 1440
1592990 1440
1593000 1443
1593010 1444
1593020 1444
1593030 1445
1593040 1442
1593050 1442
1593060 1438
1593070 1433
1593080 1433
1593090 1427
1593100 1422
1593110 1422
1593120 1417
1593130 1412
1593140 1407
1593150 1407
1593160 1401
1593170 1395
1593180 1395
1593190 1389
1593200 1383
1593210 1383
1593220 1379
1593230 1374
1593240 1374
1593250 1369
1593260 1364
1593270 1364
1593280 1360
1593290 1357
1593300 1357
1593310 1354
1593320 1352
1593330 1349
1593340 1349
1593350 1346
1593360 1344
1593370 1344
1593380 1343
1593390 1342
1593400 1342
1593410 1340
1593420 1339
1593430 1339
1593440 1337
1593450 1335
1593460 1335
1593470 1333
1593480 1330
1593490 1330
1593500 1327
1593510 1324
1593520 1324
1593530 1321
1593540 1318
1593550 1316
1593560 1316
1593570 1313
1593580 1310
1593590 1315
1593600 1311
1593610 1309
1593620 1309
1593630 1306
1593640 1302
1593650 1302
1593660 1299
1593670 1297
1593680 1297
1593690 1294
1593700 1292
1593710 1292
1593720 1290
1593730 1287
1593740 1282
1593750 1282
1593760 1283
1593770 1283
1593780 1283
1593790 1283
1593800 1283
1593810 1283
1593820 1283
1593830 1283
1593840 1283
1593850 1282
1593860 1281
1593870 1281
1593880 1279
1593890 1278
1593900 1278
1593910 1275
1593920 1272
1593930 1272
1593940 1268
1593950 1264
1593960 1259
1593970 1259
1593980 1257
1593990 1258
1594000 1258
1594010 1263
1594020 1270
1594030 1270
1594040 1278
1594050 1285
1594060 1285
1594070 1294
1594080 1302
1594090 1302
1594100 1308
1594110 1317
1594120 1317
1594130 1325
1594140 1331
1594150 1338
1594160 1338
1594170 1345
1594180 1352
1594190 1352
1594200 1359
1594210 1366
1594220 1366
1594230 1372
1594240 1378
1594250 1378
1594260 1385
1594270 1391
1594280 1391
1594290 1397
1594300 1403
1594310 1403
1594320 1410
1594330 1416
1594340 1416
1594350 1423
1594360 1430
1594370 1436
1594380 1436
1594390 1441
1594400 1446
1594410 1446
1594420 1452
1594430 1457
1594440 1457
1594450 1463
1594460 1470
1594470 1470
1594480 1476
1594490 1482
1594500 1482
1594510 1489
1594520 1495
1594530 1495
1594540 1502
1594550 1509
1594560 1509
1594570 1516
1594580 1523
1594590 1531
1594600 1531
1594610 1539
1594620 1546
1594630 1546
1594640 1554
1594650 1562
1594660 1562
1594670 1571
1594680 1580
1594690 1580
1594700 1588
1594710 1596
1594720 1596
1594730 1610
1594740 1622
1594750 1622
1594760 1628
1594770 1645
1594780 1652
1594790 1652
1594800 1651
1594810 1649
1594820 1649
1594830 1647
1594840 1645
1594850 1645
1594860 1645
1594870 1649
1594880 1649
1594890 1652
1594900 1656
1594910 1656
1594920 1662
1594930 1667
1594940 1667
1594950 1671
1594960 1675
1594970 1675
1594980 1676
1594990 1679
1595000 1684
1595010 1684
1595020 1690
1595030 1697
1595040 1697
1595050 1708
1595060 1717
1595070 1717
1595080 1725
1595090 1737
1595100 1737
1595110 1749
1595120 1756
1595130 1756
1595140 1762
1595150 1760
1595160 1760
1595170 1755
1595180 1751
1595190 1749
1595200 1749
1595210 1750
1595220 1753
1595230 1753
1595240 1758
1595250 1764
1595260 1764
1595270 1767
1595280 1772
1595290 1772
1595300 1777
1595310 1777
1595320 1777
1595330 1773
1595340 1769
1595350 1769
1595360 1764
1595370 1759
1595380 1759
1595390 1754
1595400 1749
1595410 1744
1595420 1744
1595430 1738
1595440 1733
1595450 1733
1595460 1728
1595470 1722
1595480 1722
1595490 1717
1595500 1711
1595510 1711
1595520 1705
1595530 1699
1595540 1699
1595550 1694
1595560 1688
1595570 1688
1595580 1683
1595590 1676
1595600 1670
1595610 1670
1595620 1664
1595630 1657
1595640 1657
1595650 1649
1595660 1644
1595670 1644
1595680 1641
1595690 1633
1595700 1633
1595710 1626
1595720 1619
1595730 1619
1595740 1611
1595750 1604
1595760 1604
1595770 1598
1595780 1591
1595790 1591
1595800 1584
1595810 1577
1595820 1569
1595830 1569
1595840 1562
1595850 1555
1595860 1555
1595870 1547
1595880 1539
1595890 1541
1595900 1532
1595910 1531
1595920 1531
1595930 1530
1595940 1529
1595950 1529
1595960 1532
1595970 1533
1595980 1533
1595990 1532
1596000 1529
1596010 1525
1596020 1525
1596030 1525
1596040 1525
1596050 1525
1596060 1524
1596070 1523
1596080 1523
1596090 1523
1596100 1524
1596110 1524
1596120 1525
1596130 1525
1596140 1525
1596150 1529
1596160 1532
1596170 1532
1596180 1536
1596190 1541
1596200 1541
1596210 1544
1596220 1537
1596230 1527
1596240 1527
1596250 1530
1596260 1531
1596270 1531
1596280 1519
1596290 1510
1596300 1510
1596310 1500
1596320 1491
1596330 1491
1596340 1484
1596350 1481
1596360 1481
1596370 1476
1596380 1463
1596390 1463
1596400 1457
1596410 1452
1596420 1452
1596430 1445
1596440 1441
1596450 1436
1596460 1436
1596470 1429
1596480 1419
1596490 1419
1596500 1403
1596510 1385
1596520 1385
1596530 1379
1596540 1377
1596550 1377
1596560 1374
1596570 1364
1596580 1364
1596590 1346
1596600 1326
1596610 1326
1596620 1301
1596630 1299
1596640 1301
1596650 1301
1596660 1305
1596670 1308
1596680 1308
1596690 1312
1596700 1317
1596710 1317
1596720 1321
1596730 1330
1596740 1330
1596750 1339
1596760 1341
1596770 1341
1596780 1347
1596790 1346
1596800 1346
1596810 1355
1596820 1376
1596830 1376
1596840 1390
1596850 1398
1596860 1408
1596870 1408
1596880 1417
1596890 1422
1596900 1422
1596910 1445
1596920 1442
1596930 1442
1596940 1431
1596950 1423
1596960 1423
1596970 1417
1596980 1414
1596990 1414
1597000 1417
1597010 1421
1597020 1428
1597030 1434
1597040 1441
1597050 1449
1597060 1449
1597070 1454
1597080 1457
1597090 1457
1597100 1461
1597110 1467
1597120 1467
1597130 1474
1597140 1482
1597150 1482
1597160 1489
1597170 1497
1597180 1497
1597190 1504
1597200 1517
1597210 1517
1597220 1532
1597230 1542
1597240 1542
1597250 1553
1597260 1561
1597270 1569
1597280 1569
1597290 1577
1597300 1581
1597310 1581
1597320 1582
1597330 1582
1597340 1582
1597350 1583
1597360 1583
1597370 1583
1597380 1584
1597390 1584
1597400 1584
1597410 1584
1597420 1584
1597430 1584
1597440 1584
1597450 1583
1597460 1581
1597470 1581
1597480 1579
1597490 1578
1597500 1578
1597510 1575
1597520 1573
1597530 1573
1597540 1570
1597550 1568
1597560 1568
1597570 1565
1597580 1562
1597590 1562
1597600 1559
1597610 1554
1597620 1554
1597630 1548
1597640 1541
1597650 1541
1597660 1533
1597670 1525
1597680 1517
1597690 1517
1597700 1510
1597710 1505
1597720 1505
1597730 1500
1597740 1497
1597750 1497
1597760 1489
1597770 1470
1597780 1470
1597790 1460
1597800 1449
1597810 1449
1597820 1436
1597830 1425
1597840 1425
1597850 1415
1597860 1407
1597870 1397
1597880 1397
1597890 1388
1597900 1380
1597910 1380
1597920 1372
1597930 1365
1597940 1365
1597950 1359
1597960 1355
1597970 1355
1597980 1351
1597990 1348
1598000 1348
1598010 1341
1598020 1333
1598030 1333
1598040 1327
1598050 1322
1598060 1322
1598070 1316
1598080 1310
1598090 1304
1598100 1304
1598110 1300
1598120 1294
1598130 1294
1598140 1296
1598150 1293
1598160 1293
1598170 1289
1598180 1285
1598190 1285
1598200 1279
1598210 1274
1598220 1274
1598230 1269
1598240 1265
1598250 1265
1598260 1262
1598270 1258
1598280 1258
1598290 1254
1598300 1249
1598310 1245
1598320 1245
1598330 1240
1598340 1236
1598350 1236
1598360 1233
1598370 1229
1598380 1229
1598390 1224
1598400 1219
1598410 1219
1598420 1215
1598430 1212
1598440 1212
1598450 1208
1598460 1204
1598470 1204
1598480 1201
1598490 1198
1598500 1196
1598510 1196
1598520 1194
1598530 1191
1598540 1191
1598550 1186
1598560 1179
1598570 1179
1598580 1171
1598590 1163
1598600 1163
1598610 1156
1598620 1149
1598630 1149
1598640 1142
1598650 1136
1598660 1136
1598670 1130
1598680 1124
1598690 1124
1598700 1118
1598710 1112
1598720 1106
1598730 1106
1598740 1101
1598750 1096
1598760 1096
1598770 1091
1598780 1088
1598790 1088
1598800 1086
1598810 1084
1598820 1084
1598830 1081
1598840 1079
1598850 1079
1598860 1078
1598870 1077
1598880 1077
1598890 1076
1598900 1075
1598910 1074
1598920 1074
1598930 1074
1598940 1074
1598950 1074
1598960 1073
1598970 1074
1598980 1074
1598990 1074
1599000 1074
1599010 1074
1599020 1074
1599030 1076
1599040 1076
1599050 1079
1599060 1082
1599070 1082
1599080 1086
1599090 1091
1599100 1091
1599110 1096
1599120 1102
1599130 1106
1599140 1106
1599150 1111
1599160 1116
1599170 1116
1599180 1121
1599190 1125
1599200 1125
1599210 1130
1599220 1133
1599230 1133
1599240 1137
1599250 1146
1599260 1146
1599270 1151
1599280 1157
1599290 1157
1599300 1162
1599310 1168
1599320 1174
1599330 1174
1599340 1180
1599350 1187
1599360 1187
1599370 1193
1599380 1198
1599390 1198
1599400 1205
1599410 1211
1599420 1211
1599430 1217
1599440 1223
1599450 1223
1599460 1229
1599470 1235
1599480 1235
1599490 1240
1599500 1245
1599510 1245
1599520 1249
1599530 1249
1599540 1248
1599550 1248
1599560 1245
1599570 1241
1599580 1241
1599590 1237
1599600 1234
1599610 1234
1599620 1233
1599630 1233
1599640 1233
1599650 1233
1599660 1233
1599670 1233
1599680 1233
1599690 1232
1599700 1232
1599710 1231
1599720 1230
1599730 1229
1599740 1229
1599750 1227
1599760 1225
1599770 1225
1599780 1223
1599790 1225
1599800 1225
1599810 1228
1599820 1230
1599830 1230
1599840 1232
1599850 1234
1599860 1234
1599870 1236
1599880 1239
1599890 1239
1599900 1242
1599910 1243
1599920 1243
1599930 1246
1599940 1249
1599950 1252
1599960 1252
1599970 1253
1599980 1256
1599990 1256
1580000 1006
1580010 1002
1580020 998
1580030 994
1580040 989
1580050 986
1580060 983
1580070 980
1580080 977
1580090 974
1580100 971
1580110 967
1580120 964
1580130 961
1580140 958
1580150 957
1580160 956
1580170 955
1580180 953
1580190 952
1580200 949
1580210 947
1580220 946
1580230 945
1580240 945
1580250 944
1580260 944
1580270 944
1580280 944
1580290 944
1580300 944
1580310 943
1580320 943
1580330 943
1580340 943
1580350 943
1580360 942
1580370 942
1580380 942
1580390 942
1580400 942
1580410 942
1580420 942
1580430 942
1580440 942
1580450 943
1580460 944
1580470 945
1580480 946
1580490 947
1580500 948
1580510 949
1580520 950
1580530 951
1580540 952
1580550 953
1580560 954
1580570 955
1580580 955
1580590 956
1580600 957
1580610 958
1580620 958
1580630 959
1580640 960
1580650 961
1580660 962
1580670 963
1580680 964
1580690 965
1580700 966
1580710 967
1580720 967
1580730 969
1580740 970
1580750 972
1580760 974
1580770 975
1580780 977
1580790 978
1580800 979
1580810 980
1580820 982
1580830 983
1580840 984
1580850 985
1580860 987
1580870 988
1580880 989
1580890 991
1580900 993
1580910 994
1580920 996
1580930 997
1580940 999
1580950 1001
1580960 1003
1580970 1004
1580980 1006
1580990 1008
1581000 1009
1581010 1011
1581020 1012
1581030 1012
1581040 1013
1581050 1013
1581060 1015
1581070 1017
1581080 1020
1581090 1023
1581100 1027
1581110 1030
1581120 1033
1581130 1037
1581140 1040
1581150 1043
1581160 1046
1581170 1048
1581180 1051
1581190 1053
1581200 1056
1581210 1059
1581220 1062
1581230 1065
1581240 1068
1581250 1071
1581260 1074
1581270 1076
1581280 1079
1581290 1082
1581300 1085
1581310 1088
1581320 1091
1581330 1095
1581340 1098
1581350 1102
1581360 1105
1581370 1108
1581380 1112
1581390 1115
1581400 1118
1581410 1121
1581420 1124
1581430 1127
1581440 1131
1581450 1134
1581460 1137
1581470 1140
1581480 1142
1581490 1145
1581500 1148
1581510 1150
1581520 1153
1581530 1155
1581540 1157
1581550 1159
1581560 1161
1581570 1162
1581580 1164
1581590 1165
1581600 1166
1581610 1167
1581620 1168
1581630 1169
1581640 1169
1581650 1170
1581660 1171
1581670 1172
1581680 1173
1581690 1174
1581700 1175
1581710 1177
1581720 1178
1581730 1180
1581740 1181
1581750 1182
1581760 1183
1581770 1184
1581780 1185
1581790 1186
1581800 1186
1581810 1187
1581820 1188
1581830 1189
1581840 1190
1581850 1191
1581860 1191
1581870 1192
1581880 1194
1581890 1196
1581900 1198
1581910 1200
1581920 1203
1581930 1205
1581940 1207
1581950 1209
1581960 1211
1581970 1213
1581980 1215
1581990 1218
1582000 1222
1582010 1225
1582020 1228
1582030 1229
1582040 1230
1582050 1230
1582060 1229
1582070 1228
1582080 1226
1582090 1224
1582100 1219
1582110 1216
1582120 1213
1582130 1210
1582140 1208
1582150 1207
1582160 1204
1582170 1202
1582180 1199
1582190 1196
1582200 1193
1582210 1190
1582220 1186
1582230 1183
1582240 1180
1582250 1177
1582260 1174
1582270 1171
1582280 1168
1582290 1165
1582300 1162
1582310 1160
1582320 1159
1582330 1157
1582340 1154
1582350 1149
1582360 1144
1582370 1140
1582380 1136
1582390 1132
1582400 1128
1582410 1122
1582420 1117
1582430 1113
1582440 1108
1582450 1104
1582460 1100
1582470 1097
1582480 1093
1582490 1089
1582500 1085
1582510 1081
1582520 1078
1582530 1074
1582540 1070
1582550 1067
1582560 1064
1582570 1061
1582580 1058
1582590 1055
1582600 1052
1582610 1049
1582620 1047
1582630 1045
1582640 1044
1582650 1043
1582660 1043
1582670 1044
1582680 1046
1582690 1047
1582700 1046
1582710 1044
1582720 1041
1582730 1037
1582740 1033
1582750 1030
1582760 1026
1582770 1023
1582780 1020
1582790 1018
1582800 1017
1582810 1015
1582820 1014
1582830 1010
1582840 1007
1582850 1006
1582860 1012
1582870 1018
1582880 1025
1582890 1029
1582900 1033
1582910 1037
1582920 1040
1582930 1044
1582940 1047
1582950 1050
1582960 1053
1582970 1056
1582980 1059
1582990 1061
1583000 1064
1583010 1067
1583020 1069
1583030 1072
1583040 1074
1583050 1077
1583060 1079
1583070 1082
1583080 1086
1583090 1090
1583100 1093
1583110 1097
1583120 1101
1583130 1105
1583140 1108
1583150 1110
1583160 1112
1583170 1114
1583180 1116
1583190 1118
1583200 1120
1583210 1122
1583220 1125
1583230 1127
1583240 1129
1583250 1131
1583260 1131
1583270 1134
1583280 1136
1583290 1139
1583300 1142
1583310 1145
1583320 1148
1583330 1151
1583340 1154
1583350 1158
1583360 1161
1583370 1165
1583380 1168
1583390 1171
1583400 1174
1583410 1177
1583420 1181
1583430 1183
1583440 1186
1583450 1188
1583460 1190
1583470 1193
1583480 1195
1583490 1195
1583500 1194
1583510 1191
1583520 1191
1583530 1191
1583540 1192
1583550 1191
1583560 1189
1583570 1187
1583580 1186
1583590 1187
1583600 1188
1583610 1188
1583620 1189
1583630 1189
1583640 1188
1583650 1187
1583660 1187
1583670 1188
1583680 1191
1583690 1194
1583700 1197
1583710 1199
1583720 1199
1583730 1198
1583740 1199
1583750 1200
1583760 1201
1583770 1203
1583780 1205
1583790 1207
1583800 1209
1583810 1212
1583820 1214
1583830 1217
1583840 1219
1583850 1221
1583860 1223
1583870 1225
1583880 1226
1583890 1228
1583900 1229
1583910 1230
1583920 1231
1583930 1232
1583940 1234
1583950 1236
1583960 1239
1583970 1241
1583980 1244
1583990 1247
1584000 1250
1584010 1253
1584020 1256
1584030 1258
1584040 1261
1584050 1263
1584060 1266
1584070 1269
1584080 1272
1584090 1274
1584100 1275
1584110 1277
1584120 1279
1584130 1282
1584140 1284
1584150 1286
1584160 1288
1584170 1290
1584180 1293
1584190 1296
1584200 1299
1584210 1301
1584220 1304
1584230 1306
1584240 1310
1584250 1314
1584260 1318
1584270 1322
1584280 1327
1584290 1332
1584300 1337
1584310 1341
1584320 1345
1584330 1349
1584340 1352
1584350 1355
1584360 1357
1584370 1358
1584380 1359
1584390 1361
1584400 1363
1584410 1365
1584420 1368
1584430 1370
1584440 1373
1584450 1376
1584460 1380
1584470 1383
1584480 1387
1584490 1391
1584500 1396
1584510 1401
1584520 1406
1584530 1411
1584540 1416
1584550 1419
1584560 1421
1584570 1424
1584580 1426
1584590 1429
1584600 1431
1584610 1433
1584620 1431
1584630 1428
1584640 1424
1584650 1422
1584660 1422
1584670 1424
1584680 1424
1584690 1423
1584700 1421
1584710 1418
1584720 1415
1584730 1412
1584740 1410
1584750 1408
1584760 1405
1584770 1403
1584780 1400
1584790 1397
1584800 1393
1584810 1389
1584820 1386
1584830 1384
1584840 1384
1584850 1384
1584860 1384
1584870 1383
1584880 1381
1584890 1380
1584900 1378
1584910 1378
1584920 1377
1584930 1375
1584940 1371
1584950 1368
1584960 1364
1584970 1362
1584980 1359
1584990 1357
1585000 1355
1585010 1353
1585020 1350
1585030 1347
1585040 1345
1585050 1342
1585060 1340
1585070 1338
1585080 1336
1585090 1335
1585100 1333
1585110 1331
1585120 1329
1585130 1327
1585140 1325
1585150 1322
1585160 1318
1585170 1314
1585180 1309
1585190 1305
1585200 1302
1585210 1300
1585220 1298
1585230 1294
1585240 1290
1585250 1286
1585260 1282
1585270 1278
1585280 1275
1585290 1273
1585300 1270
1585310 1267
1585320 1266
1585330 1264
1585340 1263
1585350 1262
1585360 1260
1585370 1258
1585380 1256
1585390 1254
1585400 1252
1585410 1250
1585420 1247
1585430 1245
1585440 1244
1585450 1243
1585460 1241
1585470 1240
1585480 1239
1585490 1238
1585500 1237
1585510 1236
1585520 1234
1585530 1233
1585540 1231
1585550 1229
1585560 1227
1585570 1224
1585580 1222
1585590 1219
1585600 1216
1585610 1213
1585620 1211
1585630 1208
1585640 1206
1585650 1204
1585660 1203
1585670 1201
1585680 1201
1585690 1200
1585700 1199
1585710 1199
1585720 1198
1585730 1197
1585740 1197
1585750 1197
1585760 1196
1585770 1195
1585780 1195
1585790 1194
1585800 1193
1585810 1191
1585820 1190
1585830 1188
1585840 1187
1585850 1186
1585860 1184
1585870 1183
1585880 1180
1585890 1178
1585900 1176
1585910 1176
1585920 1177
1585930 1179
1585940 1179
1585950 1179
1585960 1179
1585970 1178
1585980 1177
1585990 1176
1586000 1174
1586010 1171
1586020 1167
1586030 1163
1586040 1160
1586050 1156
1586060 1152
1586070 1149
1586080 1146
1586090 1142
1586100 1139
1586110 1135
1586120 1130
1586130 1126
1586140 1121
1586150 1117
1586160 1113
1586170 1110
1586180 1107
1586190 1104
1586200 1100
1586210 1098
1586220 1095
1586230 1092
1586240 1087
1586250 1082
1586260 1077
1586270 1073
1586280 1068
1586290 1064
1586300 1060
1586310 1056
1586320 1052
1586330 1049
1586340 1046
1586350 1043
1586360 1040
1586370 1037
1586380 1035
1586390 1032
1586400 1030
1586410 1028
1586420 1026
1586430 1024
1586440 1023
1586450 1021
1586460 1019
1586470 1017
1586480 1014
1586490 1013
1586500 1011
1586510 1009
1586520 1008
1586530 1007
1586540 1005
1586550 1003
1586560 1001
1586570 999
1586580 997
1586590 995
1586600 994
1586610 992
1586620 991
1586630 990
1586640 989
1586650 988
1586660 986
1586670 985
1586680 984
1586690 982
1586700 981
1586710 980
1586720 979
1586730 980
1586740 981
1586750 982
1586760 981
1586770 978
1586780 973
1586790 965
1586800 958
1586810 954
1586820 954
1586830 955
1586840 955
1586850 956
1586860 957
1586870 958
1586880 960
1586890 962
1586900 965
1586910 967
1586920 970
1586930 973
1586940 976
1586950 978
1586960 981
1586970 983
1586980 986
1586990 989
1587000 992
1587010 996
1587020 999
1587030 1002
1587040 1005
1587050 1008
1587060 1011
1587070 1013
1587080 1017
1587090 1021
1587100 1025
1587110 1029
1587120 1033
1587130 1037
1587140 1039
1587150 1043
1587160 1046
1587170 1050
1587180 1052
1587190 1054
1587200 1057
1587210 1060
1587220 1062
1587230 1065
1587240 1067
1587250 1069
1587260 1071
1587270 1073
1587280 1074
1587290 1076
1587300 1076
1587310 1077
1587320 1077
1587330 1077
1587340 1077
1587350 1077
1587360 1077
1587370 1077
1587380 1077
1587390 1078
1587400 1078
1587410 1079
1587420 1081
1587430 1082
1587440 1084
1587450 1086
1587460 1088
1587470 1090
1587480 1092
1587490 1093
1587500 1095
1587510 1096
1587520 1096
1587530 1096
1587540 1096
1587550 1097
1587560 1100
1587570 1104
1587580 1107
1587590 1112
1587600 1116
1587610 1120
1587620 1123
1587630 1125
1587640 1126
1587650 1128
1587660 1130
1587670 1131
1587680 1130
1587690 1127
1587700 1123
1587710 1120
1587720 1117
1587730 1115
1587740 1113
1587750 1112
1587760 1111
1587770 1109
1587780 1106
1587790 1103
1587800 1099
1587810 1096
1587820 1092
1587830 1089
1587840 1086
1587850 1084
1587860 1082
1587870 1081
1587880 1080
1587890 1079
1587900 1078
1587910 1077
1587920 1076
1587930 1075
1587940 1075
1587950 1074
1587960 1074
1587970 1076
1587980 1078
1587990 1080
1588000 1082
1588010 1085
1588020 1088
1588030 1091
1588040 1094
1588050 1098
1588060 1102
1588070 1106
1588080 1112
1588090 1118
1588100 1122
1588110 1126
1588120 1129
1588130 1133
1588140 1136
1588150 1139
1588160 1143
1588170 1146
1588180 1150
1588190 1153
1588200 1157
1588210 1160
1588220 1164
1588230 1168
1588240 1172
1588250 1177
1588260 1181
1588270 1185
1588280 1189
1588290 1192
1588300 1196
1588310 1200
1588320 1203
1588330 1207
1588340 1211
1588350 1214
1588360 1216
1588370 1219
1588380 1221
1588390 1223
1588400 1226
1588410 1228
1588420 1229
1588430 1231
1588440 1233
1588450 1235
1588460 1236
1588470 1237
1588480 1238
1588490 1239
1588500 1240
1588510 1241
1588520 1243
1588530 1244
1588540 1246
1588550 1247
1588560 1249
1588570 1250
1588580 1251
1588590 1252
1588600 1254
1588610 1255
1588620 1257
1588630 1258
1588640 1259
1588650 1260
1588660 1261
1588670 1262
1588680 1264
1588690 1265
1588700 1265
1588710 1265
1588720 1265
1588730 1264
1588740 1263
1588750 1262
1588760 1261
1588770 1260
1588780 1260
1588790 1259
1588800 1257
1588810 1255
1588820 1254
1588830 1252
1588840 1251
1588850 1251
1588860 1250
1588870 1251
1588880 1251
1588890 1252
1588900 1252
1588910 1252
1588920 1251
1588930 1249
1588940 1248
1588950 1248
1588960 1247
1588970 1246
1588980 1245
1588990 1244
1589000 1243
1589010 1241
1589020 1240
1589030 1239
1589040 1238
1589050 1237
1589060 1236
1589070 1235
1589080 1233
1589090 1231
1589100 1230
1589110 1229
1589120 1228
1589130 1228
1589140 1227
1589150 1225
1589160 1223
1589170 1220
1589180 1216
1589190 1212
1589200 1208
1589210 1204
1589220 1200
1589230 1197
1589240 1194
1589250 1192
1589260 1191
1589270 1190
1589280 1189
1589290 1189
1589300 1188
1589310 1188
1589320 1187
1589330 1185
1589340 1181
1589350 1177
1589360 1172
1589370 1166
1589380 1161
1589390 1156
1589400 1152
1589410 1148
1589420 1145
1589430 1142
1589440 1139
1589450 1136
1589460 1132
1589470 1129
1589480 1126
1589490 1123
1589500 1120
1589510 1118
1589520 1117
1589530 1115
1589540 1113
1589550 1110
1589560 1107
1589570 1104
1589580 1100
1589590 1097
1589600 1093
1589610 1090
1589620 1086
1589630 1083
1589640 1079
1589650 1075
1589660 1071
1589670 1067
1589680 1063
1589690 1060
1589700 1056
1589710 1052
1589720 1048
1589730 1045
1589740 1041
1589750 1036
1589760 1032
1589770 1028
1589780 1024
1589790 1021
1589800 1017
1589810 1013
1589820 1009
1589830 1005
1589840 1002
1589850 998
1589860 995
1589870 991
1589880 988
1589890 984
1589900 981
1589910 978
1589920 978
1589930 980
1589940 983
1589950 987
1589960 990
1589970 993
1589980 997
1589990 1001
1590000 1005
1590010 1010
1590020 1013
1590030 1016
1590040 1018
1590050 1021
1590060 1024
1590070 1027
1590080 1029
1590090 1032
1590100 1035
1590110 1037
1590120 1039
1590130 1040
1590140 1042
1590150 1044
1590160 1046
1590170 1048
1590180 1051
1590190 1054
1590200 1059
1590210 1062
1590220 1064
1590230 1066
1590240 1068
1590250 1069
1590260 1070
1590270 1072
1590280 1074
1590290 1076
1590300 1074
1590310 1072
1590320 1069
1590330 1066
1590340 1064
1590350 1061
1590360 1058
1590370 1055
1590380 1052
1590390 1046
1590400 1041
1590410 1035
1590420 1030
1590430 1025
1590440 1019
1590450 1014
1590460 1009
1590470 1005
1590480 1000
1590490 995
1590500 991
1590510 988
1590520 984
1590530 981
1590540 976
1590550 973
1590560 970
1590570 968
1590580 966
1590590 964
1590600 962
1590610 961
1590620 960
1590630 959
1590640 958
1590650 955
1590660 951
1590670 948
1590680 947
1590690 946
1590700 946
1590710 946
1590720 946
1590730 946
1590740 946
1590750 946
1590760 946
1590770 947
1590780 949
1590790 951
1590800 954
1590810 957
1590820 960
1590830 963
1590840 965
1590850 968
1590860 971
1590870 974
1590880 977
1590890 979
1590900 982
1590910 985
1590920 990
1590930 994
1590940 999
1590950 1003
1590960 1008
1590970 1012
1590980 1016
1590990 1020
1591000 1024
1591010 1028
1591020 1032
1591030 1036
1591040 1040
1591050 1043
1591060 1047
1591070 1051
1591080 1055
1591090 1057
1591100 1059
1591110 1061
1591120 1064
1591130 1068
1591140 1072
1591150 1077
1591160 1081
1591170 1086
1591180 1090
1591190 1094
1591200 1097
1591210 1101
1591220 1104
1591230 1107
1591240 1110
1591250 1113
1591260 1116
1591270 1119
1591280 1123
1591290 1127
1591300 1131
1591310 1135
1591320 1139
1591330 1143
1591340 1147
1591350 1151
1591360 1155
1591370 1158
1591380 1162
1591390 1166
1591400 1170
1591410 1173
1591420 1176
1591430 1179
1591440 1183
1591450 1186
1591460 1190
1591470 1194
1591480 1198
1591490 1202
1591500 1205
1591510 1209
1591520 1212
1591530 1215
1591540 1219
1591550 1222
1591560 1226
1591570 1230
1591580 1233
1591590 1236
1591600 1240
1591610 1243
1591620 1245
1591630 1248
1591640 1251
1591650 1254
1591660 1256
1591670 1259
1591680 1262
1591690 1265
1591700 1269
1591710 1273
1591720 1275
1591730 1278
1591740 1280
1591750 1282
1591760 1284
1591770 1286
1591780 1288
1591790 1290
1591800 1292
1591810 1294
1591820 1296
1591830 1298
1591840 1300
1591850 1303
1591860 1306
1591870 1309
1591880 1312
1591890 1315
1591900 1317
1591910 1319
1591920 1322
1591930 1325
1591940 1327
1591950 1329
1591960 1331
1591970 1332
1591980 1334
1591990 1335
1592000 1336
1592010 1337
1592020 1339
1592030 1340
1592040 1342
1592050 1343
1592060 1344
1592070 1346
1592080 1347
1592090 1349
1592100 1351
1592110 1352
1592120 1353
1592130 1353
1592140 1353
1592150 1354
1592160 1356
1592170 1358
1592180 1361
1592190 1363
1592200 1364
1592210 1366
1592220 1366
1592230 1367
1592240 1368
1592250 1369
1592260 1369
1592270 1370
1592280 1370
1592290 1370
1592300 1370
1592310 1370
1592320 1370
1592330 1370
1592340 1370
1592350 1370
1592360 1369
1592370 1368
1592380 1368
1592390 1368
1592400 1368
1592410 1368
1592420 1368
1592430 1368
1592440 1369
1592450 1370
1592460 1371
1592470 1373
1592480 1375
1592490 1376
1592500 1378
1592510 1379
1592520 1381
1592530 1382
1592540 1384
1592550 1386
1592560 1387
1592570 1389
1592580 1390
1592590 1392
1592600 1393
1592610 1395
1592620 1397
1592630 1399
1592640 1400
1592650 1402
1592660 1403
1592670 1404
1592680 1405
1592690 1407
1592700 1408
1592710 1409
1592720 1410
1592730 1412
1592740 1414
1592750 1416
1592760 1418
1592770 1419
1592780 1420
1592790 1421
1592800 1421
1592810 1422
1592820 1422
1592830 1423
1592840 1424
1592850 1425
1592860 1426
1592870 1427
1592880 1428
1592890 1429
1592900 1430
1592910 1432
1592920 1433
1592930 1433
1592940 1434
1592950 1435
1592960 1436
1592970 1437
1592980 1439
1592990 1441
1593000 1443
1593010 1444
1593020 1444
1593030 1444
1593040 1443
1593050 1440
1593060 1437
1593070 1434
1593080 1430
1593090 1427
1593100 1423
1593110 1420
1593120 1416
1593130 1413
1593140 1409
1593150 1405
1593160 1402
1593170 1398
1593180 1393
1593190 1389
1593200 1386
1593210 1382
1593220 1379
1593230 1376
1593240 1372
1593250 1369
1593260 1366
1593270 1363
1593280 1360
1593290 1358
1593300 1356
1593310 1355
1593320 1353
1593330 1352
1593340 1350
1593350 1348
1593360 1346
1593370 1345
1593380 1344
1593390 1344
1593400 1343
1593410 1342
1593420 1342
1593430 1341
1593440 1339
1593450 1338
1593460 1336
1593470 1335
1593480 1333
1593490 1331
1593500 1329
1593510 1327
1593520 1325
1593530 1323
1593540 1321
1593550 1319
1593560 1318
1593570 1316
1593580 1314
1593590 1312
1593600 1309
1593610 1307
1593620 1305
1593630 1303
1593640 1301
1593650 1299
1593660 1297
1593670 1295
1593680 1294
1593690 1292
1593700 1291
1593710 1290
1593720 1288
1593730 1286
1593740 1283
1593750 1281
1593760 1280
1593770 1280
1593780 1281
1593790 1281
1593800 1281
1593810 1281
1593820 1281
1593830 1281
1593840 1281
1593850 1280
1593860 1280
1593870 1279
1593880 1278
1593890 1277
1593900 1275
1593910 1274
1593920 1272
1593930 1269
1593940 1266
1593950 1263
1593960 1260
1593970 1258
1593980 1257
1593990 1257
1594000 1259
1594010 1263
1594020 1268
1594030 1273
1594040 1278
1594050 1283
1594060 1288
1594070 1294
1594080 1300
1594090 1305
1594100 1309
1594110 1315
1594120 1321
1594130 1326
1594140 1330
1594150 1335
1594160 1339
1594170 1344
1594180 1349
1594190 1353
1594200 1358
1594210 1363
1594220 1367
1594230 1372
1594240 1376
1594250 1381
1594260 1385
1594270 1389
1594280 1393
1594290 1397
1594300 1402
1594310 1406
1594320 1411
1594330 1415
1594340 1420
1594350 1424
1594360 1428
1594370 1433
1594380 1437
1594390 1440
1594400 1444
1594410 1447
1594420 1451
1594430 1455
1594440 1459
1594450 1463
1594460 1468
1594470 1472
1594480 1476
1594490 1481
1594500 1485
1594510 1489
1594520 1494
1594530 1498
1594540 1503
1594550 1508
1594560 1512
1594570 1517
1594580 1522
1594590 1527
1594600 1533
1594610 1538
1594620 1543
1594630 1548
1594640 1554
1594650 1559
1594660 1565
1594670 1571
1594680 1576
1594690 1582
1594700 1588
1594710 1594
1594720 1602
1594730 1612
1594740 1619
1594750 1625
1594760 1630
1594770 1639
1594780 1647
1594790 1651
1594800 1650
1594810 1649
1594820 1647
1594830 1646
1594840 1644
1594850 1643
1594860 1642
1594870 1645
1594880 1647
1594890 1650
1594900 1653
1594910 1657
1594920 1661
1594930 1664
1594940 1666
1594950 1669
1594960 1672
1594970 1673
1594980 1675
1594990 1677
1595000 1681
1595010 1685
1595020 1689
1595030 1694
1595040 1700
1595050 1708
1595060 1714
1595070 1719
1595080 1725
1595090 1733
1595100 1740
1595110 1747
1595120 1753
1595130 1757
1595140 1761
1595150 1760
1595160 1757
1595170 1754
1595180 1751
1595190 1749
1595200 1749
1595210 1749
1595220 1751
1595230 1753
1595240 1757
1595250 1761
1595260 1764
1595270 1767
1595280 1770
1595290 1773
1595300 1777
1595310 1777
1595320 1775
1595330 1773
1595340 1770
1595350 1767
1595360 1763
1595370 1760
1595380 1757
1595390 1753
1595400 1750
1595410 1746
1595420 1743
1595430 1739
1595440 1735
1595450 1731
1595460 1728
1595470 1724
1595480 1720
1595490 1716
1595500 1713
1595510 1709
1595520 1705
1595530 1701
1595540 1697
1595550 1693
1595560 1689
1595570 1685
1595580 1681
1595590 1677
1595600 1673
1595610 1669
1595620 1664
1595630 1660
1595640 1655
1595650 1649
1595660 1646
1595670 1643
1595680 1641
1595690 1635
1595700 1630
1595710 1625
1595720 1620
1595730 1616
1595740 1611
1595750 1606
1595760 1601
1595770 1597
1595780 1592
1595790 1587
1595800 1582
1595810 1577
1595820 1573
1595830 1568
1595840 1563
1595850 1558
1595860 1553
1595870 1548
1595880 1543
1595890 1537
1595900 1531
1595910 1528
1595920 1526
1595930 1525
1595940 1526
1595950 1527
1595960 1529
1595970 1529
1595980 1529
1595990 1528
1596000 1526
1596010 1524
1596020 1522
1596030 1522
1596040 1522
1596050 1522
1596060 1521
1596070 1521
1596080 1520
1596090 1521
1596100 1521
1596110 1522
1596120 1523
1596130 1523
1596140 1525
1596150 1527
1596160 1530
1596170 1532
1596180 1535
1596190 1538
1596200 1540
1596210 1540
1596220 1536
1596230 1529
1596240 1525
1596250 1526
1596260 1528
1596270 1526
1596280 1520
1596290 1515
1596300 1509
1596310 1502
1596320 1496
1596330 1490
1596340 1485
1596350 1482
1596360 1478
1596370 1474
1596380 1465
1596390 1460
1596400 1456
1596410 1453
1596420 1449
1596430 1444
1596440 1441
1596450 1438
1596460 1435
1596470 1429
1596480 1423
1596490 1414
1596500 1402
1596510 1390
1596520 1382
1596530 1378
1596540 1377
1596550 1375
1596560 1373
1596570 1366
1596580 1356
1596590 1343
1596600 1329
1596610 1314
1596620 1301
1596630 1300
1596640 1301
1596650 1303
1596660 1306
1596670 1308
1596680 1311
1596690 1314
1596700 1316
1596710 1319
1596720 1322
1596730 1329
1596740 1335
1596750 1342
1596760 1343
1596770 1345
1596780 1349
1596790 1348
1596800 1353
1596810 1361
1596820 1374
1596830 1385
1596840 1395
1596850 1401
1596860 1408
1596870 1415
1596880 1423
1596890 1426
1596900 1433
1596910 1446
1596920 1444
1596930 1440
1596940 1434
1596950 1429
1596960 1424
1596970 1420
1596980 1419
1596990 1419
1597000 1421
1597010 1424
1597020 1427
1597030 1431
1597040 1435
1597050 1440
1597060 1445
1597070 1449
1597080 1452
1597090 1455
1597100 1459
1597110 1464
1597120 1469
1597130 1474
1597140 1479
1597150 1484
1597160 1489
1597170 1494
1597180 1500
1597190 1507
1597200 1518
1597210 1528
1597220 1538
1597230 1544
1597240 1550
1597250 1556
1597260 1561
1597270 1566
1597280 1571
1597290 1576
1597300 1579
1597310 1581
1597320 1581
1597330 1582
1597340 1582
1597350 1583
1597360 1583
1597370 1583
1597380 1584
1597390 1584
1597400 1584
1597410 1584
1597420 1584
1597430 1584
1597440 1584
1597450 1583
1597460 1582
1597470 1581
1597480 1580
1597490 1578
1597500 1577
1597510 1576
1597520 1574
1597530 1572
1597540 1570
1597550 1569
1597560 1567
1597570 1565
1597580 1563
1597590 1561
1597600 1558
1597610 1555
1597620 1551
1597630 1547
1597640 1542
1597650 1537
1597660 1532
1597670 1527
1597680 1521
1597690 1515
1597700 1510
1597710 1507
1597720 1503
1597730 1500
1597740 1497
1597750 1493
1597760 1488
1597770 1475
1597780 1466
1597790 1459
1597800 1451
1597810 1443
1597820 1434
1597830 1427
1597840 1420
1597850 1414
1597860 1408
1597870 1402
1597880 1396
1597890 1389
1597900 1384
1597910 1378
1597920 1373
1597930 1369
1597940 1365
1597950 1361
1597960 1358
1597970 1356
1597980 1353
1597990 1351
1598000 1347
1598010 1342
1598020 1337
1598030 1332
1598040 1328
1598050 1324
1598060 1320
1598070 1316
1598080 1312
1598090 1309
1598100 1305
1598110 1302
1598120 1299
1598130 1296
1598140 1294
1598150 1292
1598160 1290
1598170 1287
1598180 1285
1598190 1282
1598200 1278
1598210 1274
1598220 1271
1598230 1267
1598240 1265
1598250 1262
1598260 1260
1598270 1257
1598280 1255
1598290 1252
1598300 1249
1598310 1246
1598320 1242
1598330 1239
1598340 1236
1598350 1234
1598360 1231
1598370 1229
1598380 1226
1598390 1223
1598400 1220
1598410 1217
1598420 1214
1598430 1212
1598440 1209
1598450 1207
1598460 1204
1598470 1202
1598480 1200
1598490 1198
1598500 1196
1598510 1194
1598520 1193
1598530 1192
1598540 1189
1598550 1186
1598560 1181
1598570 1176
1598580 1171
1598590 1165
1598600 1160
1598610 1155
1598620 1150
1598630 1146
1598640 1141
1598650 1137
1598660 1133
1598670 1129
1598680 1125
1598690 1121
1598700 1117
1598710 1113
1598720 1109
1598730 1105
1598740 1101
1598750 1098
1598760 1095
1598770 1092
1598780 1090
1598790 1088
1598800 1086
1598810 1085
1598820 1083
1598830 1081
1598840 1080
1598850 1079
1598860 1078
1598870 1077
1598880 1076
1598890 1076
1598900 1075
1598910 1075
1598920 1074
1598930 1074
1598940 1074
1598950 1074
1598960 1074
1598970 1074
1598980 1074
1598990 1074
1599000 1074
1599010 1074
1599020 1075
1599030 1076
1599040 1078
1599050 1080
1599060 1082
1599070 1085
1599080 1088
1599090 1091
1599100 1095
1599110 1098
1599120 1102
1599130 1105
1599140 1108
1599150 1112
1599160 1115
1599170 1119
1599180 1122
1599190 1126
1599200 1129
1599210 1132
1599220 1134
1599230 1137
1599240 1140
1599250 1143
1599260 1146
1599270 1150
1599280 1154
1599290 1158
1599300 1162
1599310 1166
1599320 1170
1599330 1174
1599340 1179
1599350 1183
1599360 1187
1599370 1191
1599380 1195
1599390 1200
1599400 1204
1599410 1208
1599420 1212
1599430 1217
1599440 1221
1599450 1225
1599460 1229
1599470 1233
1599480 1237
1599490 1240
1599500 1243
1599510 1246
1599520 1247
1599530 1248
1599540 1247
1599550 1245
1599560 1243
1599570 1241
1599580 1238
1599590 1236
1599600 1234
1599610 1233
1599620 1232
1599630 1232
1599640 1232
1599650 1233
1599660 1232
1599670 1232
1599680 1232
1599690 1232
1599700 1231
1599710 1231
1599720 1230
1599730 1229
1599740 1228
1599750 1227
1599760 1226
1599770 1225
1599780 1223
1599790 1224
1599800 1226
1599810 1228
1599820 1230
1599830 1231
1599840 1232
1599850 1234
1599860 1235
1599870 1237
1599880 1239
1599890 1241
1599900 1242
1599910 1244
1599920 1246
1599930 1248
1599940 1250
1599950 1252
1599960 1253
1599970 1255
1599980 1257
1599990 1257
