1580000 1153
1580010 1151
1580020 1149
1580030 1149
1580040 1147
1580050 1144
1580060 1144
1580070 1141
1580080 1138
1580090 1138
1580100 1137
1580110 1138
1580120 1138
1580130 1138
1580140 1138
1580150 1139
1580160 1139
1580170 1145
1580180 1149
1580190 1149
1580200 1151
1580210 1151
1580220 1151
1580230 1148
1580240 1143
1580250 1143
1580260 1140
1580270 1137
1580280 1137
1580290 1136
1580300 1135
1580310 1135
1580320 1136
1580330 1140
1580340 1146
1580350 1146
1580360 1149
1580370 1153
1580380 1153
1580390 1157
1580400 1160
1580410 1160
1580420 1163
1580430 1166
1580440 1166
1580450 1168
1580460 1171
1580470 1171
1580480 1174
1580490 1177
1580500 1177
1580510 1181
1580520 1185
1580530 1188
1580540 1188
1580550 1191
1580560 1194
1580570 1194
1580580 1198
1580590 1201
1580600 1201
1580610 1204
1580620 1208
1580630 1208
1580640 1209
1580650 1211
1580660 1211
1580670 1214
1580680 1219
1580690 1219
1580700 1221
1580710 1221
1580720 1221
1580730 1222
1580740 1223
1580750 1224
1580760 1224
1580770 1226
1580780 1228
1580790 1228
1580800 1231
1580810 1233
1580820 1233
1580830 1234
1580840 1235
1580850 1235
1580860 1236
1580870 1236
1580880 1236
1580890 1236
1580900 1235
1580910 1235
1580920 1234
1580930 1236
1580940 1240
1580950 1240
1580960 1245
1580970 1248
1580980 1248
1580990 1250
1581000 1253
1581010 1253
1581020 1257
1581030 1260
1581040 1260
1581050 1263
1581060 1265
1581070 1265
1581080 1267
1581090 1268
1581100 1268
1581110 1268
1581120 1269
1581130 1269
1581140 1270
1581150 1273
1581160 1277
1581170 1277
1581180 1281
1581190 1285
1581200 1285
1581210 1290
1581220 1293
1581230 1293
1581240 1297
1581250 1301
1581260 1301
1581270 1306
1581280 1310
1581290 1310
1581300 1316
1581310 1321
1581320 1321
1581330 1326
1581340 1331
1581350 1331
1581360 1336
1581370 1342
1581380 1348
1581390 1348
1581400 1354
1581410 1359
1581420 1359
1581430 1363
1581440 1366
1581450 1366
1581460 1369
1581470 1371
1581480 1373
1581490 1375
1581500 1380
1581510 1380
1581520 1384
1581530 1390
1581540 1390
1581550 1395
1581560 1400
1581570 1405
1581580 1405
1581590 1408
1581600 1411
1581610 1411
1581620 1414
1581630 1416
1581640 1416
1581650 1418
1581660 1421
1581670 1421
1581680 1423
1581690 1425
1581700 1425
1581710 1427
1581720 1428
1581730 1428
1581740 1429
1581750 1429
1581760 1429
1581770 1430
1581780 1430
1581790 1429
1581800 1429
1581810 1428
1581820 1427
1581830 1427
1581840 1425
1581850 1424
1581860 1424
1581870 1424
1581880 1425
1581890 1425
1581900 1426
1581910 1428
1581920 1428
1581930 1430
1581940 1430
1581950 1430
1581960 1428
1581970 1423
1581980 1417
1581990 1417
1582000 1412
1582010 1408
1582020 1408
1582030 1404
1582040 1403
1582050 1403
1582060 1404
1582070 1406
1582080 1406
1582090 1409
1582100 1410
1582110 1410
1582120 1410
1582130 1411
1582140 1411
1582150 1411
1582160 1412
1582170 1412
1582180 1413
1582190 1415
1582200 1416
1582210 1416
1582220 1418
1582230 1419
1582240 1419
1582250 1421
1582260 1422
1582270 1422
1582280 1420
1582290 1418
1582300 1418
1582310 1415
1582320 1413
1582330 1413
1582340 1412
1582350 1411
1582360 1411
1582370 1410
1582380 1409
1582390 1406
1582400 1406
1582410 1404
1582420 1400
1582430 1400
1582440 1397
1582450 1395
1582460 1395
1582470 1394
1582480 1393
1582490 1393
1582500 1391
1582510 1392
1582520 1392
1582530 1396
1582540 1400
1582550 1400
1582560 1402
1582570 1404
1582580 1404
1582590 1406
1582600 1405
1582610 1402
1582620 1402
1582630 1398
1582640 1393
1582650 1393
1582660 1388
1582670 1380
1582680 1380
1582690 1375
1582700 1370
1582710 1370
1582720 1365
1582730 1360
1582740 1360
1582750 1354
1582760 1348
1582770 1348
1582780 1345
1582790 1339
1582800 1339
1582810 1334
1582820 1328
1582830 1323
1582840 1323
1582850 1318
1582860 1315
1582870 1315
1582880 1312
1582890 1308
1582900 1308
1582910 1304
1582920 1303
1582930 1303
1582940 1304
1582950 1307
1582960 1307
1582970 1310
1582980 1311
1582990 1311
1583000 1313
1583010 1315
1583020 1317
1583030 1317
1583040 1318
1583050 1320
1583060 1320
1583070 1321
1583080 1324
1583090 1324
1583100 1329
1583110 1336
1583120 1336
1583130 1342
1583140 1348
1583150 1348
1583160 1354
1583170 1361
1583180 1361
1583190 1368
1583200 1375
1583210 1375
1583220 1381
1583230 1387
1583240 1393
1583250 1393
1583260 1401
1583270 1408
1583280 1408
1583290 1416
1583300 1426
1583310 1426
1583320 1432
1583330 1438
1583340 1438
1583350 1445
1583360 1455
1583370 1455
1583380 1467
1583390 1477
1583400 1477
1583410 1480
1583420 1485
1583430 1489
1583440 1489
1583450 1491
1583460 1494
1583470 1494
1583480 1493
1583490 1491
1583500 1491
1583510 1487
1583520 1486
1583530 1486
1583540 1486
1583550 1486
1583560 1486
1583570 1483
1583580 1477
1583590 1477
1583600 1470
1583610 1462
1583620 1462
1583630 1455
1583640 1449
1583650 1442
1583660 1442
1583670 1437
1583680 1432
1583690 1432
1583700 1428
1583710 1429
1583720 1429
1583730 1433
1583740 1438
1583750 1438
1583760 1444
1583770 1445
1583780 1445
1583790 1449
1583800 1447
1583810 1447
1583820 1445
1583830 1446
1583840 1446
1583850 1449
1583860 1448
1583870 1448
1583880 1448
1583890 1451
1583900 1455
1583910 1455
1583920 1460
1583930 1465
1583940 1465
1583950 1469
1583960 1473
1583970 1473
1583980 1479
1583990 1489
1584000 1489
1584010 1502
1584020 1506
1584030 1506
1584040 1515
1584050 1520
1584060 1528
1584070 1528
1584080 1527
1584090 1523
1584100 1523
1584110 1519
1584120 1515
1584130 1515
1584140 1512
1584150 1507
1584160 1507
1584170 1501
1584180 1496
1584190 1496
1584200 1489
1584210 1480
1584220 1480
1584230 1471
1584240 1463
1584250 1463
1584260 1455
1584270 1448
1584280 1441
1584290 1441
1584300 1434
1584310 1428
1584320 1428
1584330 1422
1584340 1417
1584350 1417
1584360 1410
1584370 1402
1584380 1402
1584390 1394
1584400 1385
1584410 1385
1584420 1378
1584430 1374
1584440 1374
1584450 1369
1584460 1363
1584470 1355
1584480 1355
1584490 1347
1584500 1337
1584510 1337
1584520 1330
1584530 1323
1584540 1323
1584550 1316
1584560 1310
1584570 1310
1584580 1303
1584590 1300
1584600 1300
1584610 1299
1584620 1298
1584630 1298
1584640 1297
1584650 1295
1584660 1295
1584670 1294
1584680 1291
1584690 1288
1584700 1288
1584710 1286
1584720 1284
1584730 1284
1584740 1282
1584750 1278
1584760 1278
1584770 1274
1584780 1271
1584790 1271
1584800 1269
1584810 1268
1584820 1268
1584830 1267
1584840 1266
1584850 1266
1584860 1264
1584870 1263
1584880 1263
1584890 1262
1584900 1262
1584910 1262
1584920 1262
1584930 1262
1584940 1261
1584950 1261
1584960 1259
1584970 1256
1584980 1256
1584990 1253
1585000 1248
1585010 1248
1585020 1244
1585030 1244
1585040 1244
1585050 1244
1585060 1243
1585070 1243
1585080 1241
1585090 1240
1585100 1240
1585110 1240
1585120 1240
1585130 1241
1585140 1241
1585150 1241
1585160 1241
1585170 1241
1585180 1241
1585190 1241
1585200 1241
1585210 1242
1585220 1244
1585230 1244
1585240 1246
1585250 1249
1585260 1249
1585270 1253
1585280 1256
1585290 1256
1585300 1260
1585310 1261
1585320 1260
1585330 1260
1585340 1261
1585350 1262
1585360 1262
1585370 1263
1585380 1263
1585390 1263
1585400 1264
1585410 1265
1585420 1265
1585430 1264
1585440 1261
1585450 1261
1585460 1259
1585470 1256
1585480 1256
1585490 1254
1585500 1252
1585510 1250
1585520 1250
1585530 1246
1585540 1240
1585550 1240
1585560 1237
1585570 1235
1585580 1235
1585590 1233
1585600 1228
1585610 1228
1585620 1223
1585630 1221
1585640 1221
1585650 1223
1585660 1216
1585670 1216
1585680 1205
1585690 1199
1585700 1199
1585710 1192
1585720 1186
1585730 1180
1585740 1180
1585750 1174
1585760 1168
1585770 1168
1585780 1163
1585790 1154
1585800 1154
1585810 1149
1585820 1144
1585830 1144
1585840 1138
1585850 1133
1585860 1133
1585870 1130
1585880 1129
1585890 1129
1585900 1130
1585910 1130
1585920 1129
1585930 1129
1585940 1126
1585950 1123
1585960 1123
1585970 1123
1585980 1123
1585990 1123
1586000 1121
1586010 1119
1586020 1119
1586030 1117
1586040 1115
1586050 1115
1586060 1115
1586070 1114
1586080 1114
1586090 1114
1586100 1114
1586110 1114
1586120 1114
1586130 1114
1586140 1114
1586150 1114
1586160 1115
1586170 1116
1586180 1116
1586190 1118
1586200 1119
1586210 1119
1586220 1121
1586230 1123
1586240 1123
1586250 1125
1586260 1127
1586270 1127
1586280 1128
1586290 1129
1586300 1129
1586310 1128
1586320 1128
1586330 1128
1586340 1130
1586350 1133
1586360 1136
1586370 1136
1586380 1138
1586390 1141
1586400 1141
1586410 1143
1586420 1145
1586430 1145
1586440 1146
1586450 1148
1586460 1148
1586470 1150
1586480 1152
1586490 1152
1586500 1154
1586510 1156
1586520 1156
1586530 1158
1586540 1161
1586550 1164
1586560 1164
1586570 1169
1586580 1171
1586590 1171
1586600 1174
1586610 1177
1586620 1177
1586630 1181
1586640 1186
1586650 1186
1586660 1190
1586670 1194
1586680 1194
1586690 1199
1586700 1203
1586710 1203
1586720 1208
1586730 1213
1586740 1213
1586750 1217
1586760 1222
1586770 1226
1586780 1226
1586790 1230
1586800 1234
1586810 1234
1586820 1237
1586830 1239
1586840 1239
1586850 1240
1586860 1241
1586870 1241
1586880 1242
1586890 1244
1586900 1244
1586910 1244
1586920 1244
1586930 1244
1586940 1244
1586950 1244
1586960 1244
1586970 1244
1586980 1245
1586990 1246
1587000 1246
1587010 1246
1587020 1247
1587030 1247
1587040 1249
1587050 1250
1587060 1250
1587070 1250
1587080 1250
1587090 1250
1587100 1249
1587110 1249
1587120 1249
1587130 1247
1587140 1243
1587150 1243
1587160 1238
1587170 1232
1587180 1228
1587190 1228
1587200 1230
1587210 1238
1587220 1238
1587230 1244
1587240 1248
1587250 1248
1587260 1250
1587270 1249
1587280 1249
1587290 1247
1587300 1245
1587310 1245
1587320 1244
1587330 1246
1587340 1246
1587350 1248
1587360 1252
1587370 1252
1587380 1253
1587390 1253
1587400 1254
1587410 1254
1587420 1255
1587430 1257
1587440 1257
1587450 1260
1587460 1264
1587470 1264
1587480 1269
1587490 1272
1587500 1272
1587510 1276
1587520 1280
1587530 1280
1587540 1285
1587550 1288
1587560 1288
1587570 1293
1587580 1297
1587590 1301
1587600 1301
1587610 1304
1587620 1307
1587630 1307
1587640 1310
1587650 1314
1587660 1314
1587670 1318
1587680 1322
1587690 1322
1587700 1327
1587710 1332
1587720 1332
1587730 1336
1587740 1340
1587750 1340
1587760 1345
1587770 1349
1587780 1349
1587790 1353
1587800 1356
1587810 1360
1587820 1360
1587830 1364
1587840 1367
1587850 1367
1587860 1371
1587870 1375
1587880 1375
1587890 1379
1587900 1382
1587910 1382
1587920 1385
1587930 1388
1587940 1388
1587950 1391
1587960 1395
1587970 1395
1587980 1399
1587990 1403
1588000 1408
1588010 1408
1588020 1412
1588030 1416
1588040 1416
1588050 1419
1588060 1423
1588070 1423
1588080 1426
1588090 1429
1588100 1429
1588110 1431
1588120 1435
1588130 1435
1588140 1439
1588150 1443
1588160 1443
1588170 1448
1588180 1452
1588190 1452
1588200 1456
1588210 1460
1588220 1464
1588230 1464
1588240 1468
1588250 1471
1588260 1471
1588270 1474
1588280 1476
1588290 1476
1588300 1479
1588310 1481
1588320 1481
1588330 1481
1588340 1479
1588350 1479
1588360 1474
1588370 1470
1588380 1470
1588390 1464
1588400 1457
1588410 1457
1588420 1451
1588430 1446
1588440 1440
1588450 1440
1588460 1435
1588470 1429
1588480 1429
1588490 1423
1588500 1418
1588510 1418
1588520 1415
1588530 1414
1588540 1414
1588550 1410
1588560 1406
1588570 1406
1588580 1400
1588590 1393
1588600 1393
1588610 1387
1588620 1381
1588630 1377
1588640 1377
1588650 1375
1588660 1372
1588670 1372
1588680 1368
1588690 1362
1588700 1362
1588710 1357
1588720 1353
1588730 1353
1588740 1348
1588750 1340
1588760 1340
1588770 1333
1588780 1325
1588790 1325
1588800 1316
1588810 1309
1588820 1309
1588830 1303
1588840 1298
1588850 1294
1588860 1294
1588870 1294
1588880 1293
1588890 1293
1588900 1291
1588910 1286
1588920 1286
1588930 1280
1588940 1274
1588950 1274
1588960 1270
1588970 1266
1588980 1266
1588990 1261
1589000 1256
1589010 1256
1589020 1251
1589030 1244
1589040 1239
1589050 1239
1589060 1233
1589070 1225
1589080 1225
1589090 1218
1589100 1216
1589110 1216
1589120 1217
1589130 1217
1589140 1217
1589150 1217
1589160 1218
1589170 1218
1589180 1219
1589190 1220
1589200 1220
1589210 1221
1589220 1222
1589230 1222
1589240 1220
1589250 1216
1589260 1213
1589270 1213
1589280 1211
1589290 1209
1589300 1209
1589310 1207
1589320 1205
1589330 1205
1589340 1202
1589350 1199
1589360 1199
1589370 1197
1589380 1194
1589390 1194
1589400 1189
1589410 1184
1589420 1184
1589430 1181
1589440 1178
1589450 1178
1589460 1176
1589470 1175
1589480 1173
1589490 1173
1589500 1171
1589510 1172
1589520 1172
1589530 1173
1589540 1175
1589550 1175
1589560 1177
1589570 1178
1589580 1178
1589590 1180
1589600 1181
1589610 1181
1589620 1182
1589630 1183
1589640 1183
1589650 1183
1589660 1181
1589670 1179
1589680 1179
1589690 1178
1589700 1178
1589710 1178
1589720 1176
1589730 1170
1589740 1170
1589750 1165
1589760 1171
1589770 1171
1589780 1176
1589790 1184
1589800 1184
1589810 1190
1589820 1195
1589830 1195
1589840 1198
1589850 1204
1589860 1204
1589870 1210
1589880 1219
1589890 1227
1589900 1227
1589910 1234
1589920 1240
1589930 1240
1589940 1245
1589950 1251
1589960 1251
1589970 1250
1589980 1244
1589990 1244
1590000 1240
1590010 1240
1590020 1240
1590030 1242
1590040 1244
1590050 1244
1590060 1246
1590070 1249
1590080 1253
1590090 1253
1590100 1258
1590110 1264
1590120 1264
1590130 1269
1590140 1272
1590150 1272
1590160 1274
1590170 1275
1590180 1275
1590190 1277
1590200 1278
1590210 1278
1590220 1280
1590230 1282
1590240 1286
1590250 1291
1590260 1294
1590270 1294
1590280 1293
1590290 1289
1590300 1283
1590310 1283
1590320 1278
1590330 1275
1590340 1275
1590350 1272
1590360 1269
1590370 1269
1590380 1266
1590390 1264
1590400 1264
1590410 1263
1590420 1259
1590430 1259
1590440 1255
1590450 1253
1590460 1253
1590470 1251
1590480 1249
1590490 1249
1590500 1248
1590510 1247
1590520 1245
1590530 1245
1590540 1244
1590550 1243
1590560 1243
1590570 1242
1590580 1242
1590590 1242
1590600 1241
1590610 1240
1590620 1240
1590630 1239
1590640 1238
1590650 1238
1590660 1238
1590670 1239
1590680 1239
1590690 1240
1590700 1240
1590710 1241
1590720 1241
1590730 1241
1590740 1241
1590750 1241
1590760 1241
1590770 1241
1590780 1241
1590790 1241
1590800 1242
1590810 1242
1590820 1241
1590830 1241
1590840 1241
1590850 1241
1590860 1241
1590870 1241
1590880 1242
1590890 1243
1590900 1243
1590910 1245
1590920 1247
1590930 1249
1590940 1249
1590950 1251
1590960 1254
1590970 1254
1590980 1256
1590990 1259
1591000 1259
1591010 1262
1591020 1265
1591030 1265
1591040 1268
1591050 1270
1591060 1270
1591070 1271
1591080 1270
1591090 1270
1591100 1269
1591110 1269
1591120 1270
1591130 1270
1591140 1270
1591150 1272
1591160 1272
1591170 1275
1591180 1278
1591190 1278
1591200 1282
1591210 1286
1591220 1286
1591230 1287
1591240 1286
1591250 1286
1591260 1283
1591270 1279
1591280 1279
1591290 1272
1591300 1265
1591310 1265
1591320 1258
1591330 1252
1591340 1247
1591350 1247
1591360 1244
1591370 1242
1591380 1242
1591390 1238
1591400 1233
1591410 1233
1591420 1226
1591430 1223
1591440 1223
1591450 1216
1591460 1210
1591470 1210
1591480 1204
1591490 1202
1591500 1202
1591510 1202
1591520 1198
1591530 1198
1591540 1192
1591550 1186
1591560 1176
1591570 1176
1591580 1167
1591590 1160
1591600 1160
1591610 1158
1591620 1159
1591630 1159
1591640 1163
1591650 1167
1591660 1167
1591670 1171
1591680 1177
1591690 1177
1591700 1183
1591710 1189
1591720 1189
1591730 1193
1591740 1198
1591750 1203
1591760 1203
1591770 1205
1591780 1203
1591790 1203
1591800 1205
1591810 1214
1591820 1214
1591830 1215
1591840 1209
1591850 1209
1591860 1209
1591870 1211
1591880 1211
1591890 1212
1591900 1211
1591910 1211
1591920 1206
1591930 1197
1591940 1197
1591950 1186
1591960 1182
1591970 1170
1591980 1170
1591990 1163
1592000 1154
1592010 1154
1592020 1147
1592030 1142
1592040 1142
1592050 1137
1592060 1131
1592070 1131
1592080 1124
1592090 1119
1592100 1119
1592110 1114
1592120 1109
1592130 1109
1592140 1105
1592150 1100
1592160 1095
1592170 1095
1592180 1090
1592190 1086
1592200 1086
1592210 1084
1592220 1082
1592230 1082
1592240 1081
1592250 1082
1592260 1082
1592270 1084
1592280 1090
1592290 1090
1592300 1097
1592310 1103
1592320 1103
1592330 1108
1592340 1113
1592350 1113
1592360 1117
1592370 1120
1592380 1123
1592390 1123
1592400 1128
1592410 1135
1592420 1135
1592430 1142
1592440 1149
1592450 1149
1592460 1157
1592470 1161
1592480 1161
1592490 1164
1592500 1167
1592510 1167
1592520 1172
1592530 1178
1592540 1178
1592550 1183
1592560 1188
1592570 1188
1592580 1189
1592590 1193
1592600 1195
1592610 1191
1592620 1195
1592630 1198
1592640 1198
1592650 1202
1592660 1204
1592670 1204
1592680 1204
1592690 1206
1592700 1206
1592710 1208
1592720 1211
1592730 1211
1592740 1211
1592750 1213
1592760 1213
1592770 1217
1592780 1221
1592790 1224
1592800 1224
1592810 1224
1592820 1225
1592830 1225
1592840 1226
1592850 1228
1592860 1228
1592870 1232
1592880 1236
1592890 1236
1592900 1239
1592910 1241
1592920 1241
1592930 1242
1592940 1243
1592950 1243
1592960 1245
1592970 1247
1592980 1247
1592990 1246
1593000 1243
1593010 1240
1593020 1240
1593030 1239
1593040 1238
1593050 1238
1593060 1236
1593070 1234
1593080 1234
1593090 1233
1593100 1232
1593110 1232
1593120 1230
1593130 1229
1593140 1229
1593150 1228
1593160 1228
1593170 1228
1593180 1227
1593190 1228
1593200 1229
1593210 1229
1593220 1230
1593230 1232
1593240 1232
1593250 1234
1593260 1234
1593270 1234
1593280 1235
1593290 1236
1593300 1236
1593310 1238
1593320 1241
1593330 1241
1593340 1243
1593350 1246
1593360 1246
1593370 1250
1593380 1252
1593390 1252
1593400 1254
1593410 1256
1593420 1258
1593430 1258
1593440 1259
1593450 1260
1593460 1260
1593470 1262
1593480 1263
1593490 1263
1593500 1265
1593510 1266
1593520 1266
1593530 1268
1593540 1269
1593550 1269
1593560 1270
1593570 1272
1593580 1272
1593590 1273
1593600 1275
1593610 1275
1593620 1276
1593630 1278
1593640 1279
1593650 1279
1593660 1281
1593670 1283
1593680 1283
1593690 1285
1593700 1286
1593710 1286
1593720 1287
1593730 1287
1593740 1287
1593750 1288
1593760 1290
1593770 1289
1593780 1294
1593790 1298
1593800 1298
1593810 1303
1593820 1307
1593830 1311
1593840 1311
1593850 1314
1593860 1317
1593870 1317
1593880 1321
1593890 1324
1593900 1324
1593910 1327
1593920 1331
1593930 1331
1593940 1334
1593950 1337
1593960 1337
1593970 1340
1593980 1343
1593990 1343
1594000 1347
1594010 1350
1594020 1350
1594030 1353
1594040 1355
1594050 1360
1594060 1360
1594070 1364
1594080 1367
1594090 1367
1594100 1369
1594110 1372
1594120 1372
1594130 1374
1594140 1375
1594150 1375
1594160 1377
1594170 1380
1594180 1380
1594190 1382
1594200 1385
1594210 1385
1594220 1390
1594230 1394
1594240 1396
1594250 1396
1594260 1400
1594270 1404
1594280 1404
1594290 1408
1594300 1410
1594310 1410
1594320 1411
1594330 1412
1594340 1412
1594350 1413
1594360 1414
1594370 1414
1594380 1416
1594390 1417
1594400 1417
1594410 1419
1594420 1422
1594430 1422
1594440 1424
1594450 1427
1594460 1429
1594470 1429
1594480 1433
1594490 1437
1594500 1437
1594510 1442
1594520 1446
1594530 1446
1594540 1449
1594550 1453
1594560 1453
1594570 1457
1594580 1461
1594590 1461
1594600 1466
1594610 1471
1594620 1471
1594630 1476
1594640 1481
1594650 1481
1594660 1487
1594670 1493
1594680 1498
1594690 1498
1594700 1504
1594710 1509
1594720 1509
1594730 1514
1594740 1518
1594750 1518
1594760 1523
1594770 1528
1594780 1528
1594790 1532
1594800 1537
1594810 1537
1594820 1542
1594830 1545
1594840 1545
1594850 1548
1594860 1551
1594870 1554
1594880 1554
1594890 1558
1594900 1561
1594910 1561
1594920 1565
1594930 1562
1594940 1562
1594950 1563
1594960 1565
1594970 1565
1594980 1567
1594990 1572
1595000 1572
1595010 1579
1595020 1587
1595030 1587
1595040 1594
1595050 1599
1595060 1599
1595070 1607
1595080 1613
1595090 1618
1595100 1618
1595110 1622
1595120 1629
1595130 1629
1595140 1635
1595150 1642
1595160 1642
1595170 1648
1595180 1656
1595190 1656
1595200 1662
1595210 1668
1595220 1668
1595230 1674
1595240 1681
1595250 1681
1595260 1686
1595270 1691
1595280 1697
1595290 1697
1595300 1703
1595310 1711
1595320 1711
1595330 1719
1595340 1725
1595350 1725
1595360 1732
1595370 1739
1595380 1739
1595390 1747
1595400 1754
1595410 1754
1595420 1762
1595430 1769
1595440 1769
1595450 1776
1595460 1784
1595470 1784
1595480 1791
1595490 1799
1595500 1807
1595510 1807
1595520 1814
1595530 1823
1595540 1823
1595550 1832
1595560 1842
1595570 1842
1595580 1850
1595590 1855
1595600 1855
1595610 1853
1595620 1849
1595630 1849
1595640 1846
1595650 1842
1595660 1842
1595670 1837
1595680 1833
1595690 1833
1595700 1830
1595710 1827
1595720 1823
1595730 1823
1595740 1820
1595750 1816
1595760 1816
1595770 1811
1595780 1807
1595790 1807
1595800 1803
1595810 1799
1595820 1799
1595830 1795
1595840 1791
1595850 1791
1595860 1788
1595870 1784
1595880 1784
1595890 1780
1595900 1777
1595910 1774
1595920 1774
1595930 1771
1595940 1768
1595950 1768
1595960 1765
1595970 1761
1595980 1761
1595990 1758
1596000 1753
1596010 1753
1596020 1749
1596030 1747
1596040 1747
1596050 1744
1596060 1740
1596070 1740
1596080 1736
1596090 1732
1596100 1732
1596110 1728
1596120 1725
1596130 1725
1596140 1725
1596150 1726
1596160 1727
1596170 1727
1596180 1728
1596190 1729
1596200 1729
1596210 1729
1596220 1730
1596230 1730
1596240 1730
1596250 1730
1596260 1730
1596270 1731
1596280 1731
1596290 1731
1596300 1732
1596310 1733
1596320 1734
1596330 1734
1596340 1735
1596350 1736
1596360 1736
1596370 1736
1596380 1737
1596390 1737
1596400 1738
1596410 1739
1596420 1739
1596430 1740
1596440 1742
1596450 1742
1596460 1743
1596470 1743
1596480 1743
1596490 1744
1596500 1745
1596510 1745
1596520 1746
1596530 1748
1596540 1749
1596550 1749
1596560 1751
1596570 1752
1596580 1752
1596590 1754
1596600 1756
1596610 1756
1596620 1758
1596630 1761
1596640 1761
1596650 1764
1596660 1767
1596670 1767
1596680 1769
1596690 1771
1596700 1771
1596710 1773
1596720 1774
1596730 1776
1596740 1776
1596750 1776
1596760 1777
1596770 1777
1596780 1777
1596790 1777
1596800 1777
1596810 1777
1596820 1777
1596830 1777
1596840 1776
1596850 1774
1596860 1774
1596870 1772
1596880 1770
1596890 1770
1596900 1768
1596910 1765
1596920 1765
1596930 1762
1596940 1758
1596950 1755
1596960 1755
1596970 1751
1596980 1748
1596990 1748
1597000 1744
1597010 1740
1597020 1740
1597030 1735
1597040 1731
1597050 1731
1597060 1727
1597070 1723
1597080 1723
1597090 1720
1597100 1716
1597110 1716
1597120 1713
1597130 1710
1597140 1710
1597150 1708
1597160 1706
1597170 1704
1597180 1704
1597190 1701
1597200 1699
1597210 1699
1597220 1695
1597230 1692
1597240 1692
1597250 1688
1597260 1684
1597270 1684
1597280 1681
1597290 1677
1597300 1677
1597310 1673
1597320 1668
1597330 1668
1597340 1664
1597350 1659
1597360 1654
1597370 1654
1597380 1649
1597390 1644
1597400 1644
1597410 1639
1597420 1635
1597430 1635
1597440 1630
1597450 1625
1597460 1625
1597470 1620
1597480 1615
1597490 1615
1597500 1610
1597510 1605
1597520 1605
1597530 1601
1597540 1596
1597550 1596
1597560 1592
1597570 1587
1597580 1582
1597590 1582
1597600 1578
1597610 1574
1597620 1574
1597630 1569
1597640 1563
1597650 1563
1597660 1559
1597670 1555
1597680 1555
1597690 1549
1597700 1544
1597710 1544
1597720 1539
1597730 1535
1597740 1535
1597750 1530
1597760 1525
1597770 1520
1597780 1520
1597790 1516
1597800 1512
1597810 1512
1597820 1508
1597830 1504
1597840 1504
1597850 1500
1597860 1495
1597870 1495
1597880 1492
1597890 1489
1597900 1489
1597910 1485
1597920 1480
1597930 1480
1597940 1476
1597950 1471
1597960 1471
1597970 1467
1597980 1460
1597990 1459
1598000 1459
1598010 1462
1598020 1464
1598030 1464
1598040 1466
1598050 1467
1598060 1467
1598070 1469
1598080 1471
1598090 1471
1598100 1472
1598110 1474
1598120 1474
1598130 1475
1598140 1476
1598150 1476
1598160 1477
1598170 1478
1598180 1478
1598190 1479
1598200 1479
1598210 1479
1598220 1479
1598230 1479
1598240 1480
1598250 1480
1598260 1480
1598270 1480
1598280 1480
1598290 1480
1598300 1479
1598310 1479
1598320 1482
1598330 1481
1598340 1481
1598350 1480
1598360 1479
1598370 1479
1598380 1478
1598390 1477
1598400 1475
1598410 1475
1598420 1473
1598430 1470
1598440 1470
1598450 1466
1598460 1462
1598470 1462
1598480 1457
1598490 1451
1598500 1451
1598510 1444
1598520 1435
1598530 1435
1598540 1425
1598550 1414
1598560 1414
1598570 1407
1598580 1400
1598590 1400
1598600 1392
1598610 1385
1598620 1378
1598630 1378
1598640 1370
1598650 1363
1598660 1363
1598670 1356
1598680 1349
1598690 1349
1598700 1346
1598710 1344
1598720 1344
1598730 1340
1598740 1335
1598750 1335
1598760 1331
1598770 1329
1598780 1329
1598790 1330
1598800 1333
1598810 1331
1598820 1331
1598830 1326
1598840 1324
1598850 1324
1598860 1323
1598870 1321
1598880 1321
1598890 1320
1598900 1321
1598910 1321
1598920 1321
1598930 1321
1598940 1321
1598950 1320
1598960 1319
1598970 1319
1598980 1317
1598990 1316
1599000 1316
1599010 1314
1599020 1313
1599030 1311
1599040 1311
1599050 1310
1599060 1312
1599070 1312
1599080 1316
1599090 1319
1599100 1319
1599110 1321
1599120 1324
1599130 1324
1599140 1326
1599150 1328
1599160 1328
1599170 1331
1599180 1335
1599190 1335
1599200 1339
1599210 1344
1599220 1344
1599230 1349
1599240 1353
1599250 1358
1599260 1358
1599270 1364
1599280 1370
1599290 1370
1599300 1376
1599310 1383
1599320 1383
1599330 1389
1599340 1396
1599350 1396
1599360 1402
1599370 1408
1599380 1408
1599390 1415
1599400 1422
1599410 1422
1599420 1428
1599430 1431
1599440 1437
1599450 1437
1599460 1443
1599470 1449
1599480 1449
1599490 1454
1599500 1460
1599510 1460
1599520 1466
1599530 1471
1599540 1471
1599550 1477
1599560 1482
1599570 1482
1599580 1488
1599590 1493
1599600 1493
1599610 1498
1599620 1502
1599630 1502
1599640 1505
1599650 1506
1599660 1506
1599670 1506
1599680 1506
1599690 1505
1599700 1505
1599710 1504
1599720 1504
1599730 1504
1599740 1503
1599750 1502
1599760 1502
1599770 1500
1599780 1499
1599790 1499
1599800 1496
1599810 1494
1599820 1494
1599830 1491
1599840 1488
1599850 1484
1599860 1484
1599870 1481
1599880 1478
1599890 1478
1599900 1475
1599910 1471
1599920 1471
1599930 1468
1599940 1465
1599950 1465
1599960 1462
1599970 1459
1599980 1459
1599990 1456
1580000 1153
1580010 1152
1580020 1151
1580030 1149
1580040 1148
1580050 1146
1580060 1143
1580070 1141
1580080 1139
1580090 1139
1580100 1139
1580110 1140
1580120 1140
1580130 1140
1580140 1140
1580150 1141
1580160 1142
1580170 1143
1580180 1145
1580190 1147
1580200 1148
1580210 1147
1580220 1145
1580230 1143
1580240 1141
1580250 1139
1580260 1137
1580270 1136
1580280 1135
1580290 1134
1580300 1134
1580310 1135
1580320 1137
1580330 1141
1580340 1144
1580350 1147
1580360 1149
1580370 1152
1580380 1154
1580390 1156
1580400 1159
1580410 1161
1580420 1163
1580430 1165
1580440 1167
1580450 1168
1580460 1170
1580470 1172
1580480 1174
1580490 1176
1580500 1179
1580510 1182
1580520 1184
1580530 1186
1580540 1189
1580550 1191
1580560 1193
1580570 1195
1580580 1198
1580590 1200
1580600 1202
1580610 1204
1580620 1206
1580630 1208
1580640 1209
1580650 1210
1580660 1212
1580670 1214
1580680 1218
1580690 1220
1580700 1220
1580710 1221
1580720 1221
1580730 1222
1580740 1223
1580750 1223
1580760 1224
1580770 1225
1580780 1227
1580790 1229
1580800 1231
1580810 1232
1580820 1234
1580830 1234
1580840 1235
1580850 1236
1580860 1236
1580870 1236
1580880 1236
1580890 1236
1580900 1235
1580910 1235
1580920 1235
1580930 1236
1580940 1238
1580950 1241
1580960 1244
1580970 1247
1580980 1249
1580990 1250
1581000 1253
1581010 1255
1581020 1257
1581030 1260
1581040 1262
1581050 1264
1581060 1266
1581070 1267
1581080 1268
1581090 1269
1581100 1269
1581110 1269
1581120 1269
1581130 1270
1581140 1271
1581150 1273
1581160 1275
1581170 1278
1581180 1281
1581190 1284
1581200 1287
1581210 1290
1581220 1292
1581230 1295
1581240 1297
1581250 1299
1581260 1302
1581270 1306
1581280 1309
1581290 1313
1581300 1317
1581310 1321
1581320 1324
1581330 1328
1581340 1331
1581350 1334
1581360 1338
1581370 1342
1581380 1346
1581390 1350
1581400 1354
1581410 1357
1581420 1360
1581430 1363
1581440 1366
1581450 1368
1581460 1370
1581470 1371
1581480 1373
1581490 1375
1581500 1378
1581510 1381
1581520 1384
1581530 1388
1581540 1391
1581550 1395
1581560 1398
1581570 1401
1581580 1404
1581590 1406
1581600 1408
1581610 1410
1581620 1411
1581630 1413
1581640 1415
1581650 1416
1581660 1418
1581670 1419
1581680 1421
1581690 1422
1581700 1423
1581710 1425
1581720 1426
1581730 1427
1581740 1427
1581750 1428
1581760 1429
1581770 1429
1581780 1429
1581790 1428
1581800 1428
1581810 1427
1581820 1426
1581830 1426
1581840 1424
1581850 1424
1581860 1423
1581870 1423
1581880 1424
1581890 1424
1581900 1425
1581910 1427
1581920 1428
1581930 1429
1581940 1429
1581950 1428
1581960 1427
1581970 1423
1581980 1420
1581990 1416
1582000 1413
1582010 1409
1582020 1406
1582030 1404
1582040 1403
1582050 1403
1582060 1404
1582070 1405
1582080 1407
1582090 1409
1582100 1410
1582110 1410
1582120 1410
1582130 1411
1582140 1411
1582150 1412
1582160 1412
1582170 1413
1582180 1414
1582190 1415
1582200 1416
1582210 1417
1582220 1418
1582230 1419
1582240 1421
1582250 1422
1582260 1422
1582270 1422
1582280 1420
1582290 1419
1582300 1417
1582310 1415
1582320 1414
1582330 1414
1582340 1413
1582350 1412
1582360 1412
1582370 1411
1582380 1410
1582390 1409
1582400 1408
1582410 1406
1582420 1403
1582430 1401
1582440 1399
1582450 1397
1582460 1396
1582470 1395
1582480 1394
1582490 1393
1582500 1392
1582510 1392
1582520 1394
1582530 1396
1582540 1399
1582550 1401
1582560 1403
1582570 1404
1582580 1406
1582590 1407
1582600 1406
1582610 1405
1582620 1403
1582630 1400
1582640 1397
1582650 1395
1582660 1392
1582670 1386
1582680 1381
1582690 1377
1582700 1374
1582710 1370
1582720 1366
1582730 1362
1582740 1359
1582750 1355
1582760 1351
1582770 1347
1582780 1343
1582790 1339
1582800 1335
1582810 1331
1582820 1328
1582830 1324
1582840 1320
1582850 1317
1582860 1315
1582870 1312
1582880 1310
1582890 1308
1582900 1305
1582910 1303
1582920 1303
1582930 1303
1582940 1304
1582950 1306
1582960 1308
1582970 1310
1582980 1311
1582990 1312
1583000 1314
1583010 1315
1583020 1316
1583030 1317
1583040 1318
1583050 1319
1583060 1320
1583070 1321
1583080 1323
1583090 1325
1583100 1329
1583110 1333
1583120 1337
1583130 1342
1583140 1346
1583150 1350
1583160 1355
1583170 1359
1583180 1364
1583190 1369
1583200 1373
1583210 1378
1583220 1382
1583230 1386
1583240 1390
1583250 1395
1583260 1400
1583270 1405
1583280 1410
1583290 1415
1583300 1422
1583310 1428
1583320 1432
1583330 1436
1583340 1441
1583350 1445
1583360 1452
1583370 1460
1583380 1468
1583390 1475
1583400 1478
1583410 1481
1583420 1484
1583430 1487
1583440 1489
1583450 1491
1583460 1493
1583470 1494
1583480 1493
1583490 1492
1583500 1490
1583510 1488
1583520 1486
1583530 1486
1583540 1486
1583550 1486
1583560 1484
1583570 1482
1583580 1478
1583590 1474
1583600 1469
1583610 1464
1583620 1459
1583630 1454
1583640 1450
1583650 1446
1583660 1442
1583670 1438
1583680 1434
1583690 1431
1583700 1429
1583710 1430
1583720 1431
1583730 1433
1583740 1437
1583750 1441
1583760 1444
1583770 1445
1583780 1447
1583790 1449
1583800 1448
1583810 1446
1583820 1446
1583830 1447
1583840 1448
1583850 1449
1583860 1449
1583870 1449
1583880 1450
1583890 1452
1583900 1455
1583910 1458
1583920 1461
1583930 1465
1583940 1468
1583950 1472
1583960 1475
1583970 1479
1583980 1484
1583990 1492
1584000 1500
1584010 1508
1584020 1512
1584030 1517
1584040 1520
1584050 1523
1584060 1525
1584070 1525
1584080 1525
1584090 1524
1584100 1522
1584110 1520
1584120 1517
1584130 1514
1584140 1511
1584150 1508
1584160 1504
1584170 1500
1584180 1496
1584190 1492
1584200 1488
1584210 1482
1584220 1476
1584230 1470
1584240 1465
1584250 1459
1584260 1454
1584270 1449
1584280 1445
1584290 1440
1584300 1436
1584310 1431
1584320 1427
1584330 1423
1584340 1420
1584350 1416
1584360 1411
1584370 1405
1584380 1400
1584390 1394
1584400 1388
1584410 1383
1584420 1378
1584430 1375
1584440 1372
1584450 1369
1584460 1365
1584470 1360
1584480 1354
1584490 1348
1584500 1342
1584510 1336
1584520 1330
1584530 1326
1584540 1321
1584550 1316
1584560 1312
1584570 1307
1584580 1303
1584590 1301
1584600 1299
1584610 1299
1584620 1298
1584630 1297
1584640 1297
1584650 1296
1584660 1295
1584670 1293
1584680 1292
1584690 1290
1584700 1288
1584710 1287
1584720 1285
1584730 1283
1584740 1282
1584750 1280
1584760 1277
1584770 1274
1584780 1272
1584790 1270
1584800 1269
1584810 1268
1584820 1268
1584830 1267
1584840 1266
1584850 1265
1584860 1264
1584870 1263
1584880 1262
1584890 1262
1584900 1262
1584910 1262
1584920 1262
1584930 1262
1584940 1261
1584950 1260
1584960 1258
1584970 1257
1584980 1255
1584990 1253
1585000 1249
1585010 1247
1585020 1245
1585030 1245
1585040 1245
1585050 1245
1585060 1244
1585070 1242
1585080 1241
1585090 1241
1585100 1240
1585110 1240
1585120 1241
1585130 1241
1585140 1241
1585150 1241
1585160 1241
1585170 1241
1585180 1241
1585190 1241
1585200 1242
1585210 1243
1585220 1244
1585230 1245
1585240 1246
1585250 1247
1585260 1250
1585270 1252
1585280 1255
1585290 1257
1585300 1259
1585310 1260
1585320 1261
1585330 1261
1585340 1262
1585350 1263
1585360 1263
1585370 1264
1585380 1264
1585390 1265
1585400 1265
1585410 1266
1585420 1266
1585430 1265
1585440 1263
1585450 1261
1585460 1259
1585470 1257
1585480 1255
1585490 1254
1585500 1252
1585510 1251
1585520 1249
1585530 1246
1585540 1242
1585550 1239
1585560 1237
1585570 1235
1585580 1234
1585590 1233
1585600 1229
1585610 1226
1585620 1223
1585630 1221
1585640 1221
1585650 1221
1585660 1216
1585670 1210
1585680 1203
1585690 1199
1585700 1195
1585710 1191
1585720 1186
1585730 1182
1585740 1178
1585750 1174
1585760 1170
1585770 1166
1585780 1162
1585790 1157
1585800 1152
1585810 1148
1585820 1145
1585830 1141
1585840 1138
1585850 1134
1585860 1132
1585870 1130
1585880 1129
1585890 1130
1585900 1130
1585910 1130
1585920 1129
1585930 1128
1585940 1126
1585950 1124
1585960 1123
1585970 1123
1585980 1123
1585990 1122
1586000 1121
1586010 1120
1586020 1118
1586030 1117
1586040 1116
1586050 1115
1586060 1115
1586070 1115
1586080 1114
1586090 1114
1586100 1114
1586110 1115
1586120 1115
1586130 1115
1586140 1115
1586150 1114
1586160 1115
1586170 1116
1586180 1117
1586190 1118
1586200 1119
1586210 1120
1586220 1121
1586230 1123
1586240 1124
1586250 1126
1586260 1127
1586270 1128
1586280 1129
1586290 1129
1586300 1129
1586310 1129
1586320 1129
1586330 1130
1586340 1131
1586350 1133
1586360 1135
1586370 1137
1586380 1139
1586390 1141
1586400 1142
1586410 1144
1586420 1145
1586430 1147
1586440 1148
1586450 1150
1586460 1151
1586470 1152
1586480 1153
1586490 1155
1586500 1156
1586510 1157
1586520 1159
1586530 1160
1586540 1162
1586550 1164
1586560 1166
1586570 1168
1586580 1170
1586590 1171
1586600 1173
1586610 1175
1586620 1178
1586630 1181
1586640 1184
1586650 1187
1586660 1190
1586670 1192
1586680 1195
1586690 1198
1586700 1202
1586710 1205
1586720 1208
1586730 1211
1586740 1214
1586750 1217
1586760 1220
1586770 1224
1586780 1226
1586790 1229
1586800 1232
1586810 1234
1586820 1236
1586830 1238
1586840 1239
1586850 1240
1586860 1240
1586870 1241
1586880 1242
1586890 1243
1586900 1243
1586910 1244
1586920 1244
1586930 1244
1586940 1244
1586950 1244
1586960 1244
1586970 1244
1586980 1245
1586990 1245
1587000 1245
1587010 1246
1587020 1246
1587030 1247
1587040 1248
1587050 1249
1587060 1249
1587070 1250
1587080 1249
1587090 1249
1587100 1249
1587110 1248
1587120 1248
1587130 1246
1587140 1243
1587150 1240
1587160 1237
1587170 1233
1587180 1230
1587190 1229
1587200 1230
1587210 1235
1587220 1240
1587230 1244
1587240 1247
1587250 1249
1587260 1250
1587270 1250
1587280 1249
1587290 1247
1587300 1246
1587310 1245
1587320 1245
1587330 1246
1587340 1248
1587350 1250
1587360 1252
1587370 1253
1587380 1254
1587390 1255
1587400 1255
1587410 1255
1587420 1256
1587430 1257
1587440 1259
1587450 1261
1587460 1263
1587470 1266
1587480 1269
1587490 1272
1587500 1274
1587510 1276
1587520 1279
1587530 1282
1587540 1286
1587550 1288
1587560 1291
1587570 1294
1587580 1297
1587590 1299
1587600 1302
1587610 1304
1587620 1306
1587630 1308
1587640 1311
1587650 1313
1587660 1316
1587670 1319
1587680 1321
1587690 1325
1587700 1328
1587710 1331
1587720 1334
1587730 1337
1587740 1340
1587750 1343
1587760 1346
1587770 1349
1587780 1352
1587790 1354
1587800 1356
1587810 1358
1587820 1360
1587830 1362
1587840 1364
1587850 1367
1587860 1369
1587870 1372
1587880 1374
1587890 1377
1587900 1380
1587910 1382
1587920 1384
1587930 1386
1587940 1388
1587950 1391
1587960 1393
1587970 1396
1587980 1398
1587990 1402
1588000 1405
1588010 1408
1588020 1411
1588030 1413
1588040 1415
1588050 1418
1588060 1420
1588070 1422
1588080 1425
1588090 1427
1588100 1429
1588110 1431
1588120 1433
1588130 1436
1588140 1438
1588150 1441
1588160 1444
1588170 1448
1588180 1451
1588190 1454
1588200 1456
1588210 1459
1588220 1462
1588230 1465
1588240 1467
1588250 1470
1588260 1472
1588270 1473
1588280 1475
1588290 1477
1588300 1479
1588310 1480
1588320 1481
1588330 1481
1588340 1480
1588350 1477
1588360 1474
1588370 1471
1588380 1467
1588390 1463
1588400 1458
1588410 1454
1588420 1450
1588430 1446
1588440 1443
1588450 1439
1588460 1435
1588470 1431
1588480 1427
1588490 1423
1588500 1420
1588510 1417
1588520 1415
1588530 1414
1588540 1412
1588550 1410
1588560 1407
1588570 1403
1588580 1399
1588590 1394
1588600 1390
1588610 1386
1588620 1382
1588630 1379
1588640 1377
1588650 1375
1588660 1373
1588670 1371
1588680 1368
1588690 1364
1588700 1361
1588710 1358
1588720 1354
1588730 1351
1588740 1347
1588750 1342
1588760 1336
1588770 1331
1588780 1326
1588790 1320
1588800 1315
1588810 1310
1588820 1306
1588830 1303
1588840 1299
1588850 1296
1588860 1294
1588870 1294
1588880 1294
1588890 1293
1588900 1291
1588910 1288
1588920 1284
1588930 1279
1588940 1275
1588950 1272
1588960 1270
1588970 1267
1588980 1264
1588990 1261
1589000 1257
1589010 1254
1589020 1250
1589030 1246
1589040 1242
1589050 1238
1589060 1234
1589070 1228
1589080 1223
1589090 1218
1589100 1216
1589110 1215
1589120 1216
1589130 1216
1589140 1216
1589150 1216
1589160 1216
1589170 1217
1589180 1218
1589190 1219
1589200 1220
1589210 1221
1589220 1222
1589230 1221
1589240 1220
1589250 1217
1589260 1215
1589270 1213
1589280 1211
1589290 1210
1589300 1208
1589310 1207
1589320 1206
1589330 1204
1589340 1202
1589350 1200
1589360 1199
1589370 1197
1589380 1195
1589390 1192
1589400 1189
1589410 1185
1589420 1182
1589430 1180
1589440 1178
1589450 1176
1589460 1175
1589470 1174
1589480 1173
1589490 1172
1589500 1171
1589510 1171
1589520 1172
1589530 1173
1589540 1174
1589550 1175
1589560 1177
1589570 1177
1589580 1178
1589590 1180
1589600 1180
1589610 1181
1589620 1182
1589630 1183
1589640 1183
1589650 1183
1589660 1181
1589670 1180
1589680 1180
1589690 1179
1589700 1178
1589710 1178
1589720 1176
1589730 1172
1589740 1169
1589750 1165
1589760 1169
1589770 1173
1589780 1176
1589790 1182
1589800 1187
1589810 1191
1589820 1194
1589830 1197
1589840 1200
1589850 1203
1589860 1208
1589870 1212
1589880 1218
1589890 1224
1589900 1229
1589910 1233
1589920 1238
1589930 1242
1589940 1245
1589950 1249
1589960 1251
1589970 1250
1589980 1246
1589990 1243
1590000 1241
1590010 1242
1590020 1242
1590030 1243
1590040 1245
1590050 1246
1590060 1248
1590070 1250
1590080 1252
1590090 1255
1590100 1259
1590110 1263
1590120 1266
1590130 1269
1590140 1271
1590150 1273
1590160 1275
1590170 1276
1590180 1277
1590190 1278
1590200 1279
1590210 1280
1590220 1282
1590230 1284
1590240 1286
1590250 1289
1590260 1291
1590270 1292
1590280 1292
1590290 1289
1590300 1285
1590310 1282
1590320 1278
1590330 1276
1590340 1274
1590350 1272
1590360 1270
1590370 1268
1590380 1266
1590390 1264
1590400 1263
1590410 1262
1590420 1259
1590430 1257
1590440 1255
1590450 1253
1590460 1252
1590470 1251
1590480 1249
1590490 1249
1590500 1248
1590510 1247
1590520 1245
1590530 1244
1590540 1244
1590550 1243
1590560 1243
1590570 1242
1590580 1242
1590590 1241
1590600 1241
1590610 1240
1590620 1239
1590630 1238
1590640 1238
1590650 1238
1590660 1238
1590670 1239
1590680 1239
1590690 1240
1590700 1240
1590710 1240
1590720 1241
1590730 1241
1590740 1241
1590750 1241
1590760 1241
1590770 1241
1590780 1241
1590790 1241
1590800 1242
1590810 1242
1590820 1241
1590830 1241
1590840 1241
1590850 1241
1590860 1241
1590870 1242
1590880 1243
1590890 1243
1590900 1244
1590910 1245
1590920 1247
1590930 1248
1590940 1250
1590950 1251
1590960 1253
1590970 1255
1590980 1256
1590990 1258
1591000 1260
1591010 1262
1591020 1264
1591030 1266
1591040 1268
1591050 1270
1591060 1271
1591070 1271
1591080 1271
1591090 1271
1591100 1270
1591110 1270
1591120 1271
1591130 1271
1591140 1272
1591150 1273
1591160 1274
1591170 1276
1591180 1278
1591190 1280
1591200 1282
1591210 1284
1591220 1286
1591230 1287
1591240 1287
1591250 1285
1591260 1283
1591270 1279
1591280 1275
1591290 1271
1591300 1266
1591310 1262
1591320 1257
1591330 1253
1591340 1250
1591350 1248
1591360 1246
1591370 1244
1591380 1243
1591390 1240
1591400 1237
1591410 1233
1591420 1229
1591430 1223
1591440 1218
1591450 1213
1591460 1209
1591470 1205
1591480 1202
1591490 1200
1591500 1199
1591510 1198
1591520 1196
1591530 1192
1591540 1188
1591550 1184
1591560 1178
1591570 1172
1591580 1167
1591590 1162
1591600 1158
1591610 1157
1591620 1157
1591630 1159
1591640 1161
1591650 1164
1591660 1167
1591670 1170
1591680 1174
1591690 1178
1591700 1182
1591710 1187
1591720 1190
1591730 1192
1591740 1195
1591750 1198
1591760 1200
1591770 1201
1591780 1201
1591790 1202
1591800 1204
1591810 1209
1591820 1212
1591830 1213
1591840 1210
1591850 1208
1591860 1208
1591870 1210
1591880 1211
1591890 1211
1591900 1211
1591910 1208
1591920 1204
1591930 1198
1591940 1191
1591950 1185
1591960 1182
1591970 1175
1591980 1169
1591990 1164
1592000 1158
1592010 1152
1592020 1148
1592030 1144
1592040 1141
1592050 1137
1592060 1133
1592070 1129
1592080 1125
1592090 1121
1592100 1118
1592110 1114
1592120 1111
1592130 1108
1592140 1105
1592150 1101
1592160 1098
1592170 1095
1592180 1091
1592190 1088
1592200 1086
1592210 1084
1592220 1083
1592230 1082
1592240 1082
1592250 1082
1592260 1083
1592270 1084
1592280 1088
1592290 1092
1592300 1096
1592310 1101
1592320 1105
1592330 1108
1592340 1111
1592350 1114
1592360 1117
1592370 1119
1592380 1121
1592390 1124
1592400 1127
1592410 1132
1592420 1136
1592430 1141
1592440 1146
1592450 1151
1592460 1157
1592470 1159
1592480 1161
1592490 1163
1592500 1165
1592510 1168
1592520 1171
1592530 1175
1592540 1179
1592550 1183
1592560 1185
1592570 1186
1592580 1187
1592590 1190
1592600 1192
1592610 1194
1592620 1196
1592630 1199
1592640 1201
1592650 1204
1592660 1205
1592670 1206
1592680 1207
1592690 1208
1592700 1209
1592710 1211
1592720 1212
1592730 1213
1592740 1213
1592750 1215
1592760 1217
1592770 1219
1592780 1221
1592790 1223
1592800 1225
1592810 1226
1592820 1226
1592830 1227
1592840 1227
1592850 1229
1592860 1231
1592870 1233
1592880 1236
1592890 1239
1592900 1241
1592910 1242
1592920 1242
1592930 1243
1592940 1244
1592950 1245
1592960 1246
1592970 1248
1592980 1247
1592990 1246
1593000 1244
1593010 1242
1593020 1241
1593030 1240
1593040 1239
1593050 1238
1593060 1237
1593070 1236
1593080 1234
1593090 1233
1593100 1232
1593110 1231
1593120 1230
1593130 1230
1593140 1229
1593150 1228
1593160 1228
1593170 1228
1593180 1227
1593190 1228
1593200 1228
1593210 1229
1593220 1230
1593230 1231
1593240 1232
1593250 1233
1593260 1234
1593270 1234
1593280 1235
1593290 1235
1593300 1237
1593310 1238
1593320 1240
1593330 1241
1593340 1243
1593350 1245
1593360 1247
1593370 1249
1593380 1251
1593390 1253
1593400 1254
1593410 1255
1593420 1256
1593430 1257
1593440 1258
1593450 1259
1593460 1259
1593470 1261
1593480 1262
1593490 1263
1593500 1264
1593510 1265
1593520 1266
1593530 1267
1593540 1268
1593550 1269
1593560 1269
1593570 1270
1593580 1271
1593590 1273
1593600 1274
1593610 1275
1593620 1276
1593630 1277
1593640 1278
1593650 1279
1593660 1280
1593670 1281
1593680 1282
1593690 1283
1593700 1284
1593710 1285
1593720 1285
1593730 1285
1593740 1286
1593750 1287
1593760 1289
1593770 1291
1593780 1294
1593790 1296
1593800 1299
1593810 1303
1593820 1306
1593830 1308
1593840 1311
1593850 1313
1593860 1316
1593870 1318
1593880 1320
1593890 1322
1593900 1325
1593910 1327
1593920 1329
1593930 1331
1593940 1333
1593950 1336
1593960 1338
1593970 1340
1593980 1342
1593990 1344
1594000 1347
1594010 1349
1594020 1351
1594030 1353
1594040 1355
1594050 1357
1594060 1360
1594070 1363
1594080 1365
1594090 1367
1594100 1369
1594110 1371
1594120 1372
1594130 1373
1594140 1374
1594150 1376
1594160 1377
1594170 1379
1594180 1380
1594190 1382
1594200 1384
1594210 1387
1594220 1390
1594230 1393
1594240 1395
1594250 1397
1594260 1399
1594270 1402
1594280 1405
1594290 1408
1594300 1409
1594310 1411
1594320 1411
1594330 1412
1594340 1413
1594350 1413
1594360 1414
1594370 1415
1594380 1416
1594390 1417
1594400 1418
1594410 1420
1594420 1421
1594430 1423
1594440 1425
1594450 1426
1594460 1428
1594470 1430
1594480 1432
1594490 1435
1594500 1438
1594510 1441
1594520 1443
1594530 1446
1594540 1449
1594550 1451
1594560 1454
1594570 1457
1594580 1459
1594590 1462
1594600 1466
1594610 1469
1594620 1472
1594630 1476
1594640 1479
1594650 1483
1594660 1487
1594670 1491
1594680 1495
1594690 1499
1594700 1502
1594710 1506
1594720 1510
1594730 1513
1594740 1516
1594750 1519
1594760 1522
1594770 1525
1594780 1528
1594790 1531
1594800 1534
1594810 1538
1594820 1541
1594830 1543
1594840 1545
1594850 1547
1594860 1549
1594870 1551
1594880 1553
1594890 1555
1594900 1557
1594910 1560
1594920 1562
1594930 1564
1594940 1565
1594950 1566
1594960 1567
1594970 1569
1594980 1571
1594990 1573
1595000 1576
1595010 1581
1595020 1586
1595030 1591
1595040 1595
1595050 1599
1595060 1604
1595070 1609
1595080 1613
1595090 1617
1595100 1620
1595110 1623
1595120 1627
1595130 1632
1595140 1636
1595150 1641
1595160 1646
1595170 1650
1595180 1657
1595190 1662
1595200 1666
1595210 1669
1595220 1672
1595230 1676
1595240 1681
1595250 1685
1595260 1688
1595270 1691
1595280 1695
1595290 1699
1595300 1703
1595310 1708
1595320 1713
1595330 1718
1595340 1722
1595350 1727
1595360 1732
1595370 1737
1595380 1742
1595390 1747
1595400 1752
1595410 1757
1595420 1762
1595430 1767
1595440 1772
1595450 1777
1595460 1782
1595470 1787
1595480 1792
1595490 1798
1595500 1803
1595510 1808
1595520 1814
1595530 1819
1595540 1825
1595550 1832
1595560 1838
1595570 1844
1595580 1849
1595590 1853
1595600 1854
1595610 1852
1595620 1850
1595630 1848
1595640 1845
1595650 1842
1595660 1840
1595670 1837
1595680 1834
1595690 1831
1595700 1829
1595710 1827
1595720 1825
1595730 1823
1595740 1820
1595750 1818
1595760 1815
1595770 1812
1595780 1809
1595790 1806
1595800 1803
1595810 1800
1595820 1797
1595830 1795
1595840 1792
1595850 1789
1595860 1787
1595870 1784
1595880 1782
1595890 1779
1595900 1777
1595910 1775
1595920 1773
1595930 1771
1595940 1769
1595950 1767
1595960 1765
1595970 1763
1595980 1760
1595990 1758
1596000 1754
1596010 1751
1596020 1749
1596030 1748
1596040 1746
1596050 1743
1596060 1741
1596070 1738
1596080 1736
1596090 1733
1596100 1730
1596110 1727
1596120 1725
1596130 1724
1596140 1724
1596150 1725
1596160 1726
1596170 1726
1596180 1727
1596190 1727
1596200 1728
1596210 1728
1596220 1728
1596230 1729
1596240 1729
1596250 1729
1596260 1730
1596270 1730
1596280 1730
1596290 1731
1596300 1731
1596310 1732
1596320 1733
1596330 1733
1596340 1734
1596350 1735
1596360 1735
1596370 1736
1596380 1737
1596390 1737
1596400 1738
1596410 1738
1596420 1739
1596430 1740
1596440 1741
1596450 1742
1596460 1742
1596470 1743
1596480 1743
1596490 1744
1596500 1745
1596510 1745
1596520 1746
1596530 1747
1596540 1748
1596550 1749
1596560 1750
1596570 1751
1596580 1752
1596590 1754
1596600 1755
1596610 1757
1596620 1758
1596630 1760
1596640 1762
1596650 1764
1596660 1766
1596670 1768
1596680 1769
1596690 1770
1596700 1772
1596710 1773
1596720 1774
1596730 1775
1596740 1776
1596750 1777
1596760 1777
1596770 1777
1596780 1777
1596790 1778
1596800 1778
1596810 1777
1596820 1777
1596830 1777
1596840 1776
1596850 1775
1596860 1774
1596870 1772
1596880 1771
1596890 1769
1596900 1768
1596910 1766
1596920 1764
1596930 1762
1596940 1759
1596950 1757
1596960 1754
1596970 1752
1596980 1749
1596990 1747
1597000 1744
1597010 1741
1597020 1738
1597030 1735
1597040 1732
1597050 1730
1597060 1727
1597070 1724
1597080 1722
1597090 1719
1597100 1717
1597110 1714
1597120 1712
1597130 1710
1597140 1709
1597150 1708
1597160 1706
1597170 1705
1597180 1703
1597190 1701
1597200 1700
1597210 1698
1597220 1695
1597230 1693
1597240 1690
1597250 1688
1597260 1685
1597270 1683
1597280 1680
1597290 1678
1597300 1675
1597310 1672
1597320 1669
1597330 1666
1597340 1663
1597350 1660
1597360 1656
1597370 1653
1597380 1650
1597390 1646
1597400 1643
1597410 1640
1597420 1636
1597430 1633
1597440 1630
1597450 1626
1597460 1623
1597470 1620
1597480 1616
1597490 1613
1597500 1610
1597510 1606
1597520 1604
1597530 1601
1597540 1597
1597550 1594
1597560 1591
1597570 1587
1597580 1584
1597590 1581
1597600 1578
1597610 1575
1597620 1572
1597630 1569
1597640 1565
1597650 1562
1597660 1559
1597670 1556
1597680 1553
1597690 1549
1597700 1545
1597710 1542
1597720 1539
1597730 1536
1597740 1532
1597750 1529
1597760 1526
1597770 1523
1597780 1520
1597790 1517
1597800 1514
1597810 1511
1597820 1508
1597830 1505
1597840 1503
1597850 1500
1597860 1497
1597870 1494
1597880 1492
1597890 1490
1597900 1487
1597910 1485
1597920 1482
1597930 1479
1597940 1475
1597950 1472
1597960 1469
1597970 1465
1597980 1461
1597990 1460
1598000 1460
1598010 1462
1598020 1464
1598030 1466
1598040 1467
1598050 1468
1598060 1469
1598070 1470
1598080 1471
1598090 1472
1598100 1473
1598110 1474
1598120 1475
1598130 1476
1598140 1477
1598150 1478
1598160 1478
1598170 1479
1598180 1480
1598190 1480
1598200 1480
1598210 1480
1598220 1481
1598230 1481
1598240 1481
1598250 1481
1598260 1481
1598270 1481
1598280 1481
1598290 1481
1598300 1481
1598310 1481
1598320 1480
1598330 1480
1598340 1479
1598350 1479
1598360 1478
1598370 1477
1598380 1476
1598390 1476
1598400 1474
1598410 1473
1598420 1471
1598430 1470
1598440 1468
1598450 1465
1598460 1462
1598470 1459
1598480 1456
1598490 1451
1598500 1447
1598510 1442
1598520 1436
1598530 1430
1598540 1423
1598550 1416
1598560 1410
1598570 1404
1598580 1399
1598590 1394
1598600 1389
1598610 1384
1598620 1380
1598630 1375
1598640 1370
1598650 1365
1598660 1360
1598670 1355
1598680 1351
1598690 1347
1598700 1344
1598710 1343
1598720 1341
1598730 1338
1598740 1335
1598750 1332
1598760 1330
1598770 1328
1598780 1329
1598790 1330
1598800 1332
1598810 1331
1598820 1329
1598830 1327
1598840 1325
1598850 1323
1598860 1323
1598870 1322
1598880 1321
1598890 1320
1598900 1321
1598910 1321
1598920 1322
1598930 1321
1598940 1321
1598950 1320
1598960 1319
1598970 1318
1598980 1318
1598990 1317
1599000 1316
1599010 1315
1599020 1314
1599030 1313
1599040 1312
1599050 1311
1599060 1312
1599070 1314
1599080 1316
1599090 1319
1599100 1320
1599110 1322
1599120 1324
1599130 1326
1599140 1327
1599150 1329
1599160 1330
1599170 1332
1599180 1335
1599190 1337
1599200 1340
1599210 1343
1599220 1346
1599230 1349
1599240 1352
1599250 1356
1599260 1359
1599270 1363
1599280 1367
1599290 1371
1599300 1375
1599310 1379
1599320 1384
1599330 1388
1599340 1393
1599350 1397
1599360 1401
1599370 1405
1599380 1410
1599390 1414
1599400 1419
1599410 1423
1599420 1428
1599430 1432
1599440 1436
1599450 1440
1599460 1444
1599470 1448
1599480 1452
1599490 1456
1599500 1459
1599510 1463
1599520 1467
1599530 1471
1599540 1475
1599550 1479
1599560 1482
1599570 1486
1599580 1490
1599590 1493
1599600 1496
1599610 1500
1599620 1503
1599630 1505
1599640 1506
1599650 1506
1599660 1507
1599670 1507
1599680 1506
1599690 1506
1599700 1505
1599710 1505
1599720 1504
