1580000 1715
1580010 1709
1580020 1709
1580030 1705
1580040 1701
1580050 1701
1580060 1698
1580070 1694
1580080 1694
1580090 1690
1580100 1686
1580110 1686
1580120 1682
1580130 1679
1580140 1679
1580150 1676
1580160 1672
1580170 1672
1580180 1669
1580190 1665
1580200 1665
1580210 1660
1580220 1657
1580230 1653
1580240 1653
1580250 1649
1580260 1645
1580270 1645
1580280 1641
1580290 1638
1580300 1638
1580310 1635
1580320 1633
1580330 1633
1580340 1632
1580350 1630
1580360 1630
1580370 1631
1580380 1633
1580390 1633
1580400 1636
1580410 1638
1580420 1640
1580430 1640
1580440 1641
1580450 1643
1580460 1643
1580470 1646
1580480 1650
1580490 1650
1580500 1655
1580510 1662
1580520 1662
1580530 1665
1580540 1668
1580550 1668
1580560 1670
1580570 1673
1580580 1673
1580590 1674
1580600 1675
1580610 1675
1580620 1676
1580630 1676
1580640 1674
1580650 1674
1580660 1674
1580670 1676
1580680 1676
1580690 1678
1580700 1681
1580710 1681
1580720 1683
1580730 1685
1580740 1685
1580750 1688
1580760 1688
1580770 1688
1580780 1687
1580790 1685
1580800 1685
1580810 1683
1580820 1683
1580830 1683
1580840 1683
1580850 1681
1580860 1679
1580870 1679
1580880 1675
1580890 1672
1580900 1672
1580910 1670
1580920 1669
1580930 1669
1580940 1668
1580950 1667
1580960 1667
1580970 1667
1580980 1666
1580990 1666
1581000 1662
1581010 1658
1581020 1658
1581030 1654
1581040 1651
1581050 1649
1581060 1649
1581070 1647
1581080 1643
1581090 1643
1581100 1638
1581110 1635
1581120 1635
1581130 1633
1581140 1632
1581150 1632
1581160 1630
1581170 1627
1581180 1627
1581190 1624
1581200 1624
1581210 1624
1581220 1626
1581230 1623
1581240 1623
1581250 1618
1581260 1614
1581270 1609
1581280 1609
1581290 1603
1581300 1596
1581310 1596
1581320 1589
1581330 1584
1581340 1584
1581350 1580
1581360 1576
1581370 1576
1581380 1574
1581390 1573
1581400 1573
1581410 1573
1581420 1574
1581430 1574
1581440 1574
1581450 1575
1581460 1575
1581470 1575
1581480 1575
1581490 1573
1581500 1573
1581510 1571
1581520 1570
1581530 1570
1581540 1568
1581550 1567
1581560 1567
1581570 1567
1581580 1567
1581590 1567
1581600 1568
1581610 1568
1581620 1568
1581630 1569
1581640 1570
1581650 1570
1581660 1570
1581670 1569
1581680 1568
1581690 1568
1581700 1567
1581710 1565
1581720 1565
1581730 1564
1581740 1561
1581750 1561
1581760 1557
1581770 1553
1581780 1553
1581790 1550
1581800 1549
1581810 1549
1581820 1546
1581830 1544
1581840 1544
1581850 1543
1581860 1542
1581870 1542
1581880 1541
1581890 1539
1581900 1538
1581910 1538
1581920 1537
1581930 1535
1581940 1535
1581950 1534
1581960 1533
1581970 1533
1581980 1533
1581990 1530
1582000 1530
1582010 1527
1582020 1525
1582030 1525
1582040 1522
1582050 1519
1582060 1519
1582070 1515
1582080 1511
1582090 1507
1582100 1507
1582110 1503
1582120 1499
1582130 1499
1582140 1495
1582150 1491
1582160 1491
1582170 1487
1582180 1484
1582190 1484
1582200 1481
1582210 1477
1582220 1477
1582230 1473
1582240 1469
1582250 1469
1582260 1464
1582270 1460
1582280 1460
1582290 1456
1582300 1453
1582310 1450
1582320 1450
1582330 1447
1582340 1443
1582350 1443
1582360 1440
1582370 1436
1582380 1436
1582390 1432
1582400 1427
1582410 1427
1582420 1423
1582430 1420
1582440 1420
1582450 1416
1582460 1413
1582470 1413
1582480 1410
1582490 1406
1582500 1406
1582510 1403
1582520 1399
1582530 1394
1582540 1394
1582550 1390
1582560 1386
1582570 1386
1582580 1382
1582590 1379
1582600 1379
1582610 1374
1582620 1368
1582630 1368
1582640 1363
1582650 1358
1582660 1358
1582670 1355
1582680 1351
1582690 1351
1582700 1347
1582710 1343
1582720 1339
1582730 1339
1582740 1336
1582750 1332
1582760 1332
1582770 1329
1582780 1325
1582790 1325
1582800 1321
1582810 1318
1582820 1318
1582830 1315
1582840 1311
1582850 1311
1582860 1306
1582870 1300
1582880 1300
1582890 1294
1582900 1289
1582910 1289
1582920 1283
1582930 1278
1582940 1274
1582950 1274
1582960 1271
1582970 1269
1582980 1269
1582990 1267
1583000 1264
1583010 1264
1583020 1262
1583030 1258
1583040 1258
1583050 1255
1583060 1250
1583070 1250
1583080 1245
1583090 1240
1583100 1240
1583110 1238
1583120 1241
1583130 1241
1583140 1245
1583150 1247
1583160 1250
1583170 1250
1583180 1252
1583190 1254
1583200 1254
1583210 1257
1583220 1258
1583230 1258
1583240 1260
1583250 1261
1583260 1261
1583270 1261
1583280 1261
1583290 1261
1583300 1260
1583310 1257
1583320 1257
1583330 1255
1583340 1255
1583350 1254
1583360 1254
1583370 1253
1583380 1252
1583390 1252
1583400 1251
1583410 1250
1583420 1250
1583430 1248
1583440 1247
1583450 1247
1583460 1246
1583470 1244
1583480 1244
1583490 1241
1583500 1239
1583510 1239
1583520 1237
1583530 1235
1583540 1235
1583550 1235
1583560 1235
1583570 1233
1583580 1233
1583590 1230
1583600 1229
1583610 1229
1583620 1227
1583630 1226
1583640 1226
1583650 1225
1583660 1224
1583670 1224
1583680 1223
1583690 1222
1583700 1222
1583710 1220
1583720 1219
1583730 1219
1583740 1219
1583750 1219
1583760 1219
1583770 1217
1583780 1218
1583790 1218
1583800 1218
1583810 1219
1583820 1221
1583830 1221
1583840 1222
1583850 1222
1583860 1222
1583870 1222
1583880 1222
1583890 1222
1583900 1221
1583910 1221
1583920 1221
1583930 1220
1583940 1220
1583950 1220
1583960 1220
1583970 1220
1583980 1224
1583990 1224
1584000 1227
1584010 1229
1584020 1229
1584030 1231
1584040 1233
1584050 1233
1584060 1235
1584070 1238
1584080 1238
1584090 1241
1584100 1244
1584110 1244
1584120 1247
1584130 1249
1584140 1249
1584150 1252
1584160 1254
1584170 1254
1584180 1257
1584190 1262
1584200 1267
1584210 1267
1584220 1271
1584230 1275
1584240 1275
1584250 1279
1584260 1284
1584270 1284
1584280 1288
1584290 1293
1584300 1293
1584310 1297
1584320 1302
1584330 1302
1584340 1307
1584350 1312
1584360 1312
1584370 1317
1584380 1322
1584390 1322
1584400 1327
1584410 1330
1584420 1334
1584430 1334
1584440 1337
1584450 1341
1584460 1341
1584470 1344
1584480 1348
1584490 1348
1584500 1351
1584510 1356
1584520 1356
1584530 1359
1584540 1363
1584550 1363
1584560 1367
1584570 1370
1584580 1370
1584590 1374
1584600 1379
1584610 1384
1584620 1384
1584630 1389
1584640 1393
1584650 1393
1584660 1396
1584670 1398
1584680 1398
1584690 1400
1584700 1402
1584710 1402
1584720 1404
1584730 1407
1584740 1407
1584750 1409
1584760 1413
1584770 1413
1584780 1420
1584790 1426
1584800 1426
1584810 1433
1584820 1438
1584830 1444
1584840 1444
1584850 1449
1584860 1453
1584870 1453
1584880 1457
1584890 1461
1584900 1461
1584910 1466
1584920 1471
1584930 1471
1584940 1474
1584950 1477
1584960 1477
1584970 1482
1584980 1489
1584990 1489
1585000 1496
1585010 1505
1585020 1505
1585030 1511
1585040 1515
1585050 1516
1585060 1516
1585070 1519
1585080 1523
1585090 1523
1585100 1529
1585110 1534
1585120 1534
1585130 1533
1585140 1533
1585150 1533
1585160 1534
1585170 1536
1585180 1536
1585190 1537
1585200 1539
1585210 1539
1585220 1543
1585230 1548
1585240 1553
1585250 1553
1585260 1558
1585270 1562
1585280 1562
1585290 1565
1585300 1567
1585310 1567
1585320 1569
1585330 1572
1585340 1572
1585350 1574
1585360 1577
1585370 1577
1585380 1579
1585390 1581
1585400 1581
1585410 1583
1585420 1586
1585430 1586
1585440 1588
1585450 1589
1585460 1595
1585470 1595
1585480 1600
1585490 1605
1585500 1605
1585510 1610
1585520 1616
1585530 1616
1585540 1623
1585550 1630
1585560 1630
1585570 1639
1585580 1648
1585590 1648
1585600 1657
1585610 1666
1585620 1666
1585630 1675
1585640 1683
1585650 1682
1585660 1689
1585670 1695
1585680 1700
1585690 1700
1585700 1704
1585710 1708
1585720 1708
1585730 1712
1585740 1715
1585750 1715
1585760 1718
1585770 1720
1585780 1720
1585790 1722
1585800 1724
1585810 1724
1585820 1725
1585830 1725
1585840 1725
1585850 1725
1585860 1723
1585870 1720
1585880 1720
1585890 1716
1585900 1712
1585910 1712
1585920 1708
1585930 1704
1585940 1704
1585950 1700
1585960 1696
1585970 1696
1585980 1694
1585990 1693
1586000 1693
1586010 1692
1586020 1691
1586030 1691
1586040 1691
1586050 1691
1586060 1691
1586070 1690
1586080 1690
1586090 1689
1586100 1689
1586110 1687
1586120 1685
1586130 1685
1586140 1682
1586150 1680
1586160 1680
1586170 1678
1586180 1676
1586190 1676
1586200 1674
1586210 1672
1586220 1672
1586230 1670
1586240 1669
1586250 1669
1586260 1669
1586270 1670
1586280 1670
1586290 1671
1586300 1671
1586310 1671
1586320 1671
1586330 1673
1586340 1678
1586350 1678
1586360 1684
1586370 1691
1586380 1691
1586390 1698
1586400 1702
1586410 1702
1586420 1703
1586430 1703
1586440 1703
1586450 1705
1586460 1707
1586470 1707
1586480 1709
1586490 1710
1586500 1711
1586510 1711
1586520 1712
1586530 1712
1586540 1712
1586550 1712
1586560 1712
1586570 1712
1586580 1712
1586590 1713
1586600 1713
1586610 1713
1586620 1713
1586630 1713
1586640 1713
1586650 1712
1586660 1712
1586670 1712
1586680 1712
1586690 1712
1586700 1712
1586710 1710
1586720 1708
1586730 1708
1586740 1705
1586750 1703
1586760 1703
1586770 1701
1586780 1699
1586790 1699
1586800 1697
1586810 1695
1586820 1695
1586830 1693
1586840 1691
1586850 1691
1586860 1690
1586870 1687
1586880 1687
1586890 1685
1586900 1682
1586910 1682
1586920 1680
1586930 1679
1586940 1676
1586950 1676
1586960 1674
1586970 1671
1586980 1671
1586990 1668
1587000 1665
1587010 1665
1587020 1662
1587030 1658
1587040 1658
1587050 1655
1587060 1653
1587070 1653
1587080 1652
1587090 1649
1587100 1649
1587110 1645
1587120 1641
1587130 1637
1587140 1637
1587150 1633
1587160 1629
1587170 1629
1587180 1626
1587190 1621
1587200 1621
1587210 1614
1587220 1610
1587230 1610
1587240 1604
1587250 1599
1587260 1599
1587270 1594
1587280 1588
1587290 1588
1587300 1585
1587310 1581
1587320 1581
1587330 1577
1587340 1573
1587350 1571
1587360 1571
1587370 1568
1587380 1564
1587390 1564
1587400 1561
1587410 1560
1587420 1560
1587430 1559
1587440 1557
1587450 1557
1587460 1556
1587470 1553
1587480 1553
1587490 1551
1587500 1547
1587510 1547
1587520 1544
1587530 1540
1587540 1540
1587550 1535
1587560 1531
1587570 1529
1587580 1529
1587590 1526
1587600 1523
1587610 1523
1587620 1520
1587630 1517
1587640 1517
1587650 1515
1587660 1512
1587670 1512
1587680 1509
1587690 1505
1587700 1505
1587710 1501
1587720 1497
1587730 1497
1587740 1492
1587750 1488
1587760 1484
1587770 1484
1587780 1479
1587790 1473
1587800 1473
1587810 1468
1587820 1461
1587830 1461
1587840 1455
1587850 1450
1587860 1450
1587870 1447
1587880 1444
1587890 1444
1587900 1440
1587910 1437
1587920 1437
1587930 1435
1587940 1432
1587950 1432
1587960 1431
1587970 1428
1587980 1425
1587990 1425
1588000 1423
1588010 1420
1588020 1420
1588030 1419
1588040 1417
1588050 1417
1588060 1415
1588070 1413
1588080 1413
1588090 1412
1588100 1409
1588110 1409
1588120 1406
1588130 1401
1588140 1401
1588150 1398
1588160 1396
1588170 1396
1588180 1394
1588190 1391
1588200 1388
1588210 1388
1588220 1383
1588230 1379
1588240 1379
1588250 1374
1588260 1370
1588270 1370
1588280 1369
1588290 1367
1588300 1367
1588310 1364
1588320 1362
1588330 1362
1588340 1360
1588350 1358
1588360 1358
1588370 1357
1588380 1355
1588390 1353
1588400 1353
1588410 1351
1588420 1350
1588430 1350
1588440 1350
1588450 1351
1588460 1351
1588470 1353
1588480 1354
1588490 1354
1588500 1356
1588510 1357
1588520 1357
1588530 1358
1588540 1359
1588550 1359
1588560 1360
1588570 1362
1588580 1362
1588590 1363
1588600 1363
1588610 1364
1588620 1364
1588630 1365
1588640 1365
1588650 1365
1588660 1365
1588670 1365
1588680 1365
1588690 1365
1588700 1365
1588710 1365
1588720 1365
1588730 1365
1588740 1365
1588750 1366
1588760 1365
1588770 1365
1588780 1365
1588790 1365
1588800 1365
1588810 1365
1588820 1364
1588830 1363
1588840 1363
1588850 1363
1588860 1363
1588870 1363
1588880 1363
1588890 1362
1588900 1362
1588910 1362
1588920 1361
1588930 1361
1588940 1360
1588950 1361
1588960 1361
1588970 1360
1588980 1360
1588990 1360
1589000 1359
1589010 1359
1589020 1359
1589030 1359
1589040 1359
1589050 1358
1589060 1358
1589070 1357
1589080 1356
1589090 1356
1589100 1357
1589110 1358
1589120 1358
1589130 1359
1589140 1359
1589150 1359
1589160 1357
1589170 1355
1589180 1355
1589190 1353
1589200 1351
1589210 1351
1589220 1349
1589230 1347
1589240 1346
1589250 1346
1589260 1343
1589270 1341
1589280 1341
1589290 1341
1589300 1341
1589310 1341
1589320 1341
1589330 1341
1589340 1341
1589350 1339
1589360 1340
1589370 1340
1589380 1340
1589390 1341
1589400 1341
1589410 1342
1589420 1342
1589430 1342
1589440 1343
1589450 1344
1589460 1344
1589470 1344
1589480 1346
1589490 1347
1589500 1347
1589510 1347
1589520 1349
1589530 1349
1589540 1349
1589550 1351
1589560 1351
1589570 1353
1589580 1355
1589590 1355
1589600 1357
1589610 1360
1589620 1360
1589630 1363
1589640 1365
1589650 1366
1589660 1366
1589670 1368
1589680 1369
1589690 1369
1589700 1371
1589710 1372
1589720 1372
1589730 1374
1589740 1377
1589750 1377
1589760 1381
1589770 1385
1589780 1385
1589790 1390
1589800 1394
1589810 1394
1589820 1398
1589830 1402
1589840 1402
1589850 1406
1589860 1410
1589870 1412
1589880 1412
1589890 1416
1589900 1419
1589910 1419
1589920 1422
1589930 1425
1589940 1425
1589950 1428
1589960 1431
1589970 1431
1589980 1432
1589990 1434
1590000 1434
1590010 1437
1590020 1442
1590030 1442
1590040 1448
1590050 1451
1590060 1451
1590070 1453
1590080 1456
1590090 1459
1590100 1459
1590110 1465
1590120 1471
1590130 1471
1590140 1476
1590150 1477
1590160 1477
1590170 1477
1590180 1479
1590190 1479
1590200 1482
1590210 1486
1590220 1486
1590230 1489
1590240 1492
1590250 1492
1590260 1496
1590270 1499
1590280 1501
1590290 1501
1590300 1502
1590310 1501
1590320 1501
1590330 1499
1590340 1497
1590350 1497
1590360 1494
1590370 1490
1590380 1490
1590390 1486
1590400 1481
1590410 1481
1590420 1476
1590430 1472
1590440 1472
1590450 1469
1590460 1466
1590470 1466
1590480 1463
1590490 1458
1590500 1450
1590510 1450
1590520 1441
1590530 1437
1590540 1437
1590550 1432
1590560 1429
1590570 1429
1590580 1424
1590590 1417
1590600 1417
1590610 1412
1590620 1409
1590630 1409
1590640 1405
1590650 1401
1590660 1401
1590670 1399
1590680 1396
1590690 1396
1590700 1393
1590710 1390
1590720 1386
1590730 1386
1590740 1382
1590750 1378
1590760 1378
1590770 1374
1590780 1369
1590790 1369
1590800 1365
1590810 1362
1590820 1362
1590830 1360
1590840 1357
1590850 1357
1590860 1355
1590870 1353
1590880 1353
1590890 1351
1590900 1348
1590910 1345
1590920 1345
1590930 1341
1590940 1337
1590950 1337
1590960 1332
1590970 1328
1590980 1328
1590990 1323
1591000 1319
1591010 1319
1591020 1314
1591030 1310
1591040 1310
1591050 1306
1591060 1303
1591070 1303
1591080 1301
1591090 1299
1591100 1299
1591110 1298
1591120 1297
1591130 1296
1591140 1296
1591150 1295
1591160 1295
1591170 1295
1591180 1294
1591190 1293
1591200 1293
1591210 1291
1591220 1288
1591230 1288
1591240 1284
1591250 1280
1591260 1280
1591270 1277
1591280 1273
1591290 1273
1591300 1270
1591310 1267
1591320 1267
1591330 1264
1591340 1260
1591350 1259
1591360 1259
1591370 1262
1591380 1265
1591390 1265
1591400 1267
1591410 1269
1591420 1269
1591430 1272
1591440 1276
1591450 1276
1591460 1280
1591470 1283
1591480 1283
1591490 1286
1591500 1289
1591510 1289
1591520 1292
1591530 1295
1591540 1298
1591550 1298
1591560 1301
1591570 1303
1591580 1303
1591590 1304
1591600 1306
1591610 1306
1591620 1309
1591630 1313
1591640 1313
1591650 1317
1591660 1321
1591670 1321
1591680 1324
1591690 1328
1591700 1328
1591710 1331
1591720 1335
1591730 1335
1591740 1335
1591750 1338
1591760 1343
1591770 1343
1591780 1347
1591790 1350
1591800 1350
1591810 1351
1591820 1350
1591830 1350
1591840 1349
1591850 1350
1591860 1350
1591870 1351
1591880 1353
1591890 1353
1591900 1355
1591910 1360
1591920 1360
1591930 1364
1591940 1363
1591950 1363
1591960 1364
1591970 1366
1591980 1366
1591990 1366
1592000 1367
1592010 1370
1592020 1370
1592030 1373
1592040 1375
1592050 1375
1592060 1376
1592070 1377
1592080 1377
1592090 1379
1592100 1380
1592110 1380
1592120 1381
1592130 1382
1592140 1382
1592150 1383
1592160 1383
1592170 1382
1592180 1382
1592190 1381
1592200 1379
1592210 1379
1592220 1378
1592230 1376
1592240 1376
1592250 1375
1592260 1370
1592270 1370
1592280 1366
1592290 1362
1592300 1362
1592310 1359
1592320 1356
1592330 1356
1592340 1353
1592350 1349
1592360 1349
1592370 1346
1592380 1341
1592390 1338
1592400 1338
1592410 1335
1592420 1332
1592430 1332
1592440 1329
1592450 1325
1592460 1325
1592470 1322
1592480 1320
1592490 1320
1592500 1318
1592510 1317
1592520 1317
1592530 1317
1592540 1317
1592550 1317
1592560 1317
1592570 1317
1592580 1317
1592590 1317
1592600 1317
1592610 1318
1592620 1318
1592630 1318
1592640 1319
1592650 1319
1592660 1320
1592670 1324
1592680 1324
1592690 1327
1592700 1330
1592710 1330
1592720 1332
1592730 1333
1592740 1333
1592750 1335
1592760 1337
1592770 1337
1592780 1339
1592790 1341
1592800 1342
1592810 1342
1592820 1345
1592830 1347
1592840 1347
1592850 1348
1592860 1350
1592870 1350
1592880 1352
1592890 1354
1592900 1354
1592910 1351
1592920 1352
1592930 1352
1592940 1354
1592950 1356
1592960 1356
1592970 1357
1592980 1359
1592990 1359
1593000 1362
1593010 1363
1593020 1365
1593030 1365
1593040 1365
1593050 1366
1593060 1366
1593070 1366
1593080 1367
1593090 1367
1593100 1368
1593110 1369
1593120 1369
1593130 1370
1593140 1370
1593150 1370
1593160 1369
1593170 1368
1593180 1368
1593190 1368
1593200 1367
1593210 1367
1593220 1365
1593230 1364
1593240 1364
1593250 1364
1593260 1363
1593270 1363
1593280 1363
1593290 1363
1593300 1364
1593310 1364
1593320 1364
1593330 1364
1593340 1364
1593350 1366
1593360 1367
1593370 1367
1593380 1369
1593390 1369
1593400 1369
1593410 1370
1593420 1370
1593430 1370
1593440 1370
1593450 1370
1593460 1371
1593470 1371
1593480 1372
1593490 1373
1593500 1373
1593510 1374
1593520 1375
1593530 1375
1593540 1376
1593550 1376
1593560 1376
1593570 1375
1593580 1373
1593590 1373
1593600 1371
1593610 1371
1593620 1371
1593630 1374
1593640 1377
1593650 1380
1593660 1380
1593670 1382
1593680 1383
1593690 1383
1593700 1383
1593710 1385
1593720 1385
1593730 1387
1593740 1390
1593750 1390
1593760 1393
1593770 1396
1593780 1396
1593790 1399
1593800 1403
1593810 1403
1593820 1406
1593830 1407
1593840 1407
1593850 1409
1593860 1410
1593870 1411
1593880 1411
1593890 1412
1593900 1413
1593910 1413
1593920 1413
1593930 1414
1593940 1414
1593950 1416
1593960 1418
1593970 1418
1593980 1419
1593990 1422
1594000 1422
1594010 1424
1594020 1427
1594030 1427
1594040 1432
1594050 1435
1594060 1438
1594070 1438
1594080 1445
1594090 1447
1594100 1447
1594110 1450
1594120 1453
1594130 1453
1594140 1455
1594150 1457
1594160 1457
1594170 1459
1594180 1460
1594190 1460
1594200 1462
1594210 1465
1594220 1465
1594230 1468
1594240 1471
1594250 1471
1594260 1473
1594270 1476
1594280 1479
1594290 1479
1594300 1483
1594310 1486
1594320 1486
1594330 1489
1594340 1492
1594350 1492
1594360 1496
1594370 1499
1594380 1499
1594390 1503
1594400 1507
1594410 1507
1594420 1509
1594430 1513
1594440 1513
1594450 1516
1594460 1520
1594470 1520
1594480 1524
1594490 1529
1594500 1534
1594510 1534
1594520 1538
1594530 1543
1594540 1543
1594550 1549
1594560 1553
1594570 1553
1594580 1558
1594590 1563
1594600 1563
1594610 1568
1594620 1573
1594630 1573
1594640 1579
1594650 1585
1594660 1585
1594670 1591
1594680 1598
1594690 1605
1594700 1605
1594710 1611
1594720 1618
1594730 1618
1594740 1624
1594750 1631
1594760 1631
1594770 1636
1594780 1641
1594790 1641
1594800 1646
1594810 1651
1594820 1651
1594830 1657
1594840 1663
1594850 1663
1594860 1670
1594870 1676
1594880 1676
1594890 1682
1594900 1689
1594910 1696
1594920 1696
1594930 1703
1594940 1712
1594950 1712
1594960 1723
1594970 1732
1594980 1732
1594990 1740
1595000 1750
1595010 1750
1595020 1759
1595030 1766
1595040 1766
1595050 1773
1595060 1779
1595070 1779
1595080 1783
1595090 1786
1595100 1786
1595110 1789
1595120 1791
1595130 1793
1595140 1793
1595150 1796
1595160 1798
1595170 1798
1595180 1801
1595190 1803
1595200 1803
1595210 1805
1595220 1807
1595230 1804
1595240 1806
1595250 1808
1595260 1808
1595270 1810
1595280 1812
1595290 1812
1595300 1814
1595310 1815
1595320 1817
1595330 1817
1595340 1819
1595350 1821
1595360 1821
1595370 1822
1595380 1823
1595390 1823
1595400 1824
1595410 1825
1595420 1825
1595430 1826
1595440 1827
1595450 1827
1595460 1828
1595470 1829
1595480 1829
1595490 1829
1595500 1829
1595510 1829
1595520 1829
1595530 1830
1595540 1830
1595550 1830
1595560 1830
1595570 1831
1595580 1831
1595590 1831
1595600 1830
1595610 1830
1595620 1830
1595630 1829
1595640 1829
1595650 1829
1595660 1828
1595670 1828
1595680 1827
1595690 1826
1595700 1826
1595710 1825
1595720 1824
1595730 1824
1595740 1822
1595750 1821
1595760 1819
1595770 1819
1595780 1817
1595790 1815
1595800 1815
1595810 1813
1595820 1811
1595830 1811
1595840 1809
1595850 1806
1595860 1806
1595870 1803
1595880 1800
1595890 1800
1595900 1797
1595910 1794
1595920 1794
1595930 1790
1595940 1786
1595950 1781
1595960 1781
1595970 1776
1595980 1770
1595990 1770
1596000 1764
1596010 1758
1596020 1758
1596030 1752
1596040 1746
1596050 1746
1596060 1741
1596070 1735
1596080 1735
1596090 1730
1596100 1726
1596110 1726
1596120 1722
1596130 1718
1596140 1718
1596150 1715
1596160 1712
1596170 1709
1596180 1709
1596190 1706
1596200 1703
1596210 1703
1596220 1701
1596230 1698
1596240 1698
1596250 1695
1596260 1691
1596270 1691
1596280 1688
1596290 1685
1596300 1685
1596310 1681
1596320 1677
1596330 1677
1596340 1673
1596350 1669
1596360 1665
1596370 1661
1596380 1657
1596390 1653
1596400 1653
1596410 1648
1596420 1644
1596430 1644
1596440 1639
1596450 1634
1596460 1634
1596470 1629
1596480 1624
1596490 1624
1596500 1619
1596510 1614
1596520 1614
1596530 1609
1596540 1604
1596550 1604
1596560 1599
1596570 1593
1596580 1586
1596590 1586
1596600 1581
1596610 1592
1596620 1592
1596630 1598
1596640 1603
1596650 1603
1596660 1607
1596670 1612
1596680 1612
1596690 1617
1596700 1623
1596710 1623
1596720 1627
1596730 1629
1596740 1629
1596750 1631
1596760 1631
1596770 1631
1596780 1631
1596790 1631
1596800 1630
1596810 1630
1596820 1629
1596830 1629
1596840 1629
1596850 1627
1596860 1626
1596870 1626
1596880 1625
1596890 1623
1596900 1623
1596910 1622
1596920 1620
1596930 1620
1596940 1618
1596950 1616
1596960 1616
1596970 1614
1596980 1612
1596990 1612
1597000 1610
1597010 1607
1597020 1605
1597030 1605
1597040 1603
1597050 1600
1597060 1600
1597070 1597
1597080 1595
1597090 1595
1597100 1592
1597110 1589
1597120 1589
1597130 1586
1597140 1583
1597150 1583
1597160 1580
1597170 1576
1597180 1576
1597190 1572
1597200 1568
1597210 1565
1597220 1565
1597230 1561
1597240 1557
1597250 1557
1597260 1553
1597270 1550
1597280 1550
1597290 1547
1597300 1545
1597310 1545
1597320 1543
1597330 1541
1597340 1541
1597350 1540
1597360 1539
1597370 1539
1597380 1537
1597390 1535
1597400 1535
1597410 1534
1597420 1531
1597430 1527
1597440 1527
1597450 1524
1597460 1521
1597470 1521
1597480 1517
1597490 1513
1597500 1513
1597510 1510
1597520 1507
1597530 1507
1597540 1503
1597550 1499
1597560 1499
1597570 1496
1597580 1492
1597590 1492
1597600 1488
1597610 1485
1597620 1481
1597630 1481
1597640 1477
1597650 1473
1597660 1473
1597670 1471
1597680 1468
1597690 1468
1597700 1466
1597710 1463
1597720 1463
1597730 1460
1597740 1457
1597750 1457
1597760 1454
1597770 1451
1597780 1451
1597790 1447
1597800 1445
1597810 1445
1597820 1442
1597830 1440
1597840 1437
1597850 1437
1597860 1434
1597870 1431
1597880 1431
1597890 1428
1597900 1426
1597910 1426
1597920 1423
1597930 1420
1597940 1420
1597950 1417
1597960 1413
1597970 1413
1597980 1410
1597990 1405
1598000 1405
1598010 1400
1598020 1394
1598030 1394
1598040 1389
1598050 1385
1598060 1381
1598070 1381
1598080 1377
1598090 1373
1598100 1373
1598110 1369
1598120 1366
1598130 1366
1598140 1363
1598150 1359
1598160 1359
1598170 1355
1598180 1351
1598190 1351
1598200 1347
1598210 1342
1598220 1342
1598230 1340
1598240 1336
1598250 1333
1598260 1333
1598270 1331
1598280 1328
1598290 1328
1598300 1324
1598310 1320
1598320 1320
1598330 1314
1598340 1307
1598350 1307
1598360 1304
1598370 1303
1598380 1303
1598390 1303
1598400 1304
1598410 1304
1598420 1304
1598430 1304
1598440 1304
1598450 1303
1598460 1300
1598470 1299
1598480 1299
1598490 1299
1598500 1301
1598510 1301
1598520 1302
1598530 1304
1598540 1304
1598550 1305
1598560 1306
1598570 1306
1598580 1308
1598590 1309
1598600 1309
1598610 1305
1598620 1307
1598630 1307
1598640 1308
1598650 1310
1598660 1310
1598670 1311
1598680 1311
1598690 1313
1598700 1313
1598710 1315
1598720 1316
1598730 1316
1598740 1318
1598750 1318
1598760 1318
1598770 1320
1598780 1322
1598790 1322
1598800 1324
1598810 1325
1598820 1325
1598830 1327
1598840 1328
1598850 1328
1598860 1329
1598870 1331
1598880 1333
1598890 1333
1598900 1334
1598910 1334
1598920 1334
1598930 1330
1598940 1324
1598950 1324
1598960 1317
1598970 1310
1598980 1310
1598990 1305
1599000 1302
1599010 1302
1599020 1298
1599030 1294
1599040 1294
1599050 1290
1599060 1287
1599070 1287
1599080 1284
1599090 1283
1599100 1283
1599110 1283
1599120 1283
1599130 1281
1599140 1281
1599150 1283
1599160 1285
1599170 1285
1599180 1287
1599190 1288
1599200 1288
1599210 1288
1599220 1290
1599230 1290
1599240 1291
1599250 1292
1599260 1292
1599270 1294
1599280 1295
1599290 1295
1599300 1297
1599310 1298
1599320 1298
1599330 1298
1599340 1300
1599350 1300
1599360 1300
1599370 1301
1599380 1302
1599390 1302
1599400 1304
1599410 1305
1599420 1305
1599430 1304
1599440 1303
1599450 1303
1599460 1304
1599470 1304
1599480 1304
1599490 1303
1599500 1301
1599510 1299
1599520 1299
1599530 1297
1599540 1294
1599550 1294
1599560 1291
1599570 1289
1599580 1289
1599590 1288
1599600 1287
1599610 1287
1599620 1285
1599630 1282
1599640 1282
1599650 1280
1599660 1279
1599670 1279
1599680 1278
1599690 1278
1599700 1278
1599710 1277
1599720 1272
1599730 1267
1599740 1267
1599750 1261
1599760 1262
1599770 1262
1599780 1265
1599790 1266
1599800 1266
1599810 1266
1599820 1267
1599830 1267
1599840 1266
1599850 1266
1599860 1266
1599870 1268
1599880 1270
1599890 1270
1599900 1271
1599910 1271
1599920 1271
1599930 1272
1599940 1272
1599950 1272
1599960 1272
1599970 1271
1599980 1270
1599990 1270
