1580000 1396
1580010 1393
1580020 1390
1580030 1390
1580040 1387
1580050 1384
1580060 1384
1580070 1381
1580080 1377
1580090 1377
1580100 1372
1580110 1368
1580120 1368
1580130 1362
1580140 1359
1580150 1359
1580160 1356
1580170 1353
1580180 1353
1580190 1350
1580200 1346
1580210 1341
1580220 1341
1580230 1336
1580240 1332
1580250 1332
1580260 1328
1580270 1323
1580280 1323
1580290 1319
1580300 1316
1580310 1316
1580320 1313
1580330 1311
1580340 1311
1580350 1308
1580360 1305
1580370 1305
1580380 1303
1580390 1300
1580400 1300
1580410 1296
1580420 1291
1580430 1288
1580440 1288
1580450 1285
1580460 1280
1580470 1280
1580480 1277
1580490 1274
1580500 1274
1580510 1272
1580520 1269
1580530 1269
1580540 1266
1580550 1262
1580560 1262
1580570 1257
1580580 1254
1580590 1254
1580600 1251
1580610 1249
1580620 1249
1580630 1248
1580640 1247
1580650 1251
1580660 1251
1580670 1255
1580680 1257
1580690 1257
1580700 1260
1580710 1262
1580720 1262
1580730 1264
1580740 1266
1580750 1266
1580760 1267
1580770 1268
1580780 1268
1580790 1269
1580800 1267
1580810 1267
1580820 1265
1580830 1264
1580840 1264
1580850 1264
1580860 1264
1580870 1266
1580880 1266
1580890 1267
1580900 1269
1580910 1269
1580920 1269
1580930 1270
1580940 1270
1580950 1271
1580960 1273
1580970 1273
1580980 1275
1580990 1276
1581000 1276
1581010 1278
1581020 1277
1581030 1277
1581040 1273
1581050 1269
1581060 1264
1581070 1264
1581080 1259
1581090 1255
1581100 1255
1581110 1252
1581120 1248
1581130 1248
1581140 1245
1581150 1242
1581160 1242
1581170 1241
1581180 1240
1581190 1240
1581200 1238
1581210 1235
1581220 1235
1581230 1231
1581240 1226
1581250 1226
1581260 1222
1581270 1218
1581280 1215
1581290 1215
1581300 1212
1581310 1210
1581320 1210
1581330 1209
1581340 1207
1581350 1207
1581360 1204
1581370 1201
1581380 1201
1581390 1197
1581400 1195
1581410 1195
1581420 1194
1581430 1192
1581440 1192
1581450 1191
1581460 1192
1581470 1192
1581480 1192
1581490 1193
1581500 1193
1581510 1193
1581520 1195
1581530 1196
1581540 1196
1581550 1198
1581560 1201
1581570 1201
1581580 1204
1581590 1206
1581600 1206
1581610 1209
1581620 1212
1581630 1212
1581640 1215
1581650 1218
1581660 1218
1581670 1222
1581680 1224
1581690 1227
1581700 1227
1581710 1230
1581720 1233
1581730 1233
1581740 1235
1581750 1239
1581760 1239
1581770 1242
1581780 1245
1581790 1245
1581800 1249
1581810 1253
1581820 1253
1581830 1257
1581840 1262
1581850 1262
1581860 1266
1581870 1270
1581880 1270
1581890 1274
1581900 1277
1581910 1279
1581920 1279
1581930 1282
1581940 1285
1581950 1285
1581960 1286
1581970 1287
1581980 1287
1581990 1285
1582000 1283
1582010 1283
1582020 1281
1582030 1279
1582040 1279
1582050 1277
1582060 1276
1582070 1276
1582080 1273
1582090 1271
1582100 1271
1582110 1267
1582120 1264
1582130 1264
1582140 1264
1582150 1264
1582160 1263
1582170 1263
1582180 1261
1582190 1259
1582200 1259
1582210 1258
1582220 1257
1582230 1257
1582240 1256
1582250 1255
1582260 1255
1582270 1254
1582280 1252
1582290 1252
1582300 1251
1582310 1250
1582320 1250
1582330 1249
1582340 1247
1582350 1245
1582360 1245
1582370 1244
1582380 1241
1582390 1241
1582400 1238
1582410 1234
1582420 1234
1582430 1231
1582440 1230
1582450 1230
1582460 1228
1582470 1226
1582480 1226
1582490 1224
1582500 1222
1582510 1222
1582520 1220
1582530 1218
1582540 1215
1582550 1215
1582560 1212
1582570 1210
1582580 1210
1582590 1207
1582600 1204
1582610 1204
1582620 1201
1582630 1198
1582640 1198
1582650 1195
1582660 1193
1582670 1193
1582680 1190
1582690 1187
1582700 1187
1582710 1184
1582720 1182
1582730 1182
1582740 1177
1582750 1173
1582760 1169
1582770 1169
1582780 1166
1582790 1163
1582800 1163
1582810 1158
1582820 1153
1582830 1153
1582840 1149
1582850 1145
1582860 1145
1582870 1141
1582880 1139
1582890 1139
1582900 1136
1582910 1133
1582920 1133
1582930 1131
1582940 1129
1582950 1129
1582960 1127
1582970 1125
1582980 1123
1582990 1123
1583000 1121
1583010 1119
1583020 1119
1583030 1116
1583040 1113
1583050 1113
1583060 1109
1583070 1105
1583080 1105
1583090 1103
1583100 1101
1583110 1101
1583120 1099
1583130 1097
1583140 1097
1583150 1096
1583160 1095
1583170 1095
1583180 1093
1583190 1090
1583200 1086
1583210 1086
1583220 1082
1583230 1079
1583240 1079
1583250 1073
1583260 1070
1583270 1070
1583280 1074
1583290 1076
1583300 1076
1583310 1077
1583320 1078
1583330 1078
1583340 1080
1583350 1082
1583360 1082
1583370 1085
1583380 1088
1583390 1090
1583400 1090
1583410 1092
1583420 1094
1583430 1094
1583440 1096
1583450 1098
1583460 1098
1583470 1100
1583480 1104
1583490 1104
1583500 1108
1583510 1111
1583520 1111
1583530 1114
1583540 1117
1583550 1117
1583560 1120
1583570 1124
1583580 1124
1583590 1128
1583600 1132
1583610 1136
1583620 1136
1583630 1141
1583640 1146
1583650 1146
1583660 1150
1583670 1155
1583680 1155
1583690 1161
1583700 1166
1583710 1166
1583720 1170
1583730 1174
1583740 1174
1583750 1178
1583760 1183
1583770 1183
1583780 1188
1583790 1194
1583800 1194
1583810 1199
1583820 1203
1583830 1205
1583840 1205
1583850 1207
1583860 1209
1583870 1209
1583880 1210
1583890 1212
1583900 1212
1583910 1214
1583920 1216
1583930 1216
1583940 1218
1583950 1221
1583960 1221
1583970 1224
1583980 1228
1583990 1228
1584000 1231
1584010 1235
1584020 1235
1584030 1239
1584040 1244
1584050 1249
1584060 1249
1584070 1254
1584080 1259
1584090 1259
1584100 1264
1584110 1266
1584120 1266
1584130 1269
1584140 1273
1584150 1273
1584160 1276
1584170 1280
1584180 1280
1584190 1283
1584200 1286
1584210 1286
1584220 1289
1584230 1292
1584240 1294
1584250 1294
1584260 1299
1584270 1303
1584280 1303
1584290 1306
1584300 1310
1584310 1310
1584320 1315
1584330 1321
1584340 1321
1584350 1328
1584360 1330
1584370 1330
1584380 1333
1584390 1335
1584400 1335
1584410 1337
1584420 1340
1584430 1340
1584440 1342
1584450 1345
1584460 1348
1584470 1348
1584480 1350
1584490 1352
1584500 1352
1584510 1355
1584520 1358
1584530 1358
1584540 1361
1584550 1364
1584560 1364
1584570 1366
1584580 1369
1584590 1369
1584600 1371
1584610 1373
1584620 1373
1584630 1376
1584640 1378
1584650 1378
1584660 1381
1584670 1385
1584680 1389
1584690 1389
1584700 1391
1584710 1395
1584720 1395
1584730 1398
1584740 1400
1584750 1400
1584760 1403
1584770 1407
1584780 1407
1584790 1410
1584800 1414
1584810 1414
1584820 1416
1584830 1419
1584840 1419
1584850 1421
1584860 1423
1584870 1423
1584880 1425
1584890 1428
1584900 1430
1584910 1430
1584920 1432
1584930 1436
1584940 1436
1584950 1440
1584960 1444
1584970 1444
1584980 1445
1584990 1446
1585000 1446
1585010 1448
1585020 1452
1585030 1452
1585040 1456
1585050 1460
1585060 1460
1585070 1464
1585080 1469
1585090 1473
1585100 1473
1585110 1475
1585120 1477
1585130 1477
1585140 1480
1585150 1484
1585160 1484
1585170 1490
1585180 1494
1585190 1494
1585200 1495
1585210 1496
1585220 1496
1585230 1497
1585240 1498
1585250 1498
1585260 1501
1585270 1503
1585280 1503
1585290 1507
1585300 1511
1585310 1516
1585320 1516
1585330 1519
1585340 1520
1585350 1520
1585360 1523
1585370 1524
1585380 1524
1585390 1525
1585400 1526
1585410 1526
1585420 1527
1585430 1526
1585440 1526
1585450 1527
1585460 1527
1585470 1527
1585480 1528
1585490 1528
1585500 1528
1585510 1529
1585520 1529
1585530 1530
1585540 1530
1585550 1531
1585560 1531
1585570 1531
1585580 1530
1585590 1531
1585600 1531
1585610 1529
1585620 1531
1585630 1531
1585640 1533
1585650 1534
1585660 1534
1585670 1535
1585680 1536
1585690 1536
1585700 1537
1585710 1538
1585720 1538
1585730 1538
1585740 1540
1585750 1542
1585760 1542
1585770 1544
1585780 1546
1585790 1546
1585800 1547
1585810 1549
1585820 1549
1585830 1549
1585840 1550
1585850 1550
1585860 1550
1585870 1553
1585880 1553
1585890 1555
1585900 1557
1585910 1557
1585920 1560
1585930 1560
1585940 1561
1585950 1561
1585960 1562
1585970 1564
1585980 1564
1585990 1566
1586000 1567
1586010 1567
1586020 1568
1586030 1572
1586040 1572
1586050 1573
1586060 1574
1586070 1574
1586080 1574
1586090 1575
1586100 1575
1586110 1576
1586120 1576
1586130 1576
1586140 1575
1586150 1575
1586160 1574
1586170 1574
1586180 1573
1586190 1571
1586200 1571
1586210 1572
1586220 1572
1586230 1572
1586240 1572
1586250 1570
1586260 1570
1586270 1569
1586280 1567
1586290 1567
1586300 1566
1586310 1564
1586320 1564
1586330 1563
1586340 1560
1586350 1560
1586360 1558
1586370 1556
1586380 1554
1586390 1554
1586400 1553
1586410 1551
1586420 1551
1586430 1549
1586440 1547
1586450 1547
1586460 1546
1586470 1544
1586480 1544
1586490 1542
1586500 1539
1586510 1539
1586520 1537
1586530 1535
1586540 1535
1586550 1534
1586560 1532
1586570 1529
1586580 1529
1586590 1527
1586600 1525
1586610 1525
1586620 1522
1586630 1518
1586640 1518
1586650 1514
1586660 1509
1586670 1509
1586680 1506
1586690 1502
1586700 1502
1586710 1500
1586720 1497
1586730 1497
1586740 1493
1586750 1490
1586760 1490
1586770 1487
1586780 1484
1586790 1481
1586800 1481
1586810 1478
1586820 1475
1586830 1475
1586840 1472
1586850 1470
1586860 1468
1586870 1464
1586880 1461
1586890 1461
1586900 1458
1586910 1454
1586920 1454
1586930 1450
1586940 1447
1586950 1447
1586960 1442
1586970 1437
1586980 1437
1586990 1434
1587000 1431
1587010 1429
1587020 1429
1587030 1426
1587040 1423
1587050 1423
1587060 1419
1587070 1416
1587080 1416
1587090 1412
1587100 1407
1587110 1407
1587120 1403
1587130 1399
1587140 1399
1587150 1396
1587160 1394
1587170 1394
1587180 1392
1587190 1390
1587200 1390
1587210 1388
1587220 1387
1587230 1385
1587240 1385
1587250 1382
1587260 1379
1587270 1379
1587280 1377
1587290 1376
1587300 1376
1587310 1375
1587320 1375
1587330 1375
1587340 1374
1587350 1372
1587360 1372
1587370 1371
1587380 1370
1587390 1370
1587400 1369
1587410 1368
1587420 1366
1587430 1366
1587440 1365
1587450 1363
1587460 1363
1587470 1361
1587480 1360
1587490 1360
1587500 1358
1587510 1356
1587520 1356
1587530 1354
1587540 1352
1587550 1352
1587560 1349
1587570 1347
1587580 1347
1587590 1344
1587600 1341
1587610 1341
1587620 1337
1587630 1333
1587640 1329
1587650 1329
1587660 1326
1587670 1324
1587680 1324
1587690 1322
1587700 1319
1587710 1319
1587720 1317
1587730 1315
1587740 1315
1587750 1313
1587760 1311
1587770 1311
1587780 1308
1587790 1307
1587800 1307
1587810 1306
1587820 1304
1587830 1304
1587840 1304
1587850 1305
1587860 1304
1587870 1304
1587880 1303
1587890 1301
1587900 1301
1587910 1299
1587920 1298
1587930 1298
1587940 1297
1587950 1296
1587960 1296
1587970 1296
1587980 1295
1587990 1295
1588000 1294
1588010 1291
1588020 1291
1588030 1288
1588040 1283
1588050 1283
1588060 1279
1588070 1272
1588080 1269
1588090 1271
1588100 1268
1588110 1264
1588120 1264
1588130 1263
1588140 1264
1588150 1264
1588160 1264
1588170 1263
1588180 1263
1588190 1261
1588200 1261
1588210 1261
1588220 1260
1588230 1259
1588240 1259
1588250 1259
1588260 1262
1588270 1263
1588280 1263
1588290 1267
1588300 1271
1588310 1271
1588320 1277
1588330 1281
1588340 1281
1588350 1282
1588360 1281
1588370 1281
1588380 1281
1588390 1281
1588400 1281
1588410 1282
1588420 1281
1588430 1281
1588440 1281
1588450 1282
1588460 1282
1588470 1282
1588480 1283
1588490 1282
1588500 1282
1588510 1282
1588520 1283
1588530 1283
1588540 1283
1588550 1284
1588560 1284
1588570 1284
1588580 1285
1588590 1285
1588600 1285
1588610 1286
1588620 1286
1588630 1287
1588640 1288
1588650 1288
1588660 1289
1588670 1291
1588680 1291
1588690 1292
1588700 1293
1588710 1293
1588720 1293
1588730 1293
1588740 1293
1588750 1293
1588760 1293
1588770 1294
1588780 1294
1588790 1294
1588800 1294
1588810 1294
1588820 1294
1588830 1294
1588840 1294
1588850 1294
1588860 1294
1588870 1294
1588880 1294
1588890 1293
1588900 1293
1588910 1293
1588920 1293
1588930 1295
1588940 1295
1588950 1295
1588960 1295
1588970 1295
1588980 1294
1588990 1292
1589000 1292
1589010 1291
1589020 1291
1589030 1291
1589040 1292
1589050 1292
1589060 1292
1589070 1293
1589080 1293
1589090 1293
1589100 1294
1589110 1295
1589120 1298
1589130 1298
1589140 1302
1589150 1308
1589160 1308
1589170 1314
1589180 1318
1589190 1318
1589200 1321
1589210 1323
1589220 1323
1589230 1324
1589240 1323
1589250 1323
1589260 1318
1589270 1316
1589280 1316
1589290 1315
1589300 1313
1589310 1311
1589320 1310
1589330 1311
1589340 1310
1589350 1310
1589360 1308
1589370 1309
1589380 1309
1589390 1302
1589400 1294
1589410 1294
1589420 1288
1589430 1282
1589440 1282
1589450 1276
1589460 1270
1589470 1270
1589480 1259
1589490 1244
1589500 1244
1589510 1234
1589520 1227
1589530 1227
1589540 1220
1589550 1217
1589560 1216
1589570 1216
1589580 1215
1589590 1213
1589600 1213
1589610 1211
1589620 1208
1589630 1208
1589640 1204
1589650 1201
1589660 1201
1589670 1199
1589680 1196
1589690 1196
1589700 1194
1589710 1192
1589720 1192
1589730 1189
1589740 1187
1589750 1187
1589760 1184
1589770 1182
1589780 1179
1589790 1179
1589800 1176
1589810 1173
1589820 1173
1589830 1171
1589840 1168
1589850 1168
1589860 1164
1589870 1162
1589880 1162
1589890 1160
1589900 1159
1589910 1159
1589920 1157
1589930 1155
1589940 1155
1589950 1152
1589960 1150
1589970 1149
1589980 1149
1589990 1147
1590000 1146
1590010 1146
1590020 1144
1590030 1141
1590040 1141
1590050 1139
1590060 1138
1590070 1138
1590080 1136
1590090 1133
1590100 1133
1590110 1130
1590120 1128
1590130 1128
1590140 1126
1590150 1124
1590160 1124
1590170 1123
1590180 1121
1590190 1120
1590200 1120
1590210 1119
1590220 1116
1590230 1116
1590240 1116
1590250 1116
1590260 1116
1590270 1115
1590280 1113
1590290 1113
1590300 1112
1590310 1111
1590320 1111
1590330 1111
1590340 1111
1590350 1111
1590360 1112
1590370 1112
1590380 1112
1590390 1113
1590400 1113
1590410 1113
1590420 1113
1590430 1114
1590440 1115
1590450 1115
1590460 1116
1590470 1116
1590480 1116
1590490 1116
1590500 1114
1590510 1112
1590520 1110
1590530 1110
1590540 1110
1590550 1109
1590560 1108
1590570 1108
1590580 1108
1590590 1107
1590600 1107
1590610 1106
1590620 1105
1590630 1104
1590640 1104
1590650 1104
1590660 1104
1590670 1104
1590680 1104
1590690 1104
1590700 1104
1590710 1103
1590720 1103
1590730 1103
1590740 1104
1590750 1105
1590760 1105
1590770 1106
1590780 1108
1590790 1108
1590800 1112
1590810 1117
1590820 1120
1590830 1120
1590840 1123
1590850 1126
1590860 1126
1590870 1129
1590880 1131
1590890 1131
1590900 1133
1590910 1135
1590920 1135
1590930 1138
1590940 1140
1590950 1140
1590960 1143
1590970 1145
1590980 1145
1590990 1147
1591000 1149
1591010 1149
1591020 1151
1591030 1155
1591040 1158
1591050 1158
1591060 1161
1591070 1164
1591080 1164
1591090 1166
1591100 1169
1591110 1169
1591120 1172
1591130 1176
1591140 1176
1591150 1180
1591160 1184
1591170 1184
1591180 1188
1591190 1192
1591200 1192
1591210 1196
1591220 1200
1591230 1200
1591240 1204
1591250 1207
1591260 1210
1591270 1210
1591280 1214
1591290 1218
1591300 1218
1591310 1220
1591320 1224
1591330 1224
1591340 1228
1591350 1232
1591360 1232
1591370 1236
1591380 1241
1591390 1241
1591400 1245
1591410 1249
1591420 1249
1591430 1254
1591440 1259
1591450 1265
1591460 1265
1591470 1271
1591480 1276
1591490 1276
1591500 1277
1591510 1281
1591520 1281
1591530 1286
1591540 1290
1591550 1290
1591560 1296
1591570 1301
1591580 1301
1591590 1303
1591600 1306
1591610 1306
1591620 1311
1591630 1315
1591640 1315
1591650 1320
1591660 1323
1591670 1328
1591680 1328
1591690 1332
1591700 1337
1591710 1337
1591720 1339
1591730 1341
1591740 1341
1591750 1344
1591760 1347
1591770 1347
1591780 1349
1591790 1351
1591800 1351
1591810 1352
1591820 1355
1591830 1355
1591840 1359
1591850 1361
1591860 1361
1591870 1363
1591880 1365
1591890 1367
1591900 1367
1591910 1368
1591920 1370
1591930 1370
1591940 1372
1591950 1375
1591960 1375
1591970 1377
1591980 1380
1591990 1380
1592000 1383
1592010 1386
1592020 1386
1592030 1388
1592040 1390
1592050 1390
1592060 1393
1592070 1396
1592080 1396
1592090 1399
1592100 1402
1592110 1404
1592120 1404
1592130 1407
1592140 1409
1592150 1409
1592160 1413
1592170 1416
1592180 1416
1592190 1419
1592200 1421
1592210 1421
1592220 1422
1592230 1424
1592240 1424
1592250 1426
1592260 1428
1592270 1428
1592280 1430
1592290 1433
1592300 1435
1592310 1435
1592320 1436
1592330 1438
1592340 1438
1592350 1440
1592360 1441
1592370 1441
1592380 1443
1592390 1444
1592400 1444
1592410 1445
1592420 1444
1592430 1444
1592440 1442
1592450 1439
1592460 1439
1592470 1436
1592480 1434
1592490 1434
1592500 1432
1592510 1429
1592520 1427
1592530 1427
1592540 1425
1592550 1423
1592560 1423
1592570 1421
1592580 1420
1592590 1420
1592600 1418
1592610 1416
1592620 1416
1592630 1414
1592640 1412
1592650 1412
1592660 1409
1592670 1407
1592680 1407
1592690 1403
1592700 1400
1592710 1400
1592720 1398
1592730 1395
1592740 1393
1592750 1393
1592760 1390
1592770 1388
1592780 1388
1592790 1386
1592800 1384
1592810 1384
1592820 1382
1592830 1381
1592840 1381
1592850 1379
1592860 1378
1592870 1376
1592880 1374
1592890 1373
1592900 1373
1592910 1372
1592920 1370
1592930 1370
1592940 1369
1592950 1368
1592960 1367
1592970 1367
1592980 1367
1592990 1366
1593000 1366
1593010 1364
1593020 1364
1593030 1364
1593040 1364
1593050 1364
1593060 1364
1593070 1364
1593080 1364
1593090 1364
1593100 1364
1593110 1363
1593120 1363
1593130 1363
1593140 1362
1593150 1362
1593160 1362
1593170 1363
1593180 1363
1593190 1363
1593200 1363
1593210 1364
1593220 1364
1593230 1364
1593240 1364
1593250 1364
1593260 1365
1593270 1366
1593280 1366
1593290 1368
1593300 1370
1593310 1370
1593320 1373
1593330 1375
1593340 1375
1593350 1377
1593360 1380
1593370 1383
1593380 1383
1593390 1385
1593400 1388
1593410 1388
1593420 1392
1593430 1395
1593440 1395
1593450 1398
1593460 1401
1593470 1401
1593480 1404
1593490 1405
1593500 1405
1593510 1407
1593520 1409
1593530 1409
1593540 1410
1593550 1412
1593560 1412
1593570 1414
1593580 1416
1593590 1417
1593600 1417
1593610 1418
1593620 1419
1593630 1419
1593640 1419
1593650 1419
1593660 1419
1593670 1420
1593680 1421
1593690 1421
1593700 1421
1593710 1423
1593720 1423
1593730 1424
1593740 1426
1593750 1426
1593760 1428
1593770 1430
1593780 1430
1593790 1432
1593800 1433
1593810 1435
1593820 1435
1593830 1436
1593840 1438
1593850 1438
1593860 1439
1593870 1442
1593880 1442
1593890 1444
1593900 1446
1593910 1446
1593920 1448
1593930 1449
1593940 1449
1593950 1452
1593960 1453
1593970 1453
1593980 1455
1593990 1457
1594000 1460
1594010 1460
1594020 1464
1594030 1467
1594040 1464
1594050 1467
1594060 1468
1594070 1468
1594080 1469
1594090 1470
1594100 1470
1594110 1470
1594120 1471
1594130 1471
1594140 1471
1594150 1472
1594160 1472
1594170 1472
1594180 1473
1594190 1473
1594200 1472
1594210 1472
1594220 1471
1594230 1471
1594240 1470
1594250 1471
1594260 1471
1594270 1472
1594280 1475
1594290 1475
1594300 1477
1594310 1480
1594320 1480
1594330 1483
1594340 1486
1594350 1486
1594360 1488
1594370 1489
1594380 1489
1594390 1490
1594400 1491
1594410 1491
1594420 1492
1594430 1494
1594440 1496
1594450 1496
1594460 1500
1594470 1503
1594480 1503
1594490 1505
1594500 1509
1594510 1509
1594520 1513
1594530 1516
1594540 1516
1594550 1517
1594560 1519
1594570 1519
1594580 1523
1594590 1528
1594600 1528
1594610 1534
1594620 1540
1594630 1540
1594640 1547
1594650 1554
1594660 1560
1594670 1560
1594680 1567
1594690 1574
1594700 1574
1594710 1582
1594720 1588
1594730 1588
1594740 1594
1594750 1601
1594760 1601
1594770 1608
1594780 1617
1594790 1617
1594800 1623
1594810 1631
1594820 1631
1594830 1637
1594840 1643
1594850 1650
1594860 1650
1594870 1657
1594880 1665
1594890 1665
1594900 1672
1594910 1680
1594920 1680
1594930 1687
1594940 1694
1594950 1694
1594960 1701
1594970 1707
1594980 1707
1594990 1713
1595000 1718
1595010 1718
1595020 1725
1595030 1735
1595040 1735
1595050 1741
1595060 1746
1595070 1751
1595080 1751
1595090 1756
1595100 1760
1595110 1760
1595120 1764
1595130 1767
1595140 1767
1595150 1771
1595160 1775
1595170 1775
1595180 1780
1595190 1782
1595200 1782
1595210 1787
1595220 1790
1595230 1790
1595240 1789
1595250 1787
1595260 1787
1595270 1784
1595280 1780
1595290 1778
1595300 1778
1595310 1775
1595320 1773
1595330 1773
1595340 1772
1595350 1772
1595360 1772
1595370 1770
1595380 1768
1595390 1768
1595400 1765
1595410 1762
1595420 1762
1595430 1758
1595440 1756
1595450 1756
1595460 1754
1595470 1751
1595480 1751
1595490 1748
1595500 1745
1595510 1743
1595520 1743
1595530 1741
1595540 1737
1595550 1737
1595560 1732
1595570 1729
1595580 1729
1595590 1726
1595600 1725
1595610 1725
1595620 1725
1595630 1723
1595640 1723
1595650 1721
1595660 1718
1595670 1718
1595680 1714
1595690 1710
1595700 1707
1595710 1707
1595720 1703
1595730 1699
1595740 1699
1595750 1696
1595760 1694
1595770 1694
1595780 1692
1595790 1691
1595800 1691
1595810 1690
1595820 1689
1595830 1689
1595840 1688
1595850 1687
1595860 1687
1595870 1686
1595880 1684
1595890 1684
1595900 1684
1595910 1683
1595920 1681
1595930 1681
1595940 1679
1595950 1677
1595960 1677
1595970 1675
1595980 1673
1595990 1673
1596000 1670
1596010 1667
1596020 1667
1596030 1665
1596040 1661
1596050 1661
1596060 1658
1596070 1654
1596080 1654
1596090 1650
1596100 1645
1596110 1645
1596120 1640
1596130 1635
1596140 1629
1596150 1629
1596160 1623
1596170 1619
1596180 1619
1596190 1616
1596200 1613
1596210 1613
1596220 1609
1596230 1604
1596240 1604
1596250 1599
1596260 1595
1596270 1595
1596280 1590
1596290 1586
1596300 1586
1596310 1581
1596320 1577
1596330 1575
1596340 1571
1596350 1567
1596360 1564
1596370 1564
1596380 1561
1596390 1559
1596400 1559
1596410 1559
1596420 1558
1596430 1558
1596440 1556
1596450 1554
1596460 1554
1596470 1551
1596480 1547
1596490 1547
1596500 1542
1596510 1537
1596520 1537
1596530 1534
1596540 1530
1596550 1525
1596560 1525
1596570 1520
1596580 1515
1596590 1515
1596600 1512
1596610 1508
1596620 1508
1596630 1503
1596640 1499
1596650 1499
1596660 1494
1596670 1490
1596680 1490
1596690 1484
1596700 1478
1596710 1478
1596720 1475
1596730 1471
1596740 1471
1596750 1467
1596760 1462
1596770 1455
1596780 1455
1596790 1448
1596800 1439
1596810 1439
1596820 1431
1596830 1423
1596840 1423
1596850 1415
1596860 1408
1596870 1408
1596880 1402
1596890 1400
1596900 1400
1596910 1402
1596920 1408
1596930 1408
1596940 1406
1596950 1405
1596960 1405
1596970 1406
1596980 1406
1596990 1404
1597000 1404
1597010 1400
1597020 1398
1597030 1398
1597040 1394
1597050 1390
1597060 1390
1597070 1387
1597080 1384
1597090 1384
1597100 1380
1597110 1376
1597120 1376
1597130 1372
1597140 1368
1597150 1368
1597160 1363
1597170 1359
1597180 1356
1597190 1356
1597200 1352
1597210 1348
1597220 1348
1597230 1343
1597240 1337
1597250 1337
1597260 1328
1597270 1318
1597280 1318
1597290 1308
1597300 1300
1597310 1300
1597320 1291
1597330 1285
1597340 1285
1597350 1284
1597360 1286
1597370 1286
1597380 1284
1597390 1281
1597400 1280
1597410 1280
1597420 1281
1597430 1281
1597440 1281
1597450 1280
1597460 1273
1597470 1273
1597480 1271
1597490 1269
1597500 1269
1597510 1264
1597520 1261
1597530 1261
1597540 1263
1597550 1266
1597560 1266
1597570 1267
1597580 1267
1597590 1267
1597600 1266
1597610 1265
1597620 1264
1597630 1264
1597640 1263
1597650 1262
1597660 1262
1597670 1261
1597680 1260
1597690 1260
1597700 1259
1597710 1257
1597720 1257
1597730 1255
1597740 1251
1597750 1251
1597760 1248
1597770 1244
1597780 1244
1597790 1243
1597800 1246
1597810 1246
1597820 1249
1597830 1249
1597840 1251
1597850 1251
1597860 1256
1597870 1260
1597880 1260
1597890 1265
1597900 1270
1597910 1270
1597920 1276
1597930 1280
1597940 1280
1597950 1286
1597960 1290
1597970 1290
1597980 1293
1597990 1295
1598000 1295
1598010 1297
1598020 1298
1598030 1300
1598040 1300
1598050 1301
1598060 1302
1598070 1302
1598080 1302
1598090 1303
1598100 1303
1598110 1302
1598120 1302
1598130 1302
1598140 1301
1598150 1299
1598160 1299
1598170 1297
1598180 1294
1598190 1294
1598200 1291
1598210 1289
1598220 1289
1598230 1286
1598240 1284
1598250 1281
1598260 1281
1598270 1279
1598280 1276
1598290 1276
1598300 1274
1598310 1272
1598320 1272
1598330 1269
1598340 1267
1598350 1267
1598360 1263
1598370 1261
1598380 1261
1598390 1257
1598400 1254
1598410 1254
1598420 1251
1598430 1247
1598440 1247
1598450 1242
1598460 1239
1598470 1235
1598480 1235
1598490 1231
1598500 1228
1598510 1228
1598520 1225
1598530 1222
1598540 1222
1598550 1219
1598560 1216
1598570 1211
1598580 1208
1598590 1204
1598600 1204
1598610 1202
1598620 1200
1598630 1200
1598640 1199
1598650 1198
1598660 1198
1598670 1196
1598680 1194
1598690 1193
1598700 1193
1598710 1191
1598720 1190
1598730 1190
1598740 1189
1598750 1187
1598760 1187
1598770 1185
1598780 1184
1598790 1184
1598800 1182
1598810 1180
1598820 1180
1598830 1178
1598840 1176
1598850 1176
1598860 1176
1598870 1178
1598880 1181
1598890 1181
1598900 1184
1598910 1186
1598920 1186
1598930 1188
1598940 1190
1598950 1190
1598960 1191
1598970 1192
1598980 1192
1598990 1193
1599000 1194
1599010 1194
1599020 1195
1599030 1195
1599040 1195
1599050 1196
1599060 1198
1599070 1198
1599080 1200
1599090 1202
1599100 1203
1599110 1203
1599120 1204
1599130 1205
1599140 1205
1599150 1205
1599160 1207
1599170 1207
1599180 1208
1599190 1210
1599200 1210
1599210 1211
1599220 1212
1599230 1212
1599240 1214
1599250 1215
1599260 1215
1599270 1217
1599280 1219
1599290 1219
1599300 1223
1599310 1227
1599320 1232
1599330 1232
1599340 1238
1599350 1242
1599360 1242
1599370 1246
1599380 1252
1599390 1252
1599400 1257
1599410 1262
1599420 1262
1599430 1267
1599440 1270
1599450 1270
1599460 1273
1599470 1277
1599480 1277
1599490 1281
1599500 1285
1599510 1285
1599520 1291
1599530 1295
1599540 1297
1599550 1297
1599560 1298
1599570 1302
1599580 1302
1599590 1306
1599600 1310
1599610 1310
1599620 1310
1599630 1308
1599640 1308
1599650 1306
1599660 1305
1599670 1305
1599680 1302
1599690 1300
1599700 1300
1599710 1298
1599720 1296
1599730 1295
1599740 1295
1599750 1294
1599760 1293
1599770 1293
1599780 1293
1599790 1293
1599800 1293
1599810 1292
1599820 1291
1599830 1291
1599840 1290
1599850 1289
1599860 1289
1599870 1288
1599880 1286
1599890 1286
1599900 1284
1599910 1282
1599920 1282
1599930 1280
1599940 1279
1599950 1277
1599960 1277
1599970 1277
1599980 1277
1599990 1277
