1580000 1407
1580010 1407
1580020 1403
1580030 1400
1580040 1400
1580050 1397
1580060 1394
1580070 1394
1580080 1391
1580090 1389
1580100 1389
1580110 1387
1580120 1386
1580130 1384
1580140 1384
1580150 1381
1580160 1378
1580170 1378
1580180 1374
1580190 1369
1580200 1369
1580210 1364
1580220 1359
1580230 1359
1580240 1354
1580250 1349
1580260 1349
1580270 1345
1580280 1340
1580290 1340
1580300 1335
1580310 1331
1580320 1326
1580330 1326
1580340 1322
1580350 1318
1580360 1318
1580370 1314
1580380 1310
1580390 1310
1580400 1306
1580410 1302
1580420 1302
1580430 1299
1580440 1296
1580450 1296
1580460 1293
1580470 1290
1580480 1290
1580490 1287
1580500 1283
1580510 1283
1580520 1280
1580530 1276
1580540 1274
1580550 1274
1580560 1271
1580570 1268
1580580 1268
1580590 1265
1580600 1262
1580610 1262
1580620 1259
1580630 1256
1580640 1256
1580650 1252
1580660 1249
1580670 1249
1580680 1246
1580690 1242
1580700 1242
1580710 1239
1580720 1236
1580730 1236
1580740 1233
1580750 1230
1580760 1228
1580770 1228
1580780 1225
1580790 1222
1580800 1222
1580810 1219
1580820 1217
1580830 1217
1580840 1215
1580850 1212
1580860 1212
1580870 1209
1580880 1206
1580890 1206
1580900 1204
1580910 1201
1580920 1201
1580930 1199
1580940 1197
1580950 1197
1580960 1195
1580970 1192
1580980 1189
1580990 1189
1581000 1187
1581010 1185
1581020 1185
1581030 1183
1581040 1181
1581050 1181
1581060 1179
1581070 1177
1581080 1177
1581090 1175
1581100 1173
1581110 1173
1581120 1171
1581130 1170
1581140 1170
1581150 1168
1581160 1166
1581170 1165
1581180 1165
1581190 1164
1581200 1162
1581210 1162
1581220 1161
1581230 1160
1581240 1160
1581250 1158
1581260 1157
1581270 1157
1581280 1156
1581290 1154
1581300 1154
1581310 1153
1581320 1151
1581330 1151
1581340 1149
1581350 1148
1581360 1148
1581370 1147
1581380 1146
1581390 1144
1581400 1144
1581410 1141
1581420 1140
1581430 1140
1581440 1140
1581450 1143
1581460 1143
1581470 1148
1581480 1153
1581490 1153
1581500 1161
1581510 1168
1581520 1168
1581530 1173
1581540 1174
1581550 1174
1581560 1176
1581570 1178
1581580 1178
1581590 1180
1581600 1184
1581610 1188
1581620 1188
1581630 1195
1581640 1202
1581650 1202
1581660 1208
1581670 1214
1581680 1214
1581690 1215
1581700 1217
1581710 1217
1581720 1220
1581730 1221
1581740 1221
1581750 1221
1581760 1218
1581770 1218
1581780 1213
1581790 1208
1581800 1208
1581810 1206
1581820 1205
1581830 1204
1581840 1204
1581850 1204
1581860 1203
1581870 1203
1581880 1203
1581890 1203
1581900 1203
1581910 1202
1581920 1202
1581930 1202
1581940 1202
1581950 1201
1581960 1201
1581970 1200
1581980 1198
1581990 1198
1582000 1198
1582010 1197
1582020 1197
1582030 1196
1582040 1195
1582050 1193
1582060 1193
1582070 1191
1582080 1189
1582090 1189
1582100 1187
1582110 1185
1582120 1185
1582130 1183
1582140 1182
1582150 1182
1582160 1181
1582170 1178
1582180 1178
1582190 1176
1582200 1174
1582210 1174
1582220 1172
1582230 1170
1582240 1168
1582250 1168
1582260 1167
1582270 1167
1582280 1167
1582290 1166
1582300 1166
1582310 1166
1582320 1164
1582330 1161
1582340 1161
1582350 1158
1582360 1155
1582370 1155
1582380 1151
1582390 1149
1582400 1149
1582410 1147
1582420 1144
1582430 1144
1582440 1142
1582450 1141
1582460 1139
1582470 1139
1582480 1137
1582490 1135
1582500 1135
1582510 1133
1582520 1130
1582530 1130
1582540 1127
1582550 1124
1582560 1124
1582570 1121
1582580 1118
1582590 1118
1582600 1115
1582610 1112
1582620 1112
1582630 1109
1582640 1106
1582650 1106
1582660 1102
1582670 1100
1582680 1098
1582690 1098
1582700 1095
1582710 1093
1582720 1093
1582730 1090
1582740 1084
1582750 1084
1582760 1081
1582770 1078
1582780 1078
1582790 1076
1582800 1074
1582810 1074
1582820 1072
1582830 1069
1582840 1069
1582850 1067
1582860 1066
1582870 1066
1582880 1064
1582890 1062
1582900 1060
1582910 1060
1582920 1058
1582930 1056
1582940 1056
1582950 1056
1582960 1055
1582970 1055
1582980 1054
1582990 1053
1583000 1053
1583010 1052
1583020 1051
1583030 1051
1583040 1051
1583050 1050
1583060 1050
1583070 1050
1583080 1051
1583090 1051
1583100 1051
1583110 1051
1583120 1052
1583130 1052
1583140 1052
1583150 1052
1583160 1052
1583170 1050
1583180 1044
1583190 1044
1583200 1040
1583210 1040
1583220 1040
1583230 1043
1583240 1048
1583250 1048
1583260 1053
1583270 1058
1583280 1058
1583290 1063
1583300 1068
1583310 1073
1583320 1073
1583330 1074
1583340 1074
1583350 1074
1583360 1074
1583370 1075
1583380 1075
1583390 1074
1583400 1075
1583410 1075
1583420 1076
1583430 1077
1583440 1077
1583450 1079
1583460 1080
1583470 1080
1583480 1082
1583490 1084
1583500 1084
1583510 1087
1583520 1090
1583530 1092
1583540 1092
1583550 1094
1583560 1097
1583570 1097
1583580 1100
1583590 1104
1583600 1104
1583610 1109
1583620 1113
1583630 1113
1583640 1118
1583650 1122
1583660 1122
1583670 1127
1583680 1131
1583690 1131
1583700 1135
1583710 1138
1583720 1138
1583730 1141
1583740 1146
1583750 1149
1583760 1149
1583770 1152
1583780 1156
1583790 1156
1583800 1159
1583810 1163
1583820 1163
1583830 1167
1583840 1171
1583850 1171
1583860 1174
1583870 1179
1583880 1179
1583890 1183
1583900 1188
1583910 1188
1583920 1193
1583930 1197
1583940 1202
1583950 1202
1583960 1208
1583970 1213
1583980 1213
1583990 1217
1584000 1218
1584010 1218
1584020 1219
1584030 1220
1584040 1220
1584050 1223
1584060 1224
1584070 1224
1584080 1227
1584090 1228
1584100 1228
1584110 1231
1584120 1234
1584130 1234
1584140 1238
1584150 1242
1584160 1246
1584170 1246
1584180 1249
1584190 1251
1584200 1251
1584210 1255
1584220 1258
1584230 1258
1584240 1261
1584250 1264
1584260 1264
1584270 1267
1584280 1270
1584290 1270
1584300 1272
1584310 1274
1584320 1274
1584330 1279
1584340 1281
1584350 1281
1584360 1283
1584370 1284
1584380 1285
1584390 1285
1584400 1286
1584410 1288
1584420 1288
1584430 1289
1584440 1291
1584450 1291
1584460 1293
1584470 1295
1584480 1295
1584490 1297
1584500 1299
1584510 1299
1584520 1302
1584530 1306
1584540 1306
1584550 1309
1584560 1311
1584570 1311
1584580 1314
1584590 1316
1584600 1317
1584610 1317
1584620 1319
1584630 1322
1584640 1322
1584650 1325
1584660 1327
1584670 1327
1584680 1328
1584690 1329
1584700 1329
1584710 1332
1584720 1336
1584730 1336
1584740 1341
1584750 1344
1584760 1344
1584770 1346
1584780 1348
1584790 1350
1584800 1350
1584810 1351
1584820 1351
1584830 1351
1584840 1352
1584850 1354
1584860 1354
1584870 1357
1584880 1359
1584890 1359
1584900 1360
1584910 1360
1584920 1360
1584930 1361
1584940 1361
1584950 1361
1584960 1359
1584970 1359
1584980 1359
1584990 1359
1585000 1360
1585010 1360
1585020 1360
1585030 1360
1585040 1361
1585050 1361
1585060 1362
1585070 1363
1585080 1363
1585090 1365
1585100 1367
1585110 1367
1585120 1368
1585130 1369
1585140 1369
1585150 1369
1585160 1370
1585170 1370
1585180 1371
1585190 1372
1585200 1372
1585210 1374
1585220 1376
1585230 1377
1585240 1377
1585250 1378
1585260 1379
1585270 1379
1585280 1380
1585290 1378
1585300 1378
1585310 1381
1585320 1381
1585330 1381
1585340 1382
1585350 1382
1585360 1382
1585370 1382
1585380 1383
1585390 1383
1585400 1385
1585410 1388
1585420 1388
1585430 1390
1585440 1391
1585450 1392
1585460 1392
1585470 1392
1585480 1394
1585490 1394
1585500 1398
1585510 1402
1585520 1402
1585530 1405
1585540 1406
1585550 1406
1585560 1408
1585570 1409
1585580 1409
1585590 1410
1585600 1411
1585610 1411
1585620 1415
1585630 1419
1585640 1419
1585650 1423
1585660 1425
1585670 1428
1585680 1428
1585690 1431
1585700 1433
1585710 1433
1585720 1435
1585730 1435
1585740 1435
1585750 1438
1585760 1442
1585770 1442
1585780 1448
1585790 1449
1585800 1449
1585810 1450
1585820 1451
1585830 1451
1585840 1451
1585850 1453
1585860 1455
1585870 1455
1585880 1455
1585890 1454
1585900 1454
1585910 1454
1585920 1454
1585930 1454
1585940 1455
1585950 1456
1585960 1456
1585970 1457
1585980 1459
1585990 1459
1586000 1460
1586010 1462
1586020 1462
1586030 1462
1586040 1463
1586050 1463
1586060 1463
1586070 1465
1586080 1467
1586090 1467
1586100 1470
1586110 1473
1586120 1473
1586130 1476
1586140 1478
1586150 1478
1586160 1480
1586170 1483
1586180 1483
1586190 1485
1586200 1487
1586210 1487
1586220 1489
1586230 1491
1586240 1491
1586250 1492
1586260 1494
1586270 1494
1586280 1495
1586290 1497
1586300 1499
1586310 1499
1586320 1500
1586330 1501
1586340 1501
1586350 1502
1586360 1503
1586370 1503
1586380 1504
1586390 1506
1586400 1506
1586410 1511
1586420 1515
1586430 1515
1586440 1518
1586450 1521
1586460 1521
1586470 1522
1586480 1524
1586490 1524
1586500 1525
1586510 1527
1586520 1529
1586530 1529
1586540 1530
1586550 1530
1586560 1530
1586570 1529
1586580 1528
1586590 1528
1586600 1526
1586610 1524
1586620 1524
1586630 1522
1586640 1519
1586650 1519
1586660 1515
1586670 1514
1586680 1514
1586690 1514
1586700 1512
1586710 1509
1586720 1509
1586730 1507
1586740 1505
1586750 1505
1586760 1502
1586770 1500
1586780 1500
1586790 1497
1586800 1494
1586810 1494
1586820 1491
1586830 1488
1586840 1488
1586850 1485
1586860 1481
1586870 1481
1586880 1478
1586890 1476
1586900 1476
1586910 1474
1586920 1470
1586930 1466
1586940 1466
1586950 1462
1586960 1455
1586970 1455
1586980 1452
1586990 1449
1587000 1449
1587010 1445
1587020 1442
1587030 1442
1587040 1439
1587050 1436
1587060 1436
1587070 1432
1587080 1429
1587090 1429
1587100 1426
1587110 1424
1587120 1424
1587130 1421
1587140 1419
1587150 1417
1587160 1417
1587170 1416
1587180 1414
1587190 1414
1587200 1413
1587210 1411
1587220 1411
1587230 1408
1587240 1405
1587250 1405
1587260 1402
1587270 1399
1587280 1399
1587290 1396
1587300 1392
1587310 1392
1587320 1389
1587330 1387
1587340 1387
1587350 1383
1587360 1380
1587370 1377
1587380 1377
1587390 1375
1587400 1372
1587410 1372
1587420 1367
1587430 1365
1587440 1365
1587450 1364
1587460 1362
1587470 1362
1587480 1360
1587490 1356
1587500 1356
1587510 1354
1587520 1352
1587530 1352
1587540 1351
1587550 1350
1587560 1348
1587570 1348
1587580 1347
1587590 1344
1587600 1344
1587610 1343
1587620 1342
1587630 1342
1587640 1341
1587650 1341
1587660 1341
1587670 1341
1587680 1340
1587690 1340
1587700 1337
1587710 1333
1587720 1333
1587730 1330
1587740 1329
1587750 1329
1587760 1328
1587770 1330
1587780 1327
1587790 1327
1587800 1325
1587810 1323
1587820 1323
1587830 1322
1587840 1320
1587850 1320
1587860 1318
1587870 1317
1587880 1317
1587890 1315
1587900 1313
1587910 1313
1587920 1312
1587930 1311
1587940 1311
1587950 1310
1587960 1308
1587970 1308
1587980 1304
1587990 1302
1588000 1300
1588010 1300
1588020 1299
1588030 1298
1588040 1298
1588050 1296
1588060 1293
1588070 1293
1588080 1290
1588090 1288
1588100 1288
1588110 1287
1588120 1286
1588130 1286
1588140 1284
1588150 1282
1588160 1282
1588170 1281
1588180 1277
1588190 1277
1588200 1273
1588210 1271
1588220 1270
1588230 1270
1588240 1269
1588250 1269
1588260 1269
1588270 1268
1588280 1265
1588290 1265
1588300 1262
1588310 1259
1588320 1259
1588330 1256
1588340 1252
1588350 1252
1588360 1250
1588370 1248
1588380 1248
1588390 1246
1588400 1245
1588410 1244
1588420 1244
1588430 1243
1588440 1241
1588450 1241
1588460 1237
1588470 1233
1588480 1233
1588490 1233
1588500 1232
1588510 1232
1588520 1230
1588530 1228
1588540 1228
1588550 1226
1588560 1224
1588570 1224
1588580 1222
1588590 1221
1588600 1221
1588610 1219
1588620 1217
1588630 1214
1588640 1214
1588650 1211
1588660 1209
1588670 1209
1588680 1208
1588690 1206
1588700 1206
1588710 1204
1588720 1203
1588730 1203
1588740 1202
1588750 1200
1588760 1200
1588770 1198
1588780 1197
1588790 1197
1588800 1196
1588810 1196
1588820 1196
1588830 1194
1588840 1193
1588850 1192
1588860 1192
1588870 1191
1588880 1190
1588890 1190
1588900 1187
1588910 1185
1588920 1185
1588930 1184
1588940 1183
1588950 1183
1588960 1182
1588970 1180
1588980 1180
1588990 1178
1589000 1178
1589010 1178
1589020 1176
1589030 1174
1589040 1174
1589050 1172
1589060 1169
1589070 1165
1589080 1165
1589090 1162
1589100 1161
1589110 1161
1589120 1163
1589130 1165
1589140 1165
1589150 1167
1589160 1167
1589170 1167
1589180 1165
1589190 1164
1589200 1164
1589210 1167
1589220 1167
1589230 1167
1589240 1166
1589250 1164
1589260 1163
1589270 1163
1589280 1163
1589290 1163
1589300 1163
1589310 1163
1589320 1162
1589330 1162
1589340 1161
1589350 1161
1589360 1161
1589370 1161
1589380 1162
1589390 1162
1589400 1161
1589410 1160
1589420 1160
1589430 1159
1589440 1158
1589450 1158
1589460 1157
1589470 1156
1589480 1155
1589490 1155
1589500 1154
1589510 1153
1589520 1153
1589530 1151
1589540 1150
1589550 1150
1589560 1149
1589570 1148
1589580 1148
1589590 1147
1589600 1145
1589610 1145
1589620 1143
1589630 1143
1589640 1143
1589650 1142
1589660 1141
1589670 1141
1589680 1140
1589690 1138
1589700 1136
1589710 1136
1589720 1135
1589730 1133
1589740 1133
1589750 1133
1589760 1133
1589770 1133
1589780 1133
1589790 1133
1589800 1133
1589810 1132
1589820 1131
1589830 1131
1589840 1131
1589850 1130
1589860 1130
1589870 1129
1589880 1129
1589890 1129
1589900 1127
1589910 1126
1589920 1125
1589930 1125
1589940 1124
1589950 1122
1589960 1122
1589970 1120
1589980 1117
1589990 1117
1590000 1115
1590010 1114
1590020 1114
1590030 1111
1590040 1110
1590050 1110
1590060 1108
1590070 1106
1590080 1106
1590090 1105
1590100 1104
1590110 1104
1590120 1103
1590130 1102
1590140 1100
1590150 1100
1590160 1099
1590170 1097
1590180 1097
1590190 1096
1590200 1095
1590210 1095
1590220 1094
1590230 1094
1590240 1094
1590250 1093
1590260 1092
1590270 1092
1590280 1091
1590290 1090
1590300 1090
1590310 1089
1590320 1089
1590330 1088
1590340 1088
1590350 1088
1590360 1087
1590370 1087
1590380 1086
1590390 1084
1590400 1084
1590410 1083
1590420 1083
1590430 1083
1590440 1082
1590450 1080
1590460 1080
1590470 1080
1590480 1081
1590490 1081
1590500 1079
1590510 1079
1590520 1079
1590530 1081
1590540 1083
1590550 1085
1590560 1085
1590570 1086
1590580 1089
1590590 1089
1590600 1093
1590610 1096
1590620 1096
1590630 1100
1590640 1103
1590650 1103
1590660 1106
1590670 1110
1590680 1110
1590690 1115
1590700 1119
1590710 1119
1590720 1123
1590730 1127
1590740 1127
1590750 1132
1590760 1135
1590770 1139
1590780 1139
1590790 1142
1590800 1146
1590810 1146
1590820 1148
1590830 1150
1590840 1150
1590850 1153
1590860 1156
1590870 1156
1590880 1158
1590890 1160
1590900 1160
1590910 1163
1590920 1166
1590930 1166
1590940 1170
1590950 1173
1590960 1173
1590970 1177
1590980 1180
1590990 1184
1591000 1184
1591010 1187
1591020 1190
1591030 1190
1591040 1193
1591050 1196
1591060 1196
1591070 1198
1591080 1201
1591090 1201
1591100 1205
1591110 1210
1591120 1210
1591130 1215
1591140 1219
1591150 1219
1591160 1224
1591170 1226
1591180 1230
1591190 1230
1591200 1234
1591210 1238
1591220 1238
1591230 1242
1591240 1246
1591250 1246
1591260 1249
1591270 1252
1591280 1252
1591290 1257
1591300 1262
1591310 1262
1591320 1265
1591330 1267
1591340 1267
1591350 1271
1591360 1274
1591370 1274
1591380 1278
1591390 1281
1591400 1284
1591410 1284
1591420 1287
1591430 1290
1591440 1290
1591450 1293
1591460 1296
1591470 1296
1591480 1298
1591490 1301
1591500 1301
1591510 1303
1591520 1306
1591530 1306
1591540 1308
1591550 1311
1591560 1311
1591570 1313
1591580 1316
1591590 1316
1591600 1319
1591610 1322
1591620 1325
1591630 1325
1591640 1326
1591650 1328
1591660 1328
1591670 1330
1591680 1333
1591690 1333
1591700 1335
1591710 1337
1591720 1337
1591730 1339
1591740 1341
1591750 1341
1591760 1343
1591770 1345
1591780 1345
1591790 1348
1591800 1350
1591810 1350
1591820 1353
1591830 1355
1591840 1357
1591850 1357
1591860 1359
1591870 1361
1591880 1361
1591890 1363
1591900 1364
1591910 1364
1591920 1366
1591930 1368
1591940 1368
1591950 1370
1591960 1371
1591970 1371
1591980 1373
1591990 1374
1592000 1374
1592010 1375
1592020 1377
1592030 1378
1592040 1378
1592050 1380
1592060 1382
1592070 1382
1592080 1384
1592090 1386
1592100 1386
1592110 1386
1592120 1388
1592130 1388
1592140 1390
1592150 1392
1592160 1392
1592170 1393
1592180 1395
1592190 1395
1592200 1397
1592210 1397
1592220 1397
1592230 1397
1592240 1395
1592250 1392
1592260 1392
1592270 1391
1592280 1389
1592290 1389
1592300 1385
1592310 1383
1592320 1383
1592330 1382
1592340 1380
1592350 1380
1592360 1377
1592370 1370
1592380 1370
1592390 1363
1592400 1357
1592410 1357
1592420 1352
1592430 1347
1592440 1347
1592450 1343
1592460 1340
1592470 1337
1592480 1337
1592490 1334
1592500 1331
1592510 1331
1592520 1327
1592530 1320
1592540 1320
1592550 1315
1592560 1311
1592570 1311
1592580 1306
1592590 1304
1592600 1304
1592610 1301
1592620 1298
1592630 1298
1592640 1295
1592650 1291
1592660 1291
1592670 1288
1592680 1285
1592690 1281
1592700 1281
1592710 1276
1592720 1271
1592730 1271
1592740 1268
1592750 1263
1592760 1263
1592770 1260
1592780 1260
1592790 1260
1592800 1260
1592810 1259
1592820 1259
1592830 1256
1592840 1254
1592850 1254
1592860 1251
1592870 1250
1592880 1248
1592890 1248
1592900 1245
1592910 1243
1592920 1243
1592930 1241
1592940 1238
1592950 1238
1592960 1237
1592970 1236
1592980 1236
1592990 1235
1593000 1233
1593010 1233
1593020 1229
1593030 1229
1593040 1229
1593050 1232
1593060 1238
1593070 1238
1593080 1241
1593090 1242
1593100 1242
1593110 1242
1593120 1243
1593130 1246
1593140 1246
1593150 1249
1593160 1250
1593170 1250
1593180 1250
1593190 1251
1593200 1251
1593210 1251
1593220 1252
1593230 1252
1593240 1253
1593250 1255
1593260 1255
1593270 1257
1593280 1258
1593290 1258
1593300 1260
1593310 1261
1593320 1261
1593330 1261
1593340 1261
1593350 1261
1593360 1261
1593370 1262
1593380 1262
1593390 1262
1593400 1262
1593410 1261
1593420 1261
1593430 1258
1593440 1256
1593450 1256
1593460 1253
1593470 1252
1593480 1252
1593490 1250
1593500 1247
1593510 1247
1593520 1246
1593530 1249
1593540 1251
1593550 1251
1593560 1253
1593570 1254
1593580 1254
1593590 1255
1593600 1256
1593610 1256
1593620 1257
1593630 1259
1593640 1259
1593650 1261
1593660 1262
1593670 1262
1593680 1262
1593690 1263
1593700 1263
1593710 1265
1593720 1267
1593730 1267
1593740 1264
1593750 1265
1593760 1266
1593770 1266
1593780 1265
1593790 1269
1593800 1269
1593810 1274
1593820 1278
1593830 1278
1593840 1282
1593850 1287
1593860 1287
1593870 1292
1593880 1296
1593890 1296
1593900 1300
1593910 1305
1593920 1305
1593930 1310
1593940 1314
1593950 1318
1593960 1318
1593970 1321
1593980 1323
1593990 1323
1594000 1324
1594010 1325
1594020 1325
1594030 1327
1594040 1327
1594050 1327
1594060 1328
1594070 1326
1594080 1326
1594090 1322
1594100 1324
1594110 1324
1594120 1327
1594130 1329
1594140 1329
1594150 1332
1594160 1338
1594170 1343
1594180 1343
1594190 1349
1594200 1354
1594210 1354
1594220 1359
1594230 1363
1594240 1363
1594250 1367
1594260 1370
1594270 1370
1594280 1372
1594290 1379
1594300 1379
1594310 1387
1594320 1388
1594330 1388
1594340 1390
1594350 1394
1594360 1394
1594370 1398
1594380 1402
1594390 1405
1594400 1405
1594410 1409
1594420 1412
1594430 1412
1594440 1416
1594450 1420
1594460 1420
1594470 1425
1594480 1430
1594490 1430
1594500 1436
1594510 1441
1594520 1441
1594530 1447
1594540 1453
1594550 1453
1594560 1458
1594570 1463
1594580 1463
1594590 1469
1594600 1475
1594610 1482
1594620 1482
1594630 1490
1594640 1498
1594650 1498
1594660 1505
1594670 1512
1594680 1512
1594690 1517
1594700 1521
1594710 1521
1594720 1526
1594730 1531
1594740 1531
1594750 1537
1594760 1542
1594770 1542
1594780 1546
1594790 1552
1594800 1558
1594810 1558
1594820 1564
1594830 1572
1594840 1572
1594850 1579
1594860 1586
1594870 1586
1594880 1594
1594890 1603
1594900 1603
1594910 1611
1594920 1617
1594930 1617
1594940 1621
1594950 1626
1594960 1626
1594970 1632
1594980 1636
1594990 1636
1595000 1639
1595010 1640
1595020 1641
1595030 1641
1595040 1642
1595050 1643
1595060 1643
1595070 1644
1595080 1644
1595090 1644
1595100 1646
1595110 1647
1595120 1647
1595130 1647
1595140 1648
1595150 1648
1595160 1648
1595170 1648
1595180 1648
1595190 1649
1595200 1649
1595210 1649
1595220 1650
1595230 1650
1595240 1652
1595250 1652
1595260 1653
1595270 1654
1595280 1654
1595290 1654
1595300 1654
1595310 1654
1595320 1655
1595330 1655
1595340 1655
1595350 1655
1595360 1655
1595370 1655
1595380 1655
1595390 1655
1595400 1655
1595410 1655
1595420 1655
1595430 1655
1595440 1655
1595450 1655
1595460 1656
1595470 1656
1595480 1657
1595490 1658
1595500 1658
1595510 1659
1595520 1660
1595530 1660
1595540 1662
1595550 1662
1595560 1662
1595570 1663
1595580 1663
1595590 1663
1595600 1663
1595610 1662
1595620 1662
1595630 1661
1595640 1660
1595650 1659
1595660 1659
1595670 1657
1595680 1655
1595690 1655
1595700 1654
1595710 1653
1595720 1653
1595730 1652
1595740 1649
1595750 1649
1595760 1647
1595770 1644
1595780 1644
1595790 1641
1595800 1637
1595810 1637
1595820 1634
1595830 1630
1595840 1630
1595850 1628
1595860 1629
1595870 1629
1595880 1629
1595890 1629
1595900 1629
1595910 1629
1595920 1629
1595930 1628
1595940 1628
1595950 1627
1595960 1626
1595970 1626
1595980 1624
1595990 1622
1596000 1622
1596010 1620
1596020 1619
1596030 1619
1596040 1614
1596050 1612
1596060 1612
1596070 1611
1596080 1609
1596090 1607
1596100 1607
1596110 1605
1596120 1602
1596130 1602
1596140 1599
1596150 1596
1596160 1596
1596170 1592
1596180 1589
1596190 1589
1596200 1585
1596210 1581
1596220 1581
1596230 1577
1596240 1573
1596250 1573
1596260 1569
1596270 1565
1596280 1565
1596290 1561
1596300 1558
1596310 1554
1596320 1554
1596330 1551
1596340 1548
1596350 1548
1596360 1544
1596370 1541
1596380 1541
1596390 1538
1596400 1533
1596410 1533
1596420 1530
1596430 1526
1596440 1526
1596450 1522
1596460 1518
1596470 1518
1596480 1514
1596490 1509
1596500 1504
1596510 1504
1596520 1500
1596530 1495
1596540 1495
1596550 1491
1596560 1486
1596570 1486
1596580 1480
1596590 1475
1596600 1475
1596610 1470
1596620 1466
1596630 1466
1596640 1461
1596650 1457
1596660 1457
1596670 1453
1596680 1447
1596690 1447
1596700 1442
1596710 1437
1596720 1432
1596730 1432
1596740 1426
1596750 1420
1596760 1420
1596770 1414
1596780 1407
1596790 1407
1596800 1400
1596810 1390
1596820 1390
1596830 1381
1596840 1373
1596850 1373
1596860 1367
1596870 1360
1596880 1360
1596890 1354
1596900 1349
1596910 1349
1596920 1343
1596930 1338
1596940 1333
1596950 1333
1596960 1329
1596970 1328
1596980 1328
1596990 1324
1597000 1319
1597010 1319
1597020 1315
1597030 1311
1597040 1311
1597050 1306
1597060 1300
1597070 1300
1597080 1295
1597090 1290
1597100 1290
1597110 1286
1597120 1281
1597130 1281
1597140 1276
1597150 1270
1597160 1265
1597170 1263
1597180 1258
1597190 1253
1597200 1253
1597210 1247
1597220 1242
1597230 1242
1597240 1237
1597250 1234
1597260 1234
1597270 1229
1597280 1223
1597290 1223
1597300 1218
1597310 1212
1597320 1212
1597330 1208
1597340 1204
1597350 1204
1597360 1202
1597370 1199
1597380 1196
1597390 1196
1597400 1194
1597410 1194
1597420 1194
1597430 1193
1597440 1189
1597450 1189
1597460 1186
1597470 1182
1597480 1182
1597490 1179
1597500 1176
1597510 1176
1597520 1175
1597530 1174
1597540 1174
1597550 1172
1597560 1170
1597570 1168
1597580 1168
1597590 1166
1597600 1163
1597610 1163
1597620 1161
1597630 1159
1597640 1159
1597650 1157
1597660 1155
1597670 1155
1597680 1153
1597690 1150
1597700 1150
1597710 1148
1597720 1145
1597730 1145
1597740 1144
1597750 1143
1597760 1143
1597770 1143
1597780 1142
1597790 1141
1597800 1141
1597810 1140
1597820 1140
1597830 1140
1597840 1140
1597850 1143
1597860 1143
1597870 1145
1597880 1147
1597890 1147
1597900 1150
1597910 1152
1597920 1152
1597930 1153
1597940 1155
1597950 1155
1597960 1157
1597970 1158
1597980 1158
1597990 1159
1598000 1160
1598010 1160
1598020 1160
1598030 1160
1598040 1160
1598050 1160
1598060 1159
1598070 1158
1598080 1158
1598090 1156
1598100 1154
1598110 1154
1598120 1152
1598130 1149
1598140 1149
1598150 1147
1598160 1144
1598170 1144
1598180 1141
1598190 1137
1598200 1137
1598210 1135
1598220 1133
1598230 1131
1598240 1131
1598250 1129
1598260 1126
1598270 1126
1598280 1123
1598290 1116
1598300 1116
1598310 1114
1598320 1112
1598330 1112
1598340 1108
1598350 1105
1598360 1105
1598370 1103
1598380 1101
1598390 1101
1598400 1099
1598410 1098
1598420 1096
1598430 1096
1598440 1095
1598450 1095
1598460 1095
1598470 1095
1598480 1094
1598490 1094
1598500 1094
1598510 1095
1598520 1095
1598530 1095
1598540 1096
1598550 1096
1598560 1096
1598570 1097
1598580 1097
1598590 1097
1598600 1098
1598610 1098
1598620 1099
1598630 1099
1598640 1100
1598650 1100
1598660 1101
1598670 1101
1598680 1101
1598690 1102
1598700 1102
1598710 1102
1598720 1103
1598730 1103
1598740 1103
1598750 1104
1598760 1105
1598770 1105
1598780 1106
1598790 1108
1598800 1108
1598810 1109
1598820 1110
1598830 1110
1598840 1111
1598850 1112
1598860 1113
1598870 1113
1598880 1114
1598890 1116
1598900 1116
1598910 1118
1598920 1120
1598930 1120
1598940 1122
1598950 1123
1598960 1123
1598970 1124
1598980 1125
1598990 1125
1599000 1127
1599010 1129
1599020 1129
1599030 1131
1599040 1132
1599050 1132
1599060 1134
1599070 1136
1599080 1138
1599090 1138
1599100 1140
1599110 1142
1599120 1142
1599130 1145
1599140 1147
1599150 1147
1599160 1149
1599170 1154
1599180 1154
1599190 1160
1599200 1163
1599210 1163
1599220 1164
1599230 1165
1599240 1165
1599250 1167
1599260 1171
1599270 1174
1599280 1174
1599290 1179
1599300 1184
1599310 1184
1599320 1188
1599330 1191
1599340 1191
1599350 1195
1599360 1201
1599370 1201
1599380 1208
1599390 1215
1599400 1216
1599410 1221
1599420 1224
1599430 1224
1599440 1224
1599450 1224
1599460 1224
1599470 1226
1599480 1226
1599490 1228
1599500 1228
1599510 1229
1599520 1229
1599530 1229
1599540 1226
1599550 1221
1599560 1221
1599570 1216
1599580 1211
1599590 1211
1599600 1207
1599610 1205
1599620 1205
1599630 1204
1599640 1203
1599650 1203
1599660 1201
1599670 1199
1599680 1199
1599690 1197
1599700 1194
1599710 1191
1599720 1191
1599730 1189
1599740 1187
1599750 1187
1599760 1185
1599770 1184
1599780 1184
1599790 1183
1599800 1181
1599810 1181
1599820 1180
1599830 1179
1599840 1179
1599850 1178
1599860 1176
1599870 1176
1599880 1175
1599890 1174
1599900 1174
1599910 1173
1599920 1174
1599930 1174
1599940 1174
1599950 1174
1599960 1175
1599970 1175
1599980 1176
1599990 1176
