1580000 1023
1580010 1022
1580020 1022
1580030 1020
1580040 1018
1580050 1018
1580060 1017
1580070 1015
1580080 1015
1580090 1013
1580100 1011
1580110 1011
1580120 1010
1580130 1008
1580140 1008
1580150 1007
1580160 1005
1580170 1005
1580180 1004
1580190 1003
1580200 1003
1580210 1002
1580220 1001
1580230 1000
1580240 1000
1580250 999
1580260 999
1580270 999
1580280 998
1580290 997
1580300 997
1580310 996
1580320 996
1580330 996
1580340 995
1580350 994
1580360 994
1580370 993
1580380 992
1580390 992
1580400 991
1580410 990
1580420 990
1580430 987
1580440 981
1580450 978
1580460 978
1580470 976
1580480 976
1580490 976
1580500 976
1580510 976
1580520 975
1580530 975
1580540 974
1580550 974
1580560 974
1580570 974
1580580 974
1580590 973
1580600 973
1580610 973
1580620 975
1580630 980
1580640 980
1580650 984
1580660 990
1580670 993
1580680 993
1580690 994
1580700 994
1580710 994
1580720 993
1580730 994
1580740 994
1580750 996
1580760 998
1580770 998
1580780 1000
1580790 1001
1580800 1001
1580810 1003
1580820 1005
1580830 1005
1580840 1006
1580850 1007
1580860 1007
1580870 1009
1580880 1009
1580890 1010
1580900 1010
1580910 1010
1580920 1009
1580930 1009
1580940 1008
1580950 1008
1580960 1008
1580970 1008
1580980 1007
1580990 1007
1581000 1005
1581010 1000
1581020 1000
1581030 991
1581040 987
1581050 987
1581060 983
1581070 979
1581080 975
1581090 975
1581100 970
1581110 966
1581120 966
1581130 963
1581140 961
1581150 961
1581160 960
1581170 959
1581180 959
1581190 958
1581200 958
1581210 958
1581220 958
1581230 958
1581240 958
1581250 958
1581260 958
1581270 958
1581280 958
1581290 958
1581300 959
1581310 959
1581320 961
1581330 962
1581340 962
1581350 962
1581360 963
1581370 963
1581380 964
1581390 965
1581400 965
1581410 966
1581420 967
1581430 967
1581440 968
1581450 970
1581460 970
1581470 971
1581480 974
1581490 974
1581500 976
1581510 979
1581520 982
1581530 982
1581540 984
1581550 987
1581560 987
1581570 989
1581580 992
1581590 992
1581600 994
1581610 997
1581620 997
1581630 1001
1581640 1005
1581650 1005
1581660 1009
1581670 1015
1581680 1015
1581690 1021
1581700 1025
1581710 1025
1581720 1029
1581730 1033
1581740 1035
1581750 1035
1581760 1038
1581770 1044
1581780 1044
1581790 1049
1581800 1053
1581810 1053
1581820 1057
1581830 1064
1581840 1064
1581850 1069
1581860 1074
1581870 1074
1581880 1079
1581890 1088
1581900 1088
1581910 1097
1581920 1101
1581930 1101
1581940 1103
1581950 1107
1581960 1111
1581970 1111
1581980 1115
1581990 1116
1582000 1116
1582010 1116
1582020 1116
1582030 1116
1582040 1117
1582050 1116
1582060 1116
1582070 1117
1582080 1118
1582090 1118
1582100 1119
1582110 1120
1582120 1120
1582130 1121
1582140 1123
1582150 1123
1582160 1124
1582170 1125
1582180 1126
1582190 1126
1582200 1127
1582210 1128
1582220 1128
1582230 1128
1582240 1128
1582250 1128
1582260 1131
1582270 1133
1582280 1133
1582290 1135
1582300 1137
1582310 1137
1582320 1139
1582330 1140
1582340 1140
1582350 1143
1582360 1145
1582370 1145
1582380 1148
1582390 1150
1582400 1153
1582410 1153
1582420 1155
1582430 1158
1582440 1158
1582450 1162
1582460 1165
1582470 1165
1582480 1167
1582490 1168
1582500 1168
1582510 1169
1582520 1169
1582530 1169
1582540 1170
1582550 1170
1582560 1170
1582570 1170
1582580 1171
1582590 1171
1582600 1173
1582610 1174
1582620 1175
1582630 1175
1582640 1177
1582650 1180
1582660 1180
1582670 1183
1582680 1184
1582690 1184
1582700 1185
1582710 1185
1582720 1185
1582730 1184
1582740 1182
1582750 1182
1582760 1181
1582770 1179
1582780 1179
1582790 1176
1582800 1172
1582810 1172
1582820 1168
1582830 1165
1582840 1160
1582850 1160
1582860 1154
1582870 1149
1582880 1149
1582890 1151
1582900 1158
1582910 1158
1582920 1164
1582930 1172
1582940 1172
1582950 1177
1582960 1181
1582970 1181
1582980 1185
1582990 1189
1583000 1189
1583010 1193
1583020 1197
1583030 1200
1583040 1200
1583050 1204
1583060 1208
1583070 1208
1583080 1211
1583090 1213
1583100 1213
1583110 1215
1583120 1218
1583130 1218
1583140 1219
1583150 1221
1583160 1221
1583170 1225
1583180 1228
1583190 1228
1583200 1230
1583210 1233
1583220 1233
1583230 1236
1583240 1241
1583250 1245
1583260 1245
1583270 1249
1583280 1254
1583290 1254
1583300 1257
1583310 1261
1583320 1261
1583330 1264
1583340 1268
1583350 1268
1583360 1272
1583370 1276
1583380 1276
1583390 1279
1583400 1281
1583410 1281
1583420 1285
1583430 1289
1583440 1289
1583450 1293
1583460 1295
1583470 1297
1583480 1297
1583490 1299
1583500 1301
1583510 1301
1583520 1303
1583530 1305
1583540 1305
1583550 1309
1583560 1311
1583570 1311
1583580 1314
1583590 1317
1583600 1317
1583610 1318
1583620 1321
1583630 1321
1583640 1322
1583650 1324
1583660 1324
1583670 1326
1583680 1328
1583690 1330
1583700 1330
1583710 1333
1583720 1335
1583730 1335
1583740 1339
1583750 1342
1583760 1342
1583770 1345
1583780 1348
1583790 1348
1583800 1352
1583810 1354
1583820 1354
1583830 1356
1583840 1359
1583850 1359
1583860 1363
1583870 1365
1583880 1365
1583890 1367
1583900 1369
1583910 1372
1583920 1372
1583930 1375
1583940 1378
1583950 1378
1583960 1381
1583970 1384
1583980 1384
1583990 1386
1584000 1390
1584010 1390
1584020 1394
1584030 1398
1584040 1398
1584050 1404
1584060 1407
1584070 1407
1584080 1408
1584090 1410
1584100 1410
1584110 1413
1584120 1415
1584130 1418
1584140 1418
1584150 1422
1584160 1427
1584170 1427
1584180 1431
1584190 1433
1584200 1433
1584210 1437
1584220 1439
1584230 1439
1584240 1440
1584250 1442
1584260 1442
1584270 1445
1584280 1449
1584290 1449
1584300 1452
1584310 1456
1584320 1456
1584330 1459
1584340 1461
1584350 1464
1584360 1464
1584370 1466
1584380 1470
1584390 1470
1584400 1474
1584410 1477
1584420 1477
1584430 1477
1584440 1475
1584450 1475
1584460 1473
1584470 1474
1584480 1474
1584490 1475
1584500 1476
1584510 1476
1584520 1477
1584530 1479
1584540 1479
1584550 1483
1584560 1487
1584570 1488
1584580 1488
1584590 1491
1584600 1492
1584610 1492
1584620 1495
1584630 1500
1584640 1500
1584650 1503
1584660 1503
1584670 1503
1584680 1502
1584690 1502
1584700 1502
1584710 1501
1584720 1501
1584730 1501
1584740 1502
1584750 1503
1584760 1503
1584770 1501
1584780 1498
1584790 1492
1584800 1492
1584810 1486
1584820 1482
1584830 1482
1584840 1479
1584850 1477
1584860 1477
1584870 1474
1584880 1473
1584890 1473
1584900 1471
1584910 1466
1584920 1466
1584930 1462
1584940 1459
1584950 1459
1584960 1457
1584970 1456
1584980 1456
1584990 1455
1585000 1454
1585010 1453
1585020 1453
1585030 1452
1585040 1452
1585050 1452
1585060 1451
1585070 1450
1585080 1450
1585090 1451
1585100 1451
1585110 1451
1585120 1451
1585130 1451
1585140 1451
1585150 1450
1585160 1449
1585170 1449
1585180 1447
1585190 1447
1585200 1448
1585210 1448
1585220 1450
1585230 1452
1585240 1452
1585250 1454
1585260 1456
1585270 1456
1585280 1458
1585290 1461
1585300 1461
1585310 1463
1585320 1466
1585330 1466
1585340 1466
1585350 1465
1585360 1465
1585370 1463
1585380 1462
1585390 1462
1585400 1461
1585410 1460
1585420 1459
1585430 1459
1585440 1458
1585450 1457
1585460 1457
1585470 1455
1585480 1454
1585490 1454
1585500 1454
1585510 1452
1585520 1452
1585530 1450
1585540 1448
1585550 1448
1585560 1450
1585570 1451
1585580 1451
1585590 1453
1585600 1456
1585610 1456
1585620 1459
1585630 1461
1585640 1464
1585650 1464
1585660 1468
1585670 1479
1585680 1479
1585690 1482
1585700 1481
1585710 1481
1585720 1482
1585730 1483
1585740 1483
1585750 1483
1585760 1482
1585770 1482
1585780 1482
1585790 1484
1585800 1484
1585810 1484
1585820 1484
1585830 1484
1585840 1484
1585850 1482
1585860 1480
1585870 1480
1585880 1477
1585890 1477
1585900 1477
1585910 1475
1585920 1471
1585930 1471
1585940 1472
1585950 1475
1585960 1475
1585970 1477
1585980 1478
1585990 1478
1586000 1480
1586010 1482
1586020 1482
1586030 1484
1586040 1485
1586050 1485
1586060 1485
1586070 1486
1586080 1485
1586090 1485
1586100 1484
1586110 1483
1586120 1483
1586130 1482
1586140 1482
1586150 1482
1586160 1481
1586170 1480
1586180 1480
1586190 1479
1586200 1477
1586210 1477
1586220 1478
1586230 1480
1586240 1480
1586250 1480
1586260 1480
1586270 1480
1586280 1480
1586290 1481
1586300 1481
1586310 1481
1586320 1480
1586330 1480
1586340 1480
1586350 1479
1586360 1478
1586370 1478
1586380 1477
1586390 1476
1586400 1476
1586410 1475
1586420 1474
1586430 1474
1586440 1472
1586450 1470
1586460 1470
1586470 1467
1586480 1465
1586490 1465
1586500 1463
1586510 1462
1586520 1461
1586530 1461
1586540 1460
1586550 1459
1586560 1459
1586570 1458
1586580 1459
1586590 1459
1586600 1459
1586610 1459
1586620 1459
1586630 1459
1586640 1457
1586650 1457
1586660 1456
1586670 1455
1586680 1455
1586690 1454
1586700 1454
1586710 1454
1586720 1455
1586730 1455
1586740 1455
1586750 1455
1586760 1455
1586770 1454
1586780 1454
1586790 1454
1586800 1453
1586810 1453
1586820 1453
1586830 1451
1586840 1451
1586850 1449
1586860 1448
1586870 1448
1586880 1446
1586890 1446
1586900 1446
1586910 1447
1586920 1447
1586930 1447
1586940 1446
1586950 1444
1586960 1443
1586970 1443
1586980 1443
1586990 1442
1587000 1442
1587010 1442
1587020 1441
1587030 1441
1587040 1440
1587050 1439
1587060 1439
1587070 1438
1587080 1437
1587090 1437
1587100 1435
1587110 1434
1587120 1434
1587130 1433
1587140 1433
1587150 1433
1587160 1431
1587170 1429
1587180 1427
1587190 1427
1587200 1426
1587210 1425
1587220 1425
1587230 1425
1587240 1424
1587250 1424
1587260 1422
1587270 1421
1587280 1421
1587290 1420
1587300 1420
1587310 1420
1587320 1421
1587330 1421
1587340 1421
1587350 1422
1587360 1423
1587370 1423
1587380 1423
1587390 1423
1587400 1424
1587410 1424
1587420 1424
1587430 1423
1587440 1423
1587450 1423
1587460 1424
1587470 1424
1587480 1424
1587490 1424
1587500 1424
1587510 1424
1587520 1423
1587530 1423
1587540 1422
1587550 1421
1587560 1421
1587570 1419
1587580 1418
1587590 1416
1587600 1416
1587610 1414
1587620 1411
1587630 1411
1587640 1407
1587650 1404
1587660 1404
1587670 1402
1587680 1401
1587690 1401
1587700 1402
1587710 1402
1587720 1402
1587730 1399
1587740 1396
1587750 1396
1587760 1398
1587770 1402
1587780 1402
1587790 1403
1587800 1405
1587810 1409
1587820 1409
1587830 1413
1587840 1416
1587850 1416
1587860 1420
1587870 1423
1587880 1423
1587890 1426
1587900 1427
1587910 1427
1587920 1428
1587930 1428
1587940 1428
1587950 1428
1587960 1427
1587970 1427
1587980 1426
1587990 1425
1588000 1425
1588010 1424
1588020 1423
1588030 1423
1588040 1423
1588050 1423
1588060 1423
1588070 1423
1588080 1423
1588090 1423
1588100 1423
1588110 1423
1588120 1423
1588130 1423
1588140 1424
1588150 1429
1588160 1429
1588170 1429
1588180 1430
1588190 1430
1588200 1429
1588210 1428
1588220 1428
1588230 1425
1588240 1424
1588250 1423
1588260 1423
1588270 1423
1588280 1421
1588290 1421
1588300 1419
1588310 1413
1588320 1413
1588330 1406
1588340 1402
1588350 1402
1588360 1399
1588370 1398
1588380 1398
1588390 1398
1588400 1399
1588410 1399
1588420 1401
1588430 1404
1588440 1404
1588450 1406
1588460 1406
1588470 1405
1588480 1405
1588490 1403
1588500 1401
1588510 1401
1588520 1399
1588530 1397
1588540 1397
1588550 1394
1588560 1392
1588570 1392
1588580 1389
1588590 1386
1588600 1386
1588610 1383
1588620 1380
1588630 1380
1588640 1376
1588650 1373
1588660 1373
1588670 1370
1588680 1367
1588690 1364
1588700 1364
1588710 1361
1588720 1359
1588730 1359
1588740 1356
1588750 1352
1588760 1352
1588770 1348
1588780 1345
1588790 1345
1588800 1342
1588810 1340
1588820 1340
1588830 1338
1588840 1334
1588850 1334
1588860 1331
1588870 1329
1588880 1329
1588890 1326
1588900 1323
1588910 1319
1588920 1319
1588930 1313
1588940 1308
1588950 1308
1588960 1302
1588970 1297
1588980 1297
1588990 1293
1589000 1288
1589010 1288
1589020 1284
1589030 1280
1589040 1280
1589050 1277
1589060 1273
1589070 1273
1589080 1269
1589090 1266
1589100 1266
1589110 1262
1589120 1259
1589130 1256
1589140 1256
1589150 1253
1589160 1250
1589170 1250
1589180 1246
1589190 1243
1589200 1243
1589210 1240
1589220 1237
1589230 1237
1589240 1234
1589250 1232
1589260 1232
1589270 1230
1589280 1229
1589290 1229
1589300 1227
1589310 1225
1589320 1225
1589330 1221
1589340 1217
1589350 1214
1589360 1213
1589370 1210
1589380 1207
1589390 1207
1589400 1205
1589410 1203
1589420 1203
1589430 1201
1589440 1200
1589450 1200
1589460 1198
1589470 1196
1589480 1196
1589490 1194
1589500 1190
1589510 1190
1589520 1186
1589530 1183
1589540 1180
1589550 1180
1589560 1177
1589570 1175
1589580 1175
1589590 1173
1589600 1171
1589610 1171
1589620 1169
1589630 1168
1589640 1168
1589650 1166
1589660 1163
1589670 1163
1589680 1161
1589690 1159
1589700 1159
1589710 1156
1589720 1154
1589730 1154
1589740 1151
1589750 1148
1589760 1146
1589770 1146
1589780 1142
1589790 1140
1589800 1140
1589810 1139
1589820 1137
1589830 1137
1589840 1133
1589850 1130
1589860 1130
1589870 1129
1589880 1128
1589890 1128
1589900 1127
1589910 1125
1589920 1125
1589930 1124
1589940 1122
1589950 1122
1589960 1121
1589970 1120
1589980 1118
1589990 1118
1590000 1117
1590010 1116
1590020 1116
1590030 1116
1590040 1114
1590050 1114
1590060 1112
1590070 1108
1590080 1108
1590090 1107
1590100 1106
1590110 1106
1590120 1105
1590130 1104
1590140 1104
1590150 1101
1590160 1099
1590170 1099
1590180 1097
1590190 1095
1590200 1093
1590210 1093
1590220 1092
1590230 1091
1590240 1091
1590250 1089
1590260 1087
1590270 1087
1590280 1086
1590290 1085
1590300 1085
1590310 1084
1590320 1083
1590330 1083
1590340 1083
1590350 1083
1590360 1083
1590370 1082
1590380 1081
1590390 1081
1590400 1080
1590410 1079
1590420 1078
1590430 1078
1590440 1076
1590450 1075
1590460 1075
1590470 1072
1590480 1070
1590490 1070
1590500 1070
1590510 1073
1590520 1073
1590530 1075
1590540 1075
1590550 1075
1590560 1076
1590570 1075
1590580 1075
1590590 1075
1590600 1074
1590610 1074
1590620 1073
1590630 1073
1590640 1073
1590650 1073
1590660 1073
1590670 1073
1590680 1073
1590690 1073
1590700 1072
1590710 1072
1590720 1072
1590730 1071
1590740 1071
1590750 1071
1590760 1070
1590770 1070
1590780 1069
1590790 1069
1590800 1069
1590810 1069
1590820 1069
1590830 1069
1590840 1068
1590850 1068
1590860 1067
1590870 1067
1590880 1066
1590890 1066
1590900 1066
1590910 1065
1590920 1065
1590930 1065
1590940 1065
1590950 1065
1590960 1065
1590970 1065
1590980 1065
1590990 1065
1591000 1065
1591010 1065
1591020 1065
1591030 1065
1591040 1066
1591050 1066
1591060 1067
1591070 1067
1591080 1066
1591090 1066
1591100 1066
1591110 1065
1591120 1065
1591130 1065
1591140 1065
1591150 1065
1591160 1065
1591170 1064
1591180 1064
1591190 1064
1591200 1064
1591210 1064
1591220 1064
1591230 1063
1591240 1063
1591250 1063
1591260 1062
1591270 1062
1591280 1061
1591290 1061
1591300 1060
1591310 1060
1591320 1059
1591330 1059
1591340 1059
1591350 1059
1591360 1058
1591370 1058
1591380 1058
1591390 1057
1591400 1057
1591410 1056
1591420 1056
1591430 1056
1591440 1055
1591450 1055
1591460 1055
1591470 1054
1591480 1054
1591490 1054
1591500 1053
1591510 1053
1591520 1053
1591530 1053
1591540 1052
1591550 1047
1591560 1047
1591570 1044
1591580 1045
1591590 1045
1591600 1049
1591610 1049
1591620 1049
1591630 1047
1591640 1047
1591650 1047
1591660 1048
1591670 1048
1591680 1048
1591690 1048
1591700 1048
1591710 1048
1591720 1048
1591730 1049
1591740 1049
1591750 1049
1591760 1052
1591770 1052
1591780 1052
1591790 1052
1591800 1052
1591810 1052
1591820 1051
1591830 1049
1591840 1049
1591850 1048
1591860 1046
1591870 1046
1591880 1046
1591890 1046
1591900 1046
1591910 1046
1591920 1045
1591930 1044
1591940 1044
1591950 1042
1591960 1039
1591970 1039
1591980 1036
1591990 1031
1592000 1031
1592010 1028
1592020 1029
1592030 1029
1592040 1029
1592050 1029
1592060 1029
1592070 1028
1592080 1027
1592090 1027
1592100 1025
1592110 1022
1592120 1022
1592130 1020
1592140 1018
1592150 1017
1592160 1017
1592170 1016
1592180 1015
1592190 1015
1592200 1014
1592210 1013
1592220 1013
1592230 1013
1592240 1012
1592250 1012
1592260 1012
1592270 1011
1592280 1011
1592290 1010
1592300 1009
1592310 1009
1592320 1009
1592330 1008
1592340 1008
1592350 1008
1592360 1008
1592370 1007
1592380 1007
1592390 1007
1592400 1006
1592410 1006
1592420 1005
1592430 1005
1592440 1005
1592450 1005
1592460 1004
1592470 1004
1592480 1004
1592490 1003
1592500 1003
1592510 1003
1592520 1003
1592530 1003
1592540 1002
1592550 1002
1592560 1002
1592570 1001
1592580 1001
1592590 1000
1592600 1000
1592610 999
1592620 1001
1592630 1001
1592640 1003
1592650 1003
1592660 1003
1592670 1002
1592680 1002
1592690 1002
1592700 1002
1592710 1001
1592720 1001
1592730 1001
1592740 1001
1592750 1001
1592760 1001
1592770 1001
1592780 1001
1592790 1001
1592800 1001
1592810 1001
1592820 1001
1592830 1001
1592840 1001
1592850 1001
1592860 1004
1592870 1008
1592880 1008
1592890 1008
1592900 1008
1592910 1008
1592920 1007
1592930 1007
1592940 1007
1592950 1007
1592960 1007
1592970 1007
1592980 1007
1592990 1006
1593000 1006
1593010 1004
1593020 1003
1593030 1003
1593040 1003
1593050 1002
1593060 1002
1593070 1002
1593080 1002
1593090 1001
1593100 1001
1593110 1001
1593120 1004
1593130 1004
1593140 1005
1593150 1006
1593160 1006
1593170 1008
1593180 1009
1593190 1009
1593200 1011
1593210 1012
1593220 1012
1593230 1013
1593240 1014
1593250 1015
1593260 1015
1593270 1017
1593280 1019
1593290 1019
1593300 1020
1593310 1022
1593320 1022
1593330 1023
1593340 1025
1593350 1025
1593360 1026
1593370 1028
1593380 1028
1593390 1029
1593400 1030
1593410 1030
1593420 1032
1593430 1033
1593440 1033
1593450 1034
1593460 1035
1593470 1036
1593480 1036
1593490 1037
1593500 1038
1593510 1038
1593520 1039
1593530 1039
1593540 1039
1593550 1040
1593560 1040
1593570 1040
1593580 1040
1593590 1040
1593600 1040
1593610 1040
1593620 1041
1593630 1041
1593640 1041
1593650 1042
1593660 1042
1593670 1043
1593680 1045
1593690 1048
1593700 1048
1593710 1049
1593720 1052
1593730 1052
1593740 1053
1593750 1054
1593760 1054
1593770 1054
1593780 1054
1593790 1054
1593800 1053
1593810 1053
1593820 1053
1593830 1053
1593840 1054
1593850 1054
1593860 1054
1593870 1055
1593880 1056
1593890 1056
1593900 1056
1593910 1057
1593920 1057
1593930 1057
1593940 1056
1593950 1056
1593960 1056
1593970 1056
1593980 1056
1593990 1056
1594000 1056
1594010 1056
1594020 1055
1594030 1055
1594040 1055
1594050 1054
1594060 1055
1594070 1055
1594080 1055
1594090 1054
1594100 1053
1594110 1053
1594120 1052
1594130 1051
1594140 1051
1594150 1050
1594160 1050
1594170 1050
1594180 1050
1594190 1053
1594200 1053
1594210 1052
1594220 1050
1594230 1050
1594240 1049
1594250 1049
1594260 1049
1594270 1049
1594280 1048
1594290 1048
1594300 1048
1594310 1047
1594320 1046
1594330 1046
1594340 1045
1594350 1044
1594360 1044
1594370 1044
1594380 1043
1594390 1043
1594400 1041
1594410 1041
1594420 1041
1594430 1040
1594440 1038
1594450 1038
1594460 1038
1594470 1039
1594480 1039
1594490 1041
1594500 1045
1594510 1045
1594520 1046
1594530 1046
1594540 1043
1594550 1043
1594560 1041
1594570 1042
1594580 1042
1594590 1040
1594600 1038
1594610 1038
1594620 1035
1594630 1033
1594640 1033
1594650 1033
1594660 1033
1594670 1033
1594680 1034
1594690 1035
1594700 1035
1594710 1038
1594720 1040
1594730 1040
1594740 1040
1594750 1040
1594760 1040
1594770 1040
1594780 1041
1594790 1041
1594800 1041
1594810 1043
1594820 1045
1594830 1045
1594840 1046
1594850 1048
1594860 1048
1594870 1049
1594880 1051
1594890 1051
1594900 1052
1594910 1053
1594920 1053
1594930 1054
1594940 1056
1594950 1056
1594960 1057
1594970 1058
1594980 1059
1594990 1059
1595000 1061
1595010 1063
1595020 1063
1595030 1065
1595040 1067
1595050 1067
1595060 1068
1595070 1071
1595080 1071
1595090 1072
1595100 1073
1595110 1073
1595120 1074
1595130 1076
1595140 1076
1595150 1077
1595160 1079
1595170 1079
1595180 1081
1595190 1084
1595200 1086
1595210 1086
1595220 1087
1595230 1090
1595240 1090
1595250 1091
1595260 1093
1595270 1093
1595280 1095
1595290 1097
1595300 1097
1595310 1100
1595320 1102
1595330 1102
1595340 1104
1595350 1106
1595360 1106
1595370 1110
1595380 1114
1595390 1114
1595400 1117
1595410 1120
1595420 1125
1595430 1125
1595440 1130
1595450 1135
1595460 1135
1595470 1140
1595480 1143
1595490 1143
1595500 1145
1595510 1147
1595520 1147
1595530 1151
1595540 1156
1595550 1156
1595560 1159
1595570 1159
1595580 1159
1595590 1160
1595600 1162
1595610 1162
1595620 1166
1595630 1169
1595640 1173
1595650 1173
1595660 1176
1595670 1179
1595680 1179
1595690 1182
1595700 1186
1595710 1186
1595720 1190
1595730 1195
1595740 1195
1595750 1201
1595760 1208
1595770 1208
1595780 1215
1595790 1221
1595800 1221
1595810 1230
1595820 1238
1595830 1238
1595840 1244
1595850 1247
1595860 1250
1595870 1250
1595880 1251
1595890 1253
1595900 1253
1595910 1251
1595920 1251
1595930 1251
1595940 1253
1595950 1255
1595960 1255
1595970 1257
1595980 1261
1595990 1261
1596000 1264
1596010 1269
1596020 1269
1596030 1274
1596040 1276
1596050 1279
1596060 1279
1596070 1282
1596080 1283
1596090 1283
1596100 1286
1596110 1291
1596120 1291
1596130 1295
1596140 1300
1596150 1300
1596160 1305
1596170 1309
1596180 1309
1596190 1314
1596200 1321
1596210 1321
1596220 1327
1596230 1333
1596240 1333
1596250 1339
1596260 1345
1596270 1351
1596280 1351
1596290 1357
1596300 1364
1596310 1364
1596320 1370
1596330 1376
1596340 1376
1596350 1384
1596360 1392
1596370 1392
1596380 1401
1596390 1407
1596400 1407
1596410 1414
1596420 1422
1596430 1422
1596440 1429
1596450 1436
1596460 1436
1596470 1442
1596480 1450
1596490 1457
1596500 1457
1596510 1463
1596520 1469
1596530 1469
1596540 1475
1596550 1478
1596560 1478
1596570 1484
1596580 1488
1596590 1488
1596600 1494
1596610 1495
1596620 1495
1596630 1495
1596640 1495
1596650 1495
1596660 1496
1596670 1497
1596680 1497
1596690 1498
1596700 1499
1596710 1501
1596720 1501
1596730 1501
1596740 1499
1596750 1499
1596760 1498
1596770 1496
1596780 1496
1596790 1495
1596800 1495
1596810 1495
1596820 1494
1596830 1493
1596840 1493
1596850 1491
1596860 1488
1596870 1488
1596880 1485
1596890 1481
1596900 1481
1596910 1479
1596920 1476
1596930 1473
1596940 1473
1596950 1471
1596960 1469
1596970 1469
1596980 1467
1596990 1465
1597000 1465
1597010 1465
1597020 1463
1597030 1463
1597040 1461
1597050 1458
1597060 1458
1597070 1456
1597080 1453
1597090 1453
1597100 1449
1597110 1447
1597120 1447
1597130 1444
1597140 1441
1597150 1437
1597160 1437
1597170 1432
1597180 1427
1597190 1427
1597200 1422
1597210 1418
1597220 1418
1597230 1414
1597240 1410
1597250 1410
1597260 1405
1597270 1401
1597280 1401
1597290 1396
1597300 1391
1597310 1391
1597320 1387
1597330 1382
1597340 1382
1597350 1378
1597360 1376
1597370 1371
1597380 1371
1597390 1367
1597400 1363
1597410 1363
1597420 1359
1597430 1355
1597440 1355
1597450 1351
1597460 1348
1597470 1348
1597480 1345
1597490 1342
1597500 1342
1597510 1340
1597520 1341
1597530 1341
1597540 1339
1597550 1335
1597560 1335
1597570 1332
1597580 1328
1597590 1324
1597600 1324
1597610 1319
1597620 1313
1597630 1313
1597640 1307
1597650 1302
1597660 1302
1597670 1297
1597680 1292
1597690 1292
1597700 1288
1597710 1283
1597720 1283
1597730 1278
1597740 1272
1597750 1272
1597760 1268
1597770 1264
1597780 1264
1597790 1259
1597800 1254
1597810 1251
1597820 1251
1597830 1248
1597840 1244
1597850 1244
1597860 1240
1597870 1236
1597880 1236
1597890 1233
1597900 1229
1597910 1229
1597920 1226
1597930 1223
1597940 1223
1597950 1220
1597960 1217
1597970 1217
1597980 1213
1597990 1210
1598000 1210
1598010 1207
1598020 1203
1598030 1198
1598040 1198
1598050 1193
1598060 1188
1598070 1188
1598080 1184
1598090 1180
1598100 1180
1598110 1176
1598120 1173
1598130 1173
1598140 1169
1598150 1165
1598160 1165
1598170 1163
1598180 1160
1598190 1160
1598200 1158
1598210 1155
1598220 1150
1598230 1150
1598240 1146
1598250 1142
1598260 1142
1598270 1138
1598280 1135
1598290 1135
1598300 1131
1598310 1127
1598320 1127
1598330 1124
1598340 1121
1598350 1121
1598360 1119
1598370 1117
1598380 1117
1598390 1116
1598400 1114
1598410 1114
1598420 1112
1598430 1109
1598440 1107
1598450 1107
1598460 1105
1598470 1102
1598480 1102
1598490 1096
1598500 1090
1598510 1090
1598520 1087
1598530 1086
1598540 1086
1598550 1083
1598560 1080
1598570 1080
1598580 1077
1598590 1075
1598600 1075
1598610 1075
1598620 1075
1598630 1077
1598640 1079
1598650 1081
1598660 1081
1598670 1081
1598680 1082
1598690 1081
1598700 1081
1598710 1078
1598720 1075
1598730 1075
1598740 1074
1598750 1073
1598760 1073
1598770 1074
1598780 1074
1598790 1074
1598800 1075
1598810 1076
1598820 1076
1598830 1078
1598840 1079
1598850 1079
1598860 1081
1598870 1082
1598880 1083
1598890 1083
1598900 1085
1598910 1086
1598920 1086
1598930 1086
1598940 1086
1598950 1086
1598960 1086
1598970 1085
1598980 1085
1598990 1084
1599000 1083
1599010 1083
1599020 1081
1599030 1080
1599040 1080
1599050 1078
1599060 1076
1599070 1076
1599080 1074
1599090 1072
1599100 1070
1599110 1070
1599120 1067
1599130 1065
1599140 1065
1599150 1063
1599160 1061
1599170 1061
1599180 1059
1599190 1057
1599200 1057
1599210 1054
1599220 1052
1599230 1052
1599240 1050
1599250 1047
1599260 1047
1599270 1045
1599280 1043
1599290 1043
1599300 1042
1599310 1041
1599320 1041
1599330 1041
1599340 1041
1599350 1040
1599360 1040
1599370 1037
1599380 1034
1599390 1034
1599400 1030
1599410 1024
1599420 1024
1599430 1019
1599440 1016
1599450 1016
1599460 1014
1599470 1013
1599480 1013
1599490 1013
1599500 1012
1599510 1012
1599520 1012
1599530 1011
1599540 1010
1599550 1010
1599560 1010
1599570 1010
1599580 1010
1599590 1010
1599600 1010
1599610 1010
1599620 1010
1599630 1010
1599640 1010
1599650 1010
1599660 1009
1599670 1009
1599680 1009
1599690 1009
1599700 1009
1599710 1009
1599720 1009
1599730 1009
1599740 1010
1599750 1010
1599760 1010
1599770 1010
1599780 1010
1599790 1011
1599800 1011
1599810 1011
1599820 1010
1599830 1010
1599840 1010
1599850 1010
1599860 1010
1599870 1010
1599880 1010
1599890 1010
1599900 1010
1599910 1009
1599920 1009
1599930 1009
1599940 1009
1599950 1009
1599960 1009
1599970 1009
1599980 1008
1599990 1008
1580540 975
1580550 975
1580560 975
1580570 975
1580580 975
1580590 975
1580600 976
1580610 976
1580620 978
1580630 981
1580640 984
1580650 987
1580660 991
1580670 993
1580680 994
1580690 994
1580700 995
1580710 995
1580720 994
1580730 995
1580740 996
1580750 997
1580760 998
1580770 999
1580780 1001
1580790 1002
1580800 1003
1580810 1004
1580820 1005
1580830 1006
1580840 1007
1580850 1008
1580860 1008
1580870 1009
1580880 1010
1580890 1010
1580900 1010
1580910 1010
1580920 1010
1580930 1009
1580940 1009
1580950 1008
1580960 1008
1580970 1009
1580980 1008
1580990 1007
1581000 1005
1581010 1001
1581020 996
1581030 991
1581040 988
1581050 985
1581060 982
1581070 979
1581080 977
1581090 974
1581100 971
1581110 968
1581120 965
1581130 963
1581140 962
1581150 960
1581160 960
1581170 959
1581180 959
1581190 958
1581200 958
1581210 958
1581220 958
1581230 958
1581240 958
1581250 958
1581260 958
1581270 958
1581280 958
