1580000 1432
1580010 1431
1580020 1428
1580030 1428
1580040 1425
1580050 1425
1580060 1425
1580070 1425
1580080 1425
1580090 1425
1580100 1423
1580110 1422
1580120 1420
1580130 1420
1580140 1420
1580150 1417
1580160 1417
1580170 1413
1580180 1408
1580190 1408
1580200 1403
1580210 1397
1580220 1397
1580230 1390
1580240 1385
1580250 1385
1580260 1382
1580270 1380
1580280 1380
1580290 1378
1580300 1376
1580310 1376
1580320 1374
1580330 1372
1580340 1372
1580350 1370
1580360 1366
1580370 1362
1580380 1362
1580390 1358
1580400 1355
1580410 1355
1580420 1352
1580430 1350
1580440 1350
1580450 1348
1580460 1346
1580470 1346
1580480 1345
1580490 1343
1580500 1343
1580510 1342
1580520 1341
1580530 1341
1580540 1340
1580550 1339
1580560 1339
1580570 1337
1580580 1335
1580590 1332
1580600 1332
1580610 1330
1580620 1328
1580630 1328
1580640 1327
1580650 1326
1580660 1326
1580670 1325
1580680 1324
1580690 1324
1580700 1321
1580710 1317
1580720 1317
1580730 1312
1580740 1309
1580750 1309
1580760 1307
1580770 1306
1580780 1306
1580790 1305
1580800 1304
1580810 1303
1580820 1303
1580830 1301
1580840 1299
1580850 1299
1580860 1296
1580870 1294
1580880 1294
1580890 1290
1580900 1287
1580910 1287
1580920 1283
1580930 1279
1580940 1279
1580950 1276
1580960 1273
1580970 1273
1580980 1270
1580990 1268
1581000 1268
1581010 1266
1581020 1264
1581030 1262
1581040 1262
1581050 1260
1581060 1257
1581070 1257
1581080 1255
1581090 1254
1581100 1254
1581110 1254
1581120 1253
1581130 1253
1581140 1252
1581150 1251
1581160 1251
1581170 1250
1581180 1249
1581190 1249
1581200 1248
1581210 1247
1581220 1247
1581230 1247
1581240 1246
1581250 1246
1581260 1246
1581270 1248
1581280 1249
1581290 1249
1581300 1249
1581310 1249
1581320 1249
1581330 1248
1581340 1248
1581350 1248
1581360 1247
1581370 1245
1581380 1245
1581390 1244
1581400 1244
1581410 1244
1581420 1243
1581430 1242
1581440 1242
1581450 1240
1581460 1238
1581470 1238
1581480 1236
1581490 1235
1581500 1234
1581510 1234
1581520 1232
1581530 1231
1581540 1233
1581550 1231
1581560 1229
1581570 1229
1581580 1226
1581590 1223
1581600 1223
1581610 1221
1581620 1218
1581630 1218
1581640 1216
1581650 1214
1581660 1214
1581670 1210
1581680 1206
1581690 1206
1581700 1204
1581710 1202
1581720 1197
1581730 1197
1581740 1192
1581750 1186
1581760 1186
1581770 1180
1581780 1175
1581790 1175
1581800 1169
1581810 1163
1581820 1163
1581830 1158
1581840 1152
1581850 1152
1581860 1146
1581870 1140
1581880 1140
1581890 1137
1581900 1139
1581910 1139
1581920 1141
1581930 1141
1581940 1141
1581950 1141
1581960 1143
1581970 1144
1581980 1144
1581990 1144
1582000 1143
1582010 1143
1582020 1143
1582030 1144
1582040 1144
1582050 1144
1582060 1143
1582070 1143
1582080 1143
1582090 1143
1582100 1143
1582110 1144
1582120 1143
1582130 1143
1582140 1140
1582150 1137
1582160 1137
1582170 1135
1582180 1135
1582190 1137
1582200 1137
1582210 1140
1582220 1144
1582230 1144
1582240 1149
1582250 1153
1582260 1153
1582270 1157
1582280 1162
1582290 1162
1582300 1166
1582310 1171
1582320 1171
1582330 1175
1582340 1180
1582350 1180
1582360 1183
1582370 1187
1582380 1187
1582390 1190
1582400 1193
1582410 1194
1582420 1194
1582430 1194
1582440 1193
1582450 1193
1582460 1192
1582470 1191
1582480 1191
1582490 1190
1582500 1190
1582510 1190
1582520 1189
1582530 1189
1582540 1189
1582550 1189
1582560 1189
1582570 1189
1582580 1189
1582590 1189
1582600 1189
1582610 1189
1582620 1189
1582630 1189
1582640 1189
1582650 1189
1582660 1189
1582670 1189
1582680 1187
1582690 1186
1582700 1186
1582710 1185
1582720 1184
1582730 1184
1582740 1183
1582750 1181
1582760 1181
1582770 1179
1582780 1176
1582790 1176
1582800 1173
1582810 1171
1582820 1171
1582830 1169
1582840 1169
1582850 1167
1582860 1167
1582870 1166
1582880 1164
1582890 1164
1582900 1162
1582910 1159
1582920 1159
1582930 1158
1582940 1157
1582950 1157
1582960 1155
1582970 1153
1582980 1153
1582990 1153
1583000 1153
1583010 1153
1583020 1150
1583030 1150
1583040 1150
1583050 1149
1583060 1148
1583070 1148
1583080 1146
1583090 1140
1583100 1135
1583110 1135
1583120 1133
1583130 1133
1583140 1133
1583150 1132
1583160 1131
1583170 1131
1583180 1130
1583190 1128
1583200 1128
1583210 1126
1583220 1124
1583230 1124
1583240 1121
1583250 1116
1583260 1116
1583270 1110
1583280 1105
1583290 1105
1583300 1097
1583310 1092
1583320 1086
1583330 1086
1583340 1081
1583350 1076
1583360 1076
1583370 1072
1583380 1069
1583390 1069
1583400 1064
1583410 1059
1583420 1059
1583430 1056
1583440 1053
1583450 1053
1583460 1049
1583470 1047
1583480 1047
1583490 1045
1583500 1043
1583510 1043
1583520 1040
1583530 1034
1583540 1028
1583550 1028
1583560 1023
1583570 1017
1583580 1017
1583590 1014
1583600 1010
1583610 1010
1583620 1005
1583630 1002
1583640 1002
1583650 999
1583660 996
1583670 996
1583680 993
1583690 990
1583700 990
1583710 987
1583720 985
1583730 985
1583740 981
1583750 978
1583760 973
1583770 973
1583780 964
1583790 955
1583800 955
1583810 945
1583820 934
1583830 934
1583840 923
1583850 916
1583860 916
1583870 909
1583880 903
1583890 903
1583900 895
1583910 888
1583920 888
1583930 885
1583940 885
1583950 885
1583960 884
1583970 882
1583980 878
1583990 878
1584000 873
1584010 869
1584020 869
1584030 865
1584040 862
1584050 862
1584060 858
1584070 852
1584080 852
1584090 847
1584100 843
1584110 843
1584120 839
1584130 839
1584140 839
1584150 836
1584160 832
1584170 832
1584180 829
1584190 825
1584200 825
1584210 823
1584220 819
1584230 815
1584240 815
1584250 814
1584260 810
1584270 810
1584280 806
1584290 801
1584300 801
1584310 799
1584320 796
1584330 796
1584340 793
1584350 791
1584360 791
1584370 790
1584380 789
1584390 789
1584400 788
1584410 788
1584420 788
1584430 787
1584440 787
1584450 787
1584460 787
1584470 787
1584480 787
1584490 787
1584500 787
1584510 787
1584520 787
1584530 788
1584540 788
1584550 788
1584560 789
1584570 789
1584580 789
1584590 790
1584600 790
1584610 790
1584620 791
1584630 793
1584640 793
1584650 796
1584660 799
1584670 801
1584680 801
1584690 803
1584700 804
1584710 804
1584720 806
1584730 807
1584740 807
1584750 807
1584760 808
1584770 808
1584780 808
1584790 808
1584800 808
1584810 807
1584820 807
1584830 807
1584840 807
1584850 807
1584860 807
1584870 807
1584880 806
1584890 806
1584900 806
1584910 806
1584920 806
1584930 806
1584940 806
1584950 805
1584960 805
1584970 805
1584980 805
1584990 805
1585000 805
1585010 804
1585020 804
1585030 804
1585040 804
1585050 804
1585060 803
1585070 803
1585080 803
1585090 803
1585100 802
1585110 802
1585120 802
1585130 801
1585140 799
1585150 799
1585160 796
1585170 792
1585180 792
1585190 790
1585200 786
1585210 786
1585220 783
1585230 780
1585240 780
1585250 778
1585260 776
1585270 776
1585280 776
1585290 776
1585300 776
1585310 773
1585320 772
1585330 772
1585340 773
1585350 773
1585360 772
1585370 772
1585380 771
1585390 771
1585400 771
1585410 771
1585420 769
1585430 769
1585440 767
1585450 766
1585460 766
1585470 766
1585480 766
1585490 766
1585500 766
1585510 766
1585520 766
1585530 768
1585540 768
1585550 768
1585560 768
1585570 769
1585580 769
1585590 769
1585600 768
1585610 769
1585620 769
1585630 769
1585640 771
1585650 771
1585660 772
1585670 775
1585680 775
1585690 777
1585700 779
1585710 779
1585720 781
1585730 784
1585740 784
1585750 787
1585760 790
1585770 790
1585780 793
1585790 797
1585800 800
1585810 800
1585820 804
1585830 807
1585840 807
1585850 810
1585860 814
1585870 814
1585880 817
1585890 819
1585900 819
1585910 820
1585920 823
1585930 823
1585940 826
1585950 829
1585960 829
1585970 833
1585980 837
1585990 837
1586000 841
1586010 845
1586020 845
1586030 849
1586040 853
1586050 858
1586060 858
1586070 862
1586080 866
1586090 866
1586100 870
1586110 872
1586120 872
1586130 879
1586140 884
1586150 884
1586160 887
1586170 888
1586180 888
1586190 888
1586200 888
1586210 888
1586220 887
1586230 887
1586240 887
1586250 889
1586260 894
1586270 899
1586280 899
1586290 902
1586300 902
1586310 902
1586320 901
1586330 900
1586340 900
1586350 902
1586360 903
1586370 903
1586380 901
1586390 896
1586400 896
1586410 891
1586420 886
1586430 886
1586440 879
1586450 872
1586460 872
1586470 865
1586480 858
1586490 847
1586500 847
1586510 845
1586520 847
1586530 847
1586540 853
1586550 862
1586560 862
1586570 872
1586580 880
1586590 880
1586600 886
1586610 892
1586620 892
1586630 898
1586640 904
1586650 910
1586660 916
1586670 922
1586680 922
1586690 927
1586700 932
1586710 937
1586720 937
1586730 943
1586740 949
1586750 949
1586760 956
1586770 962
1586780 962
1586790 969
1586800 977
1586810 977
1586820 984
1586830 989
1586840 989
1586850 994
1586860 1000
1586870 1000
1586880 1005
1586890 1010
1586900 1010
1586910 1014
1586920 1021
1586930 1027
1586940 1027
1586950 1032
1586960 1036
1586970 1036
1586980 1038
1586990 1040
1587000 1040
1587010 1045
1587020 1050
1587030 1050
1587040 1053
1587050 1055
1587060 1055
1587070 1058
1587080 1061
1587090 1061
1587100 1064
1587110 1067
1587120 1067
1587130 1073
1587140 1079
1587150 1079
1587160 1086
1587170 1092
1587180 1098
1587190 1098
1587200 1104
1587210 1109
1587220 1109
1587230 1113
1587240 1114
1587250 1114
1587260 1114
1587270 1115
1587280 1115
1587290 1117
1587300 1118
1587310 1118
1587320 1118
1587330 1119
1587340 1119
1587350 1119
1587360 1119
1587370 1119
1587380 1118
1587390 1119
1587400 1120
1587410 1120
1587420 1120
1587430 1121
1587440 1121
1587450 1121
1587460 1120
1587470 1120
1587480 1118
1587490 1116
1587500 1116
1587510 1114
1587520 1116
1587530 1116
1587540 1117
1587550 1116
1587560 1116
1587570 1116
1587580 1118
1587590 1118
1587600 1120
1587610 1123
1587620 1126
1587630 1126
1587640 1123
1587650 1120
1587660 1120
1587670 1117
1587680 1112
1587690 1112
1587700 1108
1587710 1106
1587720 1106
1587730 1105
1587740 1104
1587750 1104
1587760 1104
1587770 1103
1587780 1103
1587790 1099
1587800 1096
1587810 1096
1587820 1091
1587830 1087
1587840 1085
1587850 1085
1587860 1084
1587870 1082
1587880 1076
1587890 1075
1587900 1075
1587910 1075
1587920 1073
1587930 1071
1587940 1071
1587950 1069
1587960 1068
1587970 1068
1587980 1068
1587990 1069
1588000 1069
1588010 1073
1588020 1078
1588030 1078
1588040 1081
1588050 1081
1588060 1081
1588070 1081
1588080 1081
1588090 1078
1588100 1078
1588110 1075
1588120 1073
1588130 1073
1588140 1071
1588150 1070
1588160 1070
1588170 1069
1588180 1068
1588190 1068
1588200 1067
1588210 1066
1588220 1066
1588230 1062
1588240 1057
1588250 1057
1588260 1052
1588270 1047
1588280 1047
1588290 1042
1588300 1037
1588310 1033
1588320 1033
1588330 1031
1588340 1028
1588350 1028
1588360 1023
1588370 1017
1588380 1017
1588390 1011
1588400 1004
1588410 1004
1588420 999
1588430 994
1588440 994
1588450 993
1588460 992
1588470 992
1588480 990
1588490 989
1588500 989
1588510 989
1588520 988
1588530 988
1588540 988
1588550 987
1588560 986
1588570 986
1588580 986
1588590 986
1588600 986
1588610 986
1588620 985
1588630 985
1588640 983
1588650 983
1588660 983
1588670 982
1588680 980
1588690 980
1588700 979
1588710 979
1588720 979
1588730 978
1588740 975
1588750 974
1588760 974
1588770 973
1588780 972
1588790 972
1588800 971
1588810 970
1588820 970
1588830 969
1588840 968
1588850 968
1588860 966
1588870 964
1588880 964
1588890 961
1588900 959
1588910 959
1588920 956
1588930 953
1588940 953
1588950 951
1588960 948
1588970 948
1588980 946
1588990 944
1589000 942
1589010 942
1589020 941
1589030 938
1589040 938
1589050 935
1589060 931
1589070 931
1589080 926
1589090 922
1589100 920
1589110 915
1589120 911
1589130 911
1589140 904
1589150 896
1589160 896
1589170 886
1589180 876
1589190 876
1589200 877
1589210 884
1589220 887
1589230 887
1589240 891
1589250 895
1589260 895
1589270 900
1589280 905
1589290 905
1589300 908
1589310 910
1589320 910
1589330 912
1589340 914
1589350 914
1589360 916
1589370 918
1589380 918
1589390 919
1589400 920
1589410 920
1589420 921
1589430 923
1589440 927
1589450 927
1589460 930
1589470 930
1589480 930
1589490 931
1589500 931
1589510 931
1589520 931
1589530 932
1589540 932
1589550 933
1589560 935
1589570 935
1589580 937
1589590 940
1589600 940
1589610 943
1589620 944
1589630 944
1589640 944
1589650 945
1589660 946
1589670 946
1589680 947
1589690 949
1589700 949
1589710 952
1589720 954
1589730 954
1589740 955
1589750 956
1589760 956
1589770 957
1589780 959
1589790 959
1589800 961
1589810 962
1589820 962
1589830 964
1589840 965
1589850 965
1589860 967
1589870 968
1589880 968
1589890 969
1589900 971
1589910 972
1589920 972
1589930 973
1589940 974
1589950 974
1589960 976
1589970 978
1589980 978
1589990 979
1590000 980
1590010 980
1590020 981
1590030 982
1590040 982
1590050 983
1590060 984
1590070 984
1590080 984
1590090 984
1590100 984
1590110 984
1590120 984
1590130 985
1590140 985
1590150 985
1590160 985
1590170 985
1590180 984
1590190 982
1590200 982
1590210 981
1590220 983
1590230 983
1590240 985
1590250 984
1590260 984
1590270 983
1590280 983
1590290 983
1590300 982
1590310 975
1590320 975
1590330 975
1590340 976
1590350 977
1590360 977
1590370 979
1590380 980
1590390 980
1590400 982
1590410 983
1590420 983
1590430 984
1590440 985
1590450 985
1590460 984
1590470 985
1590480 985
1590490 988
1590500 989
1590510 989
1590520 990
1590530 991
1590540 991
1590550 991
1590560 992
1590570 995
1590580 995
1590590 997
1590600 999
1590610 999
1590620 999
1590630 1000
1590640 1000
1590650 1000
1590660 998
1590670 998
1590680 995
1590690 992
1590700 992
1590710 991
1590720 990
1590730 990
1590740 989
1590750 988
1590760 988
1590770 988
1590780 988
1590790 987
1590800 987
1590810 987
1590820 987
1590830 987
1590840 987
1590850 986
1590860 986
1590870 987
1590880 986
1590890 986
1590900 984
1590910 981
1590920 981
1590930 978
1590940 976
1590950 976
1590960 974
1590970 972
1590980 972
1590990 969
1591000 966
1591010 966
1591020 961
1591030 957
1591040 954
1591050 954
1591060 951
1591070 948
1591080 948
1591090 943
1591100 941
1591110 941
1591120 945
1591130 952
1591140 952
1591150 960
1591160 967
1591170 967
1591180 975
1591190 982
1591200 982
1591210 992
1591220 1000
1591230 1000
1591240 1011
1591250 1019
1591260 1023
1591270 1023
1591280 1027
1591290 1029
1591300 1029
1591310 1030
1591320 1032
1591330 1032
1591340 1033
1591350 1035
1591360 1035
1591370 1038
1591380 1040
1591390 1040
1591400 1042
1591410 1045
1591420 1045
1591430 1046
1591440 1046
1591450 1046
1591460 1046
1591470 1046
1591480 1047
1591490 1047
1591500 1045
1591510 1045
1591520 1045
1591530 1045
1591540 1046
1591550 1046
1591560 1048
1591570 1050
1591580 1050
1591590 1051
1591600 1051
1591610 1051
1591620 1051
1591630 1051
1591640 1051
1591650 1051
1591660 1051
1591670 1051
1591680 1051
1591690 1051
1591700 1051
1591710 1051
1591720 1051
1591730 1050
1591740 1050
1591750 1051
1591760 1052
1591770 1052
1591780 1053
1591790 1055
1591800 1055
1591810 1056
1591820 1058
1591830 1058
1591840 1059
1591850 1060
1591860 1060
1591870 1061
1591880 1061
1591890 1061
1591900 1061
1591910 1061
1591920 1061
1591930 1062
1591940 1062
1591950 1063
1591960 1063
1591970 1062
1591980 1061
1591990 1061
1592000 1060
1592010 1061
1592020 1061
1592030 1063
1592040 1065
1592050 1065
1592060 1066
1592070 1067
1592080 1067
1592090 1067
1592100 1067
1592110 1067
1592120 1069
1592130 1070
1592140 1070
1592150 1071
1592160 1069
1592170 1065
1592180 1065
1592190 1060
1592200 1054
1592210 1054
1592220 1049
1592230 1045
1592240 1045
1592250 1043
1592260 1043
1592270 1043
1592280 1043
1592290 1043
1592300 1043
1592310 1043
1592320 1043
1592330 1043
1592340 1042
1592350 1041
1592360 1041
1592370 1040
1592380 1039
1592390 1038
1592400 1038
1592410 1038
1592420 1039
1592430 1039
1592440 1041
1592450 1041
1592460 1041
1592470 1042
1592480 1043
1592490 1043
1592500 1043
1592510 1044
1592520 1044
1592530 1044
1592540 1044
1592550 1044
1592560 1043
1592570 1043
1592580 1043
1592590 1043
1592600 1043
1592610 1043
1592620 1043
1592630 1042
1592640 1040
1592650 1040
1592660 1037
1592670 1033
1592680 1032
1592690 1030
1592700 1026
1592710 1026
1592720 1024
1592730 1021
1592740 1021
1592750 1017
1592760 1013
1592770 1013
1592780 1011
1592790 1009
1592800 1009
1592810 1008
1592820 1007
1592830 1007
1592840 1006
1592850 1004
1592860 1000
1592870 1000
1592880 995
1592890 991
1592900 991
1592910 985
1592920 979
1592930 979
1592940 981
1592950 989
1592960 989
1592970 993
1592980 993
1592990 993
1593000 992
1593010 991
1593020 991
1593030 992
1593040 994
1593050 994
1593060 997
1593070 998
1593080 1002
1593090 1002
1593100 1006
1593110 1007
1593120 1007
1593130 1006
1593140 1009
1593150 1009
1593160 1011
1593170 1010
1593180 1010
1593190 1007
1593200 1003
1593210 1003
1593220 998
1593230 992
1593240 992
1593250 988
1593260 981
1593270 981
1593280 976
1593290 974
1593300 974
1593310 974
1593320 973
1593330 971
1593340 971
1593350 969
1593360 969
1593370 969
1593380 969
1593390 969
1593400 969
1593410 968
1593420 967
1593430 967
1593440 968
1593450 968
1593460 968
1593470 968
1593480 969
1593490 969
1593500 969
1593510 968
1593520 965
1593530 965
1593540 961
1593550 958
1593560 958
1593570 957
1593580 957
1593590 957
1593600 958
1593610 959
1593620 959
1593630 960
1593640 961
1593650 961
1593660 962
1593670 962
1593680 962
1593690 963
1593700 964
1593710 964
1593720 963
1593730 961
1593740 961
1593750 960
1593760 958
1593770 957
1593780 957
1593790 956
1593800 956
1593810 956
1593820 956
1593830 957
1593840 957
1593850 951
1593860 952
1593870 952
1593880 952
1593890 949
1593900 949
1593910 946
1593920 943
1593930 943
1593940 938
1593950 933
1593960 933
1593970 929
1593980 927
1593990 925
1594000 925
1594010 922
1594020 918
1594030 918
1594040 914
1594050 911
1594060 911
1594070 908
1594080 905
1594090 905
1594100 901
1594110 900
1594120 900
1594130 898
1594140 897
1594150 897
1594160 896
1594170 895
1594180 895
1594190 893
1594200 892
1594210 890
1594220 890
1594230 888
1594240 885
1594250 885
1594260 882
1594270 880
1594280 880
1594290 877
1594300 872
1594310 872
1594320 865
1594330 862
1594340 862
1594350 864
1594360 866
1594370 866
1594380 869
1594390 871
1594400 871
1594410 871
1594420 870
1594430 871
1594440 871
1594450 875
1594460 880
1594470 880
1594480 882
1594490 881
1594500 881
1594510 878
1594520 873
1594530 873
1594540 869
1594550 864
1594560 864
1594570 860
1594580 857
1594590 857
1594600 854
1594610 852
1594620 852
1594630 850
1594640 848
1594650 846
1594660 846
1594670 845
1594680 844
1594690 844
1594700 842
1594710 839
1594720 839
1594730 836
1594740 833
1594750 833
1594760 831
1594770 829
1594780 829
1594790 827
1594800 825
1594810 825
1594820 825
1594830 825
1594840 825
1594850 825
1594860 824
1594870 824
1594880 821
1594890 818
1594900 816
1594910 816
1594920 812
1594930 810
1594940 810
1594950 809
1594960 808
1594970 808
1594980 807
1594990 806
1595000 803
1595010 802
1595020 800
1595030 800
1595040 799
1595050 798
1595060 798
1595070 796
1595080 794
1595090 794
1595100 793
1595110 791
1595120 790
1595130 790
1595140 789
1595150 788
1595160 788
1595170 787
1595180 786
1595190 786
1595200 785
1595210 784
1595220 784
1595230 783
1595240 781
1595250 781
1595260 780
1595270 779
1595280 779
1595290 778
1595300 777
1595310 777
1595320 777
1595330 776
1595340 775
1595350 775
1595360 774
1595370 773
1595380 773
1595390 771
1595400 770
1595410 770
1595420 769
1595430 768
1595440 768
1595450 767
1595460 766
1595470 766
1595480 765
1595490 765
1595500 765
1595510 765
1595520 764
1595530 764
1595540 764
1595550 765
1595560 766
1595570 766
1595580 766
1595590 767
1595600 767
1595610 768
1595620 769
1595630 769
1595640 769
1595650 769
1595660 769
1595670 769
1595680 769
1595690 769
1595700 769
1595710 769
1595720 769
1595730 769
1595740 769
1595750 769
1595760 768
1595770 768
1595780 768
1595790 768
1595800 768
1595810 768
1595820 768
1595830 768
1595840 768
1595850 768
1595860 769
1595870 769
1595880 769
1595890 769
1595900 769
1595910 769
1595920 769
1595930 769
1595940 769
1595950 769
1595960 769
1595970 769
1595980 769
1595990 768
1596000 768
1596010 768
1596020 768
1596030 768
1596040 768
1596050 767
1596060 768
1596070 768
1596080 768
1596090 768
1596100 768
1596110 768
1596120 768
1596130 768
1596140 768
1596150 766
1596160 766
1596170 766
1596180 766
1596190 766
1596200 767
1596210 767
1596220 767
1596230 767
1596240 767
1596250 768
1596260 768
1596270 768
1596280 768
1596290 768
1596300 769
1596310 769
1596320 769
1596330 770
1596340 771
1596350 771
1596360 771
1596370 772
1596380 772
1596390 772
1596400 772
1596410 772
1596420 772
1596430 772
1596440 772
1596450 772
1596460 772
1596470 772
1596480 772
1596490 773
1596500 772
1596510 772
1596520 772
1596530 772
1596540 772
1596550 772
1596560 772
1596570 772
1596580 771
1596590 771
1596600 771
1596610 770
1596620 769
1596630 769
1596640 767
1596650 766
1596660 766
1596670 765
1596680 764
1596690 764
1596700 759
1596710 757
1596720 757
1596730 757
1596740 756
1596750 755
1596760 755
1596770 754
1596780 753
1596790 753
1596800 753
1596810 751
1596820 751
1596830 750
1596840 750
1596850 750
1596860 750
1596870 749
1596880 749
1596890 748
1596900 748
1596910 748
1596920 748
1596930 750
1596940 750
1596950 750
1596960 748
1596970 747
1596980 747
1596990 746
1597000 746
1597010 746
1597020 745
1597030 746
1597040 746
1597050 746
1597060 746
1597070 746
1597080 747
1597090 747
1597100 747
1597110 746
1597120 745
1597130 745
1597140 745
1597150 745
1597160 745
1597170 745
1597180 745
1597190 745
1597200 745
1597210 745
1597220 745
1597230 745
1597240 745
1597250 745
1597260 745
1597270 745
1597280 744
1597290 744
1597300 745
1597310 745
1597320 745
1597330 745
1597340 745
1597350 745
1597360 745
1597370 744
1597380 744
1597390 744
1597400 744
1597410 744
1597420 744
1597430 744
1597440 744
1597450 744
1597460 744
1597470 744
1597480 744
1597490 744
1597500 744
1597510 744
1597520 745
1597530 745
1597540 745
1597550 746
1597560 746
1597570 746
1597580 746
1597590 748
1597600 748
1597610 750
1597620 750
1597630 750
1597640 750
1597650 754
1597660 758
1597670 758
1597680 759
1597690 759
1597700 759
1597710 760
1597720 761
1597730 761
1597740 760
1597750 761
1597760 761
1597770 762
1597780 763
1597790 763
1597800 763
1597810 763
1597820 763
1597830 764
1597840 763
1597850 763
1597860 763
1597870 763
1597880 763
1597890 763
1597900 763
1597910 762
1597920 762
1597930 762
1597940 761
1597950 761
1597960 761
1597970 761
1597980 761
1597990 761
1598000 761
1598010 761
1598020 762
1598030 763
1598040 763
1598050 764
1598060 764
1598070 765
1598080 765
1598090 765
1598100 765
1598110 765
1598120 765
1598130 765
1598140 765
1598150 765
1598160 765
1598170 765
1598180 765
1598190 765
1598200 765
1598210 765
1598220 765
1598230 765
1598240 765
1598250 765
1598260 765
1598270 765
1598280 766
1598290 766
1598300 766
1598310 766
1598320 766
1598330 766
1598340 766
1598350 767
1598360 767
1598370 768
1598380 769
1598390 769
1598400 768
1598410 769
1598420 769
1598430 769
1598440 769
1598450 769
1598460 770
1598470 774
1598480 774
1598490 783
1598500 790
1598510 790
1598520 793
1598530 794
1598540 795
1598550 795
1598560 795
1598570 794
1598580 794
1598590 793
1598600 792
1598610 792
1598620 792
1598630 791
1598640 791
1598650 791
1598660 792
1598670 792
1598680 792
1598690 792
1598700 792
1598710 793
1598720 793
1598730 793
1598740 794
1598750 796
1598760 797
1598770 797
1598780 798
1598790 799
1598800 799
1598810 798
1598820 796
1598830 796
1598840 793
1598850 790
1598860 790
1598870 787
1598880 784
1598890 784
1598900 778
1598910 771
1598920 771
1598930 768
1598940 765
1598950 765
1598960 768
1598970 773
1598980 780
1598990 780
1599000 786
1599010 791
1599020 791
1599030 797
1599040 801
1599050 801
1599060 802
1599070 806
1599080 806
1599090 809
1599100 813
1599110 813
1599120 816
1599130 819
1599140 819
1599150 821
1599160 824
1599170 824
1599180 827
1599190 830
1599200 833
1599210 833
1599220 836
1599230 840
1599240 840
1599250 844
1599260 847
1599270 847
1599280 850
1599290 853
1599300 853
1599310 857
1599320 862
1599330 862
1599340 862
1599350 862
1599360 862
1599370 865
1599380 867
1599390 867
1599400 870
1599410 873
1599420 873
1599430 875
1599440 878
1599450 880
1599460 880
1599470 883
1599480 886
1599490 886
1599500 888
1599510 889
1599520 889
1599530 891
1599540 893
1599550 893
1599560 896
1599570 899
1599580 899
1599590 902
1599600 904
1599610 904
1599620 907
1599630 909
1599640 909
1599650 911
1599660 913
1599670 915
1599680 915
1599690 919
1599700 924
1599710 924
1599720 929
1599730 934
1599740 934
1599750 940
1599760 944
1599770 944
1599780 948
1599790 950
1599800 950
1599810 951
1599820 952
1599830 952
1599840 954
1599850 956
1599860 956
1599870 957
1599880 959
1599890 962
1599900 962
1599910 964
1599920 966
1599930 966
1599940 967
1599950 968
1599960 968
1599970 970
1599980 971
1599990 971
