1580000 1681
1580010 1680
1580020 1680
1580030 1680
1580040 1680
1580050 1680
1580060 1680
1580070 1680
1580080 1680
1580090 1680
1580100 1679
1580110 1679
1580120 1676
1580130 1674
1580140 1670
1580150 1670
1580160 1666
1580170 1661
1580180 1661
1580190 1656
1580200 1653
1580210 1653
1580220 1650
1580230 1647
1580240 1647
1580250 1645
1580260 1642
1580270 1642
1580280 1638
1580290 1635
1580300 1635
1580310 1632
1580320 1629
1580330 1629
1580340 1626
1580350 1623
1580360 1619
1580370 1619
1580380 1617
1580390 1614
1580400 1614
1580410 1611
1580420 1608
1580430 1608
1580440 1605
1580450 1601
1580460 1601
1580470 1598
1580480 1595
1580490 1595
1580500 1591
1580510 1588
1580520 1588
1580530 1585
1580540 1583
1580550 1583
1580560 1580
1580570 1577
1580580 1577
1580590 1572
1580600 1568
1580610 1564
1580620 1564
1580630 1559
1580640 1554
1580650 1554
1580660 1550
1580670 1546
1580680 1546
1580690 1542
1580700 1538
1580710 1538
1580720 1534
1580730 1530
1580740 1530
1580750 1526
1580760 1521
1580770 1521
1580780 1516
1580790 1512
1580800 1510
1580810 1505
1580820 1502
1580830 1498
1580840 1498
1580850 1493
1580860 1489
1580870 1489
1580880 1485
1580890 1481
1580900 1481
1580910 1477
1580920 1471
1580930 1471
1580940 1464
1580950 1459
1580960 1459
1580970 1458
1580980 1456
1580990 1456
1581000 1452
1581010 1450
1581020 1450
1581030 1448
1581040 1447
1581050 1447
1581060 1446
1581070 1444
1581080 1441
1581090 1441
1581100 1439
1581110 1435
1581120 1435
1581130 1432
1581140 1430
1581150 1430
1581160 1427
1581170 1424
1581180 1424
1581190 1421
1581200 1418
1581210 1418
1581220 1416
1581230 1412
1581240 1412
1581250 1406
1581260 1401
1581270 1401
1581280 1396
1581290 1390
1581300 1385
1581310 1385
1581320 1381
1581330 1376
1581340 1376
1581350 1372
1581360 1368
1581370 1368
1581380 1363
1581390 1359
1581400 1359
1581410 1356
1581420 1353
1581430 1353
1581440 1350
1581450 1349
1581460 1349
1581470 1347
1581480 1345
1581490 1345
1581500 1344
1581510 1342
1581520 1341
1581530 1341
1581540 1339
1581550 1335
1581560 1335
1581570 1331
1581580 1327
1581590 1327
1581600 1323
1581610 1319
1581620 1319
1581630 1316
1581640 1312
1581650 1312
1581660 1309
1581670 1307
1581680 1307
1581690 1305
1581700 1303
1581710 1303
1581720 1300
1581730 1298
1581740 1298
1581750 1296
1581760 1295
1581770 1294
1581780 1294
1581790 1291
1581800 1287
1581810 1287
1581820 1284
1581830 1284
1581840 1284
1581850 1282
1581860 1277
1581870 1277
1581880 1276
1581890 1273
1581900 1273
1581910 1270
1581920 1268
1581930 1268
1581940 1265
1581950 1262
1581960 1262
1581970 1260
1581980 1257
1581990 1254
1582000 1254
1582010 1252
1582020 1248
1582030 1248
1582040 1244
1582050 1242
1582060 1242
1582070 1243
1582080 1246
1582090 1246
1582100 1246
1582110 1239
1582120 1239
1582130 1239
1582140 1237
1582150 1237
1582160 1236
1582170 1234
1582180 1234
1582190 1232
1582200 1233
1582210 1233
1582220 1233
1582230 1232
1582240 1231
1582250 1231
1582260 1230
1582270 1226
1582280 1226
1582290 1226
1582300 1225
1582310 1225
1582320 1224
1582330 1222
1582340 1222
1582350 1220
1582360 1218
1582370 1218
1582380 1216
1582390 1215
1582400 1215
1582410 1213
1582420 1212
1582430 1212
1582440 1210
1582450 1208
1582460 1206
1582470 1206
1582480 1204
1582490 1203
1582500 1203
1582510 1201
1582520 1199
1582530 1199
1582540 1198
1582550 1197
1582560 1197
1582570 1196
1582580 1195
1582590 1195
1582600 1195
1582610 1197
1582620 1197
1582630 1201
1582640 1200
1582650 1200
1582660 1199
1582670 1198
1582680 1199
1582690 1199
1582700 1201
1582710 1202
1582720 1202
1582730 1203
1582740 1204
1582750 1204
1582760 1204
1582770 1203
1582780 1203
1582790 1202
1582800 1202
1582810 1202
1582820 1200
1582830 1197
1582840 1197
1582850 1198
1582860 1202
1582870 1202
1582880 1206
1582890 1211
1582900 1212
1582910 1212
1582920 1212
1582930 1211
1582940 1211
1582950 1210
1582960 1211
1582970 1211
1582980 1212
1582990 1212
1583000 1212
1583010 1211
1583020 1210
1583030 1210
1583040 1209
1583050 1207
1583060 1207
1583070 1205
1583080 1205
1583090 1205
1583100 1204
1583110 1203
1583120 1203
1583130 1202
1583140 1203
1583150 1204
1583160 1204
1583170 1207
1583180 1209
1583190 1209
1583200 1212
1583210 1214
1583220 1214
1583230 1216
1583240 1217
1583250 1217
1583260 1219
1583270 1220
1583280 1220
1583290 1222
1583300 1224
1583310 1224
1583320 1226
1583330 1228
1583340 1228
1583350 1231
1583360 1234
1583370 1236
1583380 1236
1583390 1238
1583400 1240
1583410 1235
1583420 1237
1583430 1240
1583440 1240
1583450 1243
1583460 1245
1583470 1245
1583480 1248
1583490 1250
1583500 1250
1583510 1253
1583520 1256
1583530 1256
1583540 1258
1583550 1261
1583560 1261
1583570 1264
1583580 1267
1583590 1267
1583600 1269
1583610 1270
1583620 1272
1583630 1272
1583640 1272
1583650 1272
1583660 1272
1583670 1271
1583680 1270
1583690 1270
1583700 1269
1583710 1269
1583720 1269
1583730 1268
1583740 1268
1583750 1268
1583760 1267
1583770 1267
1583780 1267
1583790 1267
1583800 1269
1583810 1269
1583820 1270
1583830 1272
1583840 1273
1583850 1273
1583860 1274
1583870 1276
1583880 1276
1583890 1279
1583900 1282
1583910 1282
1583920 1285
1583930 1288
1583940 1288
1583950 1291
1583960 1296
1583970 1296
1583980 1303
1583990 1312
1584000 1312
1584010 1319
1584020 1325
1584030 1325
1584040 1330
1584050 1334
1584060 1339
1584070 1339
1584080 1344
1584090 1347
1584100 1347
1584110 1350
1584120 1351
1584130 1351
1584140 1350
1584150 1350
1584160 1350
1584170 1350
1584180 1350
1584190 1350
1584200 1351
1584210 1352
1584220 1352
1584230 1352
1584240 1352
1584250 1352
1584260 1353
1584270 1353
1584280 1353
1584290 1354
1584300 1355
1584310 1356
1584320 1356
1584330 1357
1584340 1358
1584350 1358
1584360 1360
1584370 1361
1584380 1361
1584390 1362
1584400 1363
1584410 1363
1584420 1364
1584430 1366
1584440 1366
1584450 1367
1584460 1368
1584470 1368
1584480 1370
1584490 1372
1584500 1372
1584510 1375
1584520 1377
1584530 1380
1584540 1380
1584550 1384
1584560 1387
1584570 1387
1584580 1391
1584590 1393
1584600 1393
1584610 1394
1584620 1395
1584630 1395
1584640 1396
1584650 1398
1584660 1398
1584670 1400
1584680 1401
1584690 1399
1584700 1399
1584710 1398
1584720 1398
1584730 1397
1584740 1397
1584750 1397
1584760 1397
1584770 1397
1584780 1399
1584790 1399
1584800 1402
1584810 1404
1584820 1404
1584830 1407
1584840 1409
1584850 1409
1584860 1408
1584870 1406
1584880 1406
1584890 1405
1584900 1403
1584910 1403
1584920 1401
1584930 1400
1584940 1400
1584950 1401
1584960 1403
1584970 1403
1584980 1407
1584990 1408
1585000 1407
1585010 1407
1585020 1405
1585030 1403
1585040 1403
1585050 1402
1585060 1400
1585070 1400
1585080 1398
1585090 1397
1585100 1397
1585110 1395
1585120 1394
1585130 1394
1585140 1394
1585150 1396
1585160 1396
1585170 1398
1585180 1400
1585190 1400
1585200 1403
1585210 1407
1585220 1409
1585230 1409
1585240 1410
1585250 1411
1585260 1411
1585270 1409
1585280 1408
1585290 1408
1585300 1408
1585310 1408
1585320 1408
1585330 1407
1585340 1406
1585350 1406
1585360 1406
1585370 1403
1585380 1403
1585390 1398
1585400 1395
1585410 1395
1585420 1394
1585430 1393
1585440 1392
1585450 1392
1585460 1390
1585470 1389
1585480 1389
1585490 1388
1585500 1386
1585510 1386
1585520 1385
1585530 1383
1585540 1383
1585550 1379
1585560 1377
1585570 1377
1585580 1376
1585590 1373
1585600 1373
1585610 1367
1585620 1362
1585630 1362
1585640 1360
1585650 1359
1585660 1359
1585670 1358
1585680 1356
1585690 1353
1585700 1353
1585710 1351
1585720 1349
1585730 1349
1585740 1347
1585750 1344
1585760 1344
1585770 1342
1585780 1340
1585790 1340
1585800 1337
1585810 1335
1585820 1335
1585830 1333
1585840 1330
1585850 1330
1585860 1328
1585870 1326
1585880 1326
1585890 1324
1585900 1323
1585910 1322
1585920 1322
1585930 1321
1585940 1320
1585950 1316
1585960 1314
1585970 1313
1585980 1313
1585990 1311
1586000 1309
1586010 1309
1586020 1308
1586030 1307
1586040 1307
1586050 1306
1586060 1306
1586070 1306
1586080 1307
1586090 1308
1586100 1308
1586110 1309
1586120 1310
1586130 1310
1586140 1310
1586150 1311
1586160 1312
1586170 1312
1586180 1312
1586190 1311
1586200 1311
1586210 1311
1586220 1311
1586230 1311
1586240 1311
1586250 1311
1586260 1311
1586270 1310
1586280 1309
1586290 1309
1586300 1309
1586310 1308
1586320 1308
1586330 1307
1586340 1306
1586350 1306
1586360 1306
1586370 1305
1586380 1304
1586390 1304
1586400 1303
1586410 1300
1586420 1300
1586430 1297
1586440 1293
1586450 1293
1586460 1284
1586470 1278
1586480 1278
1586490 1272
1586500 1266
1586510 1266
1586520 1260
1586530 1256
1586540 1256
1586550 1254
1586560 1252
1586570 1252
1586580 1249
1586590 1245
1586600 1242
1586610 1242
1586620 1238
1586630 1234
1586640 1234
1586650 1230
1586660 1227
1586670 1227
1586680 1224
1586690 1221
1586700 1221
1586710 1219
1586720 1216
1586730 1216
1586740 1213
1586750 1212
1586760 1212
1586770 1210
1586780 1209
1586790 1209
1586800 1208
1586810 1205
1586820 1205
1586830 1202
1586840 1199
1586850 1195
1586860 1195
1586870 1192
1586880 1188
1586890 1188
1586900 1183
1586910 1178
1586920 1178
1586930 1174
1586940 1171
1586950 1171
1586960 1167
1586970 1164
1586980 1164
1586990 1160
1587000 1156
1587010 1156
1587020 1152
1587030 1148
1587040 1148
1587050 1145
1587060 1140
1587070 1137
1587080 1137
1587090 1133
1587100 1130
1587110 1130
1587120 1126
1587130 1123
1587140 1123
1587150 1120
1587160 1118
1587170 1118
1587180 1116
1587190 1110
1587200 1110
1587210 1109
1587220 1108
1587230 1108
1587240 1106
1587250 1104
1587260 1104
1587270 1101
1587280 1098
1587290 1096
1587300 1096
1587310 1095
1587320 1094
1587330 1094
1587340 1092
1587350 1089
1587360 1089
1587370 1088
1587380 1088
1587390 1088
1587400 1086
1587410 1084
1587420 1084
1587430 1082
1587440 1080
1587450 1080
1587460 1077
1587470 1074
1587480 1074
1587490 1072
1587500 1069
1587510 1069
1587520 1067
1587530 1063
1587540 1060
1587550 1060
1587560 1057
1587570 1055
1587580 1055
1587590 1052
1587600 1048
1587610 1048
1587620 1044
1587630 1041
1587640 1041
1587650 1038
1587660 1035
1587670 1035
1587680 1032
1587690 1029
1587700 1029
1587710 1027
1587720 1024
1587730 1024
1587740 1020
1587750 1013
1587760 1004
1587770 1004
1587780 1000
1587790 996
1587800 996
1587810 995
1587820 993
1587830 993
1587840 990
1587850 986
1587860 986
1587870 984
1587880 982
1587890 982
1587900 979
1587910 973
1587920 973
1587930 966
1587940 960
1587950 960
1587960 955
1587970 954
1587980 952
1587990 952
1588000 950
1588010 948
1588020 948
1588030 946
1588040 945
1588050 945
1588060 944
1588070 943
1588080 943
1588090 943
1588100 943
1588110 943
1588120 944
1588130 944
1588140 944
1588150 945
1588160 945
1588170 945
1588180 945
1588190 945
1588200 945
1588210 946
1588220 946
1588230 945
1588240 945
1588250 943
1588260 939
1588270 939
1588280 935
1588290 932
1588300 932
1588310 930
1588320 925
1588330 925
1588340 921
1588350 916
1588360 916
1588370 911
1588380 905
1588390 905
1588400 897
1588410 891
1588420 886
1588430 886
1588440 888
1588450 887
1588460 887
1588470 884
1588480 879
1588490 879
1588500 875
1588510 871
1588520 871
1588530 866
1588540 860
1588550 860
1588560 855
1588570 849
1588580 849
1588590 841
1588600 835
1588610 835
1588620 829
1588630 822
1588640 822
1588650 815
1588660 810
1588670 810
1588680 804
1588690 796
1588700 788
1588710 788
1588720 781
1588730 776
1588740 776
1588750 774
1588760 774
1588770 774
1588780 772
1588790 772
1588800 772
1588810 773
1588820 773
1588830 773
1588840 773
1588850 773
1588860 773
1588870 773
1588880 773
1588890 773
1588900 772
1588910 772
1588920 772
1588930 772
1588940 771
1588950 771
1588960 771
1588970 771
1588980 771
1588990 771
1589000 771
1589010 771
1589020 771
1589030 771
1589040 771
1589050 771
1589060 770
1589070 770
1589080 770
1589090 770
1589100 772
1589110 772
1589120 774
1589130 778
1589140 779
1589150 779
1589160 779
1589170 779
1589180 779
1589190 779
1589200 779
1589210 779
1589220 778
1589230 778
1589240 778
1589250 778
1589260 778
1589270 778
1589280 778
1589290 778
1589300 778
1589310 778
1589320 778
1589330 778
1589340 777
1589350 777
1589360 777
1589370 777
1589380 777
1589390 777
1589400 777
1589410 777
1589420 777
1589430 777
1589440 777
1589450 777
1589460 777
1589470 777
1589480 777
1589490 777
1589500 776
1589510 776
1589520 776
1589530 776
1589540 777
1589550 777
1589560 777
1589570 776
1589580 776
1589590 776
1589600 776
1589610 776
1589620 776
1589630 777
1589640 778
1589650 778
1589660 778
1589670 778
1589680 778
1589690 778
1589700 779
1589710 779
1589720 779
1589730 780
1589740 780
1589750 781
1589760 781
1589770 781
1589780 780
1589790 780
1589800 780
1589810 780
1589820 781
1589830 784
1589840 784
1589850 783
1589860 782
1589870 782
1589880 783
1589890 784
1589900 784
1589910 787
1589920 791
1589930 791
1589940 794
1589950 798
1589960 798
1589970 803
1589980 807
1589990 807
1590000 810
1590010 812
1590020 812
1590030 815
1590040 818
1590050 818
1590060 820
1590070 822
1590080 825
1590090 825
1590100 827
1590110 829
1590120 829
1590130 835
1590140 842
1590150 842
1590160 848
1590170 854
1590180 854
1590190 860
1590200 866
1590210 866
1590220 872
1590230 879
1590240 879
1590250 886
1590260 890
1590270 890
1590280 895
1590290 901
1590300 907
1590310 907
1590320 912
1590330 916
1590340 916
1590350 919
1590360 922
1590370 922
1590380 925
1590390 927
1590400 927
1590410 927
1590420 927
1590430 927
1590440 926
1590450 926
1590460 926
1590470 927
1590480 926
1590490 926
1590500 925
1590510 925
1590520 925
1590530 925
1590540 925
1590550 925
1590560 925
1590570 925
1590580 926
1590590 926
1590600 926
1590610 927
1590620 927
1590630 929
1590640 932
1590650 932
1590660 934
1590670 936
1590680 936
1590690 938
1590700 938
1590710 938
1590720 939
1590730 940
1590740 940
1590750 941
1590760 941
1590770 943
1590780 943
1590790 945
1590800 946
1590810 946
1590820 948
1590830 949
1590840 953
1590850 955
1590860 956
1590870 956
1590880 955
1590890 956
1590900 956
1590910 957
1590920 959
1590930 959
1590940 961
1590950 962
1590960 962
1590970 963
1590980 965
1590990 966
1591000 966
1591010 967
1591020 968
1591030 968
1591040 968
1591050 967
1591060 967
1591070 971
1591080 967
1591090 967
1591100 961
1591110 956
1591120 956
1591130 951
1591140 954
1591150 954
1591160 962
1591170 968
1591180 968
1591190 975
1591200 980
1591210 980
1591220 985
1591230 989
1591240 994
1591250 994
1591260 999
1591270 1002
1591280 1002
1591290 1005
1591300 1008
1591310 1008
1591320 1010
1591330 1012
1591340 1012
1591350 1014
1591360 1013
1591370 1013
1591380 1012
1591390 1011
1591400 1011
1591410 1009
1591420 1007
1591430 1007
1591440 1006
1591450 1004
1591460 1003
1591470 1003
1591480 1003
1591490 1003
1591500 1003
1591510 1001
1591520 999
1591530 999
1591540 997
1591550 995
1591560 995
1591570 993
1591580 989
1591590 989
1591600 986
1591610 980
1591620 980
1591630 973
1591640 966
1591650 966
1591660 958
1591670 951
1591680 946
1591690 946
1591700 940
1591710 937
1591720 937
1591730 943
1591740 952
1591750 952
1591760 959
1591770 967
1591780 967
1591790 974
1591800 975
1591810 975
1591820 973
1591830 970
1591840 970
1591850 970
1591860 976
1591870 976
1591880 983
1591890 989
1591900 989
1591910 996
1591920 1003
1591930 1008
1591940 1008
1591950 1010
1591960 1013
1591970 1013
1591980 1014
1591990 1016
1592000 1016
1592010 1017
1592020 1022
1592030 1022
1592040 1023
1592050 1023
1592060 1023
1592070 1024
1592080 1026
1592090 1026
1592100 1028
1592110 1029
1592120 1029
1592130 1030
1592140 1030
1592150 1029
1592160 1029
1592170 1027
1592180 1023
1592190 1023
1592200 1019
1592210 1017
1592220 1017
1592230 1015
1592240 1014
1592250 1014
1592260 1012
1592270 1012
1592280 1012
1592290 1006
1592300 991
1592310 991
1592320 984
1592330 980
1592340 980
1592350 978
1592360 977
1592370 978
1592380 978
1592390 982
1592400 989
1592410 989
1592420 997
1592430 1006
1592440 1006
1592450 1015
1592460 1023
1592470 1023
1592480 1032
1592490 1042
1592500 1042
1592510 1051
1592520 1060
1592530 1060
1592540 1068
1592550 1077
1592560 1077
1592570 1088
1592580 1098
1592590 1098
1592600 1108
1592610 1117
1592620 1122
1592630 1122
1592640 1125
1592650 1126
1592660 1126
1592670 1127
1592680 1129
1592690 1129
1592700 1131
1592710 1134
1592720 1134
1592730 1138
1592740 1141
1592750 1141
1592760 1142
1592770 1143
1592780 1143
1592790 1143
1592800 1143
1592810 1143
1592820 1143
1592830 1144
1592840 1145
1592850 1145
1592860 1145
1592870 1146
1592880 1146
1592890 1146
1592900 1146
1592910 1146
1592920 1147
1592930 1148
1592940 1148
1592950 1149
1592960 1151
1592970 1151
1592980 1152
1592990 1154
1593000 1154
1593010 1155
1593020 1156
1593030 1156
1593040 1157
1593050 1159
1593060 1159
1593070 1159
1593080 1158
1593090 1154
1593100 1154
1593110 1151
1593120 1151
1593130 1151
1593140 1152
1593150 1153
1593160 1153
1593170 1152
1593180 1152
1593190 1152
1593200 1159
1593210 1158
1593220 1158
1593230 1158
1593240 1157
1593250 1157
1593260 1155
1593270 1157
1593280 1157
1593290 1159
1593300 1160
1593310 1161
1593320 1161
1593330 1162
1593340 1163
1593350 1163
1593360 1164
1593370 1164
1593380 1164
1593390 1164
1593400 1165
1593410 1165
1593420 1165
1593430 1164
1593440 1164
1593450 1164
1593460 1164
1593470 1164
1593480 1164
1593490 1162
1593500 1162
1593510 1161
1593520 1158
1593530 1155
1593540 1155
1593550 1153
1593560 1151
1593570 1151
1593580 1147
1593590 1141
1593600 1141
1593610 1137
1593620 1133
1593630 1133
1593640 1128
1593650 1121
1593660 1121
1593670 1116
1593680 1109
1593690 1109
1593700 1102
1593710 1095
1593720 1095
1593730 1087
1593740 1079
1593750 1079
1593760 1071
1593770 1063
1593780 1055
1593790 1055
1593800 1048
1593810 1043
1593820 1043
1593830 1040
1593840 1036
1593850 1036
1593860 1033
1593870 1031
1593880 1031
1593890 1028
1593900 1024
1593910 1024
1593920 1019
1593930 1015
1593940 1015
1593950 1011
1593960 1007
1593970 1007
1593980 1004
1593990 999
1594000 994
1594010 994
1594020 989
1594030 983
1594040 983
1594050 977
1594060 968
1594070 968
1594080 954
1594090 954
1594100 954
1594110 964
1594120 978
1594130 978
1594140 988
1594150 997
1594160 997
1594170 1005
1594180 1011
1594190 1011
1594200 1016
1594210 1023
1594220 1029
1594230 1029
1594240 1035
1594250 1041
1594260 1041
1594270 1046
1594280 1051
1594290 1051
1594300 1057
1594310 1063
1594320 1063
1594330 1069
1594340 1076
1594350 1076
1594360 1087
1594370 1094
1594380 1094
1594390 1101
1594400 1108
1594410 1108
1594420 1114
1594430 1122
1594440 1122
1594450 1128
1594460 1135
1594470 1143
1594480 1143
1594490 1151
1594500 1158
1594510 1158
1594520 1162
1594530 1169
1594540 1169
1594550 1176
1594560 1183
1594570 1183
1594580 1189
1594590 1195
1594600 1195
1594610 1201
1594620 1209
1594630 1209
1594640 1214
1594650 1219
1594660 1219
1594670 1226
1594680 1229
1594690 1230
1594700 1230
1594710 1230
1594720 1231
1594730 1231
1594740 1233
1594750 1235
1594760 1235
1594770 1237
1594780 1239
1594790 1239
1594800 1241
1594810 1243
1594820 1243
1594830 1246
1594840 1248
1594850 1248
1594860 1248
1594870 1248
1594880 1248
1594890 1247
1594900 1247
1594910 1247
1594920 1247
1594930 1248
1594940 1249
1594950 1249
1594960 1250
1594970 1252
1594980 1252
1594990 1253
1595000 1254
1595010 1254
1595020 1255
1595030 1255
1595040 1255
1595050 1257
1595060 1258
1595070 1258
1595080 1260
1595090 1261
1595100 1261
1595110 1263
1595120 1266
1595130 1266
1595140 1268
1595150 1270
1595160 1272
1595170 1272
1595180 1272
1595190 1272
1595200 1272
1595210 1271
1595220 1269
1595230 1269
1595240 1268
1595250 1266
1595260 1266
1595270 1263
1595280 1260
1595290 1260
1595300 1258
1595310 1254
1595320 1254
1595330 1250
1595340 1244
1595350 1244
1595360 1241
1595370 1243
1595380 1246
1595390 1246
1595400 1247
1595410 1248
1595420 1248
1595430 1250
1595440 1252
1595450 1252
1595460 1252
1595470 1249
1595480 1249
1595490 1245
1595500 1242
1595510 1248
1595520 1245
1595530 1242
1595540 1242
1595550 1239
1595560 1236
1595570 1236
1595580 1233
1595590 1235
1595600 1235
1595610 1236
1595620 1238
1595630 1241
1595640 1241
1595650 1247
1595660 1254
1595670 1254
1595680 1261
1595690 1267
1595700 1267
1595710 1272
1595720 1276
1595730 1276
1595740 1282
1595750 1287
1595760 1287
1595770 1292
1595780 1296
1595790 1296
1595800 1299
1595810 1302
1595820 1302
1595830 1304
1595840 1305
1595850 1306
1595860 1306
1595870 1308
1595880 1310
1595890 1310
1595900 1314
1595910 1319
1595920 1319
1595930 1323
1595940 1324
1595950 1324
1595960 1325
1595970 1325
1595980 1325
1595990 1324
1596000 1322
1596010 1322
1596020 1321
1596030 1321
1596040 1321
1596050 1320
1596060 1320
1596070 1320
1596080 1320
1596090 1320
1596100 1319
1596110 1319
1596120 1318
1596130 1318
1596140 1318
1596150 1317
1596160 1315
1596170 1315
1596180 1314
1596190 1312
1596200 1312
1596210 1311
1596220 1309
1596230 1309
1596240 1308
1596250 1307
1596260 1307
1596270 1306
1596280 1305
1596290 1305
1596300 1304
1596310 1301
1596320 1298
1596330 1298
1596340 1295
1596350 1292
1596360 1292
1596370 1289
1596380 1286
1596390 1286
1596400 1281
1596410 1276
1596420 1276
1596430 1271
1596440 1266
1596450 1266
1596460 1260
1596470 1254
1596480 1254
1596490 1248
1596500 1241
1596510 1241
1596520 1234
1596530 1228
1596540 1222
1596550 1222
1596560 1215
1596570 1208
1596580 1208
1596590 1202
1596600 1195
1596610 1195
1596620 1188
1596630 1183
1596640 1183
1596650 1173
1596660 1167
1596670 1167
1596680 1161
1596690 1155
1596700 1155
1596710 1150
1596720 1142
1596730 1142
1596740 1125
1596750 1116
1596760 1114
1596770 1114
1596780 1122
1596790 1131
1596800 1131
1596810 1140
1596820 1149
1596830 1149
1596840 1158
1596850 1166
1596860 1166
1596870 1173
1596880 1180
1596890 1180
1596900 1186
1596910 1192
1596920 1192
1596930 1197
1596940 1200
1596950 1200
1596960 1202
1596970 1206
1596980 1206
1596990 1210
1597000 1213
1597010 1214
1597020 1214
1597030 1217
1597040 1222
1597050 1222
1597060 1228
1597070 1235
1597080 1235
1597090 1242
1597100 1248
1597110 1248
1597120 1255
1597130 1261
1597140 1261
1597150 1267
1597160 1273
1597170 1273
1597180 1279
1597190 1285
1597200 1285
1597210 1292
1597220 1299
1597230 1306
1597240 1306
1597250 1314
1597260 1320
1597270 1320
1597280 1326
1597290 1332
1597300 1332
1597310 1338
1597320 1343
1597330 1343
1597340 1350
1597350 1355
1597360 1355
1597370 1360
1597380 1365
1597390 1365
1597400 1370
1597410 1376
1597420 1376
1597430 1383
1597440 1389
1597450 1389
1597460 1394
1597470 1399
1597480 1404
1597490 1404
1597500 1409
1597510 1414
1597520 1414
1597530 1419
1597540 1423
1597550 1423
1597560 1429
1597570 1433
1597580 1433
1597590 1437
1597600 1441
1597610 1441
1597620 1444
1597630 1446
1597640 1446
1597650 1447
1597660 1448
1597670 1448
1597680 1447
1597690 1444
1597700 1442
1597710 1442
1597720 1441
1597730 1440
1597740 1440
1597750 1439
1597760 1439
1597770 1439
1597780 1433
1597790 1433
1597800 1433
1597810 1435
1597820 1438
1597830 1438
1597840 1440
1597850 1440
1597860 1440
1597870 1435
1597880 1430
1597890 1430
1597900 1425
1597910 1422
1597920 1422
1597930 1422
1597940 1423
1597950 1422
1597960 1422
1597970 1419
1597980 1416
1597990 1416
1598000 1413
1598010 1407
1598020 1407
1598030 1400
1598040 1394
1598050 1394
1598060 1387
1598070 1382
1598080 1382
1598090 1378
1598100 1375
1598110 1375
1598120 1370
1598130 1365
1598140 1365
1598150 1361
1598160 1356
1598170 1350
1598180 1350
1598190 1343
1598200 1337
1598210 1337
1598220 1332
1598230 1328
1598240 1328
1598250 1325
1598260 1323
1598270 1323
1598280 1320
1598290 1318
1598300 1318
1598310 1316
1598320 1313
1598330 1313
1598340 1312
1598350 1312
1598360 1312
1598370 1311
1598380 1311
1598390 1310
1598400 1310
1598410 1309
1598420 1308
1598430 1308
1598440 1307
1598450 1305
1598460 1305
1598470 1303
1598480 1301
1598490 1301
1598500 1298
1598510 1296
1598520 1296
1598530 1294
1598540 1292
1598550 1292
1598560 1291
1598570 1290
1598580 1290
1598590 1288
1598600 1286
1598610 1285
1598620 1285
1598630 1284
1598640 1283
1598650 1283
1598660 1281
1598670 1281
1598680 1281
1598690 1280
1598700 1278
1598710 1278
1598720 1274
1598730 1266
1598740 1266
1598750 1260
1598760 1253
1598770 1253
1598780 1246
1598790 1238
1598800 1238
1598810 1227
1598820 1216
1598830 1216
1598840 1207
1598850 1200
1598860 1193
1598870 1193
1598880 1187
1598890 1187
1598900 1187
1598910 1181
1598920 1175
1598930 1175
1598940 1167
1598950 1160
1598960 1160
1598970 1152
1598980 1144
1598990 1144
1599000 1135
1599010 1127
1599020 1127
1599030 1116
1599040 1101
1599050 1101
1599060 1090
1599070 1083
1599080 1066
1599090 1066
1599100 1052
1599110 1040
1599120 1040
1599130 1027
1599140 1016
1599150 1016
1599160 1009
1599170 1004
1599180 1004
1599190 1000
1599200 992
1599210 992
1599220 982
1599230 973
1599240 973
1599250 963
1599260 953
1599270 953
1599280 944
1599290 935
1599300 927
1599310 927
1599320 919
1599330 911
1599340 911
1599350 904
1599360 896
1599370 896
1599380 887
1599390 879
1599400 879
1599410 871
1599420 863
1599430 863
1599440 856
1599450 849
1599460 849
1599470 842
1599480 835
1599490 835
1599500 829
1599510 822
1599520 822
1599530 815
1599540 808
1599550 801
1599560 801
1599570 794
1599580 788
1599590 788
1599600 781
1599610 776
1599620 776
1599630 772
1599640 768
1599650 768
1599660 766
1599670 763
1599680 763
1599690 761
1599700 759
1599710 759
1599720 758
1599730 757
1599740 757
1599750 755
1599760 754
1599770 753
1599780 753
1599790 752
1599800 751
1599810 751
1599820 751
1599830 750
1599840 750
1599850 749
1599860 749
1599870 749
1599880 745
1599890 742
1599900 742
1599910 740
1599920 739
1599930 739
1599940 739
1599950 740
1599960 740
1599970 739
1599980 739
1599990 739
