1580000 1591
1580010 1591
1580020 1587
1580030 1582
1580040 1582
1580050 1579
1580060 1575
1580070 1575
1580080 1571
1580090 1568
1580100 1565
1580110 1560
1580120 1557
1580130 1557
1580140 1555
1580150 1552
1580160 1548
1580170 1548
1580180 1544
1580190 1540
1580200 1540
1580210 1536
1580220 1532
1580230 1532
1580240 1527
1580250 1523
1580260 1523
1580270 1518
1580280 1513
1580290 1513
1580300 1508
1580310 1505
1580320 1505
1580330 1503
1580340 1500
1580350 1500
1580360 1497
1580370 1493
1580380 1489
1580390 1489
1580400 1485
1580410 1481
1580420 1481
1580430 1478
1580440 1474
1580450 1474
1580460 1470
1580470 1465
1580480 1465
1580490 1460
1580500 1455
1580510 1455
1580520 1450
1580530 1444
1580540 1444
1580550 1441
1580560 1438
1580570 1438
1580580 1435
1580590 1432
1580600 1432
1580610 1428
1580620 1426
1580630 1422
1580640 1422
1580650 1418
1580660 1413
1580670 1413
1580680 1408
1580690 1404
1580700 1404
1580710 1400
1580720 1395
1580730 1395
1580740 1390
1580750 1385
1580760 1385
1580770 1380
1580780 1376
1580790 1376
1580800 1372
1580810 1368
1580820 1368
1580830 1363
1580840 1360
1580850 1357
1580860 1357
1580870 1353
1580880 1351
1580890 1351
1580900 1348
1580910 1347
1580920 1347
1580930 1344
1580940 1341
1580950 1341
1580960 1341
1580970 1338
1580980 1338
1580990 1335
1581000 1336
1581010 1336
1581020 1334
1581030 1331
1581040 1331
1581050 1326
1581060 1324
1581070 1323
1581080 1323
1581090 1321
1581100 1319
1581110 1319
1581120 1317
1581130 1316
1581140 1316
1581150 1318
1581160 1318
1581170 1318
1581180 1317
1581190 1317
1581200 1317
1581210 1316
1581220 1315
1581230 1315
1581240 1314
1581250 1313
1581260 1313
1581270 1310
1581280 1308
1581290 1308
1581300 1308
1581310 1310
1581320 1314
1581330 1314
1581340 1317
1581350 1319
1581360 1319
1581370 1320
1581380 1324
1581390 1324
1581400 1327
1581410 1330
1581420 1325
1581430 1328
1581440 1331
1581450 1331
1581460 1335
1581470 1340
1581480 1340
1581490 1343
1581500 1346
1581510 1346
1581520 1347
1581530 1349
1581540 1350
1581550 1350
1581560 1351
1581570 1351
1581580 1351
1581590 1351
1581600 1350
1581610 1350
1581620 1350
1581630 1349
1581640 1349
1581650 1348
1581660 1346
1581670 1346
1581680 1344
1581690 1343
1581700 1343
1581710 1344
1581720 1345
1581730 1345
1581740 1345
1581750 1345
1581760 1345
1581770 1346
1581780 1346
1581790 1347
1581800 1347
1581810 1347
1581820 1347
1581830 1347
1581840 1347
1581850 1348
1581860 1348
1581870 1349
1581880 1351
1581890 1351
1581900 1352
1581910 1353
1581920 1353
1581930 1352
1581940 1353
1581950 1353
1581960 1354
1581970 1355
1581980 1355
1581990 1354
1582000 1353
1582010 1353
1582020 1353
1582030 1354
1582040 1354
1582050 1354
1582060 1354
1582070 1355
1582080 1355
1582090 1355
1582100 1356
1582110 1356
1582120 1357
1582130 1358
1582140 1358
1582150 1359
1582160 1360
1582170 1360
1582180 1362
1582190 1363
1582200 1363
1582210 1364
1582220 1364
1582230 1364
1582240 1365
1582250 1365
1582260 1367
1582270 1367
1582280 1369
1582290 1371
1582300 1371
1582310 1372
1582320 1373
1582330 1373
1582340 1375
1582350 1377
1582360 1377
1582370 1379
1582380 1381
1582390 1381
1582400 1384
1582410 1386
1582420 1386
1582430 1390
1582440 1394
1582450 1394
1582460 1395
1582470 1394
1582480 1393
1582490 1393
1582500 1393
1582510 1394
1582520 1394
1582530 1394
1582540 1394
1582550 1394
1582560 1395
1582570 1397
1582580 1397
1582590 1401
1582600 1404
1582610 1404
1582620 1406
1582630 1407
1582640 1407
1582650 1406
1582660 1405
1582670 1405
1582680 1402
1582690 1400
1582700 1400
1582710 1397
1582720 1394
1582730 1387
1582740 1387
1582750 1383
1582760 1379
1582770 1379
1582780 1376
1582790 1372
1582800 1372
1582810 1369
1582820 1366
1582830 1366
1582840 1363
1582850 1356
1582860 1356
1582870 1349
1582880 1343
1582890 1343
1582900 1339
1582910 1336
1582920 1336
1582930 1332
1582940 1328
1582950 1325
1582960 1325
1582970 1323
1582980 1321
1582990 1321
1583000 1320
1583010 1318
1583020 1318
1583030 1316
1583040 1311
1583050 1311
1583060 1306
1583070 1300
1583080 1300
1583090 1294
1583100 1290
1583110 1290
1583120 1286
1583130 1284
1583140 1284
1583150 1281
1583160 1279
1583170 1276
1583180 1276
1583190 1273
1583200 1269
1583210 1269
1583220 1265
1583230 1262
1583240 1262
1583250 1259
1583260 1254
1583270 1254
1583280 1250
1583290 1246
1583300 1246
1583310 1241
1583320 1236
1583330 1236
1583340 1230
1583350 1225
1583360 1225
1583370 1220
1583380 1214
1583390 1214
1583400 1209
1583410 1202
1583420 1197
1583430 1197
1583440 1192
1583450 1188
1583460 1188
1583470 1183
1583480 1179
1583490 1179
1583500 1171
1583510 1165
1583520 1165
1583530 1157
1583540 1153
1583550 1153
1583560 1150
1583570 1146
1583580 1146
1583590 1142
1583600 1138
1583610 1138
1583620 1132
1583630 1125
1583640 1117
1583650 1117
1583660 1111
1583670 1105
1583680 1105
1583690 1100
1583700 1096
1583710 1096
1583720 1094
1583730 1091
1583740 1091
1583750 1087
1583760 1083
1583770 1083
1583780 1081
1583790 1082
1583800 1082
1583810 1079
1583820 1075
1583830 1075
1583840 1071
1583850 1067
1583860 1067
1583870 1062
1583880 1059
1583890 1056
1583900 1056
1583910 1053
1583920 1049
1583930 1049
1583940 1045
1583950 1040
1583960 1040
1583970 1036
1583980 1034
1583990 1034
1584000 1030
1584010 1027
1584020 1025
1584030 1023
1584040 1021
1584050 1021
1584060 1018
1584070 1016
1584080 1016
1584090 1013
1584100 1011
1584110 1009
1584120 1009
1584130 1008
1584140 1006
1584150 1006
1584160 1003
1584170 1001
1584180 1001
1584190 999
1584200 998
1584210 998
1584220 997
1584230 995
1584240 995
1584250 992
1584260 988
1584270 988
1584280 986
1584290 983
1584300 983
1584310 981
1584320 978
1584330 978
1584340 977
1584350 976
1584360 976
1584370 976
1584380 972
1584390 962
1584400 962
1584410 951
1584420 939
1584430 939
1584440 949
1584450 958
1584460 958
1584470 967
1584480 976
1584490 976
1584500 985
1584510 993
1584520 993
1584530 1001
1584540 1009
1584550 1009
1584560 1015
1584570 1020
1584580 1022
1584590 1022
1584600 1026
1584610 1028
1584620 1028
1584630 1030
1584640 1032
1584650 1032
1584660 1033
1584670 1035
1584680 1035
1584690 1037
1584700 1040
1584710 1040
1584720 1041
1584730 1043
1584740 1043
1584750 1045
1584760 1047
1584770 1047
1584780 1046
1584790 1045
1584800 1045
1584810 1045
1584820 1046
1584830 1046
1584840 1046
1584850 1047
1584860 1049
1584870 1049
1584880 1052
1584890 1056
1584900 1056
1584910 1058
1584920 1059
1584930 1059
1584940 1060
1584950 1060
1584960 1060
1584970 1062
1584980 1063
1584990 1063
1585000 1064
1585010 1065
1585020 1065
1585030 1066
1585040 1066
1585050 1065
1585060 1065
1585070 1065
1585080 1064
1585090 1064
1585100 1064
1585110 1062
1585120 1062
1585130 1060
1585140 1058
1585150 1058
1585160 1055
1585170 1051
1585180 1051
1585190 1048
1585200 1045
1585210 1045
1585220 1041
1585230 1038
1585240 1038
1585250 1034
1585260 1031
1585270 1029
1585280 1028
1585290 1028
1585300 1028
1585310 1028
1585320 1027
1585330 1028
1585340 1028
1585350 1028
1585360 1028
1585370 1028
1585380 1028
1585390 1028
1585400 1028
1585410 1028
1585420 1029
1585430 1029
1585440 1028
1585450 1028
1585460 1028
1585470 1028
1585480 1031
1585490 1031
1585500 1033
1585510 1033
1585520 1033
1585530 1033
1585540 1032
1585550 1030
1585560 1030
1585570 1028
1585580 1027
1585590 1027
1585600 1027
1585610 1027
1585620 1027
1585630 1029
1585640 1031
1585650 1031
1585660 1032
1585670 1032
1585680 1032
1585690 1030
1585700 1027
1585710 1027
1585720 1024
1585730 1022
1585740 1021
1585750 1021
1585760 1018
1585770 1014
1585780 1014
1585790 1009
1585800 1004
1585810 1004
1585820 1000
1585830 996
1585840 996
1585850 992
1585860 988
1585870 988
1585880 984
1585890 980
1585900 980
1585910 977
1585920 973
1585930 973
1585940 968
1585950 963
1585960 963
1585970 959
1585980 956
1585990 953
1586000 953
1586010 950
1586020 946
1586030 946
1586040 943
1586050 941
1586060 941
1586070 939
1586080 938
1586090 938
1586100 937
1586110 937
1586120 937
1586130 938
1586140 941
1586150 941
1586160 942
1586170 943
1586180 943
1586190 944
1586200 943
1586210 942
1586220 942
1586230 942
1586240 943
1586250 943
1586260 941
1586270 940
1586280 940
1586290 941
1586300 940
1586310 940
1586320 940
1586330 940
1586340 940
1586350 941
1586360 941
1586370 941
1586380 943
1586390 941
1586400 941
1586410 937
1586420 931
1586430 931
1586440 927
1586450 924
1586460 920
1586470 920
1586480 917
1586490 912
1586500 912
1586510 908
1586520 903
1586530 900
1586540 896
1586550 891
1586560 891
1586570 882
1586580 875
1586590 875
1586600 869
1586610 868
1586620 868
1586630 859
1586640 849
1586650 849
1586660 845
1586670 841
1586680 840
1586690 840
1586700 840
1586710 840
1586720 840
1586730 842
1586740 845
1586750 845
1586760 847
1586770 845
1586780 845
1586790 841
1586800 838
1586810 838
1586820 834
1586830 829
1586840 829
1586850 822
1586860 817
1586870 817
1586880 811
1586890 803
1586900 799
1586910 799
1586920 794
1586930 789
1586940 789
1586950 787
1586960 788
1586970 788
1586980 788
1586990 788
1587000 788
1587010 788
1587020 787
1587030 787
1587040 786
1587050 785
1587060 785
1587070 784
1587080 784
1587090 784
1587100 783
1587110 783
1587120 783
1587130 783
1587140 783
1587150 783
1587160 783
1587170 783
1587180 783
1587190 783
1587200 783
1587210 783
1587220 783
1587230 783
1587240 784
1587250 784
1587260 783
1587270 782
1587280 782
1587290 784
1587300 785
1587310 785
1587320 786
1587330 789
1587340 789
1587350 790
1587360 791
1587370 794
1587380 794
1587390 796
1587400 799
1587410 799
1587420 801
1587430 802
1587440 802
1587450 804
1587460 805
1587470 805
1587480 808
1587490 812
1587500 812
1587510 816
1587520 821
1587530 821
1587540 825
1587550 829
1587560 829
1587570 832
1587580 836
1587590 836
1587600 840
1587610 843
1587620 847
1587630 847
1587640 852
1587650 856
1587660 856
1587670 861
1587680 869
1587690 869
1587700 875
1587710 881
1587720 881
1587730 885
1587740 891
1587750 891
1587760 894
1587770 902
1587780 902
1587790 906
1587800 912
1587810 912
1587820 915
1587830 918
1587840 920
1587850 920
1587860 920
1587870 925
1587880 925
1587890 926
1587900 926
1587910 926
1587920 926
1587930 928
1587940 928
1587950 932
1587960 938
1587970 938
1587980 943
1587990 948
1588000 948
1588010 957
1588020 964
1588030 964
1588040 973
1588050 979
1588060 979
1588070 985
1588080 992
1588090 1002
1588100 1002
1588110 1012
1588120 1020
1588130 1020
1588140 1029
1588150 1037
1588160 1037
1588170 1047
1588180 1058
1588190 1058
1588200 1068
1588210 1077
1588220 1077
1588230 1083
1588240 1088
1588250 1088
1588260 1092
1588270 1097
1588280 1097
1588290 1101
1588300 1101
1588310 1101
1588320 1101
1588330 1097
1588340 1093
1588350 1093
1588360 1088
1588370 1082
1588380 1082
1588390 1080
1588400 1079
1588410 1079
1588420 1075
1588430 1070
1588440 1070
1588450 1067
1588460 1063
1588470 1063
1588480 1060
1588490 1056
1588500 1056
1588510 1055
1588520 1056
1588530 1056
1588540 1056
1588550 1055
1588560 1052
1588570 1052
1588580 1050
1588590 1048
1588600 1048
1588610 1046
1588620 1045
1588630 1045
1588640 1044
1588650 1043
1588660 1043
1588670 1040
1588680 1036
1588690 1036
1588700 1029
1588710 1022
1588720 1022
1588730 1022
1588740 1025
1588750 1025
1588760 1026
1588770 1027
1588780 1026
1588790 1026
1588800 1023
1588810 1020
1588820 1020
1588830 1019
1588840 1016
1588850 1016
1588860 1007
1588870 995
1588880 995
1588890 988
1588900 982
1588910 982
1588920 976
1588930 971
1588940 971
1588950 967
1588960 964
1588970 964
1588980 964
1588990 962
1589000 957
1589010 957
1589020 952
1589030 947
1589040 947
1589050 942
1589060 937
1589070 937
1589080 933
1589090 928
1589100 928
1589110 925
1589120 926
1589130 926
1589140 921
1589150 913
1589160 913
1589170 912
1589180 909
1589190 909
1589200 898
1589210 890
1589220 890
1589230 883
1589240 877
1589250 869
1589260 869
1589270 872
1589280 878
1589290 878
1589300 886
1589310 892
1589320 892
1589330 899
1589340 904
1589350 904
1589360 908
1589370 912
1589380 912
1589390 918
1589400 925
1589410 925
1589420 932
1589430 938
1589440 938
1589450 944
1589460 950
1589470 956
1589480 956
1589490 962
1589500 968
1589510 968
1589520 973
1589530 979
1589540 979
1589550 984
1589560 987
1589570 987
1589580 992
1589590 995
1589600 995
1589610 998
1589620 1001
1589630 1001
1589640 1006
1589650 1011
1589660 1011
1589670 1016
1589680 1021
1589690 1021
1589700 1028
1589710 1033
1589720 1038
1589730 1038
1589740 1044
1589750 1048
1589760 1048
1589770 1053
1589780 1057
1589790 1057
1589800 1061
1589810 1064
1589820 1064
1589830 1068
1589840 1072
1589850 1072
1589860 1075
1589870 1078
1589880 1078
1589890 1082
1589900 1087
1589910 1087
1589920 1090
1589930 1094
1589940 1099
1589950 1099
1589960 1103
1589970 1106
1589980 1106
1589990 1109
1590000 1113
1590010 1113
1590020 1118
1590030 1122
1590040 1122
1590050 1127
1590060 1133
1590070 1133
1590080 1137
1590090 1141
1590100 1141
1590110 1145
1590120 1148
1590130 1148
1590140 1146
1590150 1143
1590160 1143
1590170 1146
1590180 1147
1590190 1147
1590200 1147
1590210 1154
1590220 1155
1590230 1155
1590240 1158
1590250 1161
1590260 1161
1590270 1164
1590280 1165
1590290 1165
1590300 1167
1590310 1171
1590320 1171
1590330 1175
1590340 1178
1590350 1178
1590360 1181
1590370 1183
1590380 1183
1590390 1186
1590400 1188
1590410 1190
1590420 1190
1590430 1190
1590440 1190
1590450 1190
1590460 1190
1590470 1192
1590480 1192
1590490 1194
1590500 1198
1590510 1198
1590520 1202
1590530 1205
1590540 1205
1590550 1210
1590560 1214
1590570 1214
1590580 1218
1590590 1222
1590600 1222
1590610 1227
1590620 1231
1590630 1235
1590640 1235
1590650 1240
1590660 1244
1590670 1244
1590680 1250
1590690 1254
1590700 1254
1590710 1259
1590720 1264
1590730 1264
1590740 1269
1590750 1273
1590760 1273
1590770 1277
1590780 1280
1590790 1280
1590800 1284
1590810 1289
1590820 1289
1590830 1293
1590840 1298
1590850 1298
1590860 1304
1590870 1309
1590880 1314
1590890 1314
1590900 1318
1590910 1323
1590920 1323
1590930 1325
1590940 1328
1590950 1328
1590960 1331
1590970 1334
1590980 1334
1590990 1337
1591000 1341
1591010 1341
1591020 1343
1591030 1347
1591040 1347
1591050 1351
1591060 1355
1591070 1355
1591080 1359
1591090 1363
1591100 1366
1591110 1366
1591120 1370
1591130 1375
1591140 1375
1591150 1380
1591160 1385
1591170 1385
1591180 1391
1591190 1396
1591200 1396
1591210 1401
1591220 1407
1591230 1407
1591240 1412
1591250 1417
1591260 1417
1591270 1421
1591280 1427
1591290 1427
1591300 1432
1591310 1437
1591320 1437
1591330 1442
1591340 1448
1591350 1451
1591360 1451
1591370 1454
1591380 1458
1591390 1458
1591400 1468
1591410 1473
1591420 1473
1591430 1477
1591440 1483
1591450 1483
1591460 1488
1591470 1495
1591480 1495
1591490 1501
1591500 1507
1591510 1507
1591520 1512
1591530 1515
1591540 1515
1591550 1518
1591560 1519
1591570 1518
1591580 1518
1591590 1518
1591600 1519
1591610 1519
1591620 1519
1591630 1518
1591640 1518
1591650 1514
1591660 1511
1591670 1511
1591680 1507
1591690 1502
1591700 1502
1591710 1498
1591720 1495
1591730 1495
1591740 1490
1591750 1485
1591760 1485
1591770 1480
1591780 1473
1591790 1473
1591800 1467
1591810 1460
1591820 1454
1591830 1454
1591840 1448
1591850 1442
1591860 1442
1591870 1438
1591880 1434
1591890 1434
1591900 1431
1591910 1429
1591920 1429
1591930 1427
1591940 1427
1591950 1427
1591960 1429
1591970 1431
1591980 1431
1591990 1433
1592000 1434
1592010 1434
1592020 1434
1592030 1432
1592040 1429
1592050 1429
1592060 1426
1592070 1424
1592080 1424
1592090 1423
1592100 1422
1592110 1422
1592120 1421
1592130 1421
1592140 1421
1592150 1420
1592160 1420
1592170 1420
1592180 1420
1592190 1420
1592200 1420
1592210 1420
1592220 1419
1592230 1419
1592240 1418
1592250 1415
1592260 1415
1592270 1413
1592280 1412
1592290 1412
1592300 1412
1592310 1410
1592320 1408
1592330 1408
1592340 1405
1592350 1402
1592360 1402
1592370 1398
1592380 1394
1592390 1394
1592400 1391
1592410 1393
1592420 1393
1592430 1398
1592440 1405
1592450 1405
1592460 1412
1592470 1418
1592480 1418
1592490 1425
1592500 1431
1592510 1437
1592520 1437
1592530 1442
1592540 1446
1592550 1446
1592560 1449
1592570 1451
1592580 1452
1592590 1457
1592600 1462
1592610 1462
1592620 1468
1592630 1473
1592640 1473
1592650 1478
1592660 1484
1592670 1484
1592680 1489
1592690 1495
1592700 1495
1592710 1500
1592720 1506
1592730 1512
1592740 1512
1592750 1518
1592760 1525
1592770 1525
1592780 1530
1592790 1535
1592800 1535
1592810 1539
1592820 1542
1592830 1542
1592840 1543
1592850 1546
1592860 1546
1592870 1548
1592880 1551
1592890 1551
1592900 1553
1592910 1555
1592920 1555
1592930 1556
1592940 1554
1592950 1554
1592960 1552
1592970 1549
1592980 1547
1592990 1547
1593000 1545
1593010 1543
1593020 1543
1593030 1542
1593040 1542
1593050 1542
1593060 1542
1593070 1543
1593080 1543
1593090 1545
1593100 1547
1593110 1547
1593120 1550
1593130 1552
1593140 1552
1593150 1553
1593160 1553
1593170 1553
1593180 1552
1593190 1550
1593200 1548
1593210 1548
1593220 1547
1593230 1544
1593240 1544
1593250 1541
1593260 1538
1593270 1538
1593280 1535
1593290 1531
1593300 1531
1593310 1528
1593320 1524
1593330 1524
1593340 1520
1593350 1516
1593360 1516
1593370 1512
1593380 1508
1593390 1508
1593400 1503
1593410 1497
1593420 1497
1593430 1491
1593440 1486
1593450 1484
1593460 1484
1593470 1483
1593480 1484
1593490 1484
1593500 1483
1593510 1483
1593520 1483
1593530 1481
1593540 1479
1593550 1479
1593560 1477
1593570 1475
1593580 1475
1593590 1474
1593600 1476
1593610 1476
1593620 1480
1593630 1484
1593640 1484
1593650 1488
1593660 1491
1593670 1495
1593680 1495
1593690 1498
1593700 1501
1593710 1501
1593720 1504
1593730 1506
1593740 1506
1593750 1509
1593760 1512
1593770 1512
1593780 1514
1593790 1517
1593800 1517
1593810 1517
1593820 1517
1593830 1517
1593840 1516
1593850 1514
1593860 1514
1593870 1511
1593880 1509
1593890 1509
1593900 1505
1593910 1501
1593920 1496
1593930 1496
1593940 1492
1593950 1487
1593960 1487
1593970 1482
1593980 1477
1593990 1477
1594000 1473
1594010 1472
1594020 1472
1594030 1471
1594040 1473
1594050 1473
1594060 1475
1594070 1477
1594080 1477
1594090 1478
1594100 1477
1594110 1477
1594120 1476
1594130 1474
1594140 1471
1594150 1471
1594160 1468
1594170 1465
1594180 1465
1594190 1463
1594200 1463
1594210 1463
1594220 1463
1594230 1464
1594240 1464
1594250 1464
1594260 1464
1594270 1464
1594280 1464
1594290 1464
1594300 1464
1594310 1463
1594320 1463
1594330 1463
1594340 1462
1594350 1462
1594360 1462
1594370 1462
1594380 1462
1594390 1462
1594400 1462
1594410 1463
1594420 1464
1594430 1464
1594440 1466
1594450 1468
1594460 1468
1594470 1469
1594480 1470
1594490 1470
1594500 1471
1594510 1473
1594520 1473
1594530 1474
1594540 1475
1594550 1475
1594560 1475
1594570 1476
1594580 1476
1594590 1477
1594600 1479
1594610 1481
1594620 1481
1594630 1484
1594640 1485
1594650 1485
1594660 1486
1594670 1488
1594680 1488
1594690 1490
1594700 1492
1594710 1492
1594720 1493
1594730 1493
1594740 1493
1594750 1495
1594760 1497
1594770 1497
1594780 1499
1594790 1501
1594800 1501
1594810 1503
1594820 1503
1594830 1501
1594840 1501
1594850 1499
1594860 1496
1594870 1496
1594880 1491
1594890 1485
1594900 1485
1594910 1479
1594920 1473
1594930 1473
1594940 1466
1594950 1459
1594960 1459
1594970 1452
1594980 1444
1594990 1444
1595000 1437
1595010 1430
1595020 1430
1595030 1423
1595040 1417
1595050 1417
1595060 1410
1595070 1403
1595080 1397
1595090 1397
1595100 1389
1595110 1385
1595120 1385
1595130 1377
1595140 1371
1595150 1371
1595160 1365
1595170 1358
1595180 1358
1595190 1352
1595200 1346
1595210 1346
1595220 1341
1595230 1334
1595240 1334
1595250 1328
1595260 1324
1595270 1324
1595280 1322
1595290 1322
1595300 1322
1595310 1322
1595320 1322
1595330 1321
1595340 1321
1595350 1318
1595360 1315
1595370 1315
1595380 1312
1595390 1310
1595400 1310
1595410 1308
1595420 1305
1595430 1305
1595440 1301
1595450 1296
1595460 1296
1595470 1291
1595480 1286
1595490 1286
1595500 1281
1595510 1275
1595520 1275
1595530 1268
1595540 1263
1595550 1257
1595560 1257
1595570 1252
1595580 1246
1595590 1246
1595600 1240
1595610 1234
1595620 1234
1595630 1228
1595640 1221
1595650 1221
1595660 1216
1595670 1210
1595680 1210
1595690 1204
1595700 1199
1595710 1199
1595720 1194
1595730 1188
1595740 1188
1595750 1183
1595760 1178
1595770 1173
1595780 1173
1595790 1167
1595800 1162
1595810 1162
1595820 1156
1595830 1157
1595840 1157
1595850 1164
1595860 1169
1595870 1169
1595880 1175
1595890 1181
1595900 1181
1595910 1186
1595920 1192
1595930 1192
1595940 1198
1595950 1204
1595960 1204
1595970 1210
1595980 1215
1595990 1215
1596000 1220
1596010 1226
1596020 1231
1596030 1231
1596040 1236
1596050 1241
1596060 1239
1596070 1244
1596080 1249
1596090 1249
1596100 1254
1596110 1258
1596120 1258
1596130 1262
1596140 1266
1596150 1266
1596160 1270
1596170 1273
1596180 1273
1596190 1276
1596200 1279
1596210 1279
1596220 1282
1596230 1284
1596240 1286
1596250 1286
1596260 1287
1596270 1287
1596280 1287
1596290 1287
1596300 1288
1596310 1288
1596320 1288
1596330 1288
1596340 1288
1596350 1288
1596360 1288
1596370 1288
1596380 1287
1596390 1287
1596400 1287
1596410 1287
1596420 1287
1596430 1287
1596440 1287
1596450 1287
1596460 1287
1596470 1287
1596480 1287
1596490 1288
1596500 1288
1596510 1288
1596520 1289
1596530 1289
1596540 1289
1596550 1289
1596560 1289
1596570 1289
1596580 1289
1596590 1289
1596600 1288
1596610 1287
1596620 1287
1596630 1285
1596640 1283
1596650 1283
1596660 1282
1596670 1280
1596680 1280
1596690 1278
1596700 1276
1596710 1273
1596720 1273
1596730 1271
1596740 1268
1596750 1268
1596760 1265
1596770 1263
1596780 1263
1596790 1261
1596800 1258
1596810 1258
1596820 1256
1596830 1254
1596840 1254
1596850 1251
1596860 1247
1596870 1247
1596880 1244
1596890 1239
1596900 1239
1596910 1234
1596920 1230
1596930 1227
1596940 1227
1596950 1225
1596960 1223
1596970 1223
1596980 1220
1596990 1217
1597000 1217
1597010 1213
1597020 1211
1597030 1211
1597040 1208
1597050 1206
1597060 1206
1597070 1204
1597080 1202
1597090 1202
1597100 1200
1597110 1197
1597120 1197
1597130 1195
1597140 1192
1597150 1192
1597160 1188
1597170 1185
1597180 1182
1597190 1179
1597200 1176
1597210 1175
1597220 1175
1597230 1174
1597240 1173
1597250 1173
1597260 1169
1597270 1166
1597280 1166
1597290 1162
1597300 1157
1597310 1157
1597320 1158
1597330 1160
1597340 1160
1597350 1162
1597360 1161
1597370 1161
1597380 1160
1597390 1158
1597400 1157
1597410 1157
1597420 1156
1597430 1154
1597440 1154
1597450 1151
1597460 1148
1597470 1148
1597480 1146
1597490 1145
1597500 1145
1597510 1145
1597520 1145
1597530 1145
1597540 1144
1597550 1142
1597560 1142
1597570 1141
1597580 1139
1597590 1139
1597600 1139
1597610 1139
1597620 1139
1597630 1138
1597640 1138
1597650 1138
1597660 1138
1597670 1138
1597680 1138
1597690 1138
1597700 1138
1597710 1138
1597720 1138
1597730 1137
1597740 1137
1597750 1137
1597760 1137
1597770 1136
1597780 1136
1597790 1136
1597800 1135
1597810 1135
1597820 1135
1597830 1134
1597840 1134
1597850 1133
1597860 1132
1597870 1132
1597880 1132
1597890 1131
1597900 1131
1597910 1131
1597920 1130
1597930 1130
1597940 1130
1597950 1129
1597960 1129
1597970 1129
1597980 1130
1597990 1130
1598000 1130
1598010 1130
1598020 1129
1598030 1129
1598040 1129
1598050 1128
1598060 1128
1598070 1127
1598080 1126
1598090 1126
1598100 1124
1598110 1122
1598120 1117
1598130 1117
1598140 1114
1598150 1110
1598160 1110
1598170 1108
1598180 1105
1598190 1105
1598200 1102
1598210 1097
1598220 1097
1598230 1092
1598240 1084
1598250 1084
1598260 1077
1598270 1074
1598280 1074
1598290 1070
1598300 1066
1598310 1063
1598320 1060
1598330 1056
1598340 1052
1598350 1052
1598360 1048
1598370 1044
1598380 1044
1598390 1039
1598400 1034
1598410 1034
1598420 1027
1598430 1018
1598440 1018
1598450 1009
1598460 997
1598470 997
1598480 989
1598490 984
1598500 984
1598510 980
1598520 976
1598530 976
1598540 972
1598550 970
1598560 970
1598570 969
1598580 963
1598590 957
1598600 957
1598610 952
1598620 948
1598630 948
1598640 944
1598650 941
1598660 941
1598670 937
1598680 933
1598690 933
1598700 927
1598710 920
1598720 920
1598730 915
1598740 910
1598750 910
1598760 903
1598770 897
1598780 897
1598790 891
1598800 887
1598810 882
1598820 882
1598830 878
1598840 878
1598850 878
1598860 878
1598870 878
1598880 878
1598890 875
1598900 872
1598910 872
1598920 868
1598930 863
1598940 863
1598950 854
1598960 846
1598970 846
1598980 842
1598990 841
1599000 841
1599010 841
1599020 841
1599030 840
1599040 840
1599050 837
1599060 832
1599070 832
1599080 827
1599090 821
1599100 821
1599110 813
1599120 809
1599130 809
1599140 804
1599150 800
1599160 800
1599170 796
1599180 792
1599190 792
1599200 789
1599210 786
1599220 786
1599230 784
1599240 781
1599250 781
1599260 778
1599270 775
1599280 770
1599290 770
1599300 767
1599310 762
1599320 762
1599330 758
1599340 756
1599350 756
1599360 754
1599370 753
1599380 753
1599390 751
1599400 751
1599410 751
1599420 751
1599430 751
1599440 751
1599450 751
1599460 751
1599470 751
1599480 749
1599490 749
1599500 751
1599510 751
1599520 752
1599530 754
1599540 754
1599550 759
1599560 765
1599570 765
1599580 767
1599590 768
1599600 768
1599610 770
1599620 772
1599630 772
1599640 772
1599650 767
1599660 767
1599670 763
1599680 761
1599690 761
1599700 761
1599710 760
1599720 760
1599730 760
1599740 760
1599750 760
1599760 760
1599770 760
1599780 761
1599790 761
1599800 761
1599810 761
1599820 761
1599830 761
1599840 761
1599850 761
1599860 761
1599870 761
1599880 761
1599890 761
1599900 761
1599910 761
1599920 760
1599930 760
1599940 760
1599950 760
1599960 759
1599970 759
1599980 759
1599990 758
