1580000 1558
1580010 1556
1580020 1554
1580030 1554
1580040 1552
1580050 1549
1580060 1549
1580070 1547
1580080 1544
1580090 1544
1580100 1541
1580110 1539
1580120 1539
1580130 1537
1580140 1534
1580150 1534
1580160 1531
1580170 1528
1580180 1525
1580190 1525
1580200 1521
1580210 1518
1580220 1518
1580230 1515
1580240 1512
1580250 1512
1580260 1509
1580270 1506
1580280 1506
1580290 1502
1580300 1499
1580310 1499
1580320 1497
1580330 1494
1580340 1494
1580350 1490
1580360 1486
1580370 1486
1580380 1483
1580390 1479
1580400 1479
1580410 1474
1580420 1471
1580430 1468
1580440 1468
1580450 1464
1580460 1460
1580470 1460
1580480 1456
1580490 1452
1580500 1452
1580510 1448
1580520 1445
1580530 1445
1580540 1441
1580550 1437
1580560 1437
1580570 1432
1580580 1428
1580590 1428
1580600 1423
1580610 1418
1580620 1418
1580630 1413
1580640 1409
1580650 1408
1580660 1408
1580670 1406
1580680 1403
1580690 1403
1580700 1400
1580710 1395
1580720 1395
1580730 1391
1580740 1387
1580750 1387
1580760 1383
1580770 1378
1580780 1378
1580790 1374
1580800 1369
1580810 1369
1580820 1365
1580830 1361
1580840 1361
1580850 1358
1580860 1357
1580870 1357
1580880 1356
1580890 1351
1580900 1346
1580910 1346
1580920 1344
1580930 1343
1580940 1343
1580950 1339
1580960 1333
1580970 1333
1580980 1327
1580990 1323
1581000 1323
1581010 1317
1581020 1312
1581030 1310
1581040 1307
1581050 1305
1581060 1305
1581070 1303
1581080 1299
1581090 1299
1581100 1295
1581110 1290
1581120 1286
1581130 1286
1581140 1281
1581150 1277
1581160 1277
1581170 1272
1581180 1267
1581190 1267
1581200 1263
1581210 1261
1581220 1261
1581230 1260
1581240 1254
1581250 1254
1581260 1249
1581270 1245
1581280 1245
1581290 1240
1581300 1233
1581310 1233
1581320 1229
1581330 1223
1581340 1223
1581350 1219
1581360 1214
1581370 1210
1581380 1210
1581390 1205
1581400 1201
1581410 1201
1581420 1197
1581430 1192
1581440 1192
1581450 1187
1581460 1185
1581470 1185
1581480 1183
1581490 1181
1581500 1181
1581510 1179
1581520 1172
1581530 1172
1581540 1171
1581550 1177
1581560 1177
1581570 1183
1581580 1186
1581590 1187
1581600 1187
1581610 1187
1581620 1187
1581630 1187
1581640 1189
1581650 1193
1581660 1193
1581670 1195
1581680 1196
1581690 1196
1581700 1195
1581710 1196
1581720 1196
1581730 1200
1581740 1201
1581750 1201
1581760 1203
1581770 1203
1581780 1203
1581790 1203
1581800 1203
1581810 1203
1581820 1201
1581830 1201
1581840 1202
1581850 1202
1581860 1202
1581870 1201
1581880 1201
1581890 1201
1581900 1202
1581910 1202
1581920 1202
1581930 1202
1581940 1202
1581950 1201
1581960 1200
1581970 1200
1581980 1198
1581990 1196
1582000 1196
1582010 1192
1582020 1191
1582030 1191
1582040 1196
1582050 1203
1582060 1211
1582070 1211
1582080 1217
1582090 1221
1582100 1221
1582110 1225
1582120 1229
1582130 1229
1582140 1231
1582150 1235
1582160 1235
1582170 1238
1582180 1238
1582190 1238
1582200 1238
1582210 1239
1582220 1239
1582230 1240
1582240 1241
1582250 1241
1582260 1241
1582270 1241
1582280 1241
1582290 1243
1582300 1244
1582310 1246
1582320 1246
1582330 1247
1582340 1244
1582350 1244
1582360 1245
1582370 1245
1582380 1245
1582390 1246
1582400 1247
1582410 1247
1582420 1249
1582430 1250
1582440 1250
1582450 1251
1582460 1251
1582470 1251
1582480 1253
1582490 1255
1582500 1255
1582510 1257
1582520 1260
1582530 1263
1582540 1263
1582550 1266
1582560 1270
1582570 1270
1582580 1272
1582590 1272
1582600 1272
1582610 1272
1582620 1273
1582630 1273
1582640 1274
1582650 1274
1582660 1274
1582670 1275
1582680 1276
1582690 1276
1582700 1279
1582710 1282
1582720 1282
1582730 1285
1582740 1288
1582750 1291
1582760 1291
1582770 1294
1582780 1297
1582790 1297
1582800 1299
1582810 1301
1582820 1301
1582830 1301
1582840 1302
1582850 1302
1582860 1303
1582870 1303
1582880 1303
1582890 1301
1582900 1299
1582910 1299
1582920 1296
1582930 1294
1582940 1294
1582950 1293
1582960 1292
1582970 1292
1582980 1292
1582990 1292
1583000 1291
1583010 1291
1583020 1289
1583030 1288
1583040 1288
1583050 1286
1583060 1284
1583070 1284
1583080 1283
1583090 1281
1583100 1281
1583110 1278
1583120 1275
1583130 1275
1583140 1272
1583150 1269
1583160 1269
1583170 1265
1583180 1261
1583190 1261
1583200 1258
1583210 1253
1583220 1249
1583230 1249
1583240 1243
1583250 1238
1583260 1238
1583270 1233
1583280 1229
1583290 1229
1583300 1224
1583310 1219
1583320 1219
1583330 1214
1583340 1209
1583350 1209
1583360 1204
1583370 1198
1583380 1198
1583390 1188
1583400 1181
1583410 1181
1583420 1176
1583430 1173
1583440 1173
1583450 1169
1583460 1164
1583470 1161
1583480 1161
1583490 1159
1583500 1155
1583510 1155
1583520 1150
1583530 1145
1583540 1145
1583550 1139
1583560 1134
1583570 1134
1583580 1128
1583590 1122
1583600 1122
1583610 1113
1583620 1103
1583630 1104
1583640 1098
1583650 1094
1583660 1094
1583670 1088
1583680 1082
1583690 1077
1583700 1077
1583710 1071
1583720 1065
1583730 1065
1583740 1061
1583750 1057
1583760 1057
1583770 1050
1583780 1046
1583790 1046
1583800 1043
1583810 1040
1583820 1040
1583830 1037
1583840 1033
1583850 1033
1583860 1029
1583870 1025
1583880 1025
1583890 1021
1583900 1016
1583910 1016
1583920 1011
1583930 1006
1583940 1001
1583950 1001
1583960 998
1583970 994
1583980 994
1583990 990
1584000 987
1584010 987
1584020 983
1584030 980
1584040 980
1584050 977
1584060 973
1584070 973
1584080 970
1584090 967
1584100 967
1584110 964
1584120 963
1584130 963
1584140 961
1584150 960
1584160 957
1584170 957
1584180 955
1584190 954
1584200 954
1584210 953
1584220 951
1584230 951
1584240 948
1584250 944
1584260 944
1584270 940
1584280 935
1584290 935
1584300 927
1584310 918
1584320 918
1584330 907
1584340 898
1584350 898
1584360 887
1584370 880
1584380 880
1584390 885
1584400 892
1584410 897
1584420 897
1584430 902
1584440 906
1584450 906
1584460 912
1584470 917
1584480 917
1584490 921
1584500 925
1584510 925
1584520 931
1584530 937
1584540 937
1584550 943
1584560 949
1584570 949
1584580 954
1584590 959
1584600 959
1584610 963
1584620 963
1584630 966
1584640 966
1584650 968
1584660 967
1584670 967
1584680 965
1584690 965
1584700 965
1584710 964
1584720 962
1584730 962
1584740 959
1584750 956
1584760 956
1584770 953
1584780 952
1584790 952
1584800 950
1584810 947
1584820 947
1584830 946
1584840 945
1584850 945
1584860 942
1584870 941
1584880 941
1584890 941
1584900 936
1584910 936
1584920 936
1584930 935
1584940 936
1584950 936
1584960 935
1584970 936
1584980 936
1584990 936
1585000 934
1585010 934
1585020 933
1585030 929
1585040 929
1585050 924
1585060 920
1585070 920
1585080 916
1585090 913
1585100 910
1585110 910
1585120 908
1585130 906
1585140 906
1585150 903
1585160 901
1585170 901
1585180 898
1585190 893
1585200 893
1585210 890
1585220 887
1585230 887
1585240 883
1585250 877
1585260 877
1585270 872
1585280 869
1585290 869
1585300 866
1585310 859
1585320 857
1585330 857
1585340 855
1585350 856
1585360 856
1585370 852
1585380 853
1585390 853
1585400 858
1585410 859
1585420 859
1585430 859
1585440 856
1585450 856
1585460 854
1585470 854
1585480 854
1585490 853
1585500 852
1585510 852
1585520 850
1585530 848
1585540 848
1585550 847
1585560 844
1585570 840
1585580 840
1585590 838
1585600 837
1585610 837
1585620 836
1585630 835
1585640 835
1585650 829
1585660 820
1585670 820
1585680 816
1585690 811
1585700 811
1585710 808
1585720 804
1585730 804
1585740 801
1585750 800
1585760 800
1585770 799
1585780 798
1585790 797
1585800 797
1585810 796
1585820 796
1585830 796
1585840 795
1585850 795
1585860 795
1585870 795
1585880 795
1585890 795
1585900 795
1585910 794
1585920 794
1585930 794
1585940 794
1585950 794
1585960 794
1585970 793
1585980 793
1585990 793
1586000 793
1586010 793
1586020 793
1586030 793
1586040 793
1586050 793
1586060 792
1586070 792
1586080 792
1586090 792
1586100 792
1586110 792
1586120 792
1586130 792
1586140 792
1586150 792
1586160 792
1586170 792
1586180 792
1586190 792
1586200 792
1586210 792
1586220 791
1586230 791
1586240 790
1586250 788
1586260 788
1586270 788
1586280 788
1586290 787
1586300 787
1586310 787
1586320 787
1586330 787
1586340 787
1586350 787
1586360 787
1586370 787
1586380 787
1586390 787
1586400 787
1586410 787
1586420 787
1586430 787
1586440 787
1586450 787
1586460 787
1586470 787
1586480 787
1586490 787
1586500 786
1586510 786
1586520 786
1586530 787
1586540 787
1586550 787
1586560 787
1586570 787
1586580 787
1586590 787
1586600 787
1586610 787
1586620 787
1586630 787
1586640 787
1586650 788
1586660 789
1586670 789
1586680 790
1586690 790
1586700 790
1586710 791
1586720 792
1586730 794
1586740 794
1586750 795
1586760 796
1586770 796
1586780 797
1586790 797
1586800 797
1586810 797
1586820 797
1586830 797
1586840 797
1586850 798
1586860 798
1586870 800
1586880 802
1586890 802
1586900 804
1586910 806
1586920 806
1586930 809
1586940 811
1586950 811
1586960 814
1586970 817
1586980 818
1586990 818
1587000 821
1587010 827
1587020 827
1587030 829
1587040 831
1587050 831
1587060 838
1587070 843
1587080 843
1587090 848
1587100 854
1587110 854
1587120 860
1587130 865
1587140 865
1587150 868
1587160 867
1587170 867
1587180 865
1587190 867
1587200 875
1587210 875
1587220 887
1587230 899
1587240 899
1587250 908
1587260 915
1587270 915
1587280 922
1587290 930
1587300 930
1587310 938
1587320 949
1587330 949
1587340 956
1587350 962
1587360 962
1587370 968
1587380 975
1587390 975
1587400 978
1587410 980
1587420 980
1587430 983
1587440 986
1587450 989
1587460 989
1587470 993
1587480 999
1587490 999
1587500 1005
1587510 1010
1587520 1010
1587530 1016
1587540 1023
1587550 1023
1587560 1030
1587570 1036
1587580 1036
1587590 1042
1587600 1048
1587610 1048
1587620 1055
1587630 1062
1587640 1062
1587650 1068
1587660 1075
1587670 1081
1587680 1081
1587690 1087
1587700 1093
1587710 1093
1587720 1100
1587730 1105
1587740 1105
1587750 1110
1587760 1114
1587770 1114
1587780 1118
1587790 1122
1587800 1122
1587810 1125
1587820 1128
1587830 1128
1587840 1131
1587850 1133
1587860 1133
1587870 1135
1587880 1136
1587890 1136
1587900 1137
1587910 1139
1587920 1142
1587930 1142
1587940 1146
1587950 1151
1587960 1151
1587970 1155
1587980 1160
1587990 1160
1588000 1165
1588010 1170
1588020 1170
1588030 1174
1588040 1174
1588050 1174
1588060 1174
1588070 1174
1588080 1174
1588090 1173
1588100 1172
1588110 1172
1588120 1172
1588130 1171
1588140 1171
1588150 1171
1588160 1170
1588170 1169
1588180 1169
1588190 1169
1588200 1169
1588210 1169
1588220 1169
1588230 1170
1588240 1170
1588250 1171
1588260 1168
1588270 1168
1588280 1165
1588290 1162
1588300 1162
1588310 1161
1588320 1162
1588330 1162
1588340 1164
1588350 1165
1588360 1166
1588370 1166
1588380 1168
1588390 1169
1588400 1169
1588410 1170
1588420 1171
1588430 1171
1588440 1173
1588450 1173
1588460 1173
1588470 1173
1588480 1171
1588490 1171
1588500 1168
1588510 1165
1588520 1165
1588530 1162
1588540 1159
1588550 1159
1588560 1155
1588570 1150
1588580 1150
1588590 1145
1588600 1141
1588610 1136
1588620 1136
1588630 1132
1588640 1127
1588650 1127
1588660 1123
1588670 1118
1588680 1118
1588690 1114
1588700 1108
1588710 1108
1588720 1103
1588730 1099
1588740 1099
1588750 1093
1588760 1088
1588770 1088
1588780 1082
1588790 1076
1588800 1076
1588810 1071
1588820 1067
1588830 1064
1588840 1064
1588850 1062
1588860 1061
1588870 1061
1588880 1060
1588890 1059
1588900 1059
1588910 1057
1588920 1054
1588930 1054
1588940 1052
1588950 1051
1588960 1051
1588970 1048
1588980 1047
1588990 1047
1589000 1044
1589010 1041
1589020 1041
1589030 1037
1589040 1032
1589050 1032
1589060 1028
1589070 1025
1589080 1022
1589090 1022
1589100 1019
1589110 1016
1589120 1016
1589130 1013
1589140 1010
1589150 1010
1589160 1007
1589170 1004
1589180 1004
1589190 1001
1589200 999
1589210 999
1589220 996
1589230 993
1589240 993
1589250 990
1589260 988
1589270 988
1589280 985
1589290 983
1589300 981
1589310 981
1589320 981
1589330 981
1589340 981
1589350 982
1589360 981
1589370 981
1589380 976
1589390 969
1589400 969
1589410 961
1589420 954
1589430 954
1589440 947
1589450 939
1589460 939
1589470 933
1589480 927
1589490 927
1589500 918
1589510 904
1589520 904
1589530 897
1589540 902
1589550 912
1589560 912
1589570 921
1589580 928
1589590 928
1589600 936
1589610 943
1589620 943
1589630 951
1589640 958
1589650 958
1589660 966
1589670 972
1589680 972
1589690 978
1589700 985
1589710 985
1589720 991
1589730 997
1589740 997
1589750 1003
1589760 1008
1589770 1012
1589780 1012
1589790 1017
1589800 1021
1589810 1021
1589820 1025
1589830 1028
1589840 1025
1589850 1028
1589860 1032
1589870 1032
1589880 1035
1589890 1037
1589900 1037
1589910 1039
1589920 1042
1589930 1042
1589940 1044
1589950 1047
1589960 1047
1589970 1050
1589980 1054
1589990 1054
1590000 1058
1590010 1061
1590020 1064
1590030 1064
1590040 1067
1590050 1069
1590060 1069
1590070 1071
1590080 1071
1590090 1071
1590100 1071
1590110 1071
1590120 1071
1590130 1071
1590140 1071
1590150 1071
1590160 1073
1590170 1074
1590180 1074
1590190 1075
1590200 1076
1590210 1076
1590220 1080
1590230 1085
1590240 1093
1590250 1093
1590260 1100
1590270 1106
1590280 1106
1590290 1112
1590300 1116
1590310 1116
1590320 1120
1590330 1125
1590340 1125
1590350 1130
1590360 1136
1590370 1136
1590380 1141
1590390 1147
1590400 1147
1590410 1152
1590420 1158
1590430 1158
1590440 1165
1590450 1173
1590460 1173
1590470 1185
1590480 1196
1590490 1198
1590500 1198
1590510 1198
1590520 1200
1590530 1200
1590540 1206
1590550 1213
1590560 1213
1590570 1220
1590580 1227
1590590 1227
1590600 1234
1590610 1241
1590620 1241
1590630 1249
1590640 1256
1590650 1256
1590660 1264
1590670 1271
1590680 1271
1590690 1278
1590700 1283
1590710 1290
1590720 1290
1590730 1297
1590740 1304
1590750 1304
1590760 1311
1590770 1318
1590780 1318
1590790 1325
1590800 1332
1590810 1332
1590820 1336
1590830 1339
1590840 1339
1590850 1342
1590860 1343
1590870 1343
1590880 1346
1590890 1349
1590900 1349
1590910 1355
1590920 1359
1590930 1359
1590940 1365
1590950 1371
1590960 1377
1590970 1377
1590980 1383
1590990 1389
1591000 1389
1591010 1393
1591020 1396
1591030 1396
1591040 1395
1591050 1399
1591060 1399
1591070 1403
1591080 1405
1591090 1405
1591100 1407
1591110 1408
1591120 1408
1591130 1410
1591140 1412
1591150 1412
1591160 1414
1591170 1414
1591180 1415
1591190 1415
1591200 1417
1591210 1420
1591220 1420
1591230 1423
1591240 1425
1591250 1425
1591260 1427
1591270 1428
1591280 1428
1591290 1430
1591300 1431
1591310 1431
1591320 1433
1591330 1434
1591340 1434
1591350 1436
1591360 1439
1591370 1439
1591380 1441
1591390 1443
1591400 1443
1591410 1445
1591420 1446
1591430 1446
1591440 1446
1591450 1447
1591460 1449
1591470 1449
1591480 1450
1591490 1452
1591500 1452
1591510 1454
1591520 1458
1591530 1458
1591540 1460
1591550 1463
1591560 1463
1591570 1466
1591580 1470
1591590 1470
1591600 1474
1591610 1477
1591620 1477
1591630 1480
1591640 1483
1591650 1483
1591660 1483
1591670 1482
1591680 1483
1591690 1483
1591700 1485
1591710 1486
1591720 1486
1591730 1486
1591740 1489
1591750 1489
1591760 1491
1591770 1493
1591780 1493
1591790 1495
1591800 1498
1591810 1498
1591820 1499
1591830 1501
1591840 1501
1591850 1504
1591860 1506
1591870 1510
1591880 1510
1591890 1513
1591900 1516
1591910 1516
1591920 1520
1591930 1525
1591940 1525
1591950 1528
1591960 1529
1591970 1529
1591980 1528
1591990 1528
1592000 1528
1592010 1532
1592020 1536
1592030 1536
1592040 1541
1592050 1543
1592060 1543
1592070 1543
1592080 1543
1592090 1543
1592100 1544
1592110 1546
1592120 1548
1592130 1548
1592140 1551
1592150 1555
1592160 1555
1592170 1560
1592180 1562
1592190 1562
1592200 1563
1592210 1564
1592220 1564
1592230 1565
1592240 1566
1592250 1566
1592260 1566
1592270 1566
1592280 1566
1592290 1566
1592300 1567
1592310 1567
1592320 1568
1592330 1570
1592340 1572
1592350 1572
1592360 1574
1592370 1576
1592380 1576
1592390 1577
1592400 1578
1592410 1578
1592420 1579
1592430 1580
1592440 1580
1592450 1581
1592460 1582
1592470 1582
1592480 1583
1592490 1585
1592500 1585
1592510 1587
1592520 1589
1592530 1589
1592540 1591
1592550 1594
1592560 1594
1592570 1596
1592580 1597
1592590 1599
1592600 1599
1592610 1601
1592620 1603
1592630 1603
1592640 1606
1592650 1607
1592660 1607
1592670 1608
1592680 1608
1592690 1608
1592700 1609
1592710 1609
1592720 1609
1592730 1608
1592740 1607
1592750 1607
1592760 1606
1592770 1605
1592780 1605
1592790 1604
1592800 1603
1592810 1601
1592820 1601
1592830 1600
1592840 1600
1592850 1600
1592860 1599
1592870 1599
1592880 1599
1592890 1602
1592900 1607
1592910 1607
1592920 1611
1592930 1615
1592940 1615
1592950 1619
1592960 1622
1592970 1622
1592980 1627
1592990 1630
1593000 1630
1593010 1634
1593020 1637
1593030 1637
1593040 1641
1593050 1645
1593060 1648
1593070 1648
1593080 1652
1593090 1656
1593100 1656
1593110 1661
1593120 1665
1593130 1665
1593140 1669
1593150 1673
1593160 1673
1593170 1674
1593180 1674
1593190 1674
1593200 1674
1593210 1674
1593220 1674
1593230 1673
1593240 1674
1593250 1674
1593260 1675
1593270 1675
1593280 1675
1593290 1675
1593300 1676
1593310 1677
1593320 1677
1593330 1677
1593340 1678
1593350 1678
1593360 1678
1593370 1679
1593380 1679
1593390 1679
1593400 1680
1593410 1686
1593420 1686
1593430 1686
1593440 1686
1593450 1686
1593460 1686
1593470 1686
1593480 1686
1593490 1686
1593500 1686
1593510 1686
1593520 1687
1593530 1688
1593540 1688
1593550 1689
1593560 1690
1593570 1690
1593580 1690
1593590 1690
1593600 1690
1593610 1691
1593620 1692
1593630 1692
1593640 1693
1593650 1694
1593660 1694
1593670 1695
1593680 1696
1593690 1696
1593700 1697
1593710 1699
1593720 1699
1593730 1701
1593740 1703
1593750 1705
1593760 1705
1593770 1707
1593780 1709
1593790 1709
1593800 1712
1593810 1713
1593820 1713
1593830 1712
1593840 1706
1593850 1706
1593860 1698
1593870 1692
1593880 1692
1593890 1683
1593900 1676
1593910 1676
1593920 1669
1593930 1662
1593940 1662
1593950 1654
1593960 1646
1593970 1646
1593980 1639
1593990 1632
1594000 1625
1594010 1625
1594020 1619
1594030 1613
1594040 1613
1594050 1608
1594060 1603
1594070 1603
1594080 1598
1594090 1592
1594100 1592
1594110 1586
1594120 1580
1594130 1580
1594140 1574
1594150 1568
1594160 1568
1594170 1563
1594180 1558
1594190 1558
1594200 1553
1594210 1549
1594220 1546
1594230 1546
1594240 1542
1594250 1540
1594260 1540
1594270 1537
1594280 1533
1594290 1533
1594300 1530
1594310 1526
1594320 1526
1594330 1522
1594340 1517
1594350 1517
1594360 1513
1594370 1507
1594380 1507
1594390 1501
1594400 1495
1594410 1495
1594420 1489
1594430 1483
1594440 1483
1594450 1478
1594460 1472
1594470 1467
1594480 1467
1594490 1461
1594500 1455
1594510 1455
1594520 1448
1594530 1441
1594540 1441
1594550 1434
1594560 1426
1594570 1430
1594580 1424
1594590 1417
1594600 1417
1594610 1410
1594620 1404
1594630 1404
1594640 1399
1594650 1394
1594660 1394
1594670 1387
1594680 1380
1594690 1373
1594700 1373
1594710 1367
1594720 1359
1594730 1359
1594740 1352
1594750 1345
1594760 1345
1594770 1337
1594780 1330
1594790 1330
1594800 1322
1594810 1315
1594820 1315
1594830 1307
1594840 1301
1594850 1301
1594860 1295
1594870 1291
1594880 1291
1594890 1289
1594900 1289
1594910 1289
1594920 1289
1594930 1288
1594940 1287
1594950 1287
1594960 1288
1594970 1288
1594980 1288
1594990 1287
1595000 1286
1595010 1286
1595020 1285
1595030 1284
1595040 1284
1595050 1283
1595060 1279
1595070 1279
1595080 1276
1595090 1273
1595100 1273
1595110 1270
1595120 1266
1595130 1266
1595140 1261
1595150 1256
1595160 1250
1595170 1250
1595180 1248
1595190 1247
1595200 1247
1595210 1244
1595220 1241
1595230 1241
1595240 1238
1595250 1236
1595260 1236
1595270 1235
1595280 1235
1595290 1235
1595300 1234
1595310 1233
1595320 1233
1595330 1231
1595340 1228
1595350 1228
1595360 1226
1595370 1224
1595380 1223
1595390 1223
1595400 1221
1595410 1218
1595420 1218
1595430 1216
1595440 1212
1595450 1212
1595460 1207
1595470 1201
1595480 1201
1595490 1195
1595500 1189
1595510 1189
1595520 1183
1595530 1177
1595540 1177
1595550 1172
1595560 1166
1595570 1166
1595580 1160
1595590 1154
1595600 1154
1595610 1148
1595620 1142
1595630 1135
1595640 1135
1595650 1128
1595660 1120
1595670 1120
1595680 1109
1595690 1100
1595700 1100
1595710 1092
1595720 1081
1595730 1081
1595740 1080
1595750 1076
1595760 1076
1595770 1070
1595780 1066
1595790 1066
1595800 1058
1595810 1055
1595820 1055
1595830 1056
1595840 1059
1595850 1064
1595860 1064
1595870 1072
1595880 1079
1595890 1079
1595900 1086
1595910 1092
1595920 1092
1595930 1097
1595940 1102
1595950 1102
1595960 1107
1595970 1110
1595980 1110
1595990 1113
1596000 1115
1596010 1115
1596020 1116
1596030 1116
1596040 1116
1596050 1118
1596060 1120
1596070 1120
1596080 1122
1596090 1126
1596100 1129
1596110 1129
1596120 1131
1596130 1133
1596140 1133
1596150 1134
1596160 1135
1596170 1135
1596180 1135
1596190 1135
1596200 1135
1596210 1134
1596220 1133
1596230 1133
1596240 1134
1596250 1135
1596260 1135
1596270 1137
1596280 1138
1596290 1138
1596300 1139
1596310 1139
1596320 1139
1596330 1139
1596340 1140
1596350 1140
1596360 1140
1596370 1140
1596380 1140
1596390 1140
1596400 1141
1596410 1142
1596420 1142
1596430 1142
1596440 1142
1596450 1142
1596460 1142
1596470 1141
1596480 1141
1596490 1141
1596500 1142
1596510 1142
1596520 1142
1596530 1143
1596540 1143
1596550 1144
1596560 1145
1596570 1146
1596580 1146
1596590 1148
1596600 1149
1596610 1149
1596620 1149
1596630 1150
1596640 1150
1596650 1150
1596660 1149
1596670 1149
1596680 1147
1596690 1146
1596700 1146
1596710 1146
1596720 1146
1596730 1146
1596740 1144
1596750 1143
1596760 1143
1596770 1142
1596780 1140
1596790 1140
1596800 1140
1596810 1140
1596820 1139
1596830 1139
1596840 1138
1596850 1138
1596860 1133
1596870 1132
1596880 1131
1596890 1131
1596900 1130
1596910 1129
1596920 1129
1596930 1128
1596940 1125
1596950 1125
1596960 1124
1596970 1122
1596980 1122
1596990 1121
1597000 1119
1597010 1119
1597020 1118
1597030 1117
1597040 1115
1597050 1115
1597060 1114
1597070 1113
1597080 1113
1597090 1112
1597100 1112
1597110 1112
1597120 1111
1597130 1109
1597140 1109
1597150 1107
1597160 1107
1597170 1107
1597180 1106
1597190 1106
1597200 1106
1597210 1106
1597220 1105
1597230 1105
1597240 1104
1597250 1103
1597260 1102
1597270 1102
1597280 1100
1597290 1098
1597300 1098
1597310 1095
1597320 1092
1597330 1092
1597340 1090
1597350 1086
1597360 1086
1597370 1082
1597380 1080
1597390 1080
1597400 1078
1597410 1075
1597420 1075
1597430 1072
1597440 1067
1597450 1067
1597460 1063
1597470 1060
1597480 1060
1597490 1056
1597500 1052
1597510 1044
1597520 1044
1597530 1038
1597540 1034
1597550 1034
1597560 1033
1597570 1034
1597580 1034
1597590 1037
1597600 1038
1597610 1038
1597620 1037
1597630 1034
1597640 1034
1597650 1031
1597660 1028
1597670 1028
1597680 1025
1597690 1022
1597700 1022
1597710 1025
1597720 1027
1597730 1031
1597740 1031
1597750 1035
1597760 1038
1597770 1038
1597780 1042
1597790 1046
1597800 1046
1597810 1050
1597820 1054
1597830 1054
1597840 1057
1597850 1060
1597860 1060
1597870 1062
1597880 1064
1597890 1064
1597900 1066
1597910 1067
1597920 1067
1597930 1068
1597940 1067
1597950 1067
1597960 1065
1597970 1062
1597980 1050
1597990 1050
1598000 1045
1598010 1042
1598020 1042
1598030 1039
1598040 1039
1598050 1039
1598060 1039
1598070 1035
1598080 1035
1598090 1032
1598100 1030
1598110 1030
1598120 1022
1598130 1013
1598140 1013
1598150 1009
1598160 1006
1598170 1006
1598180 1004
1598190 1001
1598200 996
1598210 996
1598220 991
1598230 988
1598240 988
1598250 985
1598260 980
1598270 980
1598280 976
1598290 974
1598300 974
1598310 972
1598320 970
1598330 970
1598340 968
1598350 967
1598360 967
1598370 966
1598380 965
1598390 965
1598400 963
1598410 960
1598420 960
1598430 957
1598440 953
1598450 948
1598460 948
1598470 942
1598480 937
1598490 937
1598500 932
1598510 929
1598520 929
1598530 926
1598540 923
1598550 923
1598560 918
1598570 912
1598580 912
1598590 906
1598600 900
1598610 900
1598620 893
1598630 887
1598640 887
1598650 881
1598660 874
1598670 865
1598680 865
1598690 857
1598700 850
1598710 850
1598720 843
1598730 837
1598740 837
1598750 830
1598760 823
1598770 823
1598780 816
1598790 807
1598800 807
1598810 799
1598820 790
1598830 790
1598840 783
1598850 777
1598860 777
1598870 772
1598880 768
1598890 764
1598900 764
1598910 760
1598920 757
1598930 757
1598940 755
1598950 754
1598960 754
1598970 754
1598980 754
1598990 754
1599000 753
1599010 753
1599020 753
1599030 753
1599040 753
1599050 753
1599060 753
1599070 753
1599080 753
1599090 753
1599100 753
1599110 753
1599120 753
1599130 752
1599140 753
1599150 753
1599160 753
1599170 753
1599180 753
1599190 753
1599200 753
1599210 753
1599220 753
1599230 752
1599240 752
1599250 752
1599260 753
1599270 753
1599280 753
1599290 752
1599300 752
1599310 752
1599320 752
1599330 752
1599340 752
1599350 752
1599360 752
1599370 752
1599380 752
1599390 752
1599400 752
1599410 752
1599420 752
1599430 752
1599440 752
1599450 752
1599460 752
1599470 752
1599480 752
1599490 752
1599500 753
1599510 753
1599520 753
1599530 754
1599540 754
1599550 754
1599560 755
1599570 755
1599580 755
1599590 756
1599600 756
1599610 756
1599620 756
1599630 756
1599640 757
1599650 757
1599660 757
1599670 757
1599680 757
1599690 758
1599700 758
1599710 758
1599720 759
1599730 759
1599740 759
1599750 759
1599760 759
1599770 759
1599780 759
1599790 759
1599800 759
1599810 759
1599820 759
1599830 758
1599840 758
1599850 758
1599860 758
1599870 758
1599880 759
1599890 759
1599900 759
1599910 760
1599920 761
1599930 761
1599940 762
1599950 762
1599960 762
1599970 762
1599980 763
1599990 763
