1580000 1550
1580010 1547
1580020 1547
1580030 1545
1580040 1543
1580050 1540
1580060 1540
1580070 1538
1580080 1535
1580090 1535
1580100 1533
1580110 1530
1580120 1530
1580130 1527
1580140 1523
1580150 1523
1580160 1519
1580170 1516
1580180 1516
1580190 1513
1580200 1510
1580210 1510
1580220 1506
1580230 1503
1580240 1503
1580250 1500
1580260 1497
1580270 1494
1580280 1494
1580290 1492
1580300 1489
1580310 1489
1580320 1486
1580330 1484
1580340 1484
1580350 1480
1580360 1477
1580370 1477
1580380 1472
1580390 1468
1580400 1468
1580410 1462
1580420 1457
1580430 1457
1580440 1452
1580450 1446
1580460 1446
1580470 1440
1580480 1434
1580490 1434
1580500 1431
1580510 1430
1580520 1430
1580530 1430
1580540 1428
1580550 1425
1580560 1425
1580570 1421
1580580 1417
1580590 1417
1580600 1414
1580610 1411
1580620 1411
1580630 1408
1580640 1405
1580650 1405
1580660 1402
1580670 1398
1580680 1398
1580690 1392
1580700 1385
1580710 1385
1580720 1378
1580730 1370
1580740 1363
1580750 1363
1580760 1356
1580770 1351
1580780 1351
1580790 1347
1580800 1342
1580810 1342
1580820 1336
1580830 1332
1580840 1332
1580850 1327
1580860 1325
1580870 1325
1580880 1323
1580890 1321
1580900 1321
1580910 1319
1580920 1318
1580930 1318
1580940 1316
1580950 1311
1580960 1306
1580970 1306
1580980 1299
1580990 1298
1581000 1298
1581010 1302
1581020 1305
1581030 1305
1581040 1305
1581050 1302
1581060 1302
1581070 1299
1581080 1298
1581090 1298
1581100 1298
1581110 1296
1581120 1296
1581130 1292
1581140 1287
1581150 1287
1581160 1282
1581170 1277
1581180 1277
1581190 1273
1581200 1268
1581210 1264
1581220 1264
1581230 1259
1581240 1254
1581250 1254
1581260 1249
1581270 1244
1581280 1244
1581290 1239
1581300 1234
1581310 1234
1581320 1230
1581330 1227
1581340 1227
1581350 1226
1581360 1223
1581370 1223
1581380 1220
1581390 1218
1581400 1218
1581410 1215
1581420 1211
1581430 1207
1581440 1207
1581450 1202
1581460 1199
1581470 1199
1581480 1195
1581490 1190
1581500 1190
1581510 1184
1581520 1179
1581530 1179
1581540 1175
1581550 1171
1581560 1171
1581570 1168
1581580 1164
1581590 1164
1581600 1157
1581610 1152
1581620 1152
1581630 1148
1581640 1149
1581650 1149
1581660 1150
1581670 1151
1581680 1154
1581690 1154
1581700 1156
1581710 1157
1581720 1157
1581730 1157
1581740 1158
1581750 1158
1581760 1160
1581770 1161
1581780 1161
1581790 1162
1581800 1160
1581810 1160
1581820 1162
1581830 1166
1581840 1166
1581850 1169
1581860 1168
1581870 1168
1581880 1167
1581890 1165
1581900 1162
1581910 1162
1581920 1158
1581930 1155
1581940 1155
1581950 1151
1581960 1151
1581970 1151
1581980 1158
1581990 1165
1582000 1165
1582010 1171
1582020 1175
1582030 1175
1582040 1177
1582050 1178
1582060 1178
1582070 1180
1582080 1182
1582090 1182
1582100 1180
1582110 1181
1582120 1181
1582130 1182
1582140 1183
1582150 1184
1582160 1184
1582170 1186
1582180 1187
1582190 1187
1582200 1189
1582210 1189
1582220 1189
1582230 1188
1582240 1190
1582250 1190
1582260 1194
1582270 1198
1582280 1198
1582290 1199
1582300 1199
1582310 1199
1582320 1197
1582330 1197
1582340 1197
1582350 1196
1582360 1196
1582370 1197
1582380 1197
1582390 1199
1582400 1203
1582410 1203
1582420 1207
1582430 1211
1582440 1211
1582450 1214
1582460 1215
1582470 1215
1582480 1217
1582490 1218
1582500 1218
1582510 1218
1582520 1218
1582530 1218
1582540 1219
1582550 1224
1582560 1224
1582570 1225
1582580 1228
1582590 1228
1582600 1231
1582610 1235
1582620 1238
1582630 1238
1582640 1241
1582650 1243
1582660 1243
1582670 1246
1582680 1250
1582690 1250
1582700 1253
1582710 1256
1582720 1256
1582730 1258
1582740 1259
1582750 1259
1582760 1263
1582770 1264
1582780 1264
1582790 1266
1582800 1267
1582810 1267
1582820 1269
1582830 1270
1582840 1271
1582850 1271
1582860 1272
1582870 1274
1582880 1274
1582890 1276
1582900 1278
1582910 1278
1582920 1279
1582930 1281
1582940 1281
1582950 1281
1582960 1280
1582970 1280
1582980 1279
1582990 1277
1583000 1277
1583010 1276
1583020 1275
1583030 1275
1583040 1273
1583050 1272
1583060 1272
1583070 1271
1583080 1270
1583090 1268
1583100 1268
1583110 1266
1583120 1264
1583130 1264
1583140 1262
1583150 1259
1583160 1259
1583170 1256
1583180 1253
1583190 1253
1583200 1251
1583210 1247
1583220 1247
1583230 1241
1583240 1236
1583250 1236
1583260 1230
1583270 1226
1583280 1226
1583290 1222
1583300 1218
1583310 1213
1583320 1213
1583330 1209
1583340 1204
1583350 1204
1583360 1200
1583370 1196
1583380 1196
1583390 1190
1583400 1182
1583410 1182
1583420 1177
1583430 1172
1583440 1172
1583450 1166
1583460 1158
1583470 1158
1583480 1152
1583490 1148
1583500 1148
1583510 1145
1583520 1137
1583530 1137
1583540 1131
1583550 1124
1583560 1119
1583570 1119
1583580 1115
1583590 1110
1583600 1110
1583610 1106
1583620 1103
1583630 1103
1583640 1099
1583650 1091
1583660 1091
1583670 1082
1583680 1077
1583690 1077
1583700 1072
1583710 1067
1583720 1067
1583730 1062
1583740 1057
1583750 1057
1583760 1052
1583770 1048
1583780 1044
1583790 1044
1583800 1040
1583810 1036
1583820 1036
1583830 1032
1583840 1029
1583850 1029
1583860 1024
1583870 1020
1583880 1020
1583890 1015
1583900 1012
1583910 1012
1583920 1006
1583930 1002
1583940 1002
1583950 998
1583960 994
1583970 994
1583980 991
1583990 988
1584000 985
1584010 985
1584020 982
1584030 979
1584040 979
1584050 975
1584060 972
1584070 972
1584080 969
1584090 966
1584100 966
1584110 964
1584120 961
1584130 961
1584140 958
1584150 956
1584160 956
1584170 954
1584180 952
1584190 952
1584200 949
1584210 947
1584220 947
1584230 945
1584240 944
1584250 940
1584260 940
1584270 936
1584280 932
1584290 932
1584300 923
1584310 916
1584320 916
1584330 911
1584340 907
1584350 907
1584360 904
1584370 900
1584380 900
1584390 892
1584400 885
1584410 885
1584420 878
1584430 868
1584440 868
1584450 867
1584460 875
1584470 883
1584480 883
1584490 892
1584500 901
1584510 901
1584520 909
1584530 915
1584540 915
1584550 919
1584560 922
1584570 922
1584580 924
1584590 926
1584600 926
1584610 927
1584620 926
1584630 926
1584640 925
1584650 925
1584660 925
1584670 923
1584680 923
1584690 923
1584700 922
1584710 921
1584720 920
1584730 920
1584740 918
1584750 916
1584760 916
1584770 917
1584780 917
1584790 917
1584800 916
1584810 914
1584820 914
1584830 912
1584840 910
1584850 910
1584860 907
1584870 903
1584880 903
1584890 898
1584900 894
1584910 894
1584920 893
1584930 891
1584940 888
1584950 888
1584960 886
1584970 885
1584980 885
1584990 883
1585000 882
1585010 882
1585020 881
1585030 878
1585040 878
1585050 874
1585060 870
1585070 870
1585080 866
1585090 862
1585100 862
1585110 857
1585120 852
1585130 852
1585140 847
1585150 842
1585160 842
1585170 838
1585180 834
1585190 831
1585200 831
1585210 829
1585220 827
1585230 827
1585240 825
1585250 823
1585260 823
1585270 820
1585280 817
1585290 817
1585300 815
1585310 812
1585320 812
1585330 812
1585340 812
1585350 812
1585360 812
1585370 811
1585380 811
1585390 811
1585400 809
1585410 808
1585420 808
1585430 807
1585440 805
1585450 805
1585460 803
1585470 802
1585480 802
1585490 801
1585500 801
1585510 801
1585520 800
1585530 799
1585540 799
1585550 799
1585560 798
1585570 798
1585580 798
1585590 797
1585600 797
1585610 797
1585620 797
1585630 797
1585640 797
1585650 797
1585660 796
1585670 796
1585680 796
1585690 796
1585700 796
1585710 796
1585720 795
1585730 795
1585740 795
1585750 795
1585760 795
1585770 795
1585780 795
1585790 795
1585800 795
1585810 795
1585820 795
1585830 794
1585840 794
1585850 794
1585860 794
1585870 794
1585880 794
1585890 794
1585900 794
1585910 794
1585920 794
1585930 793
1585940 793
1585950 793
1585960 793
1585970 793
1585980 793
1585990 793
1586000 793
1586010 793
1586020 793
1586030 793
1586040 793
1586050 793
1586060 791
1586070 791
1586080 790
1586090 789
1586100 789
1586110 789
1586120 789
1586130 789
1586140 789
1586150 789
1586160 789
1586170 789
1586180 788
1586190 788
1586200 788
1586210 788
1586220 788
1586230 788
1586240 788
1586250 788
1586260 788
1586270 788
1586280 788
1586290 788
1586300 788
1586310 788
1586320 788
1586330 788
1586340 788
1586350 788
1586360 788
1586370 788
1586380 788
1586390 788
1586400 788
1586410 788
1586420 788
1586430 787
1586440 787
1586450 787
1586460 789
1586470 789
1586480 789
1586490 790
1586500 790
1586510 790
1586520 793
1586530 798
1586540 798
1586550 799
1586560 799
1586570 799
1586580 800
1586590 800
1586600 800
1586610 800
1586620 800
1586630 801
1586640 801
1586650 802
1586660 803
1586670 803
1586680 805
1586690 808
1586700 808
1586710 810
1586720 813
1586730 813
1586740 815
1586750 821
1586760 821
1586770 826
1586780 830
1586790 830
1586800 833
1586810 836
1586820 840
1586830 840
1586840 842
1586850 839
1586860 839
1586870 845
1586880 854
1586890 854
1586900 859
1586910 862
1586920 862
1586930 866
1586940 872
1586950 872
1586960 875
1586970 877
1586980 877
1586990 880
1587000 880
1587010 880
1587020 877
1587030 878
1587040 878
1587050 883
1587060 888
1587070 893
1587080 893
1587090 898
1587100 903
1587110 903
1587120 907
1587130 911
1587140 911
1587150 916
1587160 921
1587170 921
1587180 933
1587190 938
1587200 938
1587210 942
1587220 948
1587230 948
1587240 955
1587250 961
1587260 961
1587270 971
1587280 978
1587290 983
1587300 983
1587310 987
1587320 984
1587330 984
1587340 980
1587350 977
1587360 977
1587370 980
1587380 987
1587390 987
1587400 993
1587410 999
1587420 999
1587430 1005
1587440 1010
1587450 1010
1587460 1015
1587470 1021
1587480 1021
1587490 1024
1587500 1031
1587510 1037
1587520 1037
1587530 1043
1587540 1048
1587550 1048
1587560 1054
1587570 1060
1587580 1060
1587590 1066
1587600 1073
1587610 1073
1587620 1080
1587630 1086
1587640 1086
1587650 1093
1587660 1099
1587670 1099
1587680 1106
1587690 1112
1587700 1112
1587710 1119
1587720 1125
1587730 1125
1587740 1128
1587750 1131
1587760 1134
1587770 1134
1587780 1136
1587790 1138
1587800 1138
1587810 1141
1587820 1143
1587830 1143
1587840 1146
1587850 1150
1587860 1150
1587870 1154
1587880 1160
1587890 1160
1587900 1165
1587910 1170
1587920 1170
1587930 1175
1587940 1180
1587950 1180
1587960 1184
1587970 1185
1587980 1187
1587990 1187
1588000 1189
1588010 1192
1588020 1192
1588030 1195
1588040 1197
1588050 1197
1588060 1199
1588070 1200
1588080 1200
1588090 1202
1588100 1205
1588110 1205
1588120 1208
1588130 1210
1588140 1210
1588150 1210
1588160 1210
1588170 1210
1588180 1209
1588190 1208
1588200 1208
1588210 1206
1588220 1204
1588230 1203
1588240 1203
1588250 1202
1588260 1202
1588270 1202
1588280 1202
1588290 1204
1588300 1204
1588310 1205
1588320 1208
1588330 1208
1588340 1211
1588350 1212
1588360 1212
1588370 1212
1588380 1210
1588390 1210
1588400 1207
1588410 1206
1588420 1206
1588430 1202
1588440 1198
1588450 1194
1588460 1194
1588470 1191
1588480 1189
1588490 1189
1588500 1186
1588510 1184
1588520 1184
1588530 1181
1588540 1176
1588550 1176
1588560 1170
1588570 1164
1588580 1164
1588590 1156
1588600 1151
1588610 1151
1588620 1147
1588630 1144
1588640 1144
1588650 1142
1588660 1140
1588670 1140
1588680 1139
1588690 1137
1588700 1136
1588710 1136
1588720 1135
1588730 1133
1588740 1133
1588750 1132
1588760 1131
1588770 1131
1588780 1128
1588790 1123
1588800 1123
1588810 1120
1588820 1117
1588830 1117
1588840 1115
1588850 1113
1588860 1113
1588870 1111
1588880 1109
1588890 1109
1588900 1107
1588910 1105
1588920 1104
1588930 1104
1588940 1104
1588950 1104
1588960 1104
1588970 1102
1588980 1100
1588990 1100
1589000 1098
1589010 1095
1589020 1095
1589030 1092
1589040 1088
1589050 1088
1589060 1084
1589070 1080
1589080 1080
1589090 1077
1589100 1075
1589110 1075
1589120 1073
1589130 1071
1589140 1071
1589150 1069
1589160 1067
1589170 1065
1589180 1065
1589190 1061
1589200 1054
1589210 1054
1589220 1048
1589230 1042
1589240 1042
1589250 1036
1589260 1029
1589270 1029
1589280 1023
1589290 1020
1589300 1020
1589310 1017
1589320 1014
1589330 1014
1589340 1011
1589350 1008
1589360 1008
1589370 1004
1589380 1000
1589390 996
1589400 996
1589410 993
1589420 990
1589430 990
1589440 984
1589450 976
1589460 976
1589470 967
1589480 954
1589490 954
1589500 940
1589510 926
1589520 926
1589530 914
1589540 908
1589550 908
1589560 905
1589570 905
1589580 905
1589590 905
1589600 913
1589610 913
1589620 914
1589630 925
1589640 933
1589650 933
1589660 940
1589670 945
1589680 945
1589690 951
1589700 958
1589710 958
1589720 963
1589730 967
1589740 967
1589750 970
1589760 970
1589770 970
1589780 969
1589790 970
1589800 970
1589810 970
1589820 971
1589830 971
1589840 973
1589850 974
1589860 977
1589870 977
1589880 980
1589890 983
1589900 983
1589910 985
1589920 987
1589930 987
1589940 988
1589950 990
1589960 990
1589970 994
1589980 998
1589990 998
1590000 1004
1590010 1009
1590020 1009
1590030 1013
1590040 1017
1590050 1017
1590060 1022
1590070 1026
1590080 1026
1590090 1030
1590100 1035
1590110 1039
1590120 1039
1590130 1044
1590140 1049
1590150 1049
1590160 1054
1590170 1058
1590180 1058
1590190 1063
1590200 1067
1590210 1067
1590220 1072
1590230 1077
1590240 1077
1590250 1084
1590260 1089
1590270 1089
1590280 1095
1590290 1101
1590300 1101
1590310 1107
1590320 1113
1590330 1119
1590340 1119
1590350 1124
1590360 1127
1590370 1127
1590380 1130
1590390 1135
1590400 1135
1590410 1139
1590420 1144
1590430 1144
1590440 1148
1590450 1154
1590460 1154
1590470 1160
1590480 1165
1590490 1165
1590500 1170
1590510 1175
1590520 1175
1590530 1180
1590540 1185
1590550 1185
1590560 1191
1590570 1197
1590580 1203
1590590 1203
1590600 1208
1590610 1213
1590620 1213
1590630 1219
1590640 1225
1590650 1225
1590660 1231
1590670 1237
1590680 1237
1590690 1243
1590700 1249
1590710 1249
1590720 1255
1590730 1262
1590740 1262
1590750 1268
1590760 1274
1590770 1274
1590780 1281
1590790 1287
1590800 1292
1590810 1292
1590820 1297
1590830 1299
1590840 1299
1590850 1304
1590860 1309
1590870 1309
1590880 1313
1590890 1316
1590900 1316
1590910 1318
1590920 1321
1590930 1321
1590940 1323
1590950 1326
1590960 1326
1590970 1330
1590980 1335
1590990 1335
1591000 1340
1591010 1344
1591020 1344
1591030 1348
1591040 1351
1591050 1353
1591060 1353
1591070 1355
1591080 1356
1591090 1356
1591100 1358
1591110 1359
1591120 1359
1591130 1361
1591140 1361
1591150 1361
1591160 1361
1591170 1359
1591180 1359
1591190 1359
1591200 1359
1591210 1359
1591220 1359
1591230 1358
1591240 1358
1591250 1359
1591260 1359
1591270 1361
1591280 1361
1591290 1363
1591300 1365
1591310 1365
1591320 1368
1591330 1371
1591340 1371
1591350 1374
1591360 1377
1591370 1377
1591380 1378
1591390 1379
1591400 1379
1591410 1380
1591420 1384
1591430 1384
1591440 1388
1591450 1392
1591460 1392
1591470 1396
1591480 1400
1591490 1403
1591500 1403
1591510 1406
1591520 1407
1591530 1407
1591540 1410
1591550 1413
1591560 1413
1591570 1416
1591580 1420
1591590 1420
1591600 1423
1591610 1426
1591620 1426
1591630 1428
1591640 1430
1591650 1430
1591660 1433
1591670 1436
1591680 1436
1591690 1438
1591700 1439
1591710 1439
1591720 1440
1591730 1443
1591740 1445
1591750 1445
1591760 1447
1591770 1450
1591780 1450
1591790 1454
1591800 1457
1591810 1457
1591820 1459
1591830 1462
1591840 1462
1591850 1465
1591860 1468
1591870 1468
1591880 1470
1591890 1473
1591900 1473
1591910 1475
1591920 1477
1591930 1477
1591940 1479
1591950 1480
1591960 1482
1591970 1482
1591980 1484
1591990 1487
1592000 1487
1592010 1490
1592020 1487
1592030 1487
1592040 1490
1592050 1493
1592060 1493
1592070 1497
1592080 1500
1592090 1500
1592100 1503
1592110 1507
1592120 1507
1592130 1511
1592140 1515
1592150 1515
1592160 1518
1592170 1522
1592180 1522
1592190 1526
1592200 1530
1592210 1534
1592220 1534
1592230 1539
1592240 1544
1592250 1544
1592260 1548
1592270 1551
1592280 1551
1592290 1554
1592300 1559
1592310 1559
1592320 1564
1592330 1570
1592340 1570
1592350 1576
1592360 1581
1592370 1581
1592380 1586
1592390 1590
1592400 1590
1592410 1594
1592420 1599
1592430 1602
1592440 1602
1592450 1605
1592460 1609
1592470 1609
1592480 1614
1592490 1619
1592500 1619
1592510 1623
1592520 1628
1592530 1628
1592540 1632
1592550 1633
1592560 1633
1592570 1635
1592580 1636
1592590 1636
1592600 1637
1592610 1639
1592620 1639
1592630 1641
1592640 1643
1592650 1643
1592660 1645
1592670 1648
1592680 1649
1592690 1649
1592700 1646
1592710 1645
1592720 1645
1592730 1644
1592740 1643
1592750 1643
1592760 1641
1592770 1640
1592780 1640
1592790 1639
1592800 1638
1592810 1638
1592820 1639
1592830 1640
1592840 1640
1592850 1641
1592860 1643
1592870 1643
1592880 1644
1592890 1645
1592900 1647
1592910 1647
1592920 1648
1592930 1648
1592940 1648
1592950 1647
1592960 1649
1592970 1649
1592980 1651
1592990 1652
1593000 1652
1593010 1655
1593020 1659
1593030 1659
1593040 1664
1593050 1670
1593060 1670
1593070 1676
1593080 1682
1593090 1682
1593100 1687
1593110 1692
1593120 1692
1593130 1697
1593140 1700
1593150 1704
1593160 1704
1593170 1707
1593180 1710
1593190 1716
1593200 1719
1593210 1723
1593220 1723
1593230 1726
1593240 1729
1593250 1729
1593260 1732
1593270 1734
1593280 1734
1593290 1737
1593300 1739
1593310 1739
1593320 1741
1593330 1742
1593340 1742
1593350 1743
1593360 1744
1593370 1745
1593380 1745
1593390 1745
1593400 1746
1593410 1746
1593420 1747
1593430 1747
1593440 1747
1593450 1748
1593460 1749
1593470 1749
1593480 1749
1593490 1750
1593500 1750
1593510 1751
1593520 1752
1593530 1752
1593540 1753
1593550 1753
1593560 1753
1593570 1754
1593580 1755
1593590 1755
1593600 1756
1593610 1757
1593620 1757
1593630 1757
1593640 1758
1593650 1758
1593660 1758
1593670 1758
1593680 1759
1593690 1759
1593700 1759
1593710 1759
1593720 1759
1593730 1759
1593740 1759
1593750 1759
1593760 1757
1593770 1754
1593780 1754
1593790 1749
1593800 1743
1593810 1743
1593820 1737
1593830 1731
1593840 1724
1593850 1724
1593860 1717
1593870 1709
1593880 1709
1593890 1702
1593900 1694
1593910 1694
1593920 1686
1593930 1678
1593940 1678
1593950 1670
1593960 1662
1593970 1662
1593980 1655
1593990 1647
1594000 1647
1594010 1640
1594020 1633
1594030 1633
1594040 1627
1594050 1620
1594060 1620
1594070 1613
1594080 1607
1594090 1601
1594100 1601
1594110 1594
1594120 1589
1594130 1589
1594140 1583
1594150 1577
1594160 1577
1594170 1571
1594180 1564
1594190 1564
1594200 1558
1594210 1551
1594220 1551
1594230 1545
1594240 1539
1594250 1539
1594260 1531
1594270 1524
1594280 1524
1594290 1517
1594300 1511
1594310 1504
1594320 1504
1594330 1499
1594340 1494
1594350 1494
1594360 1485
1594370 1480
1594380 1480
1594390 1474
1594400 1469
1594410 1469
1594420 1463
1594430 1458
1594440 1458
1594450 1452
1594460 1447
1594470 1447
1594480 1441
1594490 1435
1594500 1435
1594510 1429
1594520 1423
1594530 1423
1594540 1417
1594550 1412
1594560 1407
1594570 1407
1594580 1403
1594590 1399
1594600 1399
1594610 1396
1594620 1394
1594630 1394
1594640 1389
1594650 1385
1594660 1385
1594670 1381
1594680 1377
1594690 1377
1594700 1372
1594710 1368
1594720 1368
1594730 1363
1594740 1358
1594750 1358
1594760 1355
1594770 1352
1594780 1347
1594790 1347
1594800 1341
1594810 1333
1594820 1333
1594830 1325
1594840 1317
1594850 1317
1594860 1308
1594870 1300
1594880 1300
1594890 1292
1594900 1284
1594910 1284
1594920 1277
1594930 1268
1594940 1268
1594950 1259
1594960 1248
1594970 1248
1594980 1239
1594990 1231
1595000 1231
1595010 1224
1595020 1218
1595030 1212
1595040 1212
1595050 1211
1595060 1212
1595070 1212
1595080 1211
1595090 1207
1595100 1207
1595110 1202
1595120 1198
1595130 1198
1595140 1194
1595150 1191
1595160 1191
1595170 1187
1595180 1183
1595190 1183
1595200 1181
1595210 1178
1595220 1178
1595230 1175
1595240 1175
1595250 1174
1595260 1174
1595270 1169
1595280 1159
1595290 1159
1595300 1158
1595310 1161
1595320 1161
1595330 1161
1595340 1161
1595350 1161
1595360 1159
1595370 1157
1595380 1157
1595390 1154
1595400 1151
1595410 1151
1595420 1149
1595430 1147
1595440 1147
1595450 1145
1595460 1141
1595470 1138
1595480 1138
1595490 1135
1595500 1133
1595510 1127
1595520 1125
1595530 1123
1595540 1123
1595550 1121
1595560 1118
1595570 1118
1595580 1114
1595590 1109
1595600 1109
1595610 1104
1595620 1100
1595630 1100
1595640 1094
1595650 1088
1595660 1088
1595670 1082
1595680 1074
1595690 1074
1595700 1065
1595710 1059
1595720 1051
1595730 1051
1595740 1046
1595750 1041
1595760 1041
1595770 1035
1595780 1031
1595790 1031
1595800 1032
1595810 1037
1595820 1037
1595830 1042
1595840 1047
1595850 1047
1595860 1051
1595870 1056
1595880 1056
1595890 1062
1595900 1066
1595910 1066
1595920 1069
1595930 1072
1595940 1076
1595950 1076
1595960 1079
1595970 1081
1595980 1081
1595990 1085
1596000 1089
1596010 1089
1596020 1093
1596030 1098
1596040 1098
1596050 1101
1596060 1102
1596070 1102
1596080 1101
1596090 1101
1596100 1101
1596110 1101
1596120 1102
1596130 1102
1596140 1102
1596150 1103
1596160 1103
1596170 1103
1596180 1102
1596190 1102
1596200 1102
1596210 1101
1596220 1102
1596230 1102
1596240 1102
1596250 1103
1596260 1103
1596270 1104
1596280 1104
1596290 1104
1596300 1102
1596310 1101
1596320 1101
1596330 1101
1596340 1101
1596350 1101
1596360 1101
1596370 1100
1596380 1100
1596390 1100
1596400 1099
1596410 1100
1596420 1100
1596430 1100
1596440 1101
1596450 1101
1596460 1102
1596470 1103
1596480 1103
1596490 1104
1596500 1104
1596510 1104
1596520 1105
1596530 1108
1596540 1108
1596550 1109
1596560 1110
1596570 1110
1596580 1111
1596590 1111
1596600 1111
1596610 1110
1596620 1110
1596630 1110
1596640 1110
1596650 1108
1596660 1108
1596670 1108
1596680 1108
1596690 1107
1596700 1107
1596710 1106
1596720 1106
1596730 1106
1596740 1106
1596750 1104
1596760 1104
1596770 1103
1596780 1102
1596790 1102
1596800 1102
1596810 1101
1596820 1101
1596830 1101
1596840 1101
1596850 1101
1596860 1101
1596870 1100
1596880 1099
1596890 1099
1596900 1098
1596910 1098
1596920 1098
1596930 1097
1596940 1096
1596950 1096
1596960 1096
1596970 1095
1596980 1095
1596990 1094
1597000 1094
1597010 1094
1597020 1093
1597030 1092
1597040 1092
1597050 1091
1597060 1091
1597070 1091
1597080 1092
1597090 1092
1597100 1092
1597110 1092
1597120 1091
1597130 1090
1597140 1090
1597150 1088
1597160 1085
1597170 1085
1597180 1083
1597190 1082
1597200 1082
1597210 1079
1597220 1076
1597230 1076
1597240 1074
1597250 1069
1597260 1069
1597270 1063
1597280 1057
1597290 1057
1597300 1053
1597310 1051
1597320 1051
1597330 1049
1597340 1047
1597350 1042
1597360 1042
1597370 1036
1597380 1032
1597390 1032
1597400 1030
1597410 1030
1597420 1030
1597430 1029
1597440 1024
1597450 1024
1597460 1019
1597470 1014
1597480 1014
1597490 1010
1597500 1005
1597510 1005
1597520 1001
1597530 1003
1597540 1003
1597550 1006
1597560 1006
1597570 1006
1597580 1006
1597590 1004
1597600 1001
1597610 1001
1597620 1000
1597630 995
1597640 995
1597650 990
1597660 986
1597670 986
1597680 984
1597690 986
1597700 986
1597710 992
1597720 995
1597730 995
1597740 998
1597750 1000
1597760 1000
1597770 1002
1597780 999
1597790 999
1597800 998
1597810 997
1597820 995
1597830 995
1597840 993
1597850 992
1597860 992
1597870 991
1597880 989
1597890 989
1597900 986
1597910 984
1597920 984
1597930 982
1597940 980
1597950 980
1597960 978
1597970 976
1597980 976
1597990 975
1598000 974
1598010 974
1598020 972
1598030 970
1598040 970
1598050 969
1598060 967
1598070 964
1598080 964
1598090 961
1598100 958
1598110 958
1598120 956
1598130 954
1598140 954
1598150 953
1598160 951
1598170 951
1598180 948
1598190 944
1598200 944
1598210 941
1598220 938
1598230 938
1598240 934
1598250 931
1598260 931
1598270 929
1598280 928
1598290 925
1598300 925
1598310 921
1598320 915
1598330 915
1598340 910
1598350 912
1598360 912
1598370 912
1598380 912
1598390 912
1598400 910
1598410 907
1598420 907
1598430 902
1598440 898
1598450 898
1598460 893
1598470 888
1598480 888
1598490 882
1598500 877
1598510 877
1598520 874
1598530 870
1598540 867
1598550 867
1598560 863
1598570 858
1598580 858
1598590 854
1598600 848
1598610 848
1598620 843
1598630 838
1598640 838
1598650 832
1598660 826
1598670 826
1598680 820
1598690 813
1598700 813
1598710 807
1598720 802
1598730 802
1598740 797
1598750 791
1598760 785
1598770 785
1598780 780
1598790 775
1598800 775
1598810 771
1598820 767
1598830 767
1598840 764
1598850 762
1598860 762
1598870 759
1598880 756
1598890 755
1598900 754
1598910 754
1598920 754
1598930 754
1598940 754
1598950 754
1598960 754
1598970 754
1598980 754
1598990 754
1599000 754
1599010 754
1599020 754
1599030 754
1599040 753
1599050 753
1599060 753
1599070 753
1599080 753
1599090 753
1599100 753
1599110 753
1599120 753
1599130 753
1599140 753
1599150 754
1599160 753
1599170 753
1599180 753
1599190 753
1599200 753
1599210 753
1599220 753
1599230 753
1599240 753
1599250 753
1599260 753
1599270 753
1599280 753
1599290 752
1599300 752
1599310 752
1599320 752
1599330 752
1599340 752
1599350 752
1599360 752
1599370 752
1599380 752
1599390 752
1599400 752
1599410 752
1599420 752
1599430 752
1599440 752
1599450 752
1599460 753
1599470 753
1599480 753
1599490 753
1599500 753
1599510 753
1599520 753
1599530 754
1599540 755
1599550 755
1599560 756
1599570 757
1599580 757
1599590 757
1599600 758
1599610 758
1599620 758
1599630 759
1599640 759
1599650 759
1599660 760
1599670 760
1599680 761
1599690 761
1599700 761
1599710 761
1599720 761
1599730 761
1599740 761
1599750 762
1599760 766
1599770 766
1599780 772
1599790 779
1599800 779
1599810 783
1599820 785
1599830 785
1599840 785
1599850 784
1599860 784
1599870 785
1599880 787
1599890 787
1599900 790
1599910 794
1599920 797
1599930 797
1599940 801
1599950 803
1599960 803
1599970 806
1599980 808
1599990 808
