1580000 864
1580010 864
1580020 862
1580030 860
1580040 860
1580050 857
1580060 854
1580070 853
1580080 853
1580090 853
1580100 854
1580110 854
1580120 854
1580130 853
1580140 853
1580150 853
1580160 853
1580170 853
1580180 845
1580190 843
1580200 843
1580210 842
1580220 842
1580230 842
1580240 841
1580250 840
1580260 840
1580270 840
1580280 840
1580290 839
1580300 839
1580310 838
1580320 836
1580330 836
1580340 835
1580350 835
1580360 835
1580370 835
1580380 835
1580390 835
1580400 834
1580410 834
1580420 834
1580430 834
1580440 836
1580450 836
1580460 837
1580470 837
1580480 837
1580490 838
1580500 839
1580510 839
1580520 840
1580530 839
1580540 837
1580550 837
1580560 835
1580570 834
1580580 834
1580590 832
1580600 831
1580610 831
1580620 829
1580630 828
1580640 828
1580650 827
1580660 826
1580670 826
1580680 825
1580690 824
1580700 824
1580710 824
1580720 823
1580730 823
1580740 822
1580750 822
1580760 822
1580770 822
1580780 822
1580790 821
1580800 821
1580810 821
1580820 821
1580830 821
1580840 820
1580850 820
1580860 820
1580870 820
1580880 819
1580890 819
1580900 819
1580910 819
1580920 819
1580930 819
1580940 818
1580950 818
1580960 818
1580970 818
1580980 818
1580990 818
1581000 817
1581010 817
1581020 817
1581030 816
1581040 815
1581050 815
1581060 814
1581070 814
1581080 814
1581090 814
1581100 814
1581110 814
1581120 814
1581130 814
1581140 814
1581150 814
1581160 814
1581170 814
1581180 814
1581190 814
1581200 814
1581210 813
1581220 813
1581230 813
1581240 812
1581250 811
1581260 810
1581270 810
1581280 810
1581290 810
1581300 810
1581310 811
1581320 811
1581330 811
1581340 812
1581350 812
1581360 812
1581370 812
1581380 812
1581390 812
1581400 811
1581410 811
1581420 811
1581430 811
1581440 811
1581450 811
1581460 811
1581470 811
1581480 811
1581490 811
1581500 811
1581510 811
1581520 811
1581530 811
1581540 811
1581550 811
1581560 811
1581570 811
1581580 811
1581590 811
1581600 811
1581610 811
1581620 811
1581630 811
1581640 811
1581650 810
1581660 810
1581670 810
1581680 810
1581690 810
1581700 810
1581710 810
1581720 810
1581730 810
1581740 810
1581750 810
1581760 810
1581770 810
1581780 810
1581790 811
1581800 811
1581810 811
1581820 811
1581830 811
1581840 810
1581850 810
1581860 810
1581870 810
1581880 810
1581890 810
1581900 810
1581910 810
1581920 810
1581930 810
1581940 810
1581950 810
1581960 810
1581970 810
1581980 810
1581990 810
1582000 810
1582010 809
1582020 809
1582030 810
1582040 810
1582050 810
1582060 810
1582070 810
1582080 810
1582090 810
1582100 810
1582110 810
1582120 810
1582130 810
1582140 810
1582150 810
1582160 810
1582170 810
1582180 810
1582190 810
1582200 809
1582210 809
1582220 809
1582230 810
1582240 810
1582250 810
1582260 810
1582270 810
1582280 811
1582290 810
1582300 810
1582310 809
1582320 809
1582330 809
1582340 809
1582350 809
1582360 809
1582370 809
1582380 809
1582390 809
1582400 809
1582410 809
1582420 809
1582430 809
1582440 809
1582450 809
1582460 809
1582470 809
1582480 809
1582490 809
1582500 809
1582510 809
1582520 809
1582530 809
1582540 809
1582550 809
1582560 809
1582570 809
1582580 809
1582590 809
1582600 809
1582610 809
1582620 809
1582630 809
1582640 809
1582650 809
1582660 810
1582670 810
1582680 810
1582690 810
1582700 811
1582710 811
1582720 811
1582730 812
1582740 812
1582750 813
1582760 814
1582770 814
1582780 815
1582790 816
1582800 817
1582810 817
1582820 818
1582830 818
1582840 819
1582850 821
1582860 821
1582870 822
1582880 822
1582890 822
1582900 822
1582910 823
1582920 824
1582930 824
1582940 826
1582950 827
1582960 827
1582970 830
1582980 832
1582990 832
1583000 835
1583010 836
1583020 836
1583030 837
1583040 839
1583050 839
1583060 840
1583070 840
1583080 840
1583090 837
1583100 839
1583110 839
1583120 843
1583130 844
1583140 844
1583150 848
1583160 849
1583170 848
1583180 848
1583190 846
1583200 843
1583210 843
1583220 843
1583230 849
1583240 849
1583250 854
1583260 856
1583270 856
1583280 858
1583290 859
1583300 859
1583310 858
1583320 854
1583330 854
1583340 855
1583350 862
1583360 862
1583370 868
1583380 870
1583390 870
1583400 870
1583410 870
1583420 873
1583430 873
1583440 875
1583450 880
1583460 880
1583470 886
1583480 890
1583490 890
1583500 892
1583510 894
1583520 894
1583530 896
1583540 898
1583550 898
1583560 900
1583570 902
1583580 902
1583590 903
1583600 903
1583610 903
1583620 904
1583630 905
1583640 906
1583650 906
1583660 905
1583670 905
1583680 905
1583690 908
1583700 910
1583710 910
1583720 911
1583730 909
1583740 909
1583750 901
1583760 905
1583770 905
1583780 910
1583790 913
1583800 913
1583810 917
1583820 919
1583830 919
1583840 920
1583850 921
1583860 922
1583870 922
1583880 923
1583890 924
1583900 924
1583910 925
1583920 926
1583930 926
1583940 927
1583950 929
1583960 929
1583970 933
1583980 934
1583990 934
1584000 936
1584010 939
1584020 939
1584030 941
1584040 944
1584050 944
1584060 946
1584070 947
1584080 947
1584090 953
1584100 956
1584110 959
1584120 959
1584130 961
1584140 963
1584150 963
1584160 964
1584170 965
1584180 965
1584190 967
1584200 970
1584210 970
1584220 972
1584230 974
1584240 974
1584250 977
1584260 979
1584270 979
1584280 980
1584290 982
1584300 982
1584310 983
1584320 983
1584330 983
1584340 985
1584350 985
1584360 987
1584370 987
1584380 989
1584390 991
1584400 991
1584410 994
1584420 995
1584430 995
1584440 997
1584450 999
1584460 999
1584470 1001
1584480 1002
1584490 1002
1584500 1004
1584510 1006
1584520 1006
1584530 1008
1584540 1010
1584550 1010
1584560 1013
1584570 1017
1584580 1019
1584590 1019
1584600 1020
1584610 1021
1584620 1021
1584630 1022
1584640 1023
1584650 1023
1584660 1024
1584670 1026
1584680 1026
1584690 1027
1584700 1029
1584710 1029
1584720 1031
1584730 1033
1584740 1033
1584750 1035
1584760 1038
1584770 1038
1584780 1039
1584790 1043
1584800 1043
1584810 1045
1584820 1047
1584830 1049
1584840 1049
1584850 1051
1584860 1054
1584870 1054
1584880 1056
1584890 1058
1584900 1058
1584910 1059
1584920 1060
1584930 1060
1584940 1059
1584950 1062
1584960 1062
1584970 1067
1584980 1071
1584990 1071
1585000 1074
1585010 1076
1585020 1076
1585030 1078
1585040 1080
1585050 1086
1585060 1086
1585070 1091
1585080 1095
1585090 1095
1585100 1098
1585110 1101
1585120 1101
1585130 1105
1585140 1110
1585150 1110
1585160 1113
1585170 1117
1585180 1117
1585190 1122
1585200 1126
1585210 1126
1585220 1130
1585230 1133
1585240 1133
1585250 1137
1585260 1140
1585270 1140
1585280 1144
1585290 1148
1585300 1151
1585310 1151
1585320 1154
1585330 1157
1585340 1157
1585350 1160
1585360 1167
1585370 1167
1585380 1171
1585390 1176
1585400 1176
1585410 1180
1585420 1184
1585430 1184
1585440 1188
1585450 1191
1585460 1191
1585470 1192
1585480 1199
1585490 1199
1585500 1206
1585510 1212
1585520 1212
1585530 1217
1585540 1221
1585550 1224
1585560 1224
1585570 1225
1585580 1226
1585590 1226
1585600 1227
1585610 1230
1585620 1230
1585630 1232
1585640 1235
1585650 1235
1585660 1237
1585670 1239
1585680 1239
1585690 1241
1585700 1241
1585710 1241
1585720 1242
1585730 1242
1585740 1242
1585750 1243
1585760 1244
1585770 1245
1585780 1245
1585790 1246
1585800 1247
1585810 1247
1585820 1248
1585830 1249
1585840 1249
1585850 1249
1585860 1250
1585870 1250
1585880 1251
1585890 1252
1585900 1252
1585910 1253
1585920 1254
1585930 1254
1585940 1256
1585950 1258
1585960 1258
1585970 1259
1585980 1262
1585990 1262
1586000 1265
1586010 1268
1586020 1271
1586030 1271
1586040 1272
1586050 1274
1586060 1274
1586070 1276
1586080 1277
1586090 1277
1586100 1280
1586110 1283
1586120 1283
1586130 1286
1586140 1289
1586150 1289
1586160 1293
1586170 1297
1586180 1297
1586190 1301
1586200 1304
1586210 1304
1586220 1308
1586230 1311
1586240 1314
1586250 1314
1586260 1316
1586270 1318
1586280 1318
1586290 1319
1586300 1321
1586310 1321
1586320 1323
1586330 1325
1586340 1325
1586350 1327
1586360 1329
1586370 1329
1586380 1332
1586390 1335
1586400 1335
1586410 1338
1586420 1342
1586430 1342
1586440 1345
1586450 1349
1586460 1349
1586470 1353
1586480 1357
1586490 1360
1586500 1360
1586510 1363
1586520 1365
1586530 1365
1586540 1367
1586550 1370
1586560 1370
1586570 1372
1586580 1375
1586590 1375
1586600 1377
1586610 1382
1586620 1382
1586630 1385
1586640 1387
1586650 1387
1586660 1390
1586670 1393
1586680 1393
1586690 1394
1586700 1395
1586710 1395
1586720 1396
1586730 1397
1586740 1399
1586750 1399
1586760 1400
1586770 1402
1586780 1402
1586790 1403
1586800 1404
1586810 1404
1586820 1406
1586830 1407
1586840 1407
1586850 1408
1586860 1410
1586870 1410
1586880 1412
1586890 1413
1586900 1413
1586910 1416
1586920 1418
1586930 1418
1586940 1419
1586950 1420
1586960 1421
1586970 1421
1586980 1421
1586990 1420
1587000 1420
1587010 1419
1587020 1419
1587030 1419
1587040 1419
1587050 1419
1587060 1419
1587070 1419
1587080 1419
1587090 1419
1587100 1418
1587110 1418
1587120 1418
1587130 1418
1587140 1419
1587150 1419
1587160 1419
1587170 1419
1587180 1419
1587190 1419
1587200 1419
1587210 1419
1587220 1419
1587230 1419
1587240 1419
1587250 1419
1587260 1419
1587270 1418
1587280 1418
1587290 1417
1587300 1417
1587310 1417
1587320 1417
1587330 1417
1587340 1417
1587350 1417
1587360 1417
1587370 1417
1587380 1416
1587390 1415
1587400 1415
1587410 1414
1587420 1413
1587430 1412
1587440 1412
1587450 1411
1587460 1409
1587470 1409
1587480 1408
1587490 1406
1587500 1406
1587510 1404
1587520 1402
1587530 1402
1587540 1400
1587550 1398
1587560 1398
1587570 1397
1587580 1395
1587590 1395
1587600 1393
1587610 1392
1587620 1392
1587630 1390
1587640 1388
1587650 1388
1587660 1386
1587670 1384
1587680 1382
1587690 1382
1587700 1379
1587710 1375
1587720 1375
1587730 1372
1587740 1367
1587750 1367
1587760 1362
1587770 1357
1587780 1357
1587790 1353
1587800 1349
1587810 1349
1587820 1346
1587830 1343
1587840 1343
1587850 1339
1587860 1336
1587870 1336
1587880 1333
1587890 1330
1587900 1330
1587910 1326
1587920 1324
1587930 1321
1587940 1321
1587950 1318
1587960 1314
1587970 1314
1587980 1312
1587990 1310
1588000 1310
1588010 1308
1588020 1305
1588030 1305
1588040 1301
1588050 1298
1588060 1298
1588070 1294
1588080 1290
1588090 1290
1588100 1285
1588110 1281
1588120 1281
1588130 1277
1588140 1273
1588150 1269
1588160 1269
1588170 1265
1588180 1263
1588190 1263
1588200 1261
1588210 1259
1588220 1259
1588230 1257
1588240 1255
1588250 1255
1588260 1253
1588270 1251
1588280 1251
1588290 1249
1588300 1247
1588310 1247
1588320 1245
1588330 1243
1588340 1243
1588350 1240
1588360 1238
1588370 1238
1588380 1236
1588390 1234
1588400 1231
1588410 1231
1588420 1229
1588430 1225
1588440 1225
1588450 1221
1588460 1217
1588470 1217
1588480 1214
1588490 1210
1588500 1210
1588510 1207
1588520 1206
1588530 1206
1588540 1204
1588550 1202
1588560 1202
1588570 1200
1588580 1199
1588590 1199
1588600 1197
1588610 1195
1588620 1194
1588630 1194
1588640 1191
1588650 1188
1588660 1188
1588670 1185
1588680 1184
1588690 1184
1588700 1181
1588710 1179
1588720 1179
1588730 1177
1588740 1175
1588750 1175
1588760 1173
1588770 1171
1588780 1171
1588790 1168
1588800 1166
1588810 1166
1588820 1164
1588830 1161
1588840 1161
1588850 1157
1588860 1152
1588870 1149
1588880 1149
1588890 1146
1588900 1143
1588910 1143
1588920 1141
1588930 1140
1588940 1140
1588950 1137
1588960 1134
1588970 1134
1588980 1132
1588990 1129
1589000 1129
1589010 1125
1589020 1122
1589030 1122
1589040 1119
1589050 1116
1589060 1116
1589070 1112
1589080 1109
1589090 1109
1589100 1107
1589110 1105
1589120 1102
1589130 1102
1589140 1100
1589150 1098
1589160 1098
1589170 1097
1589180 1095
1589190 1095
1589200 1094
1589210 1093
1589220 1093
1589230 1092
1589240 1091
1589250 1091
1589260 1090
1589270 1089
1589280 1089
1589290 1088
1589300 1088
1589310 1088
1589320 1084
1589330 1082
1589340 1082
1589350 1082
1589360 1079
1589370 1075
1589380 1075
1589390 1074
1589400 1074
1589410 1074
1589420 1075
1589430 1076
1589440 1076
1589450 1075
1589460 1076
1589470 1076
1589480 1078
1589490 1081
1589500 1081
1589510 1084
1589520 1087
1589530 1087
1589540 1088
1589550 1089
1589560 1089
1589570 1090
1589580 1093
1589590 1095
1589600 1095
1589610 1098
1589620 1101
1589630 1101
1589640 1104
1589650 1106
1589660 1106
1589670 1109
1589680 1111
1589690 1111
1589700 1113
1589710 1115
1589720 1115
1589730 1117
1589740 1119
1589750 1119
1589760 1123
1589770 1130
1589780 1130
1589790 1133
1589800 1137
1589810 1137
1589820 1143
1589830 1147
1589840 1151
1589850 1151
1589860 1154
1589870 1157
1589880 1157
1589890 1161
1589900 1163
1589910 1163
1589920 1166
1589930 1168
1589940 1168
1589950 1170
1589960 1174
1589970 1174
1589980 1177
1589990 1182
1590000 1182
1590010 1186
1590020 1190
1590030 1190
1590040 1195
1590050 1200
1590060 1204
1590070 1204
1590080 1207
1590090 1210
1590100 1210
1590110 1212
1590120 1213
1590130 1213
1590140 1214
1590150 1216
1590160 1216
1590170 1217
1590180 1217
1590190 1217
1590200 1218
1590210 1220
1590220 1220
1590230 1222
1590240 1223
1590250 1223
1590260 1224
1590270 1225
1590280 1226
1590290 1227
1590300 1229
1590310 1230
1590320 1230
1590330 1231
1590340 1232
1590350 1232
1590360 1234
1590370 1235
1590380 1235
1590390 1236
1590400 1237
1590410 1237
1590420 1239
1590430 1240
1590440 1240
1590450 1242
1590460 1243
1590470 1243
1590480 1244
1590490 1246
1590500 1246
1590510 1247
1590520 1248
1590530 1251
1590540 1251
1590550 1254
1590560 1256
1590570 1256
1590580 1259
1590590 1262
1590600 1262
1590610 1264
1590620 1265
1590630 1265
1590640 1267
1590650 1269
1590660 1269
1590670 1271
1590680 1275
1590690 1275
1590700 1279
1590710 1282
1590720 1282
1590730 1285
1590740 1288
1590750 1288
1590760 1291
1590770 1294
1590780 1297
1590790 1297
1590800 1300
1590810 1303
1590820 1303
1590830 1306
1590840 1310
1590850 1310
1590860 1313
1590870 1315
1590880 1315
1590890 1318
1590900 1321
1590910 1321
1590920 1325
1590930 1329
1590940 1329
1590950 1333
1590960 1336
1590970 1336
1590980 1340
1590990 1343
1591000 1343
1591010 1345
1591020 1348
1591030 1351
1591040 1351
1591050 1355
1591060 1359
1591070 1359
1591080 1362
1591090 1365
1591100 1365
1591110 1368
1591120 1371
1591130 1371
1591140 1373
1591150 1376
1591160 1376
1591170 1380
1591180 1382
1591190 1382
1591200 1384
1591210 1385
1591220 1385
1591230 1386
1591240 1388
1591250 1389
1591260 1389
1591270 1391
1591280 1392
1591290 1392
1591300 1392
1591310 1393
1591320 1393
1591330 1394
1591340 1398
1591350 1398
1591360 1401
1591370 1405
1591380 1405
1591390 1408
1591400 1411
1591410 1411
1591420 1415
1591430 1420
1591440 1420
1591450 1424
1591460 1428
1591470 1428
1591480 1435
1591490 1438
1591500 1443
1591510 1443
1591520 1448
1591530 1453
1591540 1453
1591550 1456
1591560 1459
1591570 1459
1591580 1462
1591590 1463
1591600 1463
1591610 1464
1591620 1465
1591630 1465
1591640 1465
1591650 1465
1591660 1465
1591670 1463
1591680 1461
1591690 1461
1591700 1459
1591710 1455
1591720 1451
1591730 1451
1591740 1446
1591750 1443
1591760 1443
1591770 1439
1591780 1434
1591790 1434
1591800 1427
1591810 1422
1591820 1422
1591830 1417
1591840 1411
1591850 1411
1591860 1406
1591870 1400
1591880 1400
1591890 1394
1591900 1388
1591910 1388
1591920 1381
1591930 1374
1591940 1374
1591950 1367
1591960 1362
1591970 1357
1591980 1357
1591990 1352
1592000 1347
1592010 1347
1592020 1343
1592030 1338
1592040 1338
1592050 1331
1592060 1323
1592070 1323
1592080 1317
1592090 1309
1592100 1309
1592110 1302
1592120 1295
1592130 1295
1592140 1290
1592150 1284
1592160 1284
1592170 1276
1592180 1269
1592190 1269
1592200 1263
1592210 1257
1592220 1252
1592230 1252
1592240 1248
1592250 1243
1592260 1243
1592270 1238
1592280 1232
1592290 1232
1592300 1226
1592310 1222
1592320 1222
1592330 1218
1592340 1213
1592350 1213
1592360 1209
1592370 1205
1592380 1205
1592390 1201
1592400 1197
1592410 1197
1592420 1194
1592430 1190
1592440 1185
1592450 1185
1592460 1181
1592470 1177
1592480 1177
1592490 1173
1592500 1168
1592510 1168
1592520 1159
1592530 1151
1592540 1151
1592550 1142
1592560 1132
1592570 1132
1592580 1124
1592590 1116
1592600 1116
1592610 1108
1592620 1099
1592630 1099
1592640 1091
1592650 1084
1592660 1089
1592670 1084
1592680 1079
1592690 1071
1592700 1071
1592710 1063
1592720 1054
1592730 1054
1592740 1045
1592750 1036
1592760 1036
1592770 1028
1592780 1023
1592790 1023
1592800 1016
1592810 1003
1592820 1003
1592830 994
1592840 986
1592850 986
1592860 978
1592870 970
1592880 970
1592890 962
1592900 955
1592910 948
1592920 948
1592930 941
1592940 941
1592950 941
1592960 946
1592970 952
1592980 952
1592990 957
1593000 962
1593010 962
1593020 967
1593030 970
1593040 970
1593050 972
1593060 976
1593070 976
1593080 979
1593090 982
1593100 982
1593110 983
1593120 983
1593130 983
1593140 984
1593150 988
1593160 991
1593170 991
1593180 993
1593190 994
1593200 994
1593210 991
1593220 987
1593230 987
1593240 983
1593250 978
1593260 978
1593270 974
1593280 970
1593290 970
1593300 966
1593310 961
1593320 961
1593330 957
1593340 952
1593350 952
1593360 948
1593370 944
1593380 944
1593390 939
1593400 934
1593410 929
1593420 929
1593430 924
1593440 918
1593450 918
1593460 912
1593470 906
1593480 906
1593490 899
1593500 894
1593510 894
1593520 889
1593530 889
1593540 889
1593550 894
1593560 896
1593570 896
1593580 898
1593590 899
1593600 899
1593610 898
1593620 897
1593630 895
1593640 895
1593650 894
1593660 892
1593670 892
1593680 887
1593690 881
1593700 881
1593710 876
1593720 871
1593730 871
1593740 864
1593750 860
1593760 860
1593770 857
1593780 853
1593790 853
1593800 849
1593810 846
1593820 846
1593830 835
1593840 830
1593850 830
1593860 826
1593870 822
1593880 818
1593890 818
1593900 814
1593910 810
1593920 810
1593930 809
1593940 809
1593950 809
1593960 809
1593970 809
1593980 809
1593990 810
1594000 810
1594010 810
1594020 810
1594030 810
1594040 810
1594050 810
1594060 810
1594070 810
1594080 810
1594090 809
1594100 809
1594110 809
1594120 809
1594130 809
1594140 809
1594150 809
1594160 808
1594170 808
1594180 808
1594190 807
1594200 807
1594210 807
1594220 806
1594230 806
1594240 805
1594250 805
1594260 805
1594270 804
1594280 803
1594290 803
1594300 802
1594310 802
1594320 802
1594330 801
1594340 801
1594350 800
1594360 800
1594370 799
1594380 798
1594390 798
1594400 797
1594410 796
1594420 796
1594430 795
1594440 794
1594450 794
1594460 793
1594470 793
1594480 793
1594490 792
1594500 791
1594510 791
1594520 790
1594530 789
1594540 789
1594550 787
1594560 786
1594570 786
1594580 785
1594590 784
1594600 783
1594610 783
1594620 783
1594630 783
1594640 783
1594650 783
1594660 783
1594670 783
1594680 783
1594690 783
1594700 783
1594710 783
1594720 783
1594730 783
1594740 783
1594750 783
1594760 783
1594770 783
1594780 783
1594790 783
1594800 783
1594810 783
1594820 783
1594830 783
1594840 783
1594850 783
1594860 783
1594870 783
1594880 783
1594890 783
1594900 783
1594910 783
1594920 783
1594930 783
1594940 783
1594950 783
1594960 784
1594970 783
1594980 783
1594990 783
1595000 784
1595010 784
1595020 783
1595030 783
1595040 783
1595050 783
1595060 783
1595070 783
1595080 783
1595090 783
1595100 783
1595110 783
1595120 783
1595130 783
1595140 783
1595150 783
1595160 783
1595170 783
1595180 783
1595190 783
1595200 783
1595210 783
1595220 783
1595230 783
1595240 784
1595250 786
1595260 786
1595270 786
1595280 787
1595290 787
1595300 788
1595310 789
1595320 789
1595330 789
1595340 790
1595350 790
1595360 790
1595370 790
1595380 792
1595390 792
1595400 793
1595410 793
1595420 793
1595430 793
1595440 793
1595450 793
1595460 793
1595470 793
1595480 793
1595490 793
1595500 793
1595510 793
1595520 794
1595530 794
1595540 794
1595550 794
1595560 795
1595570 795
1595580 795
1595590 795
1595600 795
1595610 795
1595620 796
1595630 796
1595640 796
1595650 797
1595660 798
1595670 798
1595680 798
1595690 799
1595700 799
1595710 799
1595720 800
1595730 800
1595740 800
1595750 801
1595760 801
1595770 801
1595780 802
1595790 803
1595800 803
1595810 805
1595820 806
1595830 806
1595840 806
1595850 805
1595860 805
1595870 805
1595880 805
1595890 805
1595900 806
1595910 806
1595920 806
1595930 807
1595940 808
1595950 808
1595960 808
1595970 808
1595980 808
1595990 806
1596000 810
1596010 817
1596020 817
1596030 824
1596040 830
1596050 830
1596060 836
1596070 844
1596080 844
1596090 851
1596100 859
1596110 859
1596120 867
1596130 877
1596140 877
1596150 886
1596160 894
1596170 894
1596180 905
1596190 918
1596200 918
1596210 929
1596220 938
1596230 938
1596240 947
1596250 955
1596260 967
1596270 967
1596280 979
1596290 989
1596300 989
1596310 998
1596320 1005
1596330 1005
1596340 1009
1596350 1014
1596360 1014
1596370 1020
1596380 1024
1596390 1024
1596400 1029
1596410 1035
1596420 1035
1596430 1040
1596440 1044
1596450 1044
1596460 1048
1596470 1053
1596480 1053
1596490 1058
1596500 1063
1596510 1068
1596520 1068
1596530 1072
1596540 1075
1596550 1075
1596560 1078
1596570 1082
1596580 1082
1596590 1086
1596600 1087
1596610 1087
1596620 1089
1596630 1094
1596640 1094
1596650 1098
1596660 1103
1596670 1103
1596680 1106
1596690 1110
1596700 1110
1596710 1115
1596720 1120
1596730 1125
1596740 1125
1596750 1128
1596760 1130
1596770 1130
1596780 1132
1596790 1134
1596800 1134
1596810 1135
1596820 1136
1596830 1136
1596840 1137
1596850 1138
1596860 1138
1596870 1139
1596880 1140
1596890 1140
1596900 1142
1596910 1144
1596920 1144
1596930 1147
1596940 1149
1596950 1149
1596960 1152
1596970 1156
1596980 1160
1596990 1160
1597000 1165
1597010 1169
1597020 1169
1597030 1173
1597040 1177
1597050 1177
1597060 1179
1597070 1182
1597080 1182
1597090 1184
1597100 1185
1597110 1185
1597120 1187
1597130 1189
1597140 1189
1597150 1190
1597160 1192
1597170 1192
1597180 1192
1597190 1194
1597200 1196
1597210 1196
1597220 1199
1597230 1202
1597240 1202
1597250 1206
1597260 1212
1597270 1217
1597280 1220
1597290 1222
1597300 1222
1597310 1225
1597320 1228
1597330 1228
1597340 1232
1597350 1236
1597360 1236
1597370 1240
1597380 1245
1597390 1245
1597400 1248
1597410 1250
1597420 1250
1597430 1252
1597440 1254
1597450 1255
1597460 1255
1597470 1257
1597480 1259
1597490 1259
1597500 1260
1597510 1262
1597520 1262
1597530 1263
1597540 1263
1597550 1263
1597560 1263
1597570 1262
1597580 1262
1597590 1260
1597600 1258
1597610 1258
1597620 1254
1597630 1249
1597640 1249
1597650 1244
1597660 1238
1597670 1238
1597680 1233
1597690 1228
1597700 1224
1597710 1224
1597720 1220
1597730 1216
1597740 1216
1597750 1214
1597760 1212
1597770 1212
1597780 1210
1597790 1208
1597800 1208
1597810 1206
1597820 1204
1597830 1204
1597840 1201
1597850 1198
1597860 1198
1597870 1196
1597880 1192
1597890 1192
1597900 1187
1597910 1180
1597920 1178
1597930 1178
1597940 1174
1597950 1170
1597960 1170
1597970 1166
1597980 1162
1597990 1162
1598000 1159
1598010 1155
1598020 1155
1598030 1151
1598040 1148
1598050 1148
1598060 1144
1598070 1140
1598080 1140
1598090 1139
1598100 1138
1598110 1138
1598120 1137
1598130 1137
1598140 1137
1598150 1137
1598160 1137
1598170 1137
1598180 1137
1598190 1139
1598200 1143
1598210 1143
1598220 1147
1598230 1152
1598240 1152
1598250 1156
1598260 1160
1598270 1160
1598280 1165
1598290 1169
1598300 1169
1598310 1174
1598320 1178
1598330 1178
1598340 1182
1598350 1185
1598360 1185
1598370 1188
1598380 1191
1598390 1198
1598400 1200
1598410 1202
1598420 1204
1598430 1204
1598440 1205
1598450 1204
1598460 1204
1598470 1202
1598480 1198
1598490 1198
1598500 1194
1598510 1189
1598520 1189
1598530 1184
1598540 1180
1598550 1180
1598560 1177
1598570 1173
1598580 1173
1598590 1170
1598600 1167
1598610 1167
1598620 1165
1598630 1162
1598640 1160
1598650 1160
1598660 1158
1598670 1157
1598680 1157
1598690 1155
1598700 1153
1598710 1153
1598720 1152
1598730 1150
1598740 1150
1598750 1149
1598760 1147
1598770 1147
1598780 1145
1598790 1144
1598800 1144
1598810 1142
1598820 1138
1598830 1138
1598840 1136
1598850 1130
1598860 1130
1598870 1124
1598880 1118
1598890 1113
1598900 1113
1598910 1113
1598920 1119
1598930 1119
1598940 1124
1598950 1126
1598960 1126
1598970 1130
1598980 1129
1598990 1129
1599000 1125
1599010 1121
1599020 1121
1599030 1119
1599040 1117
1599050 1117
1599060 1115
1599070 1113
1599080 1113
1599090 1109
1599100 1104
1599110 1104
1599120 1104
1599130 1108
1599140 1105
1599150 1105
1599160 1105
1599170 1108
1599180 1108
1599190 1112
1599200 1118
1599210 1118
1599220 1122
1599230 1124
1599240 1124
1599250 1126
1599260 1126
1599270 1126
1599280 1123
1599290 1122
1599300 1122
1599310 1122
1599320 1121
1599330 1121
1599340 1119
1599350 1118
1599360 1118
1599370 1118
1599380 1116
1599390 1123
1599400 1123
1599410 1132
1599420 1139
1599430 1139
1599440 1142
1599450 1145
1599460 1145
1599470 1146
1599480 1148
1599490 1147
1599500 1148
1599510 1150
1599520 1150
1599530 1152
1599540 1155
1599550 1155
1599560 1159
1599570 1161
1599580 1161
1599590 1163
1599600 1166
1599610 1169
1599620 1169
1599630 1171
1599640 1174
1599650 1174
1599660 1177
1599670 1180
1599680 1180
1599690 1183
1599700 1186
1599710 1186
1599720 1189
1599730 1191
1599740 1191
1599750 1193
1599760 1195
1599770 1195
1599780 1197
1599790 1198
1599800 1198
1599810 1200
1599820 1203
1599830 1206
1599840 1206
1599850 1208
1599860 1210
1599870 1210
1599880 1212
1599890 1214
1599900 1214
1599910 1215
1599920 1216
1599930 1216
1599940 1218
1599950 1220
1599960 1220
1599970 1222
1599980 1223
1599990 1223
