1580000 1113
1580010 1114
1580020 1115
1580030 1115
1580040 1115
1580050 1116
1580060 1117
1580070 1117
1580080 1117
1580090 1117
1580100 1117
1580110 1118
1580120 1118
1580130 1118
1580140 1118
1580150 1118
1580160 1118
1580170 1118
1580180 1118
1580190 1118
1580200 1118
1580210 1117
1580220 1117
1580230 1117
1580240 1116
1580250 1116
1580260 1114
1580270 1113
1580280 1113
1580290 1113
1580300 1112
1580310 1111
1580320 1111
1580330 1109
1580340 1108
1580350 1108
1580360 1106
1580370 1105
1580380 1105
1580390 1104
1580400 1102
1580410 1102
1580420 1101
1580430 1100
1580440 1100
1580450 1099
1580460 1098
1580470 1098
1580480 1097
1580490 1097
1580500 1097
1580510 1096
1580520 1095
1580530 1094
1580540 1094
1580550 1092
1580560 1090
1580570 1090
1580580 1089
1580590 1087
1580600 1087
1580610 1085
1580620 1083
1580630 1083
1580640 1081
1580650 1079
1580660 1079
1580670 1077
1580680 1074
1580690 1074
1580700 1071
1580710 1069
1580720 1069
1580730 1066
1580740 1064
1580750 1064
1580760 1062
1580770 1061
1580780 1059
1580790 1059
1580800 1058
1580810 1056
1580820 1056
1580830 1054
1580840 1052
1580850 1052
1580860 1053
1580870 1051
1580880 1051
1580890 1050
1580900 1049
1580910 1049
1580920 1047
1580930 1046
1580940 1046
1580950 1045
1580960 1043
1580970 1043
1580980 1042
1580990 1042
1581000 1040
1581010 1040
1581020 1039
1581030 1040
1581040 1040
1581050 1040
1581060 1041
1581070 1041
1581080 1041
1581090 1040
1581100 1040
1581110 1039
1581120 1038
1581130 1038
1581140 1037
1581150 1035
1581160 1035
1581170 1034
1581180 1033
1581190 1033
1581200 1031
1581210 1029
1581220 1029
1581230 1028
1581240 1026
1581250 1024
1581260 1024
1581270 1022
1581280 1020
1581290 1020
1581300 1021
1581310 1021
1581320 1021
1581330 1021
1581340 1021
1581350 1021
1581360 1021
1581370 1021
1581380 1021
1581390 1021
1581400 1021
1581410 1021
1581420 1020
1581430 1019
1581440 1019
1581450 1018
1581460 1017
1581470 1017
1581480 1017
1581490 1017
1581500 1016
1581510 1016
1581520 1015
1581530 1015
1581540 1015
1581550 1014
1581560 1014
1581570 1014
1581580 1013
1581590 1013
1581600 1013
1581610 1013
1581620 1012
1581630 1012
1581640 1012
1581650 1012
1581660 1012
1581670 1012
1581680 1011
1581690 1011
1581700 1010
1581710 1010
1581720 1010
1581730 1010
1581740 1010
1581750 1009
1581760 1009
1581770 1009
1581780 1009
1581790 1009
1581800 1009
1581810 1008
1581820 1008
1581830 1008
1581840 1008
1581850 1008
1581860 1008
1581870 1008
1581880 1008
1581890 1008
1581900 1008
1581910 1008
1581920 1008
1581930 1005
1581940 1005
1581950 998
1581960 990
1581970 990
1581980 982
1581990 974
1582000 969
1582010 969
1582020 967
1582030 965
1582040 965
1582050 965
1582060 968
1582070 968
1582080 976
1582090 983
1582100 983
1582110 990
1582120 998
1582130 998
1582140 1003
1582150 1004
1582160 1004
1582170 1006
1582180 1007
1582190 1007
1582200 1009
1582210 1010
1582220 1011
1582230 1011
1582240 1012
1582250 1014
1582260 1014
1582270 1015
1582280 1018
1582290 1018
1582300 1021
1582310 1022
1582320 1022
1582330 1023
1582340 1025
1582350 1025
1582360 1027
1582370 1029
1582380 1029
1582390 1033
1582400 1036
1582410 1036
1582420 1038
1582430 1040
1582440 1040
1582450 1042
1582460 1045
1582470 1047
1582480 1047
1582490 1050
1582500 1052
1582510 1052
1582520 1056
1582530 1059
1582540 1059
1582550 1062
1582560 1065
1582570 1065
1582580 1067
1582590 1070
1582600 1070
1582610 1073
1582620 1075
1582630 1075
1582640 1077
1582650 1079
1582660 1079
1582670 1081
1582680 1083
1582690 1083
1582700 1084
1582710 1086
1582720 1088
1582730 1088
1582740 1090
1582750 1092
1582760 1092
1582770 1093
1582780 1093
1582790 1093
1582800 1094
1582810 1095
1582820 1095
1582830 1096
1582840 1098
1582850 1098
1582860 1100
1582870 1102
1582880 1102
1582890 1104
1582900 1107
1582910 1107
1582920 1110
1582930 1112
1582940 1112
1582950 1116
1582960 1119
1582970 1122
1582980 1122
1582990 1125
1583000 1127
1583010 1127
1583020 1130
1583030 1131
1583040 1131
1583050 1133
1583060 1134
1583070 1134
1583080 1135
1583090 1137
1583100 1137
1583110 1138
1583120 1139
1583130 1139
1583140 1139
1583150 1139
1583160 1139
1583170 1138
1583180 1138
1583190 1138
1583200 1137
1583210 1137
1583220 1136
1583230 1136
1583240 1135
1583250 1135
1583260 1135
1583270 1135
1583280 1136
1583290 1136
1583300 1136
1583310 1136
1583320 1136
1583330 1137
1583340 1137
1583350 1137
1583360 1138
1583370 1138
1583380 1138
1583390 1139
1583400 1141
1583410 1141
1583420 1144
1583430 1146
1583440 1148
1583450 1148
1583460 1151
1583470 1155
1583480 1155
1583490 1157
1583500 1161
1583510 1161
1583520 1163
1583530 1165
1583540 1165
1583550 1167
1583560 1169
1583570 1169
1583580 1172
1583590 1175
1583600 1175
1583610 1178
1583620 1181
1583630 1181
1583640 1184
1583650 1189
1583660 1189
1583670 1193
1583680 1197
1583690 1200
1583700 1200
1583710 1201
1583720 1201
1583730 1201
1583740 1199
1583750 1196
1583760 1196
1583770 1192
1583780 1186
1583790 1186
1583800 1182
1583810 1179
1583820 1179
1583830 1175
1583840 1171
1583850 1171
1583860 1169
1583870 1168
1583880 1168
1583890 1167
1583900 1166
1583910 1166
1583920 1165
1583930 1164
1583940 1164
1583950 1164
1583960 1163
1583970 1162
1583980 1162
1583990 1161
1584000 1158
1584010 1158
1584020 1155
1584030 1151
1584040 1151
1584050 1147
1584060 1143
1584070 1143
1584080 1139
1584090 1135
1584100 1135
1584110 1131
1584120 1129
1584130 1129
1584140 1127
1584150 1125
1584160 1125
1584170 1122
1584180 1119
1584190 1117
1584200 1117
1584210 1115
1584220 1111
1584230 1111
1584240 1108
1584250 1104
1584260 1104
1584270 1101
1584280 1099
1584290 1099
1584300 1097
1584310 1095
1584320 1095
1584330 1092
1584340 1089
1584350 1089
1584360 1083
1584370 1078
1584380 1078
1584390 1073
1584400 1070
1584410 1070
1584420 1068
1584430 1067
1584440 1064
1584450 1064
1584460 1061
1584470 1056
1584480 1056
1584490 1051
1584500 1047
1584510 1047
1584520 1042
1584530 1037
1584540 1037
1584550 1033
1584560 1028
1584570 1028
1584580 1023
1584590 1020
1584600 1020
1584610 1016
1584620 1012
1584630 1012
1584640 1010
1584650 1008
1584660 1007
1584670 1007
1584680 1006
1584690 1005
1584700 1005
1584710 1004
1584720 1002
1584730 1002
1584740 1004
1584750 1003
1584760 1003
1584770 1001
1584780 997
1584790 997
1584800 990
1584810 984
1584820 984
1584830 978
1584840 975
1584850 975
1584860 973
1584870 971
1584880 971
1584890 970
1584900 970
1584910 969
1584920 969
1584930 968
1584940 967
1584950 967
1584960 966
1584970 966
1584980 966
1584990 965
1585000 965
1585010 965
1585020 964
1585030 964
1585040 964
1585050 964
1585060 963
1585070 963
1585080 962
1585090 960
1585100 960
1585110 958
1585120 950
1585130 950
1585140 941
1585150 932
1585160 921
1585170 921
1585180 910
1585190 901
1585200 901
1585210 901
1585220 905
1585230 905
1585240 908
1585250 910
1585260 910
1585270 911
1585280 914
1585290 914
1585300 921
1585310 926
1585320 926
1585330 931
1585340 937
1585350 937
1585360 942
1585370 945
1585380 945
1585390 948
1585400 951
1585410 953
1585420 953
1585430 956
1585440 959
1585450 959
1585460 962
1585470 963
1585480 963
1585490 965
1585500 967
1585510 967
1585520 969
1585530 971
1585540 971
1585550 972
1585560 974
1585570 974
1585580 975
1585590 977
1585600 977
1585610 978
1585620 980
1585630 980
1585640 982
1585650 983
1585660 984
1585670 984
1585680 984
1585690 984
1585700 984
1585710 984
1585720 983
1585730 983
1585740 978
1585750 972
1585760 972
1585770 967
1585780 965
1585790 965
1585800 965
1585810 965
1585820 965
1585830 965
1585840 965
1585850 965
1585860 966
1585870 966
1585880 967
1585890 967
1585900 967
1585910 967
1585920 967
1585930 967
1585940 966
1585950 966
1585960 966
1585970 966
1585980 966
1585990 966
1586000 970
1586010 970
1586020 970
1586030 970
1586040 970
1586050 970
1586060 971
1586070 971
1586080 972
1586090 972
1586100 972
1586110 973
1586120 974
1586130 975
1586140 975
1586150 976
1586160 978
1586170 978
1586180 979
1586190 981
1586200 981
1586210 984
1586220 986
1586230 986
1586240 987
1586250 988
1586260 988
1586270 988
1586280 988
1586290 988
1586300 989
1586310 990
1586320 990
1586330 991
1586340 993
1586350 993
1586360 995
1586370 997
1586380 999
1586390 999
1586400 1000
1586410 998
1586420 998
1586430 993
1586440 991
1586450 991
1586460 991
1586470 993
1586480 993
1586490 994
1586500 995
1586510 995
1586520 997
1586530 999
1586540 999
1586550 1001
1586560 1001
1586570 1001
1586580 1002
1586590 1002
1586600 1002
1586610 1001
1586620 1000
1586630 999
1586640 999
1586650 999
1586660 1000
1586670 1000
1586680 1001
1586690 1000
1586700 1000
1586710 1000
1586720 999
1586730 999
1586740 999
1586750 999
1586760 999
1586770 998
1586780 998
1586790 998
1586800 998
1586810 995
1586820 995
1586830 993
1586840 993
1586850 993
1586860 991
1586870 989
1586880 987
1586890 987
1586900 985
1586910 985
1586920 985
1586930 982
1586940 982
1586950 982
1586960 981
1586970 976
1586980 976
1586990 976
1587000 977
1587010 977
1587020 976
1587030 972
1587040 972
1587050 968
1587060 967
1587070 967
1587080 968
1587090 969
1587100 971
1587110 971
1587120 973
1587130 974
1587140 974
1587150 973
1587160 973
1587170 973
1587180 973
1587190 972
1587200 972
1587210 972
1587220 972
1587230 972
1587240 972
1587250 978
1587260 978
1587270 980
1587280 980
1587290 980
1587300 979
1587310 976
1587320 976
1587330 972
1587340 967
1587350 962
1587360 962
1587370 959
1587380 955
1587390 955
1587400 952
1587410 950
1587420 950
1587430 948
1587440 946
1587450 946
1587460 943
1587470 940
1587480 940
1587490 939
1587500 939
1587510 939
1587520 936
1587530 928
1587540 928
1587550 925
1587560 929
1587570 929
1587580 928
1587590 927
1587600 925
1587610 925
1587620 922
1587630 920
1587640 920
1587650 917
1587660 915
1587670 915
1587680 915
1587690 915
1587700 915
1587710 913
1587720 910
1587730 910
1587740 908
1587750 907
1587760 907
1587770 905
1587780 904
1587790 904
1587800 905
1587810 907
1587820 907
1587830 908
1587840 910
1587850 912
1587860 912
1587870 912
1587880 911
1587890 911
1587900 910
1587910 907
1587920 907
1587930 905
1587940 904
1587950 904
1587960 903
1587970 902
1587980 902
1587990 902
1588000 902
1588010 902
1588020 904
1588030 905
1588040 905
1588050 907
1588060 908
1588070 908
1588080 909
1588090 910
1588100 910
1588110 910
1588120 910
1588130 910
1588140 910
1588150 912
1588160 915
1588170 915
1588180 919
1588190 921
1588200 921
1588210 924
1588220 922
1588230 922
1588240 916
1588250 910
1588260 910
1588270 905
1588280 904
1588290 904
1588300 905
1588310 906
1588320 906
1588330 907
1588340 907
1588350 906
1588360 906
1588370 904
1588380 906
1588390 906
1588400 907
1588410 908
1588420 908
1588430 909
1588440 912
1588450 912
1588460 915
1588470 919
1588480 921
1588490 924
1588500 926
1588510 926
1588520 925
1588530 919
1588540 919
1588550 912
1588560 907
1588570 911
1588580 911
1588590 918
1588600 925
1588610 925
1588620 924
1588630 920
1588640 920
1588650 919
1588660 917
1588670 917
1588680 912
1588690 910
1588700 910
1588710 909
1588720 910
1588730 910
1588740 910
1588750 912
1588760 912
1588770 917
1588780 924
1588790 924
1588800 930
1588810 938
1588820 945
1588830 945
1588840 949
1588850 951
1588860 951
1588870 952
1588880 954
1588890 954
1588900 954
1588910 955
1588920 955
1588930 955
1588940 956
1588950 956
1588960 957
1588970 957
1588980 957
1588990 958
1589000 958
1589010 958
1589020 959
1589030 959
1589040 959
1589050 959
1589060 960
1589070 960
1589080 960
1589090 961
1589100 961
1589110 961
1589120 961
1589130 961
1589140 961
1589150 961
1589160 961
1589170 961
1589180 961
1589190 960
1589200 960
1589210 960
1589220 959
1589230 959
1589240 958
1589250 957
1589260 957
1589270 955
1589280 954
1589290 954
1589300 952
1589310 950
1589320 948
1589330 948
1589340 945
1589350 942
1589360 942
1589370 939
1589380 936
1589390 936
1589400 933
1589410 930
1589420 930
1589430 927
1589440 923
1589450 923
1589460 920
1589470 916
1589480 916
1589490 912
1589500 909
1589510 909
1589520 905
1589530 901
1589540 901
1589550 898
1589560 896
1589570 895
1589580 895
1589590 893
1589600 890
1589610 890
1589620 889
1589630 888
1589640 888
1589650 888
1589660 887
1589670 887
1589680 882
1589690 876
1589700 876
1589710 868
1589720 858
1589730 858
1589740 847
1589750 839
1589760 839
1589770 840
1589780 840
1589790 841
1589800 841
1589810 841
1589820 842
1589830 842
1589840 842
1589850 842
1589860 842
1589870 842
1589880 844
1589890 844
1589900 845
1589910 849
1589920 849
1589930 853
1589940 859
1589950 859
1589960 868
1589970 874
1589980 874
1589990 878
1590000 879
1590010 879
1590020 882
1590030 883
1590040 884
1590050 884
1590060 885
1590070 886
1590080 886
1590090 886
1590100 886
1590110 886
1590120 887
1590130 888
1590140 888
1590150 888
1590160 889
1590170 889
1590180 889
1590190 889
1590200 889
1590210 889
1590220 889
1590230 889
1590240 889
1590250 890
1590260 890
1590270 890
1590280 891
1590290 892
1590300 892
1590310 894
1590320 901
1590330 901
1590340 904
1590350 908
1590360 908
1590370 912
1590380 915
1590390 915
1590400 917
1590410 921
1590420 921
1590430 925
1590440 928
1590450 928
1590460 933
1590470 938
1590480 938
1590490 945
1590500 951
1590510 951
1590520 958
1590530 964
1590540 971
1590550 971
1590560 977
1590570 982
1590580 982
1590590 988
1590600 994
1590610 994
1590620 999
1590630 1004
1590640 1004
1590650 1009
1590660 1013
1590670 1013
1590680 1016
1590690 1017
1590700 1017
1590710 1016
1590720 1014
1590730 1014
1590740 1013
1590750 1012
1590760 1012
1590770 1011
1590780 1010
1590790 1008
1590800 1008
1590810 1007
1590820 1005
1590830 1005
1590840 1001
1590850 997
1590860 997
1590870 994
1590880 992
1590890 998
1590900 994
1590910 992
1590920 992
1590930 987
1590940 977
1590950 977
1590960 974
1590970 979
1590980 979
1590990 987
1591000 992
1591010 997
1591020 997
1591030 1002
1591040 1008
1591050 1008
1591060 1014
1591070 1021
1591080 1021
1591090 1026
1591100 1034
1591110 1034
1591120 1040
1591130 1046
1591140 1046
1591150 1051
1591160 1055
1591170 1055
1591180 1059
1591190 1063
1591200 1063
1591210 1069
1591220 1074
1591230 1074
1591240 1080
1591250 1086
1591260 1090
1591270 1090
1591280 1092
1591290 1093
1591300 1093
1591310 1097
1591320 1099
1591330 1099
1591340 1099
1591350 1098
1591360 1098
1591370 1097
1591380 1097
1591390 1097
1591400 1098
1591410 1099
1591420 1099
1591430 1100
1591440 1100
1591450 1100
1591460 1101
1591470 1105
1591480 1105
1591490 1110
1591500 1112
1591510 1114
1591520 1114
1591530 1117
1591540 1120
1591550 1120
1591560 1123
1591570 1124
1591580 1124
1591590 1124
1591600 1124
1591610 1124
1591620 1122
1591630 1120
1591640 1120
1591650 1119
1591660 1117
1591670 1117
1591680 1116
1591690 1116
1591700 1116
1591710 1118
1591720 1119
1591730 1119
1591740 1122
1591750 1124
1591760 1127
1591770 1127
1591780 1130
1591790 1135
1591800 1135
1591810 1140
1591820 1145
1591830 1145
1591840 1148
1591850 1151
1591860 1151
1591870 1155
1591880 1162
1591890 1162
1591900 1169
1591910 1173
1591920 1173
1591930 1178
1591940 1183
1591950 1183
1591960 1187
1591970 1196
1591980 1196
1591990 1202
1592000 1206
1592010 1209
1592020 1209
1592030 1211
1592040 1216
1592050 1216
1592060 1218
1592070 1221
1592080 1222
1592090 1228
1592100 1233
1592110 1233
1592120 1237
1592130 1242
1592140 1242
1592150 1248
1592160 1254
1592170 1254
1592180 1259
1592190 1264
1592200 1264
1592210 1270
1592220 1275
1592230 1281
1592240 1281
1592250 1284
1592260 1287
1592270 1287
1592280 1291
1592290 1294
1592300 1294
1592310 1298
1592320 1302
1592330 1302
1592340 1306
1592350 1310
1592360 1310
1592370 1314
1592380 1317
1592390 1317
1592400 1320
1592410 1322
1592420 1322
1592430 1323
1592440 1323
1592450 1323
1592460 1325
1592470 1327
1592480 1330
1592490 1330
1592500 1331
1592510 1333
1592520 1333
1592530 1335
1592540 1337
1592550 1337
1592560 1339
1592570 1341
1592580 1341
1592590 1342
1592600 1341
1592610 1341
1592620 1341
1592630 1341
1592640 1341
1592650 1341
1592660 1340
1592670 1340
1592680 1337
1592690 1333
1592700 1333
1592710 1329
1592720 1325
1592730 1323
1592740 1323
1592750 1318
1592760 1310
1592770 1310
1592780 1303
1592790 1298
1592800 1298
1592810 1294
1592820 1291
1592830 1291
1592840 1288
1592850 1285
1592860 1285
1592870 1282
1592880 1279
1592890 1279
1592900 1276
1592910 1273
1592920 1273
1592930 1270
1592940 1266
1592950 1266
1592960 1263
1592970 1259
1592980 1256
1592990 1256
1593000 1253
1593010 1250
1593020 1250
1593030 1248
1593040 1245
1593050 1245
1593060 1243
1593070 1241
1593080 1241
1593090 1240
1593100 1238
1593110 1238
1593120 1237
1593130 1234
1593140 1234
1593150 1228
1593160 1221
1593170 1221
1593180 1214
1593190 1209
1593200 1209
1593210 1207
1593220 1204
1593230 1201
1593240 1201
1593250 1194
1593260 1194
1593270 1194
1593280 1190
1593290 1183
1593300 1183
1593310 1178
1593320 1178
1593330 1178
1593340 1177
1593350 1181
1593360 1181
1593370 1188
1593380 1194
1593390 1194
1593400 1199
1593410 1203
1593420 1203
1593430 1208
1593440 1213
1593450 1218
1593460 1218
1593470 1219
1593480 1220
1593490 1220
1593500 1219
1593510 1218
1593520 1218
1593530 1216
1593540 1214
1593550 1214
1593560 1214
1593570 1216
1593580 1216
1593590 1219
1593600 1218
1593610 1218
1593620 1215
1593630 1214
1593640 1214
1593650 1216
1593660 1221
1593670 1221
1593680 1223
1593690 1225
1593700 1226
1593710 1226
1593720 1227
1593730 1224
1593740 1224
1593750 1219
1593760 1215
1593770 1215
1593780 1212
1593790 1211
1593800 1211
1593810 1211
1593820 1210
1593830 1210
1593840 1213
1593850 1221
1593860 1221
1593870 1229
1593880 1236
1593890 1236
1593900 1242
1593910 1246
1593920 1246
1593930 1249
1593940 1252
1593950 1254
1593960 1254
1593970 1258
1593980 1262
1593990 1262
1594000 1265
1594010 1269
1594020 1269
1594030 1275
1594040 1278
1594050 1278
1594060 1282
1594070 1287
1594080 1287
1594090 1292
1594100 1296
1594110 1296
1594120 1299
1594130 1302
1594140 1302
1594150 1306
1594160 1311
1594170 1311
1594180 1316
1594190 1321
1594200 1326
1594210 1326
1594220 1330
1594230 1335
1594240 1335
1594250 1341
1594260 1346
1594270 1346
1594280 1351
1594290 1357
1594300 1357
1594310 1362
1594320 1366
1594330 1366
1594340 1371
1594350 1376
1594360 1376
1594370 1380
1594380 1384
1594390 1384
1594400 1389
1594410 1393
1594420 1394
1594430 1398
1594440 1402
1594450 1406
1594460 1406
1594470 1410
1594480 1414
1594490 1414
1594500 1418
1594510 1422
1594520 1422
1594530 1426
1594540 1429
1594550 1429
1594560 1431
1594570 1434
1594580 1434
1594590 1437
1594600 1441
1594610 1441
1594620 1444
1594630 1447
1594640 1447
1594650 1449
1594660 1451
1594670 1451
1594680 1453
1594690 1455
1594700 1457
1594710 1457
1594720 1459
1594730 1462
1594740 1462
1594750 1465
1594760 1468
1594770 1468
1594780 1471
1594790 1473
1594800 1473
1594810 1476
1594820 1478
1594830 1478
1594840 1480
1594850 1483
1594860 1483
1594870 1485
1594880 1486
1594890 1486
1594900 1486
1594910 1487
1594920 1487
1594930 1487
1594940 1488
1594950 1488
1594960 1488
1594970 1489
1594980 1490
1594990 1490
1595000 1491
1595010 1491
1595020 1491
1595030 1492
1595040 1493
1595050 1493
1595060 1493
1595070 1493
1595080 1493
1595090 1494
1595100 1494
1595110 1494
1595120 1494
1595130 1495
1595140 1495
1595150 1495
1595160 1496
1595170 1497
1595180 1497
1595190 1497
1595200 1497
1595210 1497
1595220 1497
1595230 1499
1595240 1499
1595250 1501
1595260 1502
1595270 1502
1595280 1502
1595290 1502
1595300 1502
1595310 1502
1595320 1501
1595330 1501
1595340 1502
1595350 1504
1595360 1504
1595370 1506
1595380 1507
1595390 1507
1595400 1508
1595410 1509
1595420 1511
1595430 1511
1595440 1512
1595450 1514
1595460 1514
1595470 1514
1595480 1515
1595490 1515
1595500 1516
1595510 1517
1595520 1517
1595530 1519
1595540 1520
1595550 1520
1595560 1522
1595570 1524
1595580 1526
1595590 1528
1595600 1529
1595610 1529
1595620 1531
1595630 1533
1595640 1533
1595650 1534
1595660 1535
1595670 1537
1595680 1537
1595690 1538
1595700 1539
1595710 1539
1595720 1540
1595730 1540
1595740 1540
1595750 1540
1595760 1540
1595770 1540
1595780 1539
1595790 1537
1595800 1537
1595810 1536
1595820 1534
1595830 1534
1595840 1531
1595850 1529
1595860 1529
1595870 1527
1595880 1524
1595890 1524
1595900 1522
1595910 1519
1595920 1516
1595930 1516
1595940 1514
1595950 1511
1595960 1511
1595970 1508
1595980 1504
1595990 1504
1596000 1501
1596010 1497
1596020 1497
1596030 1494
1596040 1492
1596050 1492
1596060 1489
1596070 1487
1596080 1487
1596090 1484
1596100 1481
1596110 1481
1596120 1478
1596130 1475
1596140 1472
1596150 1472
1596160 1468
1596170 1467
1596180 1467
1596190 1465
1596200 1462
1596210 1462
1596220 1459
1596230 1457
1596240 1457
1596250 1454
1596260 1451
1596270 1451
1596280 1447
1596290 1444
1596300 1444
1596310 1440
1596320 1437
1596330 1437
1596340 1433
1596350 1430
1596360 1430
1596370 1428
1596380 1425
1596390 1422
1596400 1422
1596410 1419
1596420 1417
1596430 1417
1596440 1414
1596450 1411
1596460 1411
1596470 1408
1596480 1406
1596490 1406
1596500 1404
1596510 1401
1596520 1401
1596530 1398
1596540 1393
1596550 1393
1596560 1388
1596570 1384
1596580 1384
1596590 1379
1596600 1374
1596610 1374
1596620 1369
1596630 1364
1596640 1359
1596650 1359
1596660 1354
1596670 1349
1596680 1349
1596690 1344
1596700 1339
1596710 1339
1596720 1337
1596730 1332
1596740 1332
1596750 1328
1596760 1324
1596770 1324
1596780 1320
1596790 1315
1596800 1315
1596810 1311
1596820 1307
1596830 1307
1596840 1302
1596850 1298
1596860 1298
1596870 1293
1596880 1289
1596890 1284
1596900 1284
1596910 1279
1596920 1275
1596930 1275
1596940 1270
1596950 1265
1596960 1265
1596970 1261
1596980 1257
1596990 1257
1597000 1252
1597010 1247
1597020 1247
1597030 1241
1597040 1237
1597050 1237
1597060 1232
1597070 1228
1597080 1228
1597090 1224
1597100 1220
1597110 1220
1597120 1214
1597130 1210
1597140 1206
1597150 1206
1597160 1203
1597170 1199
1597180 1199
1597190 1196
1597200 1191
1597210 1191
1597220 1190
1597230 1186
1597240 1186
1597250 1183
1597260 1181
1597270 1181
1597280 1177
1597290 1173
1597300 1173
1597310 1170
1597320 1166
1597330 1166
1597340 1163
1597350 1160
1597360 1160
1597370 1157
1597380 1154
1597390 1150
1597400 1150
1597410 1146
1597420 1141
1597430 1141
1597440 1134
1597450 1128
1597460 1128
1597470 1122
1597480 1116
1597490 1116
1597500 1110
1597510 1103
1597520 1103
1597530 1096
1597540 1088
1597550 1088
1597560 1084
1597570 1082
1597580 1082
1597590 1081
1597600 1081
1597610 1082
1597620 1082
1597630 1084
1597640 1086
1597650 1086
1597660 1091
1597670 1093
1597680 1093
1597690 1097
1597700 1098
1597710 1098
1597720 1100
1597730 1103
1597740 1103
1597750 1107
1597760 1111
1597770 1111
1597780 1116
1597790 1121
1597800 1121
1597810 1126
1597820 1132
1597830 1132
1597840 1135
1597850 1139
1597860 1142
1597870 1142
1597880 1144
1597890 1146
1597900 1146
1597910 1147
1597920 1150
1597930 1150
1597940 1154
1597950 1156
1597960 1156
1597970 1157
1597980 1162
1597990 1162
1598000 1167
1598010 1173
1598020 1173
1598030 1179
1598040 1186
1598050 1186
1598060 1194
1598070 1199
1598080 1199
1598090 1203
1598100 1206
1598110 1209
1598120 1209
1598130 1212
1598140 1216
1598150 1216
1598160 1220
1598170 1224
1598180 1224
1598190 1228
1598200 1230
1598210 1230
1598220 1233
1598230 1236
1598240 1236
1598250 1240
1598260 1243
1598270 1243
1598280 1247
1598290 1250
1598300 1250
1598310 1253
1598320 1256
1598330 1256
1598340 1260
1598350 1263
1598360 1266
1598370 1266
1598380 1269
1598390 1272
1598400 1272
1598410 1274
1598420 1276
1598430 1276
1598440 1280
1598450 1282
1598460 1282
1598470 1285
1598480 1288
1598490 1288
1598500 1290
1598510 1294
1598520 1294
1598530 1296
1598540 1299
1598550 1299
1598560 1302
1598570 1303
1598580 1303
1598590 1306
1598600 1309
1598610 1312
1598620 1312
1598630 1315
1598640 1316
1598650 1316
1598660 1319
1598670 1321
1598680 1321
1598690 1323
1598700 1326
1598710 1326
1598720 1328
1598730 1330
1598740 1330
1598750 1333
1598760 1334
1598770 1334
1598780 1337
1598790 1339
1598800 1339
1598810 1340
1598820 1342
1598830 1344
1598840 1344
1598850 1346
1598860 1348
1598870 1348
1598880 1349
1598890 1350
1598900 1350
1598910 1352
1598920 1353
1598930 1353
1598940 1355
1598950 1356
1598960 1354
1598970 1356
1598980 1358
1598990 1358
1599000 1359
1599010 1362
1599020 1362
1599030 1364
1599040 1366
1599050 1366
1599060 1368
1599070 1370
1599080 1370
1599090 1370
1599100 1372
1599110 1375
1599120 1375
1599130 1377
1599140 1380
1599150 1380
1599160 1382
1599170 1384
1599180 1384
1599190 1388
1599200 1391
1599210 1391
1599220 1394
1599230 1397
1599240 1397
1599250 1400
1599260 1403
1599270 1403
1599280 1407
1599290 1411
1599300 1411
1599310 1414
1599320 1418
1599330 1422
1599340 1422
1599350 1425
1599360 1428
1599370 1428
1599380 1432
1599390 1436
1599400 1436
1599410 1440
1599420 1443
1599430 1443
1599440 1444
1599450 1446
1599460 1446
1599470 1448
1599480 1451
1599490 1451
1599500 1454
1599510 1456
1599520 1456
1599530 1458
1599540 1459
1599550 1459
1599560 1460
1599570 1462
1599580 1463
1599590 1463
1599600 1465
1599610 1467
1599620 1467
1599630 1469
1599640 1471
1599650 1471
1599660 1474
1599670 1476
1599680 1476
1599690 1477
1599700 1478
1599710 1478
1599720 1480
1599730 1481
1599740 1481
1599750 1482
1599760 1483
1599770 1483
1599780 1485
1599790 1487
1599800 1487
1599810 1489
1599820 1491
1599830 1494
1599840 1494
1599850 1496
1599860 1497
1599870 1497
1599880 1499
1599890 1500
1599900 1500
1599910 1502
1599920 1503
1599930 1503
1599940 1505
1599950 1508
1599960 1508
1599970 1509
1599980 1510
1599990 1510
