1580000 1168
1580010 1169
1580020 1171
1580030 1171
1580040 1173
1580050 1175
1580060 1175
1580070 1176
1580080 1178
1580090 1178
1580100 1179
1580110 1180
1580120 1180
1580130 1183
1580140 1187
1580150 1187
1580160 1189
1580170 1191
1580180 1191
1580190 1193
1580200 1194
1580210 1194
1580220 1194
1580230 1196
1580240 1197
1580250 1197
1580260 1198
1580270 1199
1580280 1199
1580290 1201
1580300 1202
1580310 1202
1580320 1204
1580330 1206
1580340 1206
1580350 1208
1580360 1209
1580370 1209
1580380 1212
1580390 1214
1580400 1214
1580410 1217
1580420 1219
1580430 1219
1580440 1223
1580450 1225
1580460 1229
1580470 1229
1580480 1232
1580490 1233
1580500 1233
1580510 1232
1580520 1233
1580530 1233
1580540 1235
1580550 1236
1580560 1236
1580570 1239
1580580 1247
1580590 1247
1580600 1253
1580610 1259
1580620 1259
1580630 1263
1580640 1268
1580650 1268
1580660 1274
1580670 1280
1580680 1280
1580690 1285
1580700 1291
1580710 1291
1580720 1297
1580730 1302
1580740 1308
1580750 1308
1580760 1312
1580770 1316
1580780 1316
1580790 1320
1580800 1323
1580810 1323
1580820 1327
1580830 1330
1580840 1330
1580850 1333
1580860 1335
1580870 1335
1580880 1337
1580890 1339
1580900 1339
1580910 1341
1580920 1348
1580930 1348
1580940 1349
1580950 1350
1580960 1350
1580970 1352
1580980 1354
1580990 1355
1581000 1355
1581010 1357
1581020 1358
1581030 1358
1581040 1360
1581050 1362
1581060 1362
1581070 1363
1581080 1365
1581090 1365
1581100 1369
1581110 1372
1581120 1372
1581130 1375
1581140 1381
1581150 1381
1581160 1382
1581170 1384
1581180 1384
1581190 1387
1581200 1390
1581210 1390
1581220 1392
1581230 1393
1581240 1393
1581250 1393
1581260 1393
1581270 1397
1581280 1397
1581290 1402
1581300 1406
1581310 1406
1581320 1412
1581330 1419
1581340 1419
1581350 1425
1581360 1430
1581370 1430
1581380 1435
1581390 1439
1581400 1439
1581410 1444
1581420 1449
1581430 1449
1581440 1453
1581450 1457
1581460 1457
1581470 1461
1581480 1464
1581490 1467
1581500 1467
1581510 1470
1581520 1472
1581530 1472
1581540 1474
1581550 1477
1581560 1477
1581570 1480
1581580 1483
1581590 1483
1581600 1487
1581610 1490
1581620 1490
1581630 1492
1581640 1493
1581650 1493
1581660 1495
1581670 1497
1581680 1497
1581690 1499
1581700 1501
1581710 1501
1581720 1502
1581730 1504
1581740 1505
1581750 1505
1581760 1506
1581770 1507
1581780 1507
1581790 1507
1581800 1508
1581810 1508
1581820 1509
1581830 1510
1581840 1510
1581850 1511
1581860 1512
1581870 1512
1581880 1512
1581890 1514
1581900 1514
1581910 1515
1581920 1516
1581930 1516
1581940 1517
1581950 1519
1581960 1519
1581970 1520
1581980 1522
1581990 1522
1582000 1522
1582010 1523
1582020 1523
1582030 1523
1582040 1522
1582050 1522
1582060 1522
1582070 1522
1582080 1521
1582090 1521
1582100 1520
1582110 1519
1582120 1519
1582130 1518
1582140 1516
1582150 1516
1582160 1513
1582170 1510
1582180 1510
1582190 1507
1582200 1505
1582210 1505
1582220 1502
1582230 1499
1582240 1498
1582250 1498
1582260 1494
1582270 1491
1582280 1491
1582290 1488
1582300 1485
1582310 1485
1582320 1482
1582330 1478
1582340 1478
1582350 1476
1582360 1473
1582370 1473
1582380 1470
1582390 1467
1582400 1467
1582410 1463
1582420 1459
1582430 1459
1582440 1455
1582450 1450
1582460 1450
1582470 1446
1582480 1444
1582490 1442
1582500 1442
1582510 1440
1582520 1438
1582530 1438
1582540 1436
1582550 1434
1582560 1434
1582570 1431
1582580 1428
1582590 1428
1582600 1425
1582610 1421
1582620 1421
1582630 1417
1582640 1413
1582650 1413
1582660 1408
1582670 1405
1582680 1405
1582690 1402
1582700 1399
1582710 1399
1582720 1395
1582730 1391
1582740 1388
1582750 1388
1582760 1386
1582770 1384
1582780 1384
1582790 1381
1582800 1377
1582810 1377
1582820 1375
1582830 1375
1582840 1375
1582850 1374
1582860 1372
1582870 1372
1582880 1370
1582890 1368
1582900 1368
1582910 1367
1582920 1364
1582930 1364
1582940 1362
1582950 1359
1582960 1359
1582970 1357
1582980 1354
1582990 1351
1583000 1351
1583010 1349
1583020 1347
1583030 1347
1583040 1344
1583050 1341
1583060 1341
1583070 1338
1583080 1336
1583090 1336
1583100 1333
1583110 1329
1583120 1329
1583130 1327
1583140 1324
1583150 1324
1583160 1321
1583170 1318
1583180 1318
1583190 1314
1583200 1312
1583210 1312
1583220 1310
1583230 1307
1583240 1305
1583250 1305
1583260 1303
1583270 1300
1583280 1300
1583290 1296
1583300 1292
1583310 1292
1583320 1287
1583330 1283
1583340 1283
1583350 1279
1583360 1275
1583370 1275
1583380 1272
1583390 1269
1583400 1269
1583410 1267
1583420 1264
1583430 1264
1583440 1262
1583450 1260
1583460 1260
1583470 1257
1583480 1254
1583490 1252
1583500 1252
1583510 1249
1583520 1245
1583530 1246
1583540 1243
1583550 1240
1583560 1240
1583570 1238
1583580 1235
1583590 1235
1583600 1232
1583610 1228
1583620 1228
1583630 1223
1583640 1218
1583650 1218
1583660 1213
1583670 1210
1583680 1210
1583690 1209
1583700 1209
1583710 1209
1583720 1208
1583730 1206
1583740 1204
1583750 1204
1583760 1200
1583770 1197
1583780 1197
1583790 1194
1583800 1190
1583810 1190
1583820 1186
1583830 1183
1583840 1183
1583850 1180
1583860 1177
1583870 1177
1583880 1172
1583890 1167
1583900 1167
1583910 1162
1583920 1158
1583930 1158
1583940 1154
1583950 1150
1583960 1150
1583970 1146
1583980 1147
1583990 1149
1584000 1149
1584010 1148
1584020 1147
1584030 1147
1584040 1145
1584050 1143
1584060 1143
1584070 1141
1584080 1138
1584090 1138
1584100 1136
1584110 1133
1584120 1133
1584130 1131
1584140 1129
1584150 1129
1584160 1126
1584170 1124
1584180 1124
1584190 1123
1584200 1122
1584210 1122
1584220 1119
1584230 1117
1584240 1115
1584250 1115
1584260 1113
1584270 1111
1584280 1111
1584290 1109
1584300 1107
1584310 1107
1584320 1105
1584330 1104
1584340 1104
1584350 1102
1584360 1100
1584370 1100
1584380 1098
1584390 1096
1584400 1096
1584410 1094
1584420 1092
1584430 1092
1584440 1090
1584450 1085
1584460 1085
1584470 1079
1584480 1075
1584490 1070
1584500 1070
1584510 1066
1584520 1062
1584530 1062
1584540 1059
1584550 1057
1584560 1057
1584570 1056
1584580 1055
1584590 1055
1584600 1053
1584610 1050
1584620 1050
1584630 1051
1584640 1053
1584650 1053
1584660 1055
1584670 1061
1584680 1061
1584690 1067
1584700 1068
1584710 1068
1584720 1069
1584730 1071
1584740 1072
1584750 1072
1584760 1074
1584770 1078
1584780 1078
1584790 1081
1584800 1084
1584810 1086
1584820 1088
1584830 1091
1584840 1091
1584850 1093
1584860 1096
1584870 1096
1584880 1098
1584890 1101
1584900 1101
1584910 1104
1584920 1106
1584930 1106
1584940 1108
1584950 1111
1584960 1111
1584970 1114
1584980 1117
1584990 1119
1585000 1119
1585010 1122
1585020 1124
1585030 1124
1585040 1125
1585050 1127
1585060 1127
1585070 1129
1585080 1130
1585090 1130
1585100 1132
1585110 1133
1585120 1133
1585130 1134
1585140 1135
1585150 1135
1585160 1136
1585170 1137
1585180 1137
1585190 1136
1585200 1134
1585210 1134
1585220 1132
1585230 1129
1585240 1131
1585250 1131
1585260 1131
1585270 1131
1585280 1131
1585290 1131
1585300 1132
1585310 1132
1585320 1133
1585330 1134
1585340 1134
1585350 1136
1585360 1137
1585370 1137
1585380 1135
1585390 1135
1585400 1135
1585410 1136
1585420 1133
1585430 1133
1585440 1135
1585450 1137
1585460 1137
1585470 1142
1585480 1147
1585490 1151
1585500 1151
1585510 1153
1585520 1157
1585530 1157
1585540 1160
1585550 1163
1585560 1163
1585570 1163
1585580 1164
1585590 1164
1585600 1166
1585610 1169
1585620 1169
1585630 1171
1585640 1172
1585650 1172
1585660 1175
1585670 1179
1585680 1179
1585690 1180
1585700 1181
1585710 1181
1585720 1187
1585730 1192
1585740 1195
1585750 1195
1585760 1196
1585770 1197
1585780 1197
1585790 1199
1585800 1199
1585810 1199
1585820 1200
1585830 1198
1585840 1198
1585850 1197
1585860 1197
1585870 1197
1585880 1203
1585890 1207
1585900 1207
1585910 1212
1585920 1217
1585930 1217
1585940 1221
1585950 1225
1585960 1225
1585970 1228
1585980 1232
1585990 1236
1586000 1236
1586010 1241
1586020 1245
1586030 1245
1586040 1250
1586050 1255
1586060 1255
1586070 1259
1586080 1262
1586090 1262
1586100 1265
1586110 1268
1586120 1268
1586130 1273
1586140 1278
1586150 1278
1586160 1283
1586170 1286
1586180 1286
1586190 1290
1586200 1295
1586210 1295
1586220 1299
1586230 1304
1586240 1310
1586250 1310
1586260 1314
1586270 1317
1586280 1317
1586290 1321
1586300 1326
1586310 1326
1586320 1329
1586330 1330
1586340 1330
1586350 1334
1586360 1338
1586370 1338
1586380 1341
1586390 1346
1586400 1346
1586410 1350
1586420 1355
1586430 1355
1586440 1359
1586450 1363
1586460 1363
1586470 1367
1586480 1371
1586490 1375
1586500 1375
1586510 1379
1586520 1382
1586530 1382
1586540 1385
1586550 1389
1586560 1389
1586570 1392
1586580 1395
1586590 1395
1586600 1397
1586610 1400
1586620 1400
1586630 1405
1586640 1410
1586650 1410
1586660 1417
1586670 1422
1586680 1422
1586690 1427
1586700 1432
1586710 1432
1586720 1437
1586730 1441
1586740 1445
1586750 1445
1586760 1448
1586770 1452
1586780 1452
1586790 1456
1586800 1459
1586810 1459
1586820 1462
1586830 1463
1586840 1463
1586850 1465
1586860 1467
1586870 1467
1586880 1469
1586890 1471
1586900 1471
1586910 1473
1586920 1475
1586930 1475
1586940 1478
1586950 1481
1586960 1481
1586970 1484
1586980 1487
1586990 1490
1587000 1490
1587010 1493
1587020 1495
1587030 1495
1587040 1498
1587050 1500
1587060 1500
1587070 1502
1587080 1504
1587090 1504
1587100 1508
1587110 1511
1587120 1511
1587130 1516
1587140 1522
1587150 1522
1587160 1526
1587170 1529
1587180 1529
1587190 1532
1587200 1536
1587210 1536
1587220 1539
1587230 1542
1587240 1546
1587250 1546
1587260 1549
1587270 1551
1587280 1551
1587290 1554
1587300 1559
1587310 1559
1587320 1563
1587330 1565
1587340 1565
1587350 1567
1587360 1570
1587370 1570
1587380 1572
1587390 1574
1587400 1574
1587410 1576
1587420 1578
1587430 1578
1587440 1580
1587450 1582
1587460 1582
1587470 1584
1587480 1586
1587490 1588
1587500 1588
1587510 1589
1587520 1589
1587530 1589
1587540 1589
1587550 1588
1587560 1588
1587570 1587
1587580 1587
1587590 1587
1587600 1586
1587610 1586
1587620 1586
1587630 1585
1587640 1583
1587650 1583
1587660 1582
1587670 1580
1587680 1580
1587690 1579
1587700 1577
1587710 1577
1587720 1575
1587730 1572
1587740 1570
1587750 1570
1587760 1568
1587770 1565
1587780 1565
1587790 1562
1587800 1560
1587810 1560
1587820 1558
1587830 1556
1587840 1556
1587850 1553
1587860 1550
1587870 1550
1587880 1546
1587890 1543
1587900 1543
1587910 1541
1587920 1538
1587930 1538
1587940 1536
1587950 1534
1587960 1534
1587970 1532
1587980 1529
1587990 1526
1588000 1526
1588010 1524
1588020 1521
1588030 1521
1588040 1519
1588050 1517
1588060 1517
1588070 1515
1588080 1512
1588090 1512
1588100 1510
1588110 1506
1588120 1506
1588130 1504
1588140 1502
1588150 1502
1588160 1500
1588170 1498
1588180 1498
1588190 1495
1588200 1492
1588210 1492
1588220 1489
1588230 1486
1588240 1483
1588250 1483
1588260 1480
1588270 1476
1588280 1476
1588290 1472
1588300 1468
1588310 1468
1588320 1464
1588330 1463
1588340 1463
1588350 1461
1588360 1457
1588370 1457
1588380 1454
1588390 1451
1588400 1451
1588410 1448
1588420 1446
1588430 1446
1588440 1444
1588450 1441
1588460 1441
1588470 1439
1588480 1436
1588490 1434
1588500 1434
1588510 1433
1588520 1430
1588530 1430
1588540 1424
1588550 1423
1588560 1423
1588570 1421
1588580 1418
1588590 1418
1588600 1417
1588610 1415
1588620 1415
1588630 1414
1588640 1413
1588650 1413
1588660 1411
1588670 1410
1588680 1410
1588690 1407
1588700 1405
1588710 1405
1588720 1402
1588730 1399
1588740 1396
1588750 1396
1588760 1393
1588770 1391
1588780 1391
1588790 1387
1588800 1383
1588810 1383
1588820 1379
1588830 1375
1588840 1375
1588850 1373
1588860 1372
1588870 1372
1588880 1369
1588890 1366
1588900 1366
1588910 1364
1588920 1360
1588930 1360
1588940 1356
1588950 1353
1588960 1353
1588970 1349
1588980 1347
1588990 1345
1589000 1345
1589010 1342
1589020 1339
1589030 1339
1589040 1334
1589050 1329
1589060 1329
1589070 1325
1589080 1321
1589090 1321
1589100 1317
1589110 1313
1589120 1313
1589130 1310
1589140 1305
1589150 1305
1589160 1301
1589170 1296
1589180 1296
1589190 1293
1589200 1291
1589210 1291
1589220 1289
1589230 1286
1589240 1283
1589250 1283
1589260 1280
1589270 1277
1589280 1277
1589290 1274
1589300 1270
1589310 1270
1589320 1265
1589330 1261
1589340 1261
1589350 1257
1589360 1253
1589370 1253
1589380 1247
1589390 1242
1589400 1242
1589410 1238
1589420 1235
1589430 1235
1589440 1232
1589450 1229
1589460 1229
1589470 1225
1589480 1222
1589490 1219
1589500 1219
1589510 1216
1589520 1214
1589530 1214
1589540 1210
1589550 1207
1589560 1207
1589570 1205
1589580 1203
1589590 1203
1589600 1201
1589610 1199
1589620 1199
1589630 1196
1589640 1195
1589650 1195
1589660 1192
1589670 1189
1589680 1189
1589690 1186
1589700 1182
1589710 1182
1589720 1179
1589730 1175
1589740 1173
1589750 1171
1589760 1169
1589770 1166
1589780 1166
1589790 1163
1589800 1159
1589810 1159
1589820 1156
1589830 1152
1589840 1152
1589850 1148
1589860 1143
1589870 1143
1589880 1141
1589890 1137
1589900 1137
1589910 1134
1589920 1130
1589930 1130
1589940 1127
1589950 1124
1589960 1124
1589970 1121
1589980 1118
1589990 1113
1590000 1113
1590010 1108
1590020 1102
1590030 1102
1590040 1095
1590050 1086
1590060 1086
1590070 1079
1590080 1072
1590090 1072
1590100 1064
1590110 1057
1590120 1057
1590130 1051
1590140 1043
1590150 1043
1590160 1037
1590170 1034
1590180 1034
1590190 1032
1590200 1028
1590210 1028
1590220 1032
1590230 1039
1590240 1041
1590250 1041
1590260 1044
1590270 1047
1590280 1047
1590290 1051
1590300 1053
1590310 1053
1590320 1056
1590330 1060
1590340 1060
1590350 1063
1590360 1064
1590370 1064
1590380 1062
1590390 1065
1590400 1065
1590410 1072
1590420 1082
1590430 1082
1590440 1087
1590450 1091
1590460 1091
1590470 1094
1590480 1097
1590490 1100
1590500 1100
1590510 1103
1590520 1105
1590530 1105
1590540 1108
1590550 1112
1590560 1112
1590570 1116
1590580 1119
1590590 1119
1590600 1124
1590610 1129
1590620 1129
1590630 1132
1590640 1134
1590650 1134
1590660 1137
1590670 1140
1590680 1140
1590690 1141
1590700 1143
1590710 1143
1590720 1145
1590730 1147
1590740 1149
1590750 1149
1590760 1152
1590770 1155
1590780 1155
1590790 1156
1590800 1156
1590810 1156
1590820 1158
1590830 1161
1590840 1161
1590850 1164
1590860 1167
1590870 1167
1590880 1169
1590890 1173
1590900 1173
1590910 1176
1590920 1179
1590930 1179
1590940 1183
1590950 1187
1590960 1190
1590970 1191
1590980 1192
1590990 1194
1591000 1194
1591010 1195
1591020 1197
1591030 1197
1591040 1198
1591050 1199
1591060 1199
1591070 1200
1591080 1201
1591090 1201
1591100 1203
1591110 1204
1591120 1204
1591130 1206
1591140 1209
1591150 1209
1591160 1211
1591170 1212
1591180 1212
1591190 1213
1591200 1214
1591210 1214
1591220 1215
1591230 1217
1591240 1218
1591250 1218
1591260 1218
1591270 1218
1591280 1218
1591290 1218
1591300 1219
1591310 1219
1591320 1219
1591330 1220
1591340 1220
1591350 1221
1591360 1223
1591370 1223
1591380 1224
1591390 1224
1591400 1224
1591410 1224
1591420 1224
1591430 1224
1591440 1224
1591450 1225
1591460 1225
1591470 1225
1591480 1225
1591490 1224
1591500 1224
1591510 1225
1591520 1225
1591530 1225
1591540 1225
1591550 1224
1591560 1224
1591570 1223
1591580 1222
1591590 1222
1591600 1221
1591610 1219
1591620 1219
1591630 1217
1591640 1216
1591650 1216
1591660 1216
1591670 1216
1591680 1216
1591690 1216
1591700 1214
1591710 1214
1591720 1212
1591730 1211
1591740 1209
1591750 1209
1591760 1208
1591770 1206
1591780 1206
1591790 1204
1591800 1204
1591810 1204
1591820 1202
1591830 1200
1591840 1200
1591850 1197
1591860 1195
1591870 1195
1591880 1194
1591890 1192
1591900 1192
1591910 1190
1591920 1188
1591930 1188
1591940 1187
1591950 1185
1591960 1185
1591970 1183
1591980 1181
1591990 1178
1592000 1178
1592010 1174
1592020 1170
1592030 1170
1592040 1167
1592050 1165
1592060 1165
1592070 1163
1592080 1161
1592090 1161
1592100 1158
1592110 1158
1592120 1158
1592130 1155
1592140 1152
1592150 1158
1592160 1154
1592170 1151
1592180 1151
1592190 1147
1592200 1145
1592210 1145
1592220 1141
1592230 1136
1592240 1133
1592250 1133
1592260 1136
1592270 1140
1592280 1140
1592290 1148
1592300 1152
1592310 1152
1592320 1157
1592330 1161
1592340 1161
1592350 1165
1592360 1168
1592370 1168
1592380 1173
1592390 1177
1592400 1177
1592410 1182
1592420 1187
1592430 1187
1592440 1192
1592450 1197
1592460 1197
1592470 1201
1592480 1206
1592490 1210
1592500 1210
1592510 1213
1592520 1217
1592530 1217
1592540 1221
1592550 1225
1592560 1225
1592570 1229
1592580 1233
1592590 1233
1592600 1237
1592610 1241
1592620 1241
1592630 1245
1592640 1250
1592650 1250
1592660 1255
1592670 1259
1592680 1259
1592690 1262
1592700 1264
1592710 1264
1592720 1268
1592730 1272
1592740 1277
1592750 1277
1592760 1282
1592770 1287
1592780 1287
1592790 1291
1592800 1294
1592810 1294
1592820 1296
1592830 1300
1592840 1300
1592850 1305
1592860 1310
1592870 1310
1592880 1315
1592890 1318
1592900 1318
1592910 1321
1592920 1325
1592930 1325
1592940 1329
1592950 1333
1592960 1333
1592970 1338
1592980 1343
1592990 1348
1593000 1348
1593010 1353
1593020 1358
1593030 1358
1593040 1363
1593050 1365
1593060 1365
1593070 1369
1593080 1373
1593090 1373
1593100 1377
1593110 1380
1593120 1380
1593130 1384
1593140 1388
1593150 1388
1593160 1392
1593170 1396
1593180 1396
1593190 1399
1593200 1402
1593210 1402
1593220 1405
1593230 1409
1593240 1413
1593250 1413
1593260 1416
1593270 1419
1593280 1419
1593290 1422
1593300 1426
1593310 1426
1593320 1429
1593330 1432
1593340 1432
1593350 1435
1593360 1438
1593370 1438
1593380 1441
1593390 1444
1593400 1444
1593410 1446
1593420 1450
1593430 1450
1593440 1453
1593450 1454
1593460 1454
1593470 1457
1593480 1459
1593490 1462
1593500 1462
1593510 1464
1593520 1467
1593530 1467
1593540 1469
1593550 1471
1593560 1471
1593570 1474
1593580 1476
1593590 1476
1593600 1477
1593610 1479
1593620 1479
1593630 1481
1593640 1483
1593650 1483
1593660 1486
1593670 1489
1593680 1489
1593690 1493
1593700 1495
1593710 1495
1593720 1496
1593730 1498
1593740 1500
1593750 1500
1593760 1501
1593770 1503
1593780 1503
1593790 1503
1593800 1505
1593810 1505
1593820 1506
1593830 1507
1593840 1507
1593850 1508
1593860 1509
1593870 1509
1593880 1510
1593890 1511
1593900 1511
1593910 1512
1593920 1513
1593930 1513
1593940 1513
1593950 1514
1593960 1514
1593970 1515
1593980 1515
1593990 1515
1594000 1515
1594010 1515
1594020 1515
1594030 1515
1594040 1514
1594050 1514
1594060 1514
1594070 1514
1594080 1514
1594090 1514
1594100 1514
1594110 1514
1594120 1514
1594130 1514
1594140 1513
1594150 1513
1594160 1513
1594170 1512
1594180 1512
1594190 1511
1594200 1510
1594210 1510
1594220 1510
1594230 1508
1594240 1508
1594250 1508
1594260 1507
1594270 1506
1594280 1506
1594290 1506
1594300 1506
1594310 1506
1594320 1506
1594330 1506
1594340 1506
1594350 1506
1594360 1506
1594370 1506
1594380 1506
1594390 1505
1594400 1505
1594410 1504
1594420 1504
1594430 1504
1594440 1503
1594450 1502
1594460 1502
1594470 1501
1594480 1500
1594490 1502
1594500 1502
1594510 1501
1594520 1501
1594530 1501
1594540 1500
1594550 1500
1594560 1500
1594570 1500
1594580 1500
1594590 1500
1594600 1499
1594610 1499
1594620 1499
1594630 1499
1594640 1499
1594650 1499
1594660 1499
1594670 1500
1594680 1500
1594690 1501
1594700 1502
1594710 1502
1594720 1502
1594730 1503
1594740 1504
1594750 1504
1594760 1504
1594770 1504
1594780 1504
1594790 1505
1594800 1504
1594810 1504
1594820 1505
1594830 1507
1594840 1507
1594850 1508
1594860 1510
1594870 1510
1594880 1512
1594890 1512
1594900 1512
1594910 1514
1594920 1516
1594930 1516
1594940 1517
1594950 1519
1594960 1519
1594970 1520
1594980 1520
1594990 1521
1595000 1521
1595010 1521
1595020 1522
1595030 1522
1595040 1523
1595050 1523
1595060 1523
1595070 1524
1595080 1525
1595090 1525
1595100 1526
1595110 1527
1595120 1527
1595130 1529
1595140 1531
1595150 1531
1595160 1531
1595170 1533
1595180 1533
1595190 1535
1595200 1538
1595210 1538
1595220 1541
1595230 1542
1595240 1543
1595250 1543
1595260 1545
1595270 1549
1595280 1549
1595290 1554
1595300 1558
1595310 1558
1595320 1562
1595330 1565
1595340 1565
1595350 1568
1595360 1571
1595370 1571
1595380 1574
1595390 1577
1595400 1577
1595410 1581
1595420 1584
1595430 1584
1595440 1587
1595450 1591
1595460 1591
1595470 1594
1595480 1597
1595490 1601
1595500 1601
1595510 1604
1595520 1607
1595530 1607
1595540 1609
1595550 1612
1595560 1612
1595570 1614
1595580 1615
1595590 1615
1595600 1616
1595610 1617
1595620 1617
1595630 1617
1595640 1621
1595650 1621
1595660 1620
1595670 1620
1595680 1620
1595690 1619
1595700 1619
1595710 1619
1595720 1617
1595730 1614
1595740 1611
1595750 1611
1595760 1611
1595770 1611
1595780 1611
1595790 1612
1595800 1611
1595810 1611
1595820 1611
1595830 1612
1595840 1612
1595850 1612
1595860 1613
1595870 1613
1595880 1613
1595890 1612
1595900 1612
1595910 1613
1595920 1611
1595930 1611
1595940 1611
1595950 1611
1595960 1611
1595970 1612
1595980 1612
1595990 1613
1596000 1613
1596010 1613
1596020 1613
1596030 1613
1596040 1613
1596050 1613
1596060 1613
1596070 1613
1596080 1613
1596090 1613
1596100 1612
1596110 1612
1596120 1612
1596130 1613
1596140 1612
1596150 1612
1596160 1612
1596170 1612
1596180 1612
1596190 1611
1596200 1611
1596210 1611
1596220 1610
1596230 1609
1596240 1609
1596250 1609
1596260 1610
1596270 1610
1596280 1610
1596290 1611
1596300 1611
1596310 1611
1596320 1612
1596330 1612
1596340 1612
1596350 1612
1596360 1612
1596370 1612
1596380 1612
1596390 1612
1596400 1612
1596410 1611
1596420 1612
1596430 1612
1596440 1612
1596450 1613
1596460 1613
1596470 1613
1596480 1613
1596490 1613
1596500 1612
1596510 1612
1596520 1610
1596530 1610
1596540 1609
1596550 1608
1596560 1608
1596570 1607
1596580 1607
1596590 1607
1596600 1607
1596610 1606
1596620 1606
1596630 1602
1596640 1599
1596650 1599
1596660 1595
1596670 1591
1596680 1591
1596690 1587
1596700 1583
1596710 1583
1596720 1579
1596730 1574
1596740 1574
1596750 1570
1596760 1568
1596770 1567
1596780 1567
1596790 1567
1596800 1565
1596810 1565
1596820 1561
1596830 1556
1596840 1556
1596850 1552
1596860 1547
1596870 1547
1596880 1545
1596890 1544
1596900 1544
1596910 1542
1596920 1539
1596930 1539
1596940 1535
1596950 1532
1596960 1532
1596970 1529
1596980 1527
1596990 1527
1597000 1524
1597010 1521
1597020 1517
1597030 1517
1597040 1514
1597050 1509
1597060 1509
1597070 1505
1597080 1501
1597090 1501
1597100 1497
1597110 1492
1597120 1492
1597130 1488
1597140 1484
1597150 1484
1597160 1480
1597170 1477
1597180 1477
1597190 1474
1597200 1472
1597210 1472
1597220 1470
1597230 1468
1597240 1468
1597250 1466
1597260 1469
1597270 1472
1597280 1472
1597290 1473
1597300 1472
1597310 1472
1597320 1472
1597330 1471
1597340 1471
1597350 1472
1597360 1472
1597370 1472
1597380 1471
1597390 1471
1597400 1471
1597410 1469
1597420 1468
1597430 1468
1597440 1467
1597450 1465
1597460 1465
1597470 1463
1597480 1461
1597490 1461
1597500 1459
1597510 1458
1597520 1456
1597530 1456
1597540 1454
1597550 1452
1597560 1452
1597570 1450
1597580 1449
1597590 1449
1597600 1446
1597610 1442
1597620 1442
1597630 1436
1597640 1432
1597650 1432
1597660 1426
1597670 1420
1597680 1420
1597690 1416
1597700 1419
1597710 1419
1597720 1424
1597730 1425
1597740 1425
1597750 1426
1597760 1428
1597770 1430
1597780 1430
1597790 1430
1597800 1430
1597810 1430
1597820 1428
1597830 1430
1597840 1430
1597850 1434
1597860 1436
1597870 1436
1597880 1438
1597890 1440
1597900 1440
1597910 1445
1597920 1446
1597930 1446
1597940 1446
1597950 1446
1597960 1446
1597970 1446
1597980 1446
1597990 1446
1598000 1446
1598010 1446
1598020 1445
1598030 1445
1598040 1444
1598050 1443
1598060 1443
1598070 1443
1598080 1443
1598090 1443
1598100 1442
1598110 1440
1598120 1440
1598130 1439
1598140 1438
1598150 1438
1598160 1436
1598170 1434
1598180 1434
1598190 1433
1598200 1431
1598210 1431
1598220 1429
1598230 1426
1598240 1426
1598250 1422
1598260 1419
1598270 1417
1598280 1417
1598290 1416
1598300 1416
1598310 1416
1598320 1413
1598330 1410
1598340 1410
1598350 1408
1598360 1406
1598370 1406
1598380 1404
1598390 1403
1598400 1403
1598410 1402
1598420 1400
1598430 1400
1598440 1399
1598450 1399
1598460 1399
1598470 1398
1598480 1399
1598490 1399
1598500 1399
1598510 1400
1598520 1401
1598530 1401
1598540 1400
1598550 1399
1598560 1399
1598570 1400
1598580 1401
1598590 1401
1598600 1400
1598610 1398
1598620 1398
1598630 1397
1598640 1395
1598650 1395
1598660 1394
1598670 1392
1598680 1392
1598690 1390
1598700 1387
1598710 1387
1598720 1385
1598730 1382
1598740 1382
1598750 1380
1598760 1378
1598770 1377
1598780 1377
1598790 1377
1598800 1376
1598810 1376
1598820 1373
1598830 1372
1598840 1372
1598850 1372
1598860 1372
1598870 1372
1598880 1373
1598890 1372
1598900 1372
1598910 1372
1598920 1373
1598930 1373
1598940 1374
1598950 1375
1598960 1375
1598970 1377
1598980 1378
1598990 1378
1599000 1380
1599010 1381
1599020 1382
1599030 1382
1599040 1381
1599050 1378
1599060 1378
1599070 1376
1599080 1376
1599090 1376
1599100 1375
1599110 1374
1599120 1374
1599130 1374
1599140 1374
1599150 1374
1599160 1374
1599170 1374
1599180 1374
1599190 1375
1599200 1375
1599210 1375
1599220 1375
1599230 1374
1599240 1374
1599250 1374
1599260 1374
1599270 1371
1599280 1371
1599290 1366
1599300 1364
1599310 1364
1599320 1362
1599330 1361
1599340 1361
1599350 1362
1599360 1362
1599370 1362
1599380 1359
1599390 1355
1599400 1355
1599410 1352
1599420 1349
1599430 1349
1599440 1349
1599450 1348
1599460 1348
1599470 1350
1599480 1352
1599490 1352
1599500 1352
1599510 1350
1599520 1349
1599530 1349
1599540 1348
1599550 1347
1599560 1347
1599570 1346
1599580 1345
1599590 1345
1599600 1344
1599610 1342
1599620 1342
1599630 1340
1599640 1338
1599650 1338
1599660 1336
1599670 1334
1599680 1334
1599690 1332
1599700 1330
1599710 1330
1599720 1328
1599730 1326
1599740 1326
1599750 1325
1599760 1323
1599770 1321
1599780 1321
1599790 1320
1599800 1320
1599810 1320
1599820 1320
1599830 1320
1599840 1320
1599850 1319
1599860 1318
1599870 1318
1599880 1318
1599890 1318
1599900 1318
1599910 1318
1599920 1318
1599930 1318
1599940 1317
1599950 1317
1599960 1317
1599970 1316
1599980 1315
1599990 1315
