1580000 1831
1580010 1834
1580020 1834
1580030 1837
1580040 1840
1580050 1840
1580060 1841
1580070 1843
1580080 1845
1580090 1845
1580100 1846
1580110 1847
1580120 1847
1580130 1850
1580140 1852
1580150 1852
1580160 1855
1580170 1858
1580180 1858
1580190 1860
1580200 1863
1580210 1863
1580220 1865
1580230 1872
1580240 1872
1580250 1875
1580260 1878
1580270 1878
1580280 1881
1580290 1885
1580300 1885
1580310 1889
1580320 1892
1580330 1896
1580340 1896
1580350 1900
1580360 1904
1580370 1904
1580380 1908
1580390 1911
1580400 1911
1580410 1915
1580420 1918
1580430 1918
1580440 1922
1580450 1926
1580460 1926
1580470 1930
1580480 1933
1580490 1933
1580500 1936
1580510 1940
1580520 1940
1580530 1943
1580540 1946
1580550 1946
1580560 1948
1580570 1951
1580580 1953
1580590 1953
1580600 1955
1580610 1958
1580620 1958
1580630 1960
1580640 1961
1580650 1961
1580660 1960
1580670 1958
1580680 1958
1580690 1956
1580700 1948
1580710 1948
1580720 1938
1580730 1930
1580740 1930
1580750 1924
1580760 1919
1580770 1919
1580780 1915
1580790 1911
1580800 1911
1580810 1906
1580820 1902
1580830 1902
1580840 1898
1580850 1893
1580860 1886
1580870 1886
1580880 1880
1580890 1873
1580900 1873
1580910 1867
1580920 1861
1580930 1861
1580940 1853
1580950 1848
1580960 1848
1580970 1842
1580980 1835
1580990 1835
1581000 1830
1581010 1828
1581020 1828
1581030 1825
1581040 1822
1581050 1822
1581060 1817
1581070 1811
1581080 1811
1581090 1804
1581100 1798
1581110 1796
1581120 1796
1581130 1792
1581140 1787
1581150 1787
1581160 1786
1581170 1786
1581180 1786
1581190 1787
1581200 1787
1581210 1787
1581220 1788
1581230 1788
1581240 1788
1581250 1790
1581260 1791
1581270 1791
1581280 1792
1581290 1793
1581300 1793
1581310 1794
1581320 1795
1581330 1795
1581340 1797
1581350 1798
1581360 1799
1581370 1799
1581380 1799
1581390 1799
1581400 1799
1581410 1798
1581420 1796
1581430 1796
1581440 1793
1581450 1790
1581460 1790
1581470 1786
1581480 1780
1581490 1780
1581500 1770
1581510 1762
1581520 1762
1581530 1754
1581540 1746
1581550 1746
1581560 1737
1581570 1731
1581580 1731
1581590 1726
1581600 1724
1581610 1721
1581620 1721
1581630 1718
1581640 1716
1581650 1716
1581660 1714
1581670 1712
1581680 1712
1581690 1712
1581700 1712
1581710 1712
1581720 1712
1581730 1712
1581740 1712
1581750 1712
1581760 1713
1581770 1713
1581780 1712
1581790 1711
1581800 1711
1581810 1710
1581820 1708
1581830 1708
1581840 1704
1581850 1700
1581860 1695
1581870 1695
1581880 1690
1581890 1685
1581900 1685
1581910 1679
1581920 1673
1581930 1673
1581940 1667
1581950 1660
1581960 1660
1581970 1654
1581980 1648
1581990 1648
1582000 1643
1582010 1637
1582020 1637
1582030 1632
1582040 1627
1582050 1627
1582060 1622
1582070 1616
1582080 1616
1582090 1610
1582100 1606
1582110 1600
1582120 1600
1582130 1594
1582140 1586
1582150 1586
1582160 1579
1582170 1572
1582180 1572
1582190 1567
1582200 1561
1582210 1561
1582220 1555
1582230 1546
1582240 1546
1582250 1536
1582260 1525
1582270 1525
1582280 1517
1582290 1510
1582300 1510
1582310 1503
1582320 1496
1582330 1496
1582340 1489
1582350 1483
1582360 1483
1582370 1477
1582380 1471
1582390 1466
1582400 1466
1582410 1461
1582420 1456
1582430 1456
1582440 1451
1582450 1446
1582460 1446
1582470 1440
1582480 1434
1582490 1434
1582500 1426
1582510 1420
1582520 1420
1582530 1418
1582540 1416
1582550 1416
1582560 1412
1582570 1409
1582580 1409
1582590 1405
1582600 1402
1582610 1402
1582620 1397
1582630 1389
1582640 1379
1582650 1379
1582660 1374
1582670 1378
1582680 1378
1582690 1383
1582700 1383
1582710 1383
1582720 1379
1582730 1374
1582740 1374
1582750 1370
1582760 1366
1582770 1366
1582780 1362
1582790 1357
1582800 1357
1582810 1352
1582820 1347
1582830 1347
1582840 1342
1582850 1337
1582860 1335
1582870 1331
1582880 1326
1582890 1322
1582900 1322
1582910 1317
1582920 1313
1582930 1313
1582940 1308
1582950 1304
1582960 1304
1582970 1300
1582980 1296
1582990 1296
1583000 1292
1583010 1289
1583020 1289
1583030 1288
1583040 1287
1583050 1287
1583060 1284
1583070 1281
1583080 1281
1583090 1278
1583100 1275
1583110 1275
1583120 1272
1583130 1270
1583140 1267
1583150 1267
1583160 1264
1583170 1262
1583180 1262
1583190 1259
1583200 1258
1583210 1258
1583220 1256
1583230 1254
1583240 1254
1583250 1252
1583260 1251
1583270 1251
1583280 1249
1583290 1248
1583300 1248
1583310 1246
1583320 1243
1583330 1243
1583340 1240
1583350 1237
1583360 1237
1583370 1233
1583380 1226
1583390 1220
1583400 1220
1583410 1215
1583420 1210
1583430 1210
1583440 1207
1583450 1206
1583460 1206
1583470 1205
1583480 1204
1583490 1204
1583500 1203
1583510 1203
1583520 1203
1583530 1204
1583540 1207
1583550 1207
1583560 1207
1583570 1208
1583580 1208
1583590 1208
1583600 1209
1583610 1209
1583620 1209
1583630 1208
1583640 1208
1583650 1208
1583660 1208
1583670 1208
1583680 1208
1583690 1208
1583700 1209
1583710 1209
1583720 1209
1583730 1209
1583740 1209
1583750 1211
1583760 1213
1583770 1213
1583780 1214
1583790 1214
1583800 1214
1583810 1215
1583820 1215
1583830 1215
1583840 1216
1583850 1217
1583860 1217
1583870 1218
1583880 1219
1583890 1220
1583900 1220
1583910 1222
1583920 1225
1583930 1225
1583940 1228
1583950 1229
1583960 1229
1583970 1231
1583980 1232
1583990 1232
1584000 1233
1584010 1234
1584020 1234
1584030 1237
1584040 1241
1584050 1241
1584060 1245
1584070 1249
1584080 1249
1584090 1252
1584100 1254
1584110 1254
1584120 1256
1584130 1257
1584140 1257
1584150 1260
1584160 1262
1584170 1263
1584180 1263
1584190 1262
1584200 1258
1584210 1258
1584220 1256
1584230 1257
1584240 1257
1584250 1262
1584260 1269
1584270 1269
1584280 1275
1584290 1279
1584300 1279
1584310 1284
1584320 1288
1584330 1288
1584340 1292
1584350 1296
1584360 1296
1584370 1301
1584380 1307
1584390 1307
1584400 1312
1584410 1317
1584420 1321
1584430 1321
1584440 1326
1584450 1331
1584460 1331
1584470 1337
1584480 1342
1584490 1342
1584500 1348
1584510 1353
1584520 1353
1584530 1359
1584540 1364
1584550 1364
1584560 1368
1584570 1373
1584580 1373
1584590 1378
1584600 1384
1584610 1384
1584620 1389
1584630 1395
1584640 1395
1584650 1400
1584660 1406
1584670 1412
1584680 1412
1584690 1418
1584700 1424
1584710 1424
1584720 1430
1584730 1435
1584740 1435
1584750 1441
1584760 1447
1584770 1447
1584780 1453
1584790 1458
1584800 1458
1584810 1464
1584820 1471
1584830 1471
1584840 1479
1584850 1483
1584860 1483
1584870 1489
1584880 1495
1584890 1495
1584900 1500
1584910 1504
1584920 1507
1584930 1507
1584940 1511
1584950 1515
1584960 1515
1584970 1521
1584980 1525
1584990 1525
1585000 1529
1585010 1533
1585020 1533
1585030 1537
1585040 1541
1585050 1541
1585060 1545
1585070 1548
1585080 1548
1585090 1552
1585100 1556
1585110 1556
1585120 1560
1585130 1564
1585140 1564
1585150 1567
1585160 1573
1585170 1577
1585180 1577
1585190 1580
1585200 1582
1585210 1582
1585220 1584
1585230 1584
1585240 1584
1585250 1584
1585260 1583
1585270 1583
1585280 1581
1585290 1579
1585300 1579
1585310 1577
1585320 1574
1585330 1574
1585340 1572
1585350 1569
1585360 1569
1585370 1567
1585380 1564
1585390 1564
1585400 1562
1585410 1559
1585420 1560
1585430 1560
1585440 1558
1585450 1557
1585460 1557
1585470 1555
1585480 1553
1585490 1553
1585500 1552
1585510 1551
1585520 1551
1585530 1550
1585540 1548
1585550 1548
1585560 1546
1585570 1545
1585580 1545
1585590 1543
1585600 1542
1585610 1542
1585620 1543
1585630 1544
1585640 1544
1585650 1543
1585660 1542
1585670 1542
1585680 1542
1585690 1542
1585700 1543
1585710 1543
1585720 1543
1585730 1543
1585740 1543
1585750 1543
1585760 1543
1585770 1543
1585780 1544
1585790 1544
1585800 1544
1585810 1545
1585820 1545
1585830 1545
1585840 1545
1585850 1546
1585860 1546
1585870 1546
1585880 1547
1585890 1547
1585900 1548
1585910 1549
1585920 1549
1585930 1550
1585940 1551
1585950 1553
1585960 1553
1585970 1555
1585980 1557
1585990 1557
1586000 1558
1586010 1559
1586020 1559
1586030 1561
1586040 1563
1586050 1563
1586060 1565
1586070 1565
1586080 1565
1586090 1567
1586100 1569
1586110 1569
1586120 1572
1586130 1576
1586140 1576
1586150 1580
1586160 1583
1586170 1583
1586180 1587
1586190 1590
1586200 1595
1586210 1595
1586220 1599
1586230 1601
1586240 1601
1586250 1604
1586260 1607
1586270 1607
1586280 1610
1586290 1612
1586300 1612
1586310 1615
1586320 1618
1586330 1618
1586340 1621
1586350 1623
1586360 1623
1586370 1625
1586380 1628
1586390 1628
1586400 1631
1586410 1635
1586420 1635
1586430 1639
1586440 1643
1586450 1646
1586460 1646
1586470 1648
1586480 1650
1586490 1650
1586500 1651
1586510 1652
1586520 1652
1586530 1651
1586540 1649
1586550 1649
1586560 1647
1586570 1646
1586580 1646
1586590 1643
1586600 1640
1586610 1640
1586620 1636
1586630 1632
1586640 1632
1586650 1628
1586660 1624
1586670 1625
1586680 1622
1586690 1618
1586700 1614
1586710 1614
1586720 1611
1586730 1608
1586740 1608
1586750 1604
1586760 1601
1586770 1601
1586780 1596
1586790 1593
1586800 1593
1586810 1589
1586820 1586
1586830 1586
1586840 1583
1586850 1580
1586860 1580
1586870 1578
1586880 1576
1586890 1576
1586900 1573
1586910 1570
1586920 1570
1586930 1566
1586940 1563
1586950 1559
1586960 1559
1586970 1556
1586980 1552
1586990 1552
1587000 1547
1587010 1542
1587020 1542
1587030 1537
1587040 1531
1587050 1531
1587060 1527
1587070 1521
1587080 1521
1587090 1516
1587100 1512
1587110 1512
1587120 1507
1587130 1501
1587140 1501
1587150 1496
1587160 1492
1587170 1492
1587180 1487
1587190 1481
1587200 1481
1587210 1477
1587220 1471
1587230 1466
1587240 1466
1587250 1461
1587260 1456
1587270 1456
1587280 1450
1587290 1446
1587300 1446
1587310 1440
1587320 1435
1587330 1435
1587340 1429
1587350 1424
1587360 1424
1587370 1419
1587380 1415
1587390 1415
1587400 1411
1587410 1407
1587420 1407
1587430 1404
1587440 1400
1587450 1400
1587460 1397
1587470 1393
1587480 1389
1587490 1389
1587500 1386
1587510 1381
1587520 1381
1587530 1378
1587540 1375
1587550 1375
1587560 1373
1587570 1369
1587580 1369
1587590 1365
1587600 1361
1587610 1361
1587620 1357
1587630 1354
1587640 1354
1587650 1351
1587660 1348
1587670 1348
1587680 1344
1587690 1341
1587700 1341
1587710 1338
1587720 1335
1587730 1331
1587740 1331
1587750 1327
1587760 1323
1587770 1323
1587780 1321
1587790 1319
1587800 1319
1587810 1316
1587820 1313
1587830 1313
1587840 1310
1587850 1306
1587860 1306
1587870 1303
1587880 1300
1587890 1300
1587900 1298
1587910 1296
1587920 1296
1587930 1294
1587940 1290
1587950 1290
1587960 1287
1587970 1284
1587980 1281
1587990 1281
1588000 1278
1588010 1274
1588020 1274
1588030 1271
1588040 1268
1588050 1268
1588060 1266
1588070 1265
1588080 1265
1588090 1264
1588100 1261
1588110 1261
1588120 1258
1588130 1256
1588140 1256
1588150 1253
1588160 1251
1588170 1251
1588180 1249
1588190 1247
1588200 1247
1588210 1245
1588220 1243
1588230 1242
1588240 1242
1588250 1240
1588260 1238
1588270 1238
1588280 1235
1588290 1233
1588300 1233
1588310 1230
1588320 1228
1588330 1228
1588340 1225
1588350 1223
1588360 1223
1588370 1221
1588380 1219
1588390 1219
1588400 1216
1588410 1214
1588420 1214
1588430 1213
1588440 1210
1588450 1210
1588460 1208
1588470 1207
1588480 1205
1588490 1205
1588500 1203
1588510 1202
1588520 1202
1588530 1200
1588540 1198
1588550 1198
1588560 1197
1588570 1195
1588580 1195
1588590 1193
1588600 1192
1588610 1192
1588620 1190
1588630 1189
1588640 1189
1588650 1188
1588660 1186
1588670 1186
1588680 1185
1588690 1184
1588700 1184
1588710 1182
1588720 1180
1588730 1180
1588740 1175
1588750 1169
1588760 1165
1588770 1165
1588780 1162
1588790 1159
1588800 1159
1588810 1158
1588820 1157
1588830 1157
1588840 1154
1588850 1154
1588860 1154
1588870 1160
1588880 1166
1588890 1166
1588900 1172
1588910 1178
1588920 1178
1588930 1184
1588940 1189
1588950 1189
1588960 1194
1588970 1199
1588980 1199
1588990 1204
1589000 1207
1589010 1210
1589020 1210
1589030 1213
1589040 1215
1589050 1215
1589060 1218
1589070 1221
1589080 1221
1589090 1224
1589100 1227
1589110 1227
1589120 1230
1589130 1235
1589140 1235
1589150 1239
1589160 1245
1589170 1245
1589180 1249
1589190 1253
1589200 1253
1589210 1256
1589220 1259
1589230 1259
1589240 1262
1589250 1266
1589260 1270
1589270 1270
1589280 1274
1589290 1279
1589300 1279
1589310 1284
1589320 1288
1589330 1288
1589340 1292
1589350 1296
1589360 1296
1589370 1301
1589380 1306
1589390 1306
1589400 1310
1589410 1314
1589420 1314
1589430 1318
1589440 1321
1589450 1321
1589460 1325
1589470 1329
1589480 1329
1589490 1333
1589500 1337
1589510 1341
1589520 1341
1589530 1345
1589540 1348
1589550 1348
1589560 1351
1589570 1355
1589580 1355
1589590 1359
1589600 1362
1589610 1362
1589620 1365
1589630 1368
1589640 1368
1589650 1370
1589660 1371
1589670 1371
1589680 1373
1589690 1375
1589700 1375
1589710 1377
1589720 1379
1589730 1379
1589740 1381
1589750 1384
1589760 1386
1589770 1386
1589780 1388
1589790 1391
1589800 1391
1589810 1393
1589820 1396
1589830 1396
1589840 1398
1589850 1399
1589860 1399
1589870 1401
1589880 1403
1589890 1403
1589900 1405
1589910 1407
1589920 1407
1589930 1409
1589940 1411
1589950 1411
1589960 1412
1589970 1414
1589980 1414
1589990 1416
1590000 1419
1590010 1421
1590020 1421
1590030 1424
1590040 1426
1590050 1426
1590060 1429
1590070 1431
1590080 1431
1590090 1435
1590100 1438
1590110 1438
1590120 1441
1590130 1443
1590140 1443
1590150 1447
1590160 1451
1590170 1451
1590180 1455
1590190 1458
1590200 1458
1590210 1461
1590220 1463
1590230 1463
1590240 1465
1590250 1466
1590260 1466
1590270 1467
1590280 1469
1590290 1471
1590300 1471
1590310 1474
1590320 1478
1590330 1478
1590340 1483
1590350 1485
1590360 1485
1590370 1487
1590380 1488
1590390 1488
1590400 1490
1590410 1492
1590420 1492
1590430 1494
1590440 1495
1590450 1495
1590460 1497
1590470 1499
1590480 1499
1590490 1500
1590500 1501
1590510 1501
1590520 1502
1590530 1503
1590540 1505
1590550 1505
1590560 1507
1590570 1508
1590580 1508
1590590 1508
1590600 1508
1590610 1508
1590620 1509
1590630 1509
1590640 1509
1590650 1509
1590660 1510
1590670 1510
1590680 1511
1590690 1513
1590700 1513
1590710 1516
1590720 1518
1590730 1518
1590740 1522
1590750 1525
1590760 1525
1590770 1528
1590780 1531
1590790 1534
1590800 1534
1590810 1537
1590820 1540
1590830 1540
1590840 1543
1590850 1546
1590860 1546
1590870 1548
1590880 1550
1590890 1550
1590900 1553
1590910 1556
1590920 1556
1590930 1559
1590940 1562
1590950 1562
1590960 1565
1590970 1568
1590980 1568
1590990 1572
1591000 1575
1591010 1575
1591020 1578
1591030 1580
1591040 1582
1591050 1582
1591060 1586
1591070 1589
1591080 1589
1591090 1592
1591100 1595
1591110 1595
1591120 1599
1591130 1602
1591140 1602
1591150 1605
1591160 1608
1591170 1608
1591180 1611
1591190 1613
1591200 1613
1591210 1616
1591220 1619
1591230 1619
1591240 1623
1591250 1627
1591260 1627
1591270 1630
1591280 1632
1591290 1634
1591300 1634
1591310 1637
1591320 1639
1591330 1639
1591340 1642
1591350 1644
1591360 1644
1591370 1646
1591380 1649
1591390 1649
1591400 1651
1591410 1654
1591420 1654
1591430 1656
1591440 1658
1591450 1658
1591460 1660
1591470 1662
1591480 1662
1591490 1663
1591500 1661
1591510 1661
1591520 1659
1591530 1655
1591540 1643
1591550 1643
1591560 1640
1591570 1638
1591580 1638
1591590 1636
1591600 1632
1591610 1632
1591620 1628
1591630 1623
1591640 1623
1591650 1618
1591660 1613
1591670 1613
1591680 1606
1591690 1601
1591700 1601
1591710 1595
1591720 1591
1591730 1591
1591740 1586
1591750 1581
1591760 1581
1591770 1577
1591780 1574
1591790 1574
1591800 1570
1591810 1566
1591820 1562
1591830 1562
1591840 1558
1591850 1554
1591860 1554
1591870 1549
1591880 1544
1591890 1544
1591900 1539
1591910 1534
1591920 1534
1591930 1530
1591940 1524
1591950 1524
1591960 1520
1591970 1515
1591980 1515
1591990 1509
1592000 1504
1592010 1504
1592020 1500
1592030 1495
1592040 1495
1592050 1491
1592060 1487
1592070 1483
1592080 1483
1592090 1479
1592100 1475
1592110 1475
1592120 1471
1592130 1467
1592140 1467
1592150 1464
1592160 1461
1592170 1461
1592180 1457
1592190 1454
1592200 1454
1592210 1450
1592220 1447
1592230 1447
1592240 1444
1592250 1440
1592260 1440
1592270 1438
1592280 1437
1592290 1437
1592300 1434
1592310 1432
1592320 1429
1592330 1429
1592340 1426
1592350 1424
1592360 1424
1592370 1423
1592380 1420
1592390 1420
1592400 1417
1592410 1414
1592420 1414
1592430 1411
1592440 1409
1592450 1409
1592460 1407
1592470 1404
1592480 1404
1592490 1399
1592500 1395
1592510 1395
1592520 1390
1592530 1386
1592540 1386
1592550 1382
1592560 1379
1592570 1373
1592580 1373
1592590 1369
1592600 1365
1592610 1365
1592620 1363
1592630 1359
1592640 1359
1592650 1358
1592660 1364
1592670 1364
1592680 1372
1592690 1376
1592700 1376
1592710 1380
1592720 1386
1592730 1386
1592740 1392
1592750 1397
1592760 1397
1592770 1401
1592780 1404
1592790 1404
1592800 1407
1592810 1410
1592820 1414
1592830 1414
1592840 1417
1592850 1419
1592860 1419
1592870 1422
1592880 1424
1592890 1424
1592900 1426
1592910 1428
1592920 1428
1592930 1431
1592940 1432
1592950 1432
1592960 1434
1592970 1435
1592980 1435
1592990 1437
1593000 1438
1593010 1438
1593020 1439
1593030 1442
1593040 1442
1593050 1446
1593060 1448
1593070 1448
1593080 1448
1593090 1450
1593100 1452
1593110 1452
1593120 1451
1593130 1447
1593140 1447
1593150 1446
1593160 1451
1593170 1451
1593180 1455
1593190 1458
1593200 1458
1593210 1461
1593220 1466
1593230 1466
1593240 1470
1593250 1475
1593260 1475
1593270 1479
1593280 1483
1593290 1483
1593300 1486
1593310 1490
1593320 1490
1593330 1492
1593340 1495
1593350 1499
1593360 1499
1593370 1503
1593380 1507
1593390 1507
1593400 1511
1593410 1515
1593420 1515
1593430 1518
1593440 1523
1593450 1523
1593460 1529
1593470 1535
1593480 1535
1593490 1540
1593500 1545
1593510 1545
1593520 1550
1593530 1554
1593540 1554
1593550 1558
1593560 1562
1593570 1562
1593580 1567
1593590 1573
1593600 1579
1593610 1579
1593620 1584
1593630 1591
1593640 1591
1593650 1594
1593660 1598
1593670 1598
1593680 1602
1593690 1605
1593700 1605
1593710 1610
1593720 1614
1593730 1614
1593740 1618
1593750 1621
1593760 1621
1593770 1624
1593780 1626
1593790 1626
1593800 1630
1593810 1634
1593820 1634
1593830 1637
1593840 1640
1593850 1643
1593860 1643
1593870 1647
1593880 1651
1593890 1649
1593900 1655
1593910 1658
1593920 1658
1593930 1659
1593940 1661
1593950 1661
1593960 1664
1593970 1667
1593980 1667
1593990 1670
1594000 1673
1594010 1673
1594020 1677
1594030 1680
1594040 1680
1594050 1684
1594060 1687
1594070 1687
1594080 1689
1594090 1693
1594100 1696
1594110 1696
1594120 1700
1594130 1704
1594140 1704
1594150 1707
1594160 1710
1594170 1710
1594180 1713
1594190 1715
1594200 1715
1594210 1719
1594220 1722
1594230 1722
1594240 1724
1594250 1726
1594260 1726
1594270 1728
1594280 1730
1594290 1730
1594300 1732
1594310 1735
1594320 1735
1594330 1737
1594340 1738
1594350 1741
1594360 1741
1594370 1742
1594380 1744
1594390 1744
1594400 1746
1594410 1750
1594420 1750
1594430 1752
1594440 1753
1594450 1753
1594460 1757
1594470 1759
1594480 1759
1594490 1763
1594500 1766
1594510 1766
1594520 1769
1594530 1772
1594540 1772
1594550 1774
1594560 1777
1594570 1777
1594580 1781
1594590 1784
1594600 1788
1594610 1788
1594620 1792
1594630 1795
1594640 1795
1594650 1798
1594660 1801
1594670 1801
1594680 1804
1594690 1806
1594700 1806
1594710 1809
1594720 1812
1594730 1812
1594740 1814
1594750 1815
1594760 1815
1594770 1817
1594780 1818
1594790 1818
1594800 1821
1594810 1823
1594820 1823
1594830 1825
1594840 1826
1594850 1828
1594860 1828
1594870 1829
1594880 1832
1594890 1832
1594900 1835
1594910 1836
1594920 1836
1594930 1838
1594940 1840
1594950 1840
1594960 1843
1594970 1845
1594980 1845
1594990 1847
1595000 1849
1595010 1849
1595020 1851
1595030 1852
1595040 1852
1595050 1857
1595060 1859
1595070 1859
1595080 1861
1595090 1864
1595100 1864
1595110 1866
1595120 1869
1595130 1871
1595140 1871
1595150 1873
1595160 1876
1595170 1876
1595180 1879
1595190 1881
1595200 1881
1595210 1883
1595220 1885
1595230 1885
1595240 1888
1595250 1891
1595260 1891
1595270 1894
1595280 1897
1595290 1897
1595300 1900
1595310 1902
1595320 1902
1595330 1904
1595340 1905
1595350 1905
1595360 1906
1595370 1907
1595380 1910
1595390 1910
1595400 1911
1595410 1913
1595420 1913
1595430 1915
1595440 1916
1595450 1916
1595460 1917
1595470 1919
1595480 1919
1595490 1921
1595500 1922
1595510 1922
1595520 1923
1595530 1923
1595540 1923
1595550 1924
1595560 1923
1595570 1923
1595580 1921
1595590 1918
1595600 1918
1595610 1915
1595620 1912
1595630 1908
1595640 1908
1595650 1904
1595660 1901
1595670 1901
1595680 1897
1595690 1894
1595700 1894
1595710 1891
1595720 1887
1595730 1887
1595740 1884
1595750 1881
1595760 1881
1595770 1877
1595780 1873
1595790 1873
1595800 1869
1595810 1866
1595820 1866
1595830 1862
1595840 1859
1595850 1859
1595860 1856
1595870 1851
1595880 1847
1595890 1847
1595900 1844
1595910 1840
1595920 1840
1595930 1836
1595940 1833
1595950 1833
1595960 1829
1595970 1824
1595980 1824
1595990 1820
1596000 1816
1596010 1816
1596020 1812
1596030 1807
1596040 1807
1596050 1802
1596060 1797
1596070 1797
1596080 1793
1596090 1789
1596100 1789
1596110 1784
1596120 1779
1596130 1776
1596140 1776
1596150 1774
1596160 1770
1596170 1770
1596180 1766
1596190 1759
1596200 1759
1596210 1756
1596220 1752
1596230 1752
1596240 1749
1596250 1747
1596260 1747
1596270 1742
1596280 1737
1596290 1737
1596300 1732
1596310 1729
1596320 1729
1596330 1728
1596340 1727
1596350 1727
1596360 1725
1596370 1722
1596380 1721
1596390 1721
1596400 1720
1596410 1718
1596420 1718
1596430 1719
1596440 1719
1596450 1719
1596460 1718
1596470 1717
1596480 1717
1596490 1715
1596500 1713
1596510 1713
1596520 1711
1596530 1710
1596540 1710
1596550 1707
1596560 1705
1596570 1705
1596580 1703
1596590 1702
1596600 1702
1596610 1700
1596620 1699
1596630 1699
1596640 1698
1596650 1697
1596660 1696
1596670 1696
1596680 1695
1596690 1694
1596700 1694
1596710 1692
1596720 1691
1596730 1691
1596740 1690
1596750 1688
1596760 1688
1596770 1687
1596780 1686
1596790 1686
1596800 1685
1596810 1684
1596820 1684
1596830 1682
1596840 1680
1596850 1680
1596860 1678
1596870 1675
1596880 1675
1596890 1671
1596900 1668
1596910 1668
1596920 1668
1596930 1666
1596940 1661
1596950 1661
1596960 1657
1596970 1652
1596980 1652
1596990 1650
1597000 1648
1597010 1648
1597020 1646
1597030 1646
1597040 1646
1597050 1646
1597060 1645
1597070 1645
1597080 1645
1597090 1645
1597100 1645
1597110 1644
1597120 1643
1597130 1643
1597140 1642
1597150 1641
1597160 1641
1597170 1641
1597180 1641
1597190 1640
1597200 1640
1597210 1638
1597220 1636
1597230 1636
1597240 1634
1597250 1632
1597260 1632
1597270 1630
1597280 1628
1597290 1628
1597300 1625
1597310 1623
1597320 1623
1597330 1619
1597340 1617
1597350 1617
1597360 1616
1597370 1615
1597380 1615
1597390 1614
1597400 1613
1597410 1612
1597420 1612
1597430 1611
1597440 1610
1597450 1610
1597460 1609
1597470 1609
1597480 1609
1597490 1608
1597500 1607
1597510 1607
1597520 1607
1597530 1606
1597540 1606
1597550 1605
1597560 1605
1597570 1605
1597580 1604
1597590 1603
1597600 1603
1597610 1603
1597620 1602
1597630 1602
1597640 1602
1597650 1601
1597660 1601
1597670 1601
1597680 1600
1597690 1600
1597700 1600
1597710 1600
1597720 1599
1597730 1599
1597740 1598
1597750 1597
1597760 1597
1597770 1597
1597780 1596
1597790 1596
1597800 1596
1597810 1595
1597820 1595
1597830 1595
1597840 1594
1597850 1594
1597860 1594
1597870 1593
1597880 1593
1597890 1593
1597900 1592
1597910 1591
1597920 1591
1597930 1591
1597940 1590
1597950 1590
1597960 1590
1597970 1590
1597980 1590
1597990 1590
1598000 1590
1598010 1590
1598020 1589
1598030 1588
1598040 1588
1598050 1588
1598060 1588
1598070 1588
1598080 1588
1598090 1588
1598100 1588
1598110 1587
1598120 1587
1598130 1587
1598140 1587
1598150 1587
1598160 1587
1598170 1586
1598180 1586
1598190 1586
1598200 1586
1598210 1585
1598220 1585
1598230 1585
1598240 1586
1598250 1584
1598260 1584
1598270 1583
1598280 1584
1598290 1584
1598300 1585
1598310 1584
1598320 1584
1598330 1583
1598340 1583
1598350 1583
1598360 1582
1598370 1582
1598380 1582
1598390 1582
1598400 1582
1598410 1582
1598420 1583
1598430 1584
1598440 1584
1598450 1588
1598460 1588
1598470 1589
1598480 1589
1598490 1589
1598500 1589
1598510 1589
1598520 1588
1598530 1587
1598540 1587
1598550 1587
1598560 1587
1598570 1587
1598580 1586
1598590 1586
1598600 1586
1598610 1586
1598620 1586
1598630 1586
1598640 1587
1598650 1587
1598660 1587
1598670 1588
1598680 1590
1598690 1591
1598700 1591
1598710 1592
1598720 1594
1598730 1594
1598740 1594
1598750 1594
1598760 1594
1598770 1594
1598780 1594
1598790 1594
1598800 1594
1598810 1593
1598820 1593
1598830 1593
1598840 1593
1598850 1593
1598860 1593
1598870 1594
1598880 1594
1598890 1593
1598900 1593
1598910 1593
1598920 1592
1598930 1592
1598940 1590
1598950 1590
1598960 1589
1598970 1588
1598980 1588
1598990 1588
1599000 1587
1599010 1587
1599020 1586
1599030 1584
1599040 1584
1599050 1583
1599060 1581
1599070 1581
1599080 1578
1599090 1576
1599100 1576
1599110 1574
1599120 1573
1599130 1573
1599140 1572
1599150 1571
1599160 1571
1599170 1571
1599180 1572
1599190 1569
1599200 1569
1599210 1568
1599220 1567
1599230 1567
1599240 1566
1599250 1566
1599260 1566
1599270 1565
1599280 1564
1599290 1564
1599300 1563
1599310 1563
1599320 1563
1599330 1563
1599340 1562
1599350 1562
1599360 1561
1599370 1563
1599380 1563
1599390 1565
1599400 1567
1599410 1567
1599420 1568
1599430 1570
1599440 1572
1599450 1572
1599460 1574
1599470 1576
1599480 1576
1599490 1578
1599500 1578
1599510 1578
1599520 1582
1599530 1585
1599540 1585
1599550 1587
1599560 1589
1599570 1589
1599580 1592
1599590 1593
1599600 1593
1599610 1595
1599620 1596
1599630 1596
1599640 1597
1599650 1599
1599660 1599
1599670 1602
1599680 1605
1599690 1605
1599700 1608
1599710 1612
1599720 1615
1599730 1615
1599740 1618
1599750 1620
1599760 1620
1599770 1622
1599780 1624
1599790 1624
1599800 1626
1599810 1628
1599820 1628
1599830 1631
1599840 1633
1599850 1633
1599860 1636
1599870 1639
1599880 1639
1599890 1642
1599900 1643
1599910 1643
1599920 1644
1599930 1647
1599940 1647
1599950 1648
1599960 1649
1599970 1652
1599980 1652
1599990 1654
