1580000 1733
1580010 1730
1580020 1727
1580030 1727
1580040 1724
1580050 1721
1580060 1721
1580070 1719
1580080 1719
1580090 1719
1580100 1718
1580110 1717
1580120 1717
1580130 1716
1580140 1716
1580150 1718
1580160 1718
1580170 1721
1580180 1723
1580190 1723
1580200 1725
1580210 1729
1580220 1729
1580230 1733
1580240 1736
1580250 1736
1580260 1738
1580270 1741
1580280 1741
1580290 1744
1580300 1745
1580310 1745
1580320 1746
1580330 1747
1580340 1747
1580350 1749
1580360 1750
1580370 1750
1580380 1751
1580390 1753
1580400 1753
1580410 1755
1580420 1757
1580430 1760
1580440 1760
1580450 1765
1580460 1770
1580470 1770
1580480 1774
1580490 1779
1580500 1779
1580510 1783
1580520 1786
1580530 1786
1580540 1788
1580550 1789
1580560 1789
1580570 1791
1580580 1794
1580590 1794
1580600 1798
1580610 1803
1580620 1803
1580630 1806
1580640 1809
1580650 1809
1580660 1812
1580670 1814
1580680 1814
1580690 1817
1580700 1820
1580710 1824
1580720 1824
1580730 1827
1580740 1829
1580750 1829
1580760 1832
1580770 1833
1580780 1833
1580790 1835
1580800 1839
1580810 1839
1580820 1842
1580830 1846
1580840 1846
1580850 1849
1580860 1852
1580870 1852
1580880 1857
1580890 1862
1580900 1862
1580910 1867
1580920 1874
1580930 1874
1580940 1881
1580950 1886
1580960 1892
1580970 1892
1580980 1897
1580990 1902
1581000 1902
1581010 1907
1581020 1912
1581030 1912
1581040 1918
1581050 1924
1581060 1924
1581070 1930
1581080 1935
1581090 1935
1581100 1941
1581110 1946
1581120 1946
1581130 1951
1581140 1957
1581150 1957
1581160 1964
1581170 1970
1581180 1970
1581190 1976
1581200 1983
1581210 1983
1581220 1985
1581230 1983
1581240 1982
1581250 1982
1581260 1980
1581270 1979
1581280 1979
1581290 1981
1581300 1981
1581310 1981
1581320 1982
1581330 1982
1581340 1982
1581350 1982
1581360 1983
1581370 1983
1581380 1984
1581390 1985
1581400 1985
1581410 1985
1581420 1986
1581430 1986
1581440 1987
1581450 1989
1581460 1989
1581470 1993
1581480 1999
1581490 2005
1581500 2005
1581510 2008
1581520 2012
1581530 2012
1581540 2014
1581550 2015
1581560 2015
1581570 2015
1581580 2015
1581590 2015
1581600 2017
1581610 2016
1581620 2016
1581630 2014
1581640 2014
1581650 2014
1581660 2015
1581670 2018
1581680 2018
1581690 2020
1581700 2020
1581710 2020
1581720 2023
1581730 2026
1581740 2026
1581750 2029
1581760 2031
1581770 2034
1581780 2034
1581790 2036
1581800 2037
1581810 2037
1581820 2039
1581830 2041
1581840 2041
1581850 2043
1581860 2045
1581870 2045
1581880 2047
1581890 2049
1581900 2049
1581910 2051
1581920 2053
1581930 2053
1581940 2056
1581950 2060
1581960 2060
1581970 2063
1581980 2064
1581990 2064
1582000 2067
1582010 2073
1582020 2079
1582030 2079
1582040 2086
1582050 2092
1582060 2092
1582070 2098
1582080 2105
1582090 2105
1582100 2112
1582110 2119
1582120 2119
1582130 2126
1582140 2134
1582150 2134
1582160 2141
1582170 2150
1582180 2150
1582190 2159
1582200 2168
1582210 2168
1582220 2175
1582230 2174
1582240 2174
1582250 2171
1582260 2167
1582270 2167
1582280 2163
1582290 2160
1582300 2158
1582310 2158
1582320 2155
1582330 2153
1582340 2153
1582350 2151
1582360 2149
1582370 2149
1582380 2147
1582390 2146
1582400 2146
1582410 2144
1582420 2143
1582430 2143
1582440 2141
1582450 2139
1582460 2139
1582470 2137
1582480 2135
1582490 2135
1582500 2132
1582510 2130
1582520 2130
1582530 2127
1582540 2123
1582550 2122
1582560 2117
1582570 2112
1582580 2107
1582590 2107
1582600 2100
1582610 2094
1582620 2094
1582630 2088
1582640 2078
1582650 2078
1582660 2070
1582670 2066
1582680 2066
1582690 2063
1582700 2062
1582710 2062
1582720 2059
1582730 2056
1582740 2056
1582750 2052
1582760 2048
1582770 2048
1582780 2045
1582790 2043
1582800 2043
1582810 2041
1582820 2039
1582830 2037
1582840 2037
1582850 2032
1582860 2027
1582870 2027
1582880 2022
1582890 2017
1582900 2017
1582910 2012
1582920 2006
1582930 2006
1582940 2001
1582950 1997
1582960 1997
1582970 1992
1582980 1986
1582990 1986
1583000 1980
1583010 1974
1583020 1974
1583030 1970
1583040 1965
1583050 1965
1583060 1960
1583070 1956
1583080 1956
1583090 1953
1583100 1951
1583110 1950
1583120 1950
1583130 1953
1583140 1955
1583150 1955
1583160 1952
1583170 1948
1583180 1948
1583190 1945
1583200 1945
1583210 1945
1583220 1947
1583230 1949
1583240 1949
1583250 1950
1583260 1951
1583270 1951
1583280 1951
1583290 1949
1583300 1949
1583310 1949
1583320 1950
1583330 1950
1583340 1950
1583350 1949
1583360 1948
1583370 1948
1583380 1948
1583390 1947
1583400 1947
1583410 1947
1583420 1951
1583430 1951
1583440 1953
1583450 1952
1583460 1952
1583470 1952
1583480 1951
1583490 1951
1583500 1950
1583510 1950
1583520 1950
1583530 1949
1583540 1949
1583550 1949
1583560 1949
1583570 1948
1583580 1948
1583590 1947
1583600 1947
1583610 1947
1583620 1946
1583630 1946
1583640 1946
1583650 1946
1583660 1946
1583670 1944
1583680 1944
1583690 1943
1583700 1940
1583710 1940
1583720 1937
1583730 1933
1583740 1933
1583750 1931
1583760 1929
1583770 1929
1583780 1928
1583790 1927
1583800 1927
1583810 1925
1583820 1925
1583830 1925
1583840 1923
1583850 1923
1583860 1923
1583870 1922
1583880 1923
1583890 1922
1583900 1922
1583910 1921
1583920 1921
1583930 1921
1583940 1921
1583950 1922
1583960 1922
1583970 1923
1583980 1922
1583990 1922
1584000 1921
1584010 1919
1584020 1919
1584030 1917
1584040 1914
1584050 1914
1584060 1912
1584070 1910
1584080 1910
1584090 1907
1584100 1904
1584110 1904
1584120 1901
1584130 1897
1584140 1897
1584150 1894
1584160 1892
1584170 1889
1584180 1889
1584190 1886
1584200 1885
1584210 1885
1584220 1882
1584230 1879
1584240 1879
1584250 1879
1584260 1878
1584270 1878
1584280 1876
1584290 1875
1584300 1875
1584310 1873
1584320 1871
1584330 1871
1584340 1870
1584350 1866
1584360 1866
1584370 1864
1584380 1862
1584390 1862
1584400 1861
1584410 1856
1584420 1851
1584430 1851
1584440 1846
1584450 1840
1584460 1840
1584470 1836
1584480 1831
1584490 1831
1584500 1827
1584510 1823
1584520 1823
1584530 1818
1584540 1811
1584550 1811
1584560 1805
1584570 1799
1584580 1799
1584590 1791
1584600 1784
1584610 1784
1584620 1776
1584630 1767
1584640 1767
1584650 1759
1584660 1747
1584670 1747
1584680 1735
1584690 1726
1584700 1719
1584710 1719
1584720 1712
1584730 1705
1584740 1705
1584750 1698
1584760 1692
1584770 1692
1584780 1685
1584790 1679
1584800 1679
1584810 1673
1584820 1666
1584830 1666
1584840 1659
1584850 1653
1584860 1653
1584870 1645
1584880 1641
1584890 1641
1584900 1637
1584910 1634
1584920 1634
1584930 1630
1584940 1625
1584950 1625
1584960 1621
1584970 1617
1584980 1612
1584990 1612
1585000 1607
1585010 1604
1585020 1604
1585030 1602
1585040 1599
1585050 1599
1585060 1597
1585070 1596
1585080 1596
1585090 1594
1585100 1592
1585110 1592
1585120 1587
1585130 1584
1585140 1584
1585150 1581
1585160 1579
1585170 1579
1585180 1577
1585190 1573
1585200 1573
1585210 1567
1585220 1560
1585230 1553
1585240 1553
1585250 1550
1585260 1548
1585270 1548
1585280 1545
1585290 1539
1585300 1539
1585310 1534
1585320 1528
1585330 1528
1585340 1525
1585350 1520
1585360 1520
1585370 1517
1585380 1512
1585390 1512
1585400 1508
1585410 1504
1585420 1504
1585430 1501
1585440 1496
1585450 1496
1585460 1490
1585470 1485
1585480 1485
1585490 1478
1585500 1471
1585510 1465
1585520 1465
1585530 1458
1585540 1451
1585550 1451
1585560 1448
1585570 1443
1585580 1443
1585590 1439
1585600 1436
1585610 1436
1585620 1433
1585630 1433
1585640 1433
1585650 1431
1585660 1428
1585670 1428
1585680 1425
1585690 1423
1585700 1423
1585710 1423
1585720 1421
1585730 1421
1585740 1419
1585750 1416
1585760 1414
1585770 1414
1585780 1413
1585790 1411
1585800 1411
1585810 1409
1585820 1408
1585830 1408
1585840 1407
1585850 1405
1585860 1405
1585870 1404
1585880 1403
1585890 1403
1585900 1401
1585910 1400
1585920 1400
1585930 1400
1585940 1399
1585950 1399
1585960 1399
1585970 1398
1585980 1398
1585990 1398
1586000 1397
1586010 1397
1586020 1399
1586030 1401
1586040 1401
1586050 1401
1586060 1403
1586070 1405
1586080 1405
1586090 1407
1586100 1412
1586110 1412
1586120 1417
1586130 1421
1586140 1421
1586150 1424
1586160 1427
1586170 1427
1586180 1433
1586190 1439
1586200 1439
1586210 1444
1586220 1447
1586230 1447
1586240 1448
1586250 1450
1586260 1450
1586270 1452
1586280 1455
1586290 1458
1586300 1458
1586310 1462
1586320 1466
1586330 1466
1586340 1470
1586350 1474
1586360 1474
1586370 1477
1586380 1486
1586390 1486
1586400 1491
1586410 1496
1586420 1496
1586430 1500
1586440 1506
1586450 1506
1586460 1511
1586470 1516
1586480 1516
1586490 1518
1586500 1520
1586510 1520
1586520 1522
1586530 1523
1586540 1523
1586550 1530
1586560 1541
1586570 1546
1586580 1546
1586590 1551
1586600 1558
1586610 1558
1586620 1566
1586630 1568
1586640 1568
1586650 1565
1586660 1567
1586670 1567
1586680 1579
1586690 1593
1586700 1593
1586710 1607
1586720 1621
1586730 1621
1586740 1630
1586750 1644
1586760 1644
1586770 1657
1586780 1666
1586790 1666
1586800 1672
1586810 1675
1586820 1675
1586830 1678
1586840 1684
1586850 1690
1586860 1690
1586870 1699
1586880 1708
1586890 1708
1586900 1716
1586910 1725
1586920 1725
1586930 1733
1586940 1737
1586950 1737
1586960 1740
1586970 1743
1586980 1743
1586990 1741
1587000 1744
1587010 1744
1587020 1752
1587030 1759
1587040 1759
1587050 1764
1587060 1765
1587070 1765
1587080 1769
1587090 1772
1587100 1775
1587110 1775
1587120 1778
1587130 1781
1587140 1781
1587150 1785
1587160 1785
1587170 1785
1587180 1782
1587190 1779
1587200 1779
1587210 1775
1587220 1770
1587230 1770
1587240 1765
1587250 1764
1587260 1764
1587270 1762
1587280 1760
1587290 1760
1587300 1756
1587310 1753
1587320 1753
1587330 1751
1587340 1748
1587350 1748
1587360 1745
1587370 1744
1587380 1744
1587390 1744
1587400 1744
1587410 1742
1587420 1742
1587430 1740
1587440 1737
1587450 1737
1587460 1736
1587470 1733
1587480 1733
1587490 1734
1587500 1742
1587510 1742
1587520 1749
1587530 1755
1587540 1755
1587550 1760
1587560 1763
1587570 1763
1587580 1767
1587590 1772
1587600 1772
1587610 1776
1587620 1779
1587630 1782
1587640 1782
1587650 1786
1587660 1790
1587670 1790
1587680 1795
1587690 1800
1587700 1800
1587710 1805
1587720 1809
1587730 1809
1587740 1814
1587750 1818
1587760 1818
1587770 1822
1587780 1826
1587790 1826
1587800 1830
1587810 1833
1587820 1833
1587830 1837
1587840 1841
1587850 1841
1587860 1845
1587870 1849
1587880 1849
1587890 1853
1587900 1858
1587910 1865
1587920 1865
1587930 1871
1587940 1875
1587950 1875
1587960 1878
1587970 1882
1587980 1882
1587990 1886
1588000 1891
1588010 1891
1588020 1896
1588030 1900
1588040 1900
1588050 1905
1588060 1911
1588070 1911
1588080 1917
1588090 1921
1588100 1921
1588110 1926
1588120 1930
1588130 1930
1588140 1934
1588150 1937
1588160 1940
1588170 1940
1588180 1942
1588190 1944
1588200 1944
1588210 1948
1588220 1951
1588230 1951
1588240 1955
1588250 1961
1588260 1961
1588270 1967
1588280 1973
1588290 1973
1588300 1978
1588310 1983
1588320 1983
1588330 1991
1588340 1998
1588350 1998
1588360 2005
1588370 2014
1588380 2014
1588390 2020
1588400 2027
1588410 2027
1588420 2031
1588430 2036
1588440 2042
1588450 2042
1588460 2048
1588470 2057
1588480 2057
1588490 2065
1588500 2070
1588510 2070
1588520 2073
1588530 2075
1588540 2075
1588550 2081
1588560 2090
1588570 2090
1588580 2100
1588590 2110
1588600 2110
1588610 2118
1588620 2124
1588630 2124
1588640 2130
1588650 2137
1588660 2137
1588670 2144
1588680 2150
1588690 2150
1588700 2156
1588710 2162
1588720 2168
1588730 2168
1588740 2173
1588750 2178
1588760 2178
1588770 2183
1588780 2189
1588790 2189
1588800 2196
1588810 2202
1588820 2202
1588830 2209
1588840 2215
1588850 2213
1588860 2217
1588870 2222
1588880 2222
1588890 2224
1588900 2225
1588910 2225
1588920 2226
1588930 2228
1588940 2228
1588950 2229
1588960 2229
1588970 2229
1588980 2229
1588990 2228
1589000 2228
1589010 2228
1589020 2226
1589030 2222
1589040 2222
1589050 2217
1589060 2211
1589070 2211
1589080 2205
1589090 2200
1589100 2200
1589110 2196
1589120 2192
1589130 2192
1589140 2189
1589150 2186
1589160 2186
1589170 2185
1589180 2182
1589190 2182
1589200 2180
1589210 2178
1589220 2178
1589230 2176
1589240 2174
1589250 2171
1589260 2171
1589270 2169
1589280 2168
1589290 2168
1589300 2166
1589310 2164
1589320 2164
1589330 2162
1589340 2161
1589350 2161
1589360 2160
1589370 2159
1589380 2159
1589390 2158
1589400 2157
1589410 2157
1589420 2155
1589430 2154
1589440 2154
1589450 2153
1589460 2152
1589470 2152
1589480 2151
1589490 2150
1589500 2149
1589510 2149
1589520 2148
1589530 2147
1589540 2147
1589550 2146
1589560 2143
1589570 2143
1589580 2142
1589590 2141
1589600 2141
1589610 2140
1589620 2140
1589630 2140
1589640 2141
1589650 2142
1589660 2142
1589670 2142
1589680 2142
1589690 2142
1589700 2140
1589710 2139
1589720 2139
1589730 2139
1589740 2142
1589750 2142
1589760 2146
1589770 2149
1589780 2150
1589790 2150
1589800 2149
1589810 2145
1589820 2145
1589830 2141
1589840 2139
1589850 2139
1589860 2139
1589870 2140
1589880 2140
1589890 2141
1589900 2142
1589910 2142
1589920 2142
1589930 2142
1589940 2142
1589950 2140
1589960 2137
1589970 2137
1589980 2136
1589990 2136
1590000 2136
1590010 2137
1590020 2139
1590030 2139
1590040 2139
1590050 2138
1590060 2139
1590070 2139
1590080 2138
1590090 2136
1590100 2136
1590110 2133
1590120 2131
1590130 2131
1590140 2130
1590150 2128
1590160 2128
1590170 2125
1590180 2122
1590190 2122
1590200 2121
1590210 2123
1590220 2123
1590230 2120
1590240 2116
1590250 2116
1590260 2112
1590270 2110
1590280 2110
1590290 2108
1590300 2107
1590310 2104
1590320 2104
1590330 2101
1590340 2099
1590350 2099
1590360 2097
1590370 2096
1590380 2096
1590390 2094
1590400 2091
1590410 2091
1590420 2089
1590430 2087
1590440 2087
1590450 2085
1590460 2083
1590470 2083
1590480 2080
1590490 2078
1590500 2078
1590510 2076
1590520 2074
1590530 2074
1590540 2073
1590550 2070
1590560 2070
1590570 2068
1590580 2065
1590590 2064
1590600 2064
1590610 2061
1590620 2058
1590630 2058
1590640 2057
1590650 2055
1590660 2055
1590670 2053
1590680 2050
1590690 2050
1590700 2048
1590710 2045
1590720 2045
1590730 2043
1590740 2041
1590750 2041
1590760 2039
1590770 2038
1590780 2038
1590790 2037
1590800 2036
1590810 2036
1590820 2035
1590830 2034
1590840 2032
1590850 2032
1590860 2030
1590870 2028
1590880 2028
1590890 2025
1590900 2022
1590910 2022
1590920 2018
1590930 2015
1590940 2015
1590950 2011
1590960 2008
1590970 2008
1590980 2004
1590990 1999
1591000 1999
1591010 1995
1591020 1992
1591030 1992
1591040 1991
1591050 1987
1591060 1987
1591070 1983
1591080 1978
1591090 1978
1591100 1973
1591110 1969
1591120 1965
1591130 1965
1591140 1960
1591150 1956
1591160 1956
1591170 1955
1591180 1955
1591190 1955
1591200 1955
1591210 1953
1591220 1953
1591230 1951
1591240 1948
1591250 1948
1591260 1944
1591270 1946
1591280 1946
1591290 1947
1591300 1947
1591310 1947
1591320 1948
1591330 1947
1591340 1947
1591350 1949
1591360 1950
1591370 1951
1591380 1951
1591390 1953
1591400 1955
1591410 1955
1591420 1954
1591430 1952
1591440 1952
1591450 1951
1591460 1951
1591470 1951
1591480 1951
1591490 1952
1591500 1952
1591510 1952
1591520 1952
1591530 1952
1591540 1953
1591550 1954
1591560 1954
1591570 1956
1591580 1957
1591590 1957
1591600 1958
1591610 1959
1591620 1959
1591630 1960
1591640 1959
1591650 1959
1591660 1959
1591670 1959
1591680 1963
1591690 1963
1591700 1965
1591710 1966
1591720 1966
1591730 1966
1591740 1964
1591750 1964
1591760 1963
1591770 1962
1591780 1962
1591790 1960
1591800 1958
1591810 1958
1591820 1956
1591830 1954
1591840 1954
1591850 1952
1591860 1951
1591870 1951
1591880 1949
1591890 1947
1591900 1947
1591910 1945
1591920 1946
1591930 1948
1591940 1948
1591950 1951
1591960 1953
1591970 1953
1591980 1958
1591990 1963
1592000 1963
1592010 1967
1592020 1968
1592030 1968
1592040 1968
1592050 1970
1592060 1970
1592070 1972
1592080 1972
1592090 1972
1592100 1972
1592110 1969
1592120 1969
1592130 1962
1592140 1954
1592150 1954
1592160 1951
1592170 1952
1592180 1952
1592190 1952
1592200 1947
1592210 1944
1592220 1944
1592230 1942
1592240 1940
1592250 1940
1592260 1938
1592270 1935
1592280 1935
1592290 1930
1592300 1927
1592310 1927
1592320 1927
1592330 1924
1592340 1924
1592350 1922
1592360 1919
1592370 1919
1592380 1917
1592390 1914
1592400 1914
1592410 1914
1592420 1916
1592430 1916
1592440 1917
1592450 1908
1592460 1903
1592470 1903
1592480 1896
1592490 1892
1592500 1892
1592510 1889
1592520 1887
1592530 1887
1592540 1884
1592550 1880
1592560 1880
1592570 1878
1592580 1879
1592590 1879
1592600 1879
1592610 1875
1592620 1875
1592630 1874
1592640 1877
1592650 1877
1592660 1882
1592670 1888
1592680 1888
1592690 1890
1592700 1888
1592710 1892
1592720 1892
1592730 1896
1592740 1903
1592750 1903
1592760 1909
1592770 1915
1592780 1915
1592790 1920
1592800 1923
1592810 1923
1592820 1927
1592830 1932
1592840 1932
1592850 1937
1592860 1942
1592870 1942
1592880 1946
1592890 1949
1592900 1949
1592910 1952
1592920 1954
1592930 1954
1592940 1956
1592950 1956
1592960 1956
1592970 1956
1592980 1957
1592990 1958
1593000 1958
1593010 1962
1593020 1969
1593030 1969
1593040 1974
1593050 1976
1593060 1976
1593070 1982
1593080 1991
1593090 1991
1593100 2000
1593110 2006
1593120 2006
1593130 2010
1593140 2014
1593150 2014
1593160 2019
1593170 2024
1593180 2024
1593190 2029
1593200 2033
1593210 2033
1593220 2037
1593230 2041
1593240 2044
1593250 2044
1593260 2046
1593270 2046
1593280 2046
1593290 2045
1593300 2044
1593310 2044
1593320 2043
1593330 2043
1593340 2043
1593350 2043
1593360 2043
1593370 2043
1593380 2043
1593390 2044
1593400 2044
1593410 2045
1593420 2044
1593430 2044
1593440 2045
1593450 2046
1593460 2046
1593470 2048
1593480 2049
1593490 2049
1593500 2050
1593510 2050
1593520 2049
1593530 2049
1593540 2048
1593550 2048
1593560 2048
1593570 2047
1593580 2046
1593590 2046
1593600 2046
1593610 2045
1593620 2044
1593630 2043
1593640 2043
1593650 2043
1593660 2042
1593670 2040
1593680 2040
1593690 2037
1593700 2033
1593710 2033
1593720 2030
1593730 2027
1593740 2027
1593750 2025
1593760 2022
1593770 2022
1593780 2017
1593790 2011
1593800 2006
1593810 2006
1593820 2001
1593830 1996
1593840 1996
1593850 1991
1593860 1985
1593870 1985
1593880 1980
1593890 1976
1593900 1976
1593910 1972
1593920 1969
1593930 1969
1593940 1965
1593950 1960
1593960 1960
1593970 1956
1593980 1951
1593990 1951
1594000 1947
1594010 1943
1594020 1943
1594030 1938
1594040 1933
1594050 1928
1594060 1928
1594070 1923
1594080 1916
1594090 1916
1594100 1911
1594110 1907
1594120 1907
1594130 1902
1594140 1898
1594150 1898
1594160 1892
1594170 1887
1594180 1887
1594190 1883
1594200 1879
1594210 1879
1594220 1871
1594230 1865
1594240 1865
1594250 1860
1594260 1857
1594270 1857
1594280 1855
1594290 1852
1594300 1852
1594310 1849
1594320 1845
1594330 1841
1594340 1841
1594350 1836
1594360 1830
1594370 1830
1594380 1825
1594390 1820
1594400 1820
1594410 1815
1594420 1811
1594430 1811
1594440 1809
1594450 1807
1594460 1807
1594470 1805
1594480 1804
1594490 1804
1594500 1801
1594510 1799
1594520 1799
1594530 1795
1594540 1792
1594550 1792
1594560 1789
1594570 1786
1594580 1784
1594590 1784
1594600 1781
1594610 1778
1594620 1778
1594630 1774
1594640 1772
1594650 1772
1594660 1768
1594670 1763
1594680 1763
1594690 1758
1594700 1754
1594710 1754
1594720 1753
1594730 1751
1594740 1751
1594750 1747
1594760 1744
1594770 1744
1594780 1743
1594790 1740
1594800 1740
1594810 1737
1594820 1734
1594830 1734
1594840 1731
1594850 1729
1594860 1727
1594870 1727
1594880 1725
1594890 1723
1594900 1723
1594910 1721
1594920 1718
1594930 1718
1594940 1716
1594950 1714
1594960 1714
1594970 1712
1594980 1709
1594990 1709
1595000 1706
1595010 1703
1595020 1703
1595030 1699
1595040 1694
1595050 1694
1595060 1690
1595070 1687
1595080 1687
1595090 1684
1595100 1681
1595110 1677
1595120 1677
1595130 1673
1595140 1669
1595150 1669
1595160 1664
1595170 1662
1595180 1662
1595190 1657
1595200 1654
1595210 1654
1595220 1651
1595230 1647
1595240 1647
1595250 1645
1595260 1643
1595270 1643
1595280 1639
1595290 1635
1595300 1635
1595310 1631
1595320 1627
1595330 1627
1595340 1621
1595350 1615
1595360 1615
1595370 1609
1595380 1603
1595390 1599
1595400 1599
1595410 1596
1595420 1593
1595430 1593
1595440 1590
1595450 1586
1595460 1586
1595470 1581
1595480 1576
1595490 1576
1595500 1572
1595510 1567
1595520 1567
1595530 1563
1595540 1560
1595550 1560
1595560 1557
1595570 1553
1595580 1553
1595590 1549
1595600 1545
1595610 1545
1595620 1540
1595630 1536
1595640 1536
1595650 1533
1595660 1529
1595670 1524
1595680 1524
1595690 1520
1595700 1517
1595710 1517
1595720 1511
1595730 1503
1595740 1503
1595750 1497
1595760 1491
1595770 1491
1595780 1487
1595790 1483
1595800 1483
1595810 1477
1595820 1471
1595830 1471
1595840 1468
1595850 1468
1595860 1468
1595870 1472
1595880 1478
1595890 1478
1595900 1482
1595910 1485
1595920 1488
1595930 1488
1595940 1485
1595950 1489
1595960 1489
1595970 1494
1595980 1498
1595990 1498
1596000 1501
1596010 1504
1596020 1504
1596030 1509
1596040 1517
1596050 1517
1596060 1522
1596070 1523
1596080 1523
1596090 1523
1596100 1524
1596110 1524
1596120 1526
1596130 1526
1596140 1526
1596150 1526
1596160 1532
1596170 1532
1596180 1537
1596190 1540
1596200 1544
1596210 1544
1596220 1548
1596230 1552
1596240 1552
1596250 1555
1596260 1558
1596270 1558
1596280 1558
1596290 1557
1596300 1557
1596310 1557
1596320 1560
1596330 1560
1596340 1563
1596350 1566
1596360 1566
1596370 1566
1596380 1565
1596390 1565
1596400 1565
1596410 1565
1596420 1565
1596430 1561
1596440 1554
1596450 1550
1596460 1550
1596470 1544
1596480 1540
1596490 1540
1596500 1538
1596510 1539
1596520 1539
1596530 1542
1596540 1548
1596550 1548
1596560 1554
1596570 1555
1596580 1555
1596590 1556
1596600 1557
1596610 1557
1596620 1558
1596630 1561
1596640 1561
1596650 1563
1596660 1564
1596670 1564
1596680 1564
1596690 1564
1596700 1564
1596710 1563
1596720 1562
1596730 1558
1596740 1558
1596750 1555
1596760 1554
1596770 1554
1596780 1552
1596790 1550
1596800 1550
1596810 1547
1596820 1544
1596830 1544
1596840 1541
1596850 1539
1596860 1539
1596870 1536
1596880 1534
1596890 1534
1596900 1532
1596910 1529
1596920 1529
1596930 1524
1596940 1519
1596950 1519
1596960 1514
1596970 1511
1596980 1511
1596990 1509
1597000 1505
1597010 1501
1597020 1501
1597030 1495
1597040 1488
1597050 1488
1597060 1481
1597070 1471
1597080 1471
1597090 1465
1597100 1458
1597110 1458
1597120 1452
1597130 1445
1597140 1445
1597150 1439
1597160 1432
1597170 1432
1597180 1425
1597190 1418
1597200 1418
1597210 1413
1597220 1407
1597230 1407
1597240 1401
1597250 1397
1597260 1393
1597270 1393
1597280 1389
1597290 1387
1597300 1387
1597310 1386
1597320 1386
1597330 1386
1597340 1384
1597350 1382
1597360 1382
1597370 1377
1597380 1373
1597390 1373
1597400 1371
1597410 1370
1597420 1370
1597430 1371
1597440 1373
1597450 1373
1597460 1374
1597470 1376
1597480 1376
1597490 1377
1597500 1375
1597510 1375
1597520 1368
1597530 1362
1597540 1354
1597550 1354
1597560 1348
1597570 1343
1597580 1343
1597590 1343
1597600 1348
1597610 1348
1597620 1355
1597630 1363
1597640 1363
1597650 1371
1597660 1380
1597670 1380
1597680 1389
1597690 1397
1597700 1397
1597710 1406
1597720 1416
1597730 1416
1597740 1423
1597750 1430
1597760 1430
1597770 1437
1597780 1444
1597790 1451
1597800 1451
1597810 1456
1597820 1458
1597830 1458
1597840 1459
1597850 1461
1597860 1461
1597870 1462
1597880 1462
1597890 1462
1597900 1461
1597910 1460
1597920 1460
1597930 1460
1597940 1460
1597950 1460
1597960 1459
1597970 1459
1597980 1459
1597990 1459
1598000 1459
1598010 1459
1598020 1460
1598030 1461
1598040 1461
1598050 1463
1598060 1465
1598070 1467
1598080 1467
1598090 1469
1598100 1470
1598110 1470
1598120 1471
1598130 1472
1598140 1472
1598150 1474
1598160 1474
1598170 1474
1598180 1476
1598190 1477
1598200 1474
1598210 1475
1598220 1477
1598230 1477
1598240 1477
1598250 1480
1598260 1480
1598270 1486
1598280 1490
1598290 1490
1598300 1494
1598310 1499
1598320 1503
1598330 1503
1598340 1507
1598350 1510
1598360 1510
1598370 1514
1598380 1517
1598390 1517
1598400 1520
1598410 1524
1598420 1524
1598430 1527
1598440 1530
1598450 1530
1598460 1533
1598470 1535
1598480 1535
1598490 1537
1598500 1540
1598510 1540
1598520 1544
1598530 1548
1598540 1548
1598550 1551
1598560 1553
1598570 1553
1598580 1556
1598590 1557
1598600 1559
1598610 1559
1598620 1561
1598630 1563
1598640 1563
1598650 1565
1598660 1566
1598670 1566
1598680 1566
1598690 1565
1598700 1565
1598710 1565
1598720 1564
1598730 1564
1598740 1562
1598750 1561
1598760 1561
1598770 1559
1598780 1558
1598790 1558
1598800 1558
1598810 1557
1598820 1557
1598830 1556
1598840 1555
1598850 1555
1598860 1553
1598870 1550
1598880 1548
1598890 1548
1598900 1548
1598910 1549
1598920 1549
1598930 1549
1598940 1550
1598950 1550
1598960 1551
1598970 1553
1598980 1553
1598990 1554
1599000 1557
1599010 1557
1599020 1559
1599030 1561
1599040 1561
1599050 1563
1599060 1564
1599070 1564
1599080 1568
1599090 1572
1599100 1572
1599110 1576
1599120 1580
1599130 1583
1599140 1583
1599150 1586
1599160 1589
1599170 1589
1599180 1591
1599190 1594
1599200 1594
1599210 1595
1599220 1597
1599230 1597
1599240 1597
1599250 1595
1599260 1595
1599270 1592
1599280 1588
1599290 1588
1599300 1583
1599310 1578
1599320 1578
1599330 1574
1599340 1570
1599350 1570
1599360 1563
1599370 1558
1599380 1558
1599390 1554
1599400 1550
1599410 1546
1599420 1546
1599430 1542
1599440 1537
1599450 1537
1599460 1533
1599470 1528
1599480 1528
1599490 1523
1599500 1517
1599510 1517
1599520 1513
1599530 1511
1599540 1511
1599550 1505
1599560 1500
1599570 1500
1599580 1494
1599590 1489
1599600 1489
1599610 1483
1599620 1478
1599630 1478
1599640 1473
1599650 1468
1599660 1463
1599670 1463
1599680 1459
1599690 1455
1599700 1455
1599710 1451
1599720 1447
1599730 1447
1599740 1443
1599750 1439
1599760 1439
1599770 1435
1599780 1430
1599790 1430
1599800 1426
1599810 1423
1599820 1423
1599830 1420
1599840 1417
1599850 1417
1599860 1414
1599870 1411
1599880 1411
1599890 1408
1599900 1405
1599910 1405
1599920 1403
1599930 1400
1599940 1396
1599950 1396
1599960 1393
1599970 1389
1599980 1389
1599990 1384
