1580000 1788
1580010 1786
1580020 1782
1580030 1782
1580040 1777
1580050 1760
1580060 1760
1580070 1752
1580080 1747
1580090 1747
1580100 1743
1580110 1738
1580120 1738
1580130 1735
1580140 1731
1580150 1731
1580160 1731
1580170 1731
1580180 1731
1580190 1730
1580200 1730
1580210 1730
1580220 1732
1580230 1733
1580240 1735
1580250 1735
1580260 1735
1580270 1736
1580280 1736
1580290 1739
1580300 1744
1580310 1744
1580320 1746
1580330 1747
1580340 1747
1580350 1748
1580360 1749
1580370 1749
1580380 1750
1580390 1751
1580400 1751
1580410 1753
1580420 1754
1580430 1754
1580440 1755
1580450 1757
1580460 1757
1580470 1758
1580480 1759
1580490 1761
1580500 1761
1580510 1763
1580520 1765
1580530 1765
1580540 1767
1580550 1770
1580560 1770
1580570 1773
1580580 1775
1580590 1775
1580600 1779
1580610 1782
1580620 1782
1580630 1784
1580640 1787
1580650 1791
1580660 1794
1580670 1797
1580680 1797
1580690 1799
1580700 1801
1580710 1801
1580720 1803
1580730 1807
1580740 1807
1580750 1811
1580760 1815
1580770 1817
1580780 1817
1580790 1820
1580800 1823
1580810 1823
1580820 1827
1580830 1832
1580840 1832
1580850 1835
1580860 1840
1580870 1840
1580880 1845
1580890 1850
1580900 1850
1580910 1857
1580920 1866
1580930 1866
1580940 1870
1580950 1875
1580960 1875
1580970 1879
1580980 1886
1580990 1886
1581000 1893
1581010 1899
1581020 1905
1581030 1905
1581040 1911
1581050 1918
1581060 1918
1581070 1923
1581080 1928
1581090 1928
1581100 1933
1581110 1938
1581120 1938
1581130 1942
1581140 1947
1581150 1947
1581160 1952
1581170 1956
1581180 1956
1581190 1959
1581200 1962
1581210 1962
1581220 1966
1581230 1971
1581240 1971
1581250 1977
1581260 1981
1581270 1981
1581280 1984
1581290 1986
1581300 1988
1581310 1988
1581320 1988
1581330 1989
1581340 1989
1581350 1990
1581360 1987
1581370 1987
1581380 1989
1581390 1989
1581400 1989
1581410 1994
1581420 2001
1581430 2001
1581440 2005
1581450 2006
1581460 2006
1581470 2006
1581480 2004
1581490 2004
1581500 2004
1581510 2005
1581520 2005
1581530 2008
1581540 2009
1581550 2006
1581560 2006
1581570 2006
1581580 2007
1581590 2007
1581600 2010
1581610 2011
1581620 2011
1581630 2012
1581640 2012
1581650 2012
1581660 2014
1581670 2015
1581680 2015
1581690 2017
1581700 2018
1581710 2018
1581720 2019
1581730 2020
1581740 2020
1581750 2022
1581760 2025
1581770 2025
1581780 2029
1581790 2032
1581800 2032
1581810 2037
1581820 2039
1581830 2041
1581840 2041
1581850 2043
1581860 2046
1581870 2046
1581880 2049
1581890 2054
1581900 2054
1581910 2057
1581920 2060
1581930 2060
1581940 2066
1581950 2072
1581960 2072
1581970 2081
1581980 2087
1581990 2087
1582000 2093
1582010 2098
1582020 2098
1582030 2104
1582040 2108
1582050 2108
1582060 2117
1582070 2127
1582080 2127
1582090 2137
1582100 2145
1582110 2153
1582120 2153
1582130 2158
1582140 2163
1582150 2163
1582160 2170
1582170 2174
1582180 2174
1582190 2170
1582200 2166
1582210 2166
1582220 2160
1582230 2155
1582240 2155
1582250 2153
1582260 2152
1582270 2152
1582280 2151
1582290 2148
1582300 2148
1582310 2147
1582320 2145
1582330 2145
1582340 2143
1582350 2142
1582360 2139
1582370 2139
1582380 2137
1582390 2136
1582400 2136
1582410 2134
1582420 2133
1582430 2133
1582440 2131
1582450 2129
1582460 2129
1582470 2128
1582480 2125
1582490 2125
1582500 2123
1582510 2120
1582520 2120
1582530 2116
1582540 2107
1582550 2107
1582560 2095
1582570 2088
1582580 2088
1582590 2082
1582600 2076
1582610 2076
1582620 2071
1582630 2067
1582640 2063
1582650 2063
1582660 2060
1582670 2060
1582680 2060
1582690 2059
1582700 2059
1582710 2059
1582720 2059
1582730 2059
1582740 2059
1582750 2058
1582760 2058
1582770 2058
1582780 2058
1582790 2056
1582800 2056
1582810 2050
1582820 2039
1582830 2039
1582840 2034
1582850 2028
1582860 2028
1582870 2022
1582880 2016
1582890 2010
1582900 2010
1582910 2003
1582920 1998
1582930 1998
1582940 1993
1582950 1989
1582960 1989
1582970 1980
1582980 1976
1582990 1976
1583000 1972
1583010 1963
1583020 1963
1583030 1951
1583040 1948
1583050 1948
1583060 1947
1583070 1945
1583080 1945
1583090 1944
1583100 1944
1583110 1944
1583120 1944
1583130 1944
1583140 1944
1583150 1944
1583160 1944
1583170 1946
1583180 1946
1583190 1947
1583200 1948
1583210 1948
1583220 1948
1583230 1948
1583240 1948
1583250 1948
1583260 1948
1583270 1948
1583280 1948
1583290 1949
1583300 1949
1583310 1950
1583320 1950
1583330 1950
1583340 1948
1583350 1948
1583360 1948
1583370 1947
1583380 1946
1583390 1946
1583400 1944
1583410 1942
1583420 1941
1583430 1941
1583440 1941
1583450 1940
1583460 1940
1583470 1938
1583480 1935
1583490 1935
1583500 1934
1583510 1934
1583520 1934
1583530 1935
1583540 1937
1583550 1937
1583560 1936
1583570 1935
1583580 1935
1583590 1933
1583600 1933
1583610 1933
1583620 1932
1583630 1931
1583640 1931
1583650 1930
1583660 1929
1583670 1929
1583680 1928
1583690 1927
1583700 1927
1583710 1927
1583720 1926
1583730 1925
1583740 1925
1583750 1924
1583760 1922
1583770 1922
1583780 1922
1583790 1921
1583800 1921
1583810 1920
1583820 1920
1583830 1920
1583840 1919
1583850 1919
1583860 1919
1583870 1918
1583880 1918
1583890 1918
1583900 1917
1583910 1917
1583920 1917
1583930 1916
1583940 1914
1583950 1914
1583960 1913
1583970 1912
1583980 1911
1583990 1911
1584000 1911
1584010 1910
1584020 1910
1584030 1909
1584040 1908
1584050 1908
1584060 1908
1584070 1907
1584080 1907
1584090 1906
1584100 1906
1584110 1906
1584120 1904
1584130 1902
1584140 1902
1584150 1898
1584160 1890
1584170 1890
1584180 1884
1584190 1879
1584200 1879
1584210 1874
1584220 1869
1584230 1867
1584240 1867
1584250 1866
1584260 1865
1584270 1865
1584280 1864
1584290 1862
1584300 1862
1584310 1859
1584320 1855
1584330 1855
1584340 1849
1584350 1845
1584360 1845
1584370 1840
1584380 1836
1584390 1836
1584400 1832
1584410 1828
1584420 1828
1584430 1824
1584440 1819
1584450 1819
1584460 1815
1584470 1812
1584480 1812
1584490 1807
1584500 1802
1584510 1797
1584520 1797
1584530 1792
1584540 1787
1584550 1790
1584560 1785
1584570 1780
1584580 1780
1584590 1773
1584600 1766
1584610 1766
1584620 1759
1584630 1753
1584640 1753
1584650 1749
1584660 1744
1584670 1744
1584680 1740
1584690 1735
1584700 1735
1584710 1728
1584720 1721
1584730 1721
1584740 1714
1584750 1705
1584760 1697
1584770 1697
1584780 1689
1584790 1683
1584800 1683
1584810 1676
1584820 1670
1584830 1670
1584840 1663
1584850 1656
1584860 1656
1584870 1647
1584880 1638
1584890 1638
1584900 1631
1584910 1624
1584920 1624
1584930 1618
1584940 1612
1584950 1612
1584960 1606
1584970 1602
1584980 1602
1584990 1597
1585000 1592
1585010 1592
1585020 1587
1585030 1583
1585040 1579
1585050 1579
1585060 1575
1585070 1570
1585080 1570
1585090 1565
1585100 1561
1585110 1561
1585120 1556
1585130 1550
1585140 1550
1585150 1545
1585160 1541
1585170 1541
1585180 1537
1585190 1534
1585200 1534
1585210 1531
1585220 1527
1585230 1527
1585240 1524
1585250 1519
1585260 1519
1585270 1516
1585280 1511
1585290 1509
1585300 1509
1585310 1505
1585320 1500
1585330 1500
1585340 1496
1585350 1493
1585360 1493
1585370 1489
1585380 1484
1585390 1484
1585400 1481
1585410 1476
1585420 1476
1585430 1470
1585440 1466
1585450 1466
1585460 1463
1585470 1458
1585480 1458
1585490 1454
1585500 1450
1585510 1450
1585520 1447
1585530 1444
1585540 1444
1585550 1440
1585560 1436
1585570 1433
1585580 1433
1585590 1429
1585600 1425
1585610 1425
1585620 1423
1585630 1420
1585640 1420
1585650 1418
1585660 1416
1585670 1416
1585680 1413
1585690 1413
1585700 1413
1585710 1411
1585720 1409
1585730 1409
1585740 1410
1585750 1409
1585760 1409
1585770 1408
1585780 1407
1585790 1407
1585800 1407
1585810 1406
1585820 1405
1585830 1405
1585840 1405
1585850 1404
1585860 1404
1585870 1403
1585880 1403
1585890 1403
1585900 1402
1585910 1401
1585920 1401
1585930 1401
1585940 1400
1585950 1400
1585960 1398
1585970 1399
1585980 1399
1585990 1399
1586000 1400
1586010 1400
1586020 1403
1586030 1405
1586040 1405
1586050 1409
1586060 1414
1586070 1414
1586080 1421
1586090 1427
1586100 1433
1586110 1433
1586120 1439
1586130 1446
1586140 1446
1586150 1452
1586160 1457
1586170 1457
1586180 1461
1586190 1465
1586200 1465
1586210 1468
1586220 1470
1586230 1470
1586240 1474
1586250 1478
1586260 1478
1586270 1482
1586280 1485
1586290 1485
1586300 1489
1586310 1494
1586320 1494
1586330 1498
1586340 1503
1586350 1503
1586360 1508
1586370 1512
1586380 1516
1586390 1516
1586400 1520
1586410 1526
1586420 1526
1586430 1533
1586440 1539
1586450 1539
1586460 1545
1586470 1551
1586480 1551
1586490 1557
1586500 1562
1586510 1562
1586520 1567
1586530 1572
1586540 1572
1586550 1578
1586560 1583
1586570 1583
1586580 1587
1586590 1593
1586600 1593
1586610 1600
1586620 1602
1586630 1606
1586640 1606
1586650 1614
1586660 1622
1586670 1622
1586680 1632
1586690 1640
1586700 1640
1586710 1645
1586720 1648
1586730 1648
1586740 1654
1586750 1655
1586760 1655
1586770 1650
1586780 1659
1586790 1659
1586800 1676
1586810 1691
1586820 1691
1586830 1699
1586840 1707
1586850 1707
1586860 1714
1586870 1723
1586880 1723
1586890 1732
1586900 1740
1586910 1747
1586920 1747
1586930 1754
1586940 1761
1586950 1761
1586960 1768
1586970 1775
1586980 1775
1586990 1782
1587000 1789
1587010 1789
1587020 1796
1587030 1802
1587040 1802
1587050 1806
1587060 1810
1587070 1816
1587080 1819
1587090 1820
1587100 1820
1587110 1822
1587120 1825
1587130 1825
1587140 1825
1587150 1822
1587160 1822
1587170 1819
1587180 1817
1587190 1813
1587200 1813
1587210 1809
1587220 1806
1587230 1806
1587240 1802
1587250 1799
1587260 1799
1587270 1796
1587280 1792
1587290 1792
1587300 1789
1587310 1787
1587320 1787
1587330 1784
1587340 1781
1587350 1781
1587360 1777
1587370 1775
1587380 1775
1587390 1775
1587400 1774
1587410 1774
1587420 1772
1587430 1770
1587440 1768
1587450 1768
1587460 1765
1587470 1764
1587480 1764
1587490 1763
1587500 1763
1587510 1763
1587520 1763
1587530 1764
1587540 1764
1587550 1765
1587560 1767
1587570 1767
1587580 1765
1587590 1762
1587600 1762
1587610 1763
1587620 1763
1587630 1763
1587640 1765
1587650 1766
1587660 1766
1587670 1769
1587680 1774
1587690 1774
1587700 1780
1587710 1786
1587720 1791
1587730 1791
1587740 1797
1587750 1803
1587760 1803
1587770 1809
1587780 1815
1587790 1815
1587800 1821
1587810 1825
1587820 1825
1587830 1829
1587840 1836
1587850 1836
1587860 1844
1587870 1854
1587880 1854
1587890 1861
1587900 1868
1587910 1868
1587920 1875
1587930 1882
1587940 1882
1587950 1887
1587960 1891
1587970 1895
1587980 1895
1587990 1899
1588000 1902
1588010 1902
1588020 1905
1588030 1909
1588040 1909
1588050 1911
1588060 1914
1588070 1914
1588080 1918
1588090 1921
1588100 1921
1588110 1925
1588120 1930
1588130 1930
1588140 1936
1588150 1942
1588160 1942
1588170 1948
1588180 1954
1588190 1954
1588200 1959
1588210 1965
1588220 1965
1588230 1971
1588240 1977
1588250 1982
1588260 1982
1588270 1988
1588280 1993
1588290 1993
1588300 2002
1588310 2008
1588320 2008
1588330 2013
1588340 2019
1588350 2019
1588360 2025
1588370 2031
1588380 2031
1588390 2036
1588400 2042
1588410 2042
1588420 2047
1588430 2051
1588440 2051
1588450 2055
1588460 2059
1588470 2059
1588480 2065
1588490 2070
1588500 2075
1588510 2075
1588520 2079
1588530 2084
1588540 2084
1588550 2089
1588560 2093
1588570 2093
1588580 2098
1588590 2103
1588600 2103
1588610 2108
1588620 2113
1588630 2113
1588640 2119
1588650 2124
1588660 2124
1588670 2130
1588680 2135
1588690 2135
1588700 2141
1588710 2148
1588720 2148
1588730 2154
1588740 2160
1588750 2160
1588760 2167
1588770 2173
1588780 2179
1588790 2179
1588800 2185
1588810 2191
1588820 2191
1588830 2197
1588840 2201
1588850 2201
1588860 2206
1588870 2211
1588880 2211
1588890 2215
1588900 2219
1588910 2219
1588920 2222
1588930 2225
1588940 2225
1588950 2228
1588960 2231
1588970 2231
1588980 2234
1588990 2237
1589000 2237
1589010 2239
1589020 2239
1589030 2239
1589040 2236
1589050 2231
1589060 2226
1589070 2226
1589080 2223
1589090 2219
1589100 2219
1589110 2216
1589120 2212
1589130 2212
1589140 2210
1589150 2207
1589160 2207
1589170 2204
1589180 2200
1589190 2200
1589200 2198
1589210 2195
1589220 2195
1589230 2192
1589240 2190
1589250 2190
1589260 2188
1589270 2186
1589280 2186
1589290 2184
1589300 2181
1589310 2178
1589320 2178
1589330 2174
1589340 2171
1589350 2171
1589360 2169
1589370 2167
1589380 2167
1589390 2166
1589400 2165
1589410 2165
1589420 2163
1589430 2161
1589440 2161
1589450 2159
1589460 2159
1589470 2159
1589480 2158
1589490 2156
1589500 2156
1589510 2153
1589520 2149
1589530 2149
1589540 2149
1589550 2149
1589560 2149
1589570 2148
1589580 2148
1589590 2149
1589600 2149
1589610 2149
1589620 2149
1589630 2149
1589640 2147
1589650 2144
1589660 2144
1589670 2141
1589680 2138
1589690 2138
1589700 2139
1589710 2139
1589720 2139
1589730 2135
1589740 2131
1589750 2131
1589760 2129
1589770 2126
1589780 2126
1589790 2126
1589800 2125
1589810 2125
1589820 2124
1589830 2123
1589840 2123
1589850 2123
1589860 2123
1589870 2120
1589880 2120
1589890 2118
1589900 2116
1589910 2116
1589920 2117
1589930 2118
1589940 2118
1589950 2119
1589960 2120
1589970 2120
1589980 2120
1589990 2119
1590000 2119
1590010 2118
1590020 2117
1590030 2117
1590040 2116
1590050 2115
1590060 2115
1590070 2114
1590080 2113
1590090 2113
1590100 2112
1590110 2111
1590120 2110
1590130 2110
1590140 2108
1590150 2108
1590160 2108
1590170 2108
1590180 2108
1590190 2108
1590200 2107
1590210 2105
1590220 2105
1590230 2102
1590240 2099
1590250 2099
1590260 2096
1590270 2096
1590280 2096
1590290 2098
1590300 2100
1590310 2100
1590320 2099
1590330 2098
1590340 2098
1590350 2096
1590360 2093
1590370 2090
1590380 2090
1590390 2088
1590400 2086
1590410 2086
1590420 2084
1590430 2082
1590440 2082
1590450 2080
1590460 2078
1590470 2078
1590480 2075
1590490 2072
1590500 2072
1590510 2070
1590520 2068
1590530 2068
1590540 2066
1590550 2065
1590560 2065
1590570 2063
1590580 2060
1590590 2060
1590600 2058
1590610 2055
1590620 2055
1590630 2052
1590640 2049
1590650 2046
1590660 2046
1590670 2042
1590680 2039
1590690 2039
1590700 2037
1590710 2035
1590720 2035
1590730 2035
1590740 2032
1590750 2032
1590760 2031
1590770 2027
1590780 2027
1590790 2024
1590800 2023
1590810 2023
1590820 2022
1590830 2020
1590840 2020
1590850 2019
1590860 2017
1590870 2017
1590880 2014
1590890 2012
1590900 2012
1590910 2010
1590920 2008
1590930 2007
1590940 2007
1590950 2006
1590960 2006
1590970 2006
1590980 2004
1590990 2003
1591000 2003
1591010 2002
1591020 2001
1591030 2001
1591040 2000
1591050 1999
1591060 1999
1591070 1997
1591080 1995
1591090 1995
1591100 1991
1591110 1988
1591120 1988
1591130 1983
1591140 1979
1591150 1979
1591160 1974
1591170 1968
1591180 1962
1591190 1962
1591200 1956
1591210 1950
1591220 1950
1591230 1945
1591240 1940
1591250 1940
1591260 1936
1591270 1932
1591280 1932
1591290 1931
1591300 1932
1591310 1932
1591320 1934
1591330 1935
1591340 1935
1591350 1936
1591360 1937
1591370 1937
1591380 1936
1591390 1936
1591400 1936
1591410 1938
1591420 1938
1591430 1938
1591440 1938
1591450 1938
1591460 1939
1591470 1939
1591480 1940
1591490 1940
1591500 1940
1591510 1941
1591520 1941
1591530 1941
1591540 1940
1591550 1939
1591560 1939
1591570 1939
1591580 1939
1591590 1939
1591600 1941
1591610 1941
1591620 1941
1591630 1943
1591640 1946
1591650 1946
1591660 1947
1591670 1946
1591680 1946
1591690 1945
1591700 1945
1591710 1944
1591720 1944
1591730 1945
1591740 1946
1591750 1946
1591760 1946
1591770 1947
1591780 1947
1591790 1948
1591800 1950
1591810 1950
1591820 1950
1591830 1949
1591840 1949
1591850 1945
1591860 1939
1591870 1939
1591880 1937
1591890 1935
1591900 1935
1591910 1932
1591920 1928
1591930 1928
1591940 1924
1591950 1920
1591960 1920
1591970 1917
1591980 1918
1591990 1922
1592000 1922
1592010 1925
1592020 1927
1592030 1927
1592040 1928
1592050 1928
1592060 1928
1592070 1927
1592080 1925
1592090 1925
1592100 1923
1592110 1919
1592120 1919
1592130 1916
1592140 1913
1592150 1913
1592160 1910
1592170 1906
1592180 1906
1592190 1901
1592200 1894
1592210 1894
1592220 1892
1592230 1892
1592240 1892
1592250 1889
1592260 1884
1592270 1880
1592280 1880
1592290 1878
1592300 1877
1592310 1877
1592320 1873
1592330 1871
1592340 1871
1592350 1867
1592360 1864
1592370 1864
1592380 1862
1592390 1860
1592400 1860
1592410 1856
1592420 1854
1592430 1854
1592440 1851
1592450 1848
1592460 1848
1592470 1846
1592480 1843
1592490 1843
1592500 1841
1592510 1839
1592520 1836
1592530 1836
1592540 1834
1592550 1832
1592560 1832
1592570 1829
1592580 1828
1592590 1828
1592600 1828
1592610 1828
1592620 1828
1592630 1830
1592640 1833
1592650 1833
1592660 1837
1592670 1842
1592680 1842
1592690 1847
1592700 1850
1592710 1850
1592720 1854
1592730 1858
1592740 1858
1592750 1861
1592760 1864
1592770 1864
1592780 1867
1592790 1871
1592800 1874
1592810 1874
1592820 1876
1592830 1879
1592840 1879
1592850 1882
1592860 1887
1592870 1887
1592880 1891
1592890 1894
1592900 1894
1592910 1897
1592920 1901
1592930 1901
1592940 1904
1592950 1906
1592960 1906
1592970 1908
1592980 1911
1592990 1911
1593000 1913
1593010 1916
1593020 1916
1593030 1920
1593040 1924
1593050 1930
1593060 1930
1593070 1937
1593080 1945
1593090 1945
1593100 1948
1593110 1958
1593120 1958
1593130 1967
1593140 1972
1593150 1972
1593160 1977
1593170 1981
1593180 1981
1593190 1987
1593200 1992
1593210 1992
1593220 1997
1593230 2001
1593240 2001
1593250 2003
1593260 2005
1593270 2005
1593280 2007
1593290 2008
1593300 2008
1593310 2009
1593320 2009
1593330 2009
1593340 2009
1593350 2009
1593360 2009
1593370 2009
1593380 2009
1593390 2010
1593400 2010
1593410 2012
1593420 2014
1593430 2014
1593440 2015
1593450 2015
1593460 2015
1593470 2016
1593480 2018
1593490 2018
1593500 2020
1593510 2022
1593520 2022
1593530 2023
1593540 2026
1593550 2026
1593560 2028
1593570 2030
1593580 2030
1593590 2033
1593600 2035
1593610 2036
1593620 2036
1593630 2036
1593640 2037
1593650 2037
1593660 2037
1593670 2036
1593680 2036
1593690 2035
1593700 2034
1593710 2034
1593720 2032
1593730 2030
1593740 2030
1593750 2029
1593760 2028
1593770 2028
1593780 2025
1593790 2023
1593800 2023
1593810 2021
1593820 2017
1593830 2017
1593840 2013
1593850 2009
1593860 2005
1593870 2005
1593880 2001
1593890 1996
1593900 1996
1593910 1991
1593920 1986
1593930 1986
1593940 1981
1593950 1977
1593960 1977
1593970 1972
1593980 1968
1593990 1968
1594000 1962
1594010 1958
1594020 1958
1594030 1954
1594040 1950
1594050 1950
1594060 1945
1594070 1939
1594080 1939
1594090 1933
1594100 1929
1594110 1929
1594120 1924
1594130 1919
1594140 1913
1594150 1913
1594160 1908
1594170 1902
1594180 1902
1594190 1897
1594200 1892
1594210 1892
1594220 1889
1594230 1885
1594240 1885
1594250 1879
1594260 1872
1594270 1874
1594280 1867
1594290 1862
1594300 1862
1594310 1859
1594320 1857
1594330 1857
1594340 1855
1594350 1853
1594360 1853
1594370 1848
1594380 1844
1594390 1840
1594400 1840
1594410 1836
1594420 1831
1594430 1831
1594440 1827
1594450 1823
1594460 1823
1594470 1820
1594480 1817
1594490 1817
1594500 1815
1594510 1812
1594520 1812
1594530 1809
1594540 1806
1594550 1806
1594560 1803
1594570 1800
1594580 1800
1594590 1797
1594600 1794
1594610 1794
1594620 1791
1594630 1787
1594640 1787
1594650 1784
1594660 1782
1594670 1779
1594680 1779
1594690 1776
1594700 1772
1594710 1772
1594720 1769
1594730 1766
1594740 1766
1594750 1763
1594760 1759
1594770 1759
1594780 1756
1594790 1752
1594800 1752
1594810 1748
1594820 1744
1594830 1744
1594840 1739
1594850 1735
1594860 1735
1594870 1732
1594880 1729
1594890 1729
1594900 1727
1594910 1726
1594920 1724
1594930 1724
1594940 1722
1594950 1720
1594960 1720
1594970 1717
1594980 1714
1594990 1714
1595000 1710
1595010 1707
1595020 1707
1595030 1703
1595040 1701
1595050 1701
1595060 1697
1595070 1693
1595080 1693
1595090 1690
1595100 1687
1595110 1687
1595120 1685
1595130 1683
1595140 1683
1595150 1681
1595160 1679
1595170 1679
1595180 1678
1595190 1675
1595200 1672
1595210 1672
1595220 1667
1595230 1662
1595240 1662
1595250 1657
1595260 1653
1595270 1653
1595280 1650
1595290 1646
1595300 1646
1595310 1642
1595320 1638
1595330 1638
1595340 1636
1595350 1632
1595360 1632
1595370 1628
1595380 1624
1595390 1624
1595400 1619
1595410 1614
1595420 1616
1595430 1610
1595440 1604
1595450 1604
1595460 1598
1595470 1592
1595480 1587
1595490 1587
1595500 1582
1595510 1576
1595520 1576
1595530 1570
1595540 1565
1595550 1565
1595560 1559
1595570 1552
1595580 1552
1595590 1549
1595600 1550
1595610 1550
1595620 1548
1595630 1545
1595640 1545
1595650 1542
1595660 1539
1595670 1539
1595680 1535
1595690 1534
1595700 1534
1595710 1530
1595720 1525
1595730 1521
1595740 1521
1595750 1515
1595760 1513
1595770 1513
1595780 1511
1595790 1506
1595800 1506
1595810 1499
1595820 1494
1595830 1494
1595840 1489
1595850 1485
1595860 1485
1595870 1481
1595880 1474
1595890 1474
1595900 1469
1595910 1463
1595920 1463
1595930 1457
1595940 1453
1595950 1453
1595960 1451
1595970 1450
1595980 1450
1595990 1449
1596000 1449
1596010 1452
1596020 1452
1596030 1457
1596040 1463
1596050 1463
1596060 1470
1596070 1472
1596080 1472
1596090 1473
1596100 1475
1596110 1475
1596120 1477
1596130 1477
1596140 1477
1596150 1477
1596160 1479
1596170 1479
1596180 1481
1596190 1482
1596200 1482
1596210 1483
1596220 1484
1596230 1484
1596240 1487
1596250 1489
1596260 1491
1596270 1491
1596280 1493
1596290 1493
1596300 1493
1596310 1502
1596320 1504
1596330 1504
1596340 1498
1596350 1496
1596360 1496
1596370 1495
1596380 1495
1596390 1495
1596400 1495
1596410 1495
1596420 1495
1596430 1496
1596440 1499
1596450 1499
1596460 1501
1596470 1498
1596480 1498
1596490 1494
1596500 1489
1596510 1489
1596520 1492
1596530 1495
1596540 1499
1596550 1499
1596560 1496
1596570 1499
1596580 1499
1596590 1501
1596600 1504
1596610 1504
1596620 1506
1596630 1507
1596640 1507
1596650 1507
1596660 1507
1596670 1507
1596680 1506
1596690 1505
1596700 1505
1596710 1504
1596720 1501
1596730 1501
1596740 1501
1596750 1501
1596760 1501
1596770 1500
1596780 1498
1596790 1498
1596800 1495
1596810 1492
1596820 1488
1596830 1488
1596840 1487
1596850 1485
1596860 1485
1596870 1483
1596880 1481
1596890 1481
1596900 1480
1596910 1479
1596920 1479
1596930 1477
1596940 1474
1596950 1474
1596960 1472
1596970 1469
1596980 1469
1596990 1467
1597000 1464
1597010 1464
1597020 1462
1597030 1460
1597040 1460
1597050 1459
1597060 1456
1597070 1453
1597080 1453
1597090 1450
1597100 1447
1597110 1447
1597120 1443
1597130 1438
1597140 1438
1597150 1433
1597160 1427
1597170 1427
1597180 1421
1597190 1415
1597200 1415
1597210 1409
1597220 1402
1597230 1402
1597240 1395
1597250 1390
1597260 1390
1597270 1385
1597280 1382
1597290 1382
1597300 1379
1597310 1377
1597320 1377
1597330 1376
1597340 1376
1597350 1375
1597360 1375
1597370 1371
1597380 1368
1597390 1368
1597400 1366
1597410 1361
1597420 1361
1597430 1356
1597440 1355
1597450 1355
1597460 1353
1597470 1352
1597480 1352
1597490 1348
1597500 1344
1597510 1344
1597520 1341
1597530 1338
1597540 1338
1597550 1336
1597560 1333
1597570 1333
1597580 1331
1597590 1331
1597600 1340
1597610 1340
1597620 1347
1597630 1355
1597640 1355
1597650 1363
1597660 1370
1597670 1370
1597680 1377
1597690 1383
1597700 1379
1597710 1384
1597720 1389
1597730 1389
1597740 1393
1597750 1398
1597760 1398
1597770 1402
1597780 1405
1597790 1405
1597800 1408
1597810 1411
1597820 1411
1597830 1413
1597840 1416
1597850 1416
1597860 1418
1597870 1421
1597880 1423
1597890 1423
1597900 1424
1597910 1425
1597920 1425
1597930 1425
1597940 1426
1597950 1426
1597960 1426
1597970 1427
1597980 1427
1597990 1428
1598000 1429
1598010 1429
1598020 1430
1598030 1431
1598040 1431
1598050 1432
1598060 1434
1598070 1434
1598080 1435
1598090 1437
1598100 1437
1598110 1439
1598120 1441
1598130 1442
1598140 1442
1598150 1443
1598160 1445
1598170 1445
1598180 1449
1598190 1454
1598200 1454
1598210 1458
1598220 1462
1598230 1462
1598240 1465
1598250 1469
1598260 1469
1598270 1473
1598280 1477
1598290 1477
1598300 1482
1598310 1485
1598320 1485
1598330 1490
1598340 1494
1598350 1494
1598360 1499
1598370 1503
1598380 1503
1598390 1507
1598400 1510
1598410 1514
1598420 1514
1598430 1516
1598440 1518
1598450 1518
1598460 1519
1598470 1520
1598480 1520
1598490 1520
1598500 1521
1598510 1521
1598520 1521
1598530 1521
1598540 1521
1598550 1521
1598560 1523
1598570 1523
1598580 1527
1598590 1528
1598600 1528
1598610 1529
1598620 1530
1598630 1530
1598640 1532
1598650 1533
1598660 1533
1598670 1534
1598680 1534
1598690 1535
1598700 1535
1598710 1536
1598720 1536
1598730 1536
1598740 1537
1598750 1537
1598760 1537
1598770 1537
1598780 1537
1598790 1537
1598800 1536
1598810 1535
1598820 1530
1598830 1528
1598840 1526
1598850 1526
1598860 1525
1598870 1524
1598880 1524
1598890 1523
1598900 1521
1598910 1521
1598920 1518
1598930 1517
1598940 1516
1598950 1516
1598960 1517
1598970 1520
1598980 1520
1598990 1524
1599000 1526
1599010 1526
1599020 1530
1599030 1532
1599040 1532
1599050 1534
1599060 1536
1599070 1536
1599080 1538
1599090 1540
1599100 1540
1599110 1542
1599120 1545
1599130 1545
1599140 1549
1599150 1553
1599160 1553
1599170 1553
1599180 1554
1599190 1554
1599200 1556
1599210 1558
1599220 1559
1599230 1559
1599240 1560
1599250 1560
1599260 1560
1599270 1560
1599280 1560
1599290 1560
1599300 1561
1599310 1560
1599320 1560
1599330 1560
1599340 1560
1599350 1560
1599360 1558
1599370 1555
1599380 1555
1599390 1552
1599400 1547
1599410 1547
1599420 1543
1599430 1539
1599440 1539
1599450 1536
1599460 1532
1599470 1528
1599480 1528
1599490 1523
1599500 1518
1599510 1518
1599520 1513
1599530 1508
1599540 1508
1599550 1503
1599560 1498
1599570 1498
1599580 1494
1599590 1489
1599600 1489
1599610 1484
1599620 1477
1599630 1477
1599640 1471
1599650 1465
1599660 1465
1599670 1460
1599680 1454
1599690 1454
1599700 1448
1599710 1442
1599720 1442
1599730 1436
1599740 1430
1599750 1426
1599760 1426
1599770 1423
1599780 1420
1599790 1420
1599800 1417
1599810 1414
1599820 1414
1599830 1410
1599840 1407
1599850 1407
1599860 1404
1599870 1401
1599880 1401
1599890 1400
1599900 1398
1599910 1398
1599920 1396
1599930 1392
1599940 1392
1599950 1391
1599960 1391
1599970 1391
1599980 1391
1599990 1391
