1580000 1533
1580010 1538
1580020 1538
1580030 1543
1580040 1546
1580050 1546
1580060 1550
1580070 1554
1580080 1560
1580090 1560
1580100 1567
1580110 1571
1580120 1571
1580130 1571
1580140 1571
1580150 1571
1580160 1571
1580170 1574
1580180 1574
1580190 1578
1580200 1581
1580210 1581
1580220 1577
1580230 1580
1580240 1580
1580250 1583
1580260 1585
1580270 1585
1580280 1587
1580290 1589
1580300 1589
1580310 1591
1580320 1591
1580330 1591
1580340 1592
1580350 1595
1580360 1598
1580370 1598
1580380 1600
1580390 1603
1580400 1603
1580410 1605
1580420 1608
1580430 1608
1580440 1610
1580450 1614
1580460 1614
1580470 1618
1580480 1623
1580490 1623
1580500 1630
1580510 1636
1580520 1636
1580530 1642
1580540 1642
1580550 1642
1580560 1641
1580570 1639
1580580 1639
1580590 1642
1580600 1647
1580610 1647
1580620 1650
1580630 1650
1580640 1648
1580650 1648
1580660 1646
1580670 1643
1580680 1643
1580690 1637
1580700 1630
1580710 1630
1580720 1625
1580730 1620
1580740 1620
1580750 1617
1580760 1616
1580770 1616
1580780 1615
1580790 1616
1580800 1616
1580810 1615
1580820 1614
1580830 1614
1580840 1612
1580850 1609
1580860 1609
1580870 1607
1580880 1608
1580890 1608
1580900 1608
1580910 1610
1580920 1613
1580930 1613
1580940 1615
1580950 1617
1580960 1617
1580970 1619
1580980 1622
1580990 1622
1581000 1625
1581010 1628
1581020 1628
1581030 1631
1581040 1634
1581050 1634
1581060 1637
1581070 1640
1581080 1640
1581090 1643
1581100 1645
1581110 1645
1581120 1647
1581130 1649
1581140 1649
1581150 1650
1581160 1651
1581170 1651
1581180 1653
1581190 1653
1581200 1654
1581210 1654
1581220 1654
1581230 1653
1581240 1653
1581250 1652
1581260 1651
1581270 1651
1581280 1651
1581290 1651
1581300 1651
1581310 1651
1581320 1651
1581330 1651
1581340 1651
1581350 1650
1581360 1650
1581370 1649
1581380 1648
1581390 1648
1581400 1648
1581410 1652
1581420 1652
1581430 1655
1581440 1660
1581450 1663
1581460 1663
1581470 1666
1581480 1669
1581490 1669
1581500 1671
1581510 1671
1581520 1671
1581530 1670
1581540 1666
1581550 1666
1581560 1668
1581570 1669
1581580 1669
1581590 1671
1581600 1674
1581610 1674
1581620 1676
1581630 1675
1581640 1675
1581650 1673
1581660 1672
1581670 1672
1581680 1674
1581690 1676
1581700 1676
1581710 1678
1581720 1678
1581730 1679
1581740 1679
1581750 1680
1581760 1681
1581770 1681
1581780 1682
1581790 1683
1581800 1683
1581810 1684
1581820 1688
1581830 1688
1581840 1693
1581850 1698
1581860 1698
1581870 1705
1581880 1711
1581890 1711
1581900 1718
1581910 1725
1581920 1725
1581930 1733
1581940 1737
1581950 1737
1581960 1745
1581970 1752
1581980 1752
1581990 1755
1582000 1758
1582010 1759
1582020 1759
1582030 1760
1582040 1763
1582050 1763
1582060 1766
1582070 1772
1582080 1772
1582090 1778
1582100 1785
1582110 1785
1582120 1786
1582130 1786
1582140 1786
1582150 1786
1582160 1788
1582170 1788
1582180 1790
1582190 1791
1582200 1791
1582210 1795
1582220 1799
1582230 1799
1582240 1803
1582250 1805
1582260 1805
1582270 1810
1582280 1817
1582290 1824
1582300 1824
1582310 1829
1582320 1834
1582330 1834
1582340 1840
1582350 1847
1582360 1847
1582370 1854
1582380 1860
1582390 1860
1582400 1865
1582410 1869
1582420 1869
1582430 1873
1582440 1877
1582450 1877
1582460 1882
1582470 1887
1582480 1887
1582490 1892
1582500 1896
1582510 1896
1582520 1900
1582530 1905
1582540 1905
1582550 1909
1582560 1915
1582570 1923
1582580 1923
1582590 1930
1582600 1937
1582610 1937
1582620 1942
1582630 1947
1582640 1947
1582650 1951
1582660 1957
1582670 1957
1582680 1963
1582690 1969
1582700 1969
1582710 1975
1582720 1980
1582730 1980
1582740 1985
1582750 1991
1582760 1991
1582770 1997
1582780 2004
1582790 2004
1582800 2010
1582810 2017
1582820 2023
1582830 2023
1582840 2029
1582850 2036
1582860 2036
1582870 2043
1582880 2050
1582890 2050
1582900 2057
1582910 2064
1582920 2064
1582930 2071
1582940 2077
1582950 2077
1582960 2083
1582970 2089
1582980 2089
1582990 2095
1583000 2101
1583010 2101
1583020 2106
1583030 2112
1583040 2112
1583050 2117
1583060 2124
1583070 2124
1583080 2130
1583090 2135
1583100 2141
1583110 2141
1583120 2148
1583130 2155
1583140 2155
1583150 2161
1583160 2167
1583170 2167
1583180 2172
1583190 2177
1583200 2177
1583210 2183
1583220 2187
1583230 2187
1583240 2189
1583250 2191
1583260 2191
1583270 2192
1583280 2195
1583290 2195
1583300 2198
1583310 2200
1583320 2200
1583330 2203
1583340 2207
1583350 2207
1583360 2210
1583370 2214
1583380 2219
1583390 2219
1583400 2225
1583410 2230
1583420 2230
1583430 2236
1583440 2242
1583450 2242
1583460 2247
1583470 2253
1583480 2253
1583490 2258
1583500 2264
1583510 2264
1583520 2270
1583530 2276
1583540 2276
1583550 2282
1583560 2289
1583570 2289
1583580 2295
1583590 2300
1583600 2300
1583610 2298
1583620 2285
1583630 2285
1583640 2273
1583650 2263
1583660 2255
1583670 2255
1583680 2249
1583690 2244
1583700 2244
1583710 2238
1583720 2232
1583730 2232
1583740 2226
1583750 2221
1583760 2221
1583770 2217
1583780 2214
1583790 2214
1583800 2210
1583810 2210
1583820 2210
1583830 2208
1583840 2202
1583850 2202
1583860 2194
1583870 2188
1583880 2188
1583890 2183
1583900 2179
1583910 2179
1583920 2171
1583930 2166
1583940 2163
1583950 2163
1583960 2161
1583970 2158
1583980 2158
1583990 2154
1584000 2152
1584010 2152
1584020 2149
1584030 2147
1584040 2147
1584050 2146
1584060 2144
1584070 2144
1584080 2142
1584090 2140
1584100 2140
1584110 2139
1584120 2138
1584130 2138
1584140 2131
1584150 2129
1584160 2129
1584170 2128
1584180 2126
1584190 2126
1584200 2124
1584210 2122
1584220 2124
1584230 2124
1584240 2126
1584250 2126
1584260 2126
1584270 2124
1584280 2123
1584290 2123
1584300 2123
1584310 2121
1584320 2121
1584330 2118
1584340 2114
1584350 2114
1584360 2113
1584370 2113
1584380 2113
1584390 2112
1584400 2111
1584410 2111
1584420 2111
1584430 2111
1584440 2111
1584450 2112
1584460 2112
1584470 2113
1584480 2113
1584490 2114
1584500 2116
1584510 2116
1584520 2117
1584530 2116
1584540 2116
1584550 2114
1584560 2111
1584570 2111
1584580 2107
1584590 2101
1584600 2101
1584610 2093
1584620 2085
1584630 2085
1584640 2078
1584650 2071
1584660 2071
1584670 2066
1584680 2062
1584690 2062
1584700 2059
1584710 2059
1584720 2059
1584730 2057
1584740 2056
1584750 2052
1584760 2052
1584770 2049
1584780 2047
1584790 2047
1584800 2042
1584810 2038
1584820 2038
1584830 2033
1584840 2027
1584850 2027
1584860 2026
1584870 2028
1584880 2028
1584890 2024
1584900 2020
1584910 2020
1584920 2012
1584930 2010
1584940 2010
1584950 2008
1584960 2007
1584970 2007
1584980 2003
1584990 2002
1585000 2002
1585010 2000
1585020 1997
1585030 1994
1585040 1994
1585050 1987
1585060 1985
1585070 1985
1585080 1981
1585090 1976
1585100 1976
1585110 1972
1585120 1968
1585130 1968
1585140 1964
1585150 1961
1585160 1961
1585170 1954
1585180 1948
1585190 1948
1585200 1946
1585210 1946
1585220 1946
1585230 1946
1585240 1945
1585250 1945
1585260 1943
1585270 1940
1585280 1940
1585290 1935
1585300 1926
1585310 1918
1585320 1918
1585330 1919
1585340 1915
1585350 1915
1585360 1917
1585370 1920
1585380 1920
1585390 1919
1585400 1919
1585410 1929
1585420 1927
1585430 1925
1585440 1925
1585450 1928
1585460 1933
1585470 1933
1585480 1934
1585490 1931
1585500 1931
1585510 1924
1585520 1924
1585530 1924
1585540 1923
1585550 1923
1585560 1923
1585570 1923
1585580 1922
1585590 1921
1585600 1921
1585610 1921
1585620 1920
1585630 1920
1585640 1920
1585650 1920
1585660 1920
1585670 1918
1585680 1915
1585690 1915
1585700 1912
1585710 1911
1585720 1911
1585730 1912
1585740 1911
1585750 1911
1585760 1910
1585770 1910
1585780 1910
1585790 1909
1585800 1906
1585810 1906
1585820 1904
1585830 1904
1585840 1903
1585850 1903
1585860 1903
1585870 1902
1585880 1902
1585890 1901
1585900 1901
1585910 1901
1585920 1900
1585930 1901
1585940 1901
1585950 1901
1585960 1900
1585970 1900
1585980 1900
1585990 1901
1586000 1901
1586010 1903
1586020 1904
1586030 1904
1586040 1906
1586050 1907
1586060 1907
1586070 1909
1586080 1911
1586090 1911
1586100 1912
1586110 1914
1586120 1917
1586130 1917
1586140 1920
1586150 1922
1586160 1922
1586170 1929
1586180 1939
1586190 1939
1586200 1944
1586210 1946
1586220 1946
1586230 1952
1586240 1958
1586250 1958
1586260 1962
1586270 1966
1586280 1966
1586290 1969
1586300 1973
1586310 1973
1586320 1977
1586330 1981
1586340 1981
1586350 1986
1586360 1990
1586370 1990
1586380 1993
1586390 1997
1586400 2000
1586410 2000
1586420 2004
1586430 2008
1586440 2008
1586450 2012
1586460 2016
1586470 2016
1586480 2020
1586490 2023
1586500 2023
1586510 2028
1586520 2034
1586530 2034
1586540 2040
1586550 2046
1586560 2046
1586570 2052
1586580 2056
1586590 2056
1586600 2060
1586610 2064
1586620 2064
1586630 2061
1586640 2057
1586650 2057
1586660 2057
1586670 2040
1586680 2039
1586690 2039
1586700 2041
1586710 2043
1586720 2043
1586730 2046
1586740 2047
1586750 2047
1586760 2050
1586770 2053
1586780 2053
1586790 2055
1586800 2056
1586810 2056
1586820 2058
1586830 2059
1586840 2059
1586850 2061
1586860 2064
1586870 2064
1586880 2069
1586890 2070
1586900 2070
1586910 2076
1586920 2080
1586930 2080
1586940 2081
1586950 2084
1586960 2086
1586970 2086
1586980 2085
1586990 2087
1587000 2087
1587010 2092
1587020 2096
1587030 2096
1587040 2099
1587050 2103
1587060 2103
1587070 2104
1587080 2098
1587090 2098
1587100 2092
1587110 2085
1587120 2085
1587130 2078
1587140 2070
1587150 2070
1587160 2063
1587170 2055
1587180 2055
1587190 2048
1587200 2043
1587210 2043
1587220 2037
1587230 2029
1587240 2021
1587250 2021
1587260 2013
1587270 2005
1587280 2005
1587290 1998
1587300 1992
1587310 1992
1587320 1985
1587330 1979
1587340 1979
1587350 1975
1587360 1972
1587370 1972
1587380 1969
1587390 1966
1587400 1966
1587410 1963
1587420 1961
1587430 1961
1587440 1959
1587450 1958
1587460 1958
1587470 1956
1587480 1955
1587490 1954
1587500 1954
1587510 1954
1587520 1954
1587530 1954
1587540 1956
1587550 1959
1587560 1959
1587570 1960
1587580 1959
1587590 1959
1587600 1957
1587610 1956
1587620 1956
1587630 1956
1587640 1958
1587650 1958
1587660 1961
1587670 1962
1587680 1962
1587690 1964
1587700 1967
1587710 1967
1587720 1971
1587730 1975
1587740 1975
1587750 1977
1587760 1980
1587770 1982
1587780 1982
1587790 1983
1587800 1982
1587810 1982
1587820 1980
1587830 1977
1587840 1977
1587850 1974
1587860 1971
1587870 1971
1587880 1970
1587890 1970
1587900 1970
1587910 1971
1587920 1972
1587930 1972
1587940 1975
1587950 1976
1587960 1976
1587970 1978
1587980 1981
1587990 1981
1588000 1983
1588010 1986
1588020 1986
1588030 1991
1588040 1995
1588050 1999
1588060 1999
1588070 2004
1588080 2007
1588090 2007
1588100 2012
1588110 2016
1588120 2016
1588130 2020
1588140 2024
1588150 2024
1588160 2029
1588170 2034
1588180 2034
1588190 2040
1588200 2046
1588210 2046
1588220 2054
1588230 2062
1588240 2062
1588250 2070
1588260 2077
1588270 2077
1588280 2088
1588290 2096
1588300 2096
1588310 2103
1588320 2111
1588330 2116
1588340 2116
1588350 2124
1588360 2130
1588370 2130
1588380 2135
1588390 2140
1588400 2140
1588410 2147
1588420 2153
1588430 2153
1588440 2157
1588450 2163
1588460 2163
1588470 2170
1588480 2175
1588490 2175
1588500 2181
1588510 2187
1588520 2187
1588530 2194
1588540 2201
1588550 2201
1588560 2208
1588570 2212
1588580 2212
1588590 2213
1588600 2211
1588610 2207
1588620 2207
1588630 2204
1588640 2199
1588650 2199
1588660 2193
1588670 2188
1588680 2188
1588690 2182
1588700 2175
1588710 2175
1588720 2168
1588730 2162
1588740 2162
1588750 2158
1588760 2155
1588770 2155
1588780 2150
1588790 2145
1588800 2145
1588810 2139
1588820 2134
1588830 2134
1588840 2130
1588850 2127
1588860 2123
1588870 2123
1588880 2121
1588890 2118
1588900 2118
1588910 2114
1588920 2111
1588930 2111
1588940 2109
1588950 2106
1588960 2106
1588970 2105
1588980 2105
1588990 2105
1589000 2103
1589010 2101
1589020 2101
1589030 2100
1589040 2099
1589050 2099
1589060 2098
1589070 2096
1589080 2096
1589090 2093
1589100 2092
1589110 2092
1589120 2091
1589130 2084
1589140 2084
1589150 2084
1589160 2082
1589170 2079
1589180 2079
1589190 2077
1589200 2076
1589210 2076
1589220 2075
1589230 2076
1589240 2076
1589250 2076
1589260 2075
1589270 2075
1589280 2074
1589290 2074
1589300 2074
1589310 2073
1589320 2073
1589330 2073
1589340 2072
1589350 2071
1589360 2071
1589370 2071
1589380 2070
1589390 2070
1589400 2070
1589410 2069
1589420 2069
1589430 2069
1589440 2068
1589450 2067
1589460 2067
1589470 2066
1589480 2066
1589490 2066
1589500 2065
1589510 2065
1589520 2065
1589530 2064
1589540 2062
1589550 2062
1589560 2061
1589570 2060
1589580 2060
1589590 2059
1589600 2058
1589610 2058
1589620 2057
1589630 2056
1589640 2056
1589650 2055
1589660 2054
1589670 2054
1589680 2053
1589690 2052
1589700 2052
1589710 2052
1589720 2051
1589730 2051
1589740 2051
1589750 2050
1589760 2050
1589770 2050
1589780 2051
1589790 2051
1589800 2051
1589810 2051
1589820 2052
1589830 2052
1589840 2053
1589850 2054
1589860 2054
1589870 2055
1589880 2053
1589890 2053
1589900 2050
1589910 2050
1589920 2050
1589930 2047
1589940 2044
1589950 2044
1589960 2042
1589970 2039
1589980 2037
1589990 2037
1590000 2035
1590010 2033
1590020 2033
1590030 2030
1590040 2027
1590050 2027
1590060 2024
1590070 2020
1590080 2020
1590090 2013
1590100 2007
1590110 2007
1590120 2000
1590130 1992
1590140 1992
1590150 1985
1590160 1980
1590170 1980
1590180 1976
1590190 1972
1590200 1972
1590210 1968
1590220 1964
1590230 1964
1590240 1960
1590250 1957
1590260 1955
1590270 1955
1590280 1952
1590290 1949
1590300 1949
1590310 1947
1590320 1944
1590330 1944
1590340 1943
1590350 1949
1590360 1949
1590370 1950
1590380 1950
1590390 1950
1590400 1949
1590410 1948
1590420 1948
1590430 1947
1590440 1946
1590450 1946
1590460 1944
1590470 1942
1590480 1942
1590490 1940
1590500 1939
1590510 1937
1590520 1937
1590530 1935
1590540 1932
1590550 1932
1590560 1929
1590570 1927
1590580 1927
1590590 1923
1590600 1921
1590610 1921
1590620 1919
1590630 1916
1590640 1916
1590650 1913
1590660 1911
1590670 1911
1590680 1908
1590690 1905
1590700 1905
1590710 1902
1590720 1899
1590730 1899
1590740 1896
1590750 1893
1590760 1893
1590770 1889
1590780 1886
1590790 1882
1590800 1882
1590810 1877
1590820 1872
1590830 1872
1590840 1868
1590850 1865
1590860 1865
1590870 1862
1590880 1860
1590890 1860
1590900 1858
1590910 1855
1590920 1855
1590930 1851
1590940 1846
1590950 1846
1590960 1841
1590970 1836
1590980 1836
1590990 1834
1591000 1831
1591010 1831
1591020 1829
1591030 1826
1591040 1826
1591050 1823
1591060 1821
1591070 1818
1591080 1818
1591090 1816
1591100 1813
1591110 1813
1591120 1810
1591130 1806
1591140 1806
1591150 1804
1591160 1799
1591170 1799
1591180 1795
1591190 1789
1591200 1789
1591210 1782
1591220 1776
1591230 1776
1591240 1770
1591250 1766
1591260 1766
1591270 1761
1591280 1755
1591290 1755
1591300 1752
1591310 1749
1591320 1749
1591330 1745
1591340 1742
1591350 1739
1591360 1739
1591370 1734
1591380 1726
1591390 1726
1591400 1719
1591410 1716
1591420 1716
1591430 1711
1591440 1704
1591450 1704
1591460 1694
1591470 1687
1591480 1687
1591490 1679
1591500 1671
1591510 1671
1591520 1663
1591530 1656
1591540 1655
1591550 1648
1591560 1643
1591570 1643
1591580 1633
1591590 1624
1591600 1624
1591610 1615
1591620 1608
1591630 1602
1591640 1602
1591650 1597
1591660 1592
1591670 1592
1591680 1588
1591690 1584
1591700 1584
1591710 1581
1591720 1580
1591730 1580
1591740 1578
1591750 1575
1591760 1575
1591770 1573
1591780 1571
1591790 1571
1591800 1569
1591810 1567
1591820 1567
1591830 1566
1591840 1564
1591850 1564
1591860 1562
1591870 1560
1591880 1560
1591890 1558
1591900 1555
1591910 1553
1591920 1553
1591930 1552
1591940 1551
1591950 1551
1591960 1551
1591970 1551
1591980 1551
1591990 1551
1592000 1550
1592010 1550
1592020 1547
1592030 1543
1592040 1543
1592050 1539
1592060 1537
1592070 1537
1592080 1535
1592090 1535
1592100 1535
1592110 1535
1592120 1535
1592130 1535
1592140 1532
1592150 1526
1592160 1517
1592170 1517
1592180 1510
1592190 1513
1592200 1513
1592210 1520
1592220 1520
1592230 1520
1592240 1521
1592250 1522
1592260 1522
1592270 1522
1592280 1522
1592290 1522
1592300 1521
1592310 1520
1592320 1520
1592330 1518
1592340 1516
1592350 1516
1592360 1512
1592370 1508
1592380 1508
1592390 1504
1592400 1501
1592410 1501
1592420 1498
1592430 1495
1592440 1494
1592450 1494
1592460 1490
1592470 1489
1592480 1489
1592490 1489
1592500 1487
1592510 1487
1592520 1486
1592530 1482
1592540 1482
1592550 1474
1592560 1464
1592570 1464
1592580 1451
1592590 1457
1592600 1457
1592610 1470
1592620 1475
1592630 1475
1592640 1477
1592650 1477
1592660 1477
1592670 1476
1592680 1474
1592690 1474
1592700 1471
1592710 1466
1592720 1463
1592730 1474
1592740 1477
1592750 1479
1592760 1479
1592770 1474
1592780 1466
1592790 1466
1592800 1463
1592810 1463
1592820 1463
1592830 1461
1592840 1454
1592850 1454
1592860 1447
1592870 1447
1592880 1447
1592890 1454
1592900 1453
1592910 1453
1592920 1451
1592930 1460
1592940 1460
1592950 1468
1592960 1471
1592970 1471
1592980 1467
1592990 1468
1593000 1472
1593010 1472
1593020 1478
1593030 1479
1593040 1479
1593050 1471
1593060 1463
1593070 1463
1593080 1457
1593090 1451
1593100 1451
1593110 1453
1593120 1459
1593130 1459
1593140 1461
1593150 1465
1593160 1465
1593170 1468
1593180 1471
1593190 1471
1593200 1471
1593210 1469
1593220 1469
1593230 1460
1593240 1453
1593250 1453
1593260 1451
1593270 1457
1593280 1466
1593290 1466
1593300 1470
1593310 1469
1593320 1469
1593330 1469
1593340 1470
1593350 1470
1593360 1473
1593370 1479
1593380 1479
1593390 1488
1593400 1493
1593410 1493
1593420 1493
1593430 1491
1593440 1491
1593450 1488
1593460 1491
1593470 1491
1593480 1494
1593490 1490
1593500 1490
1593510 1488
1593520 1487
1593530 1487
1593540 1487
1593550 1484
1593560 1479
1593570 1479
1593580 1473
1593590 1468
1593600 1468
1593610 1464
1593620 1460
1593630 1460
1593640 1457
1593650 1452
1593660 1452
1593670 1453
1593680 1466
1593690 1466
1593700 1477
1593710 1488
1593720 1488
1593730 1500
1593740 1510
1593750 1510
1593760 1516
1593770 1512
1593780 1512
1593790 1504
1593800 1497
1593810 1491
1593820 1491
1593830 1485
1593840 1477
1593850 1477
1593860 1473
1593870 1474
1593880 1474
1593890 1475
1593900 1495
1593910 1495
1593920 1509
1593930 1519
1593940 1519
1593950 1520
1593960 1520
1593970 1520
1593980 1521
1593990 1519
1594000 1519
1594010 1515
1594020 1509
1594030 1509
1594040 1503
1594050 1503
1594060 1503
1594070 1507
1594080 1504
1594090 1501
1594100 1501
1594110 1500
1594120 1501
1594130 1501
1594140 1499
1594150 1491
1594160 1491
1594170 1487
1594180 1489
1594190 1489
1594200 1492
1594210 1491
1594220 1491
1594230 1488
1594240 1485
1594250 1485
1594260 1482
1594270 1477
1594280 1477
1594290 1473
1594300 1468
1594310 1468
1594320 1465
1594330 1461
1594340 1461
1594350 1457
1594360 1452
1594370 1448
1594380 1448
1594390 1444
1594400 1437
1594410 1437
1594420 1430
1594430 1423
1594440 1423
1594450 1418
1594460 1411
1594470 1411
1594480 1406
1594490 1402
1594500 1402
1594510 1399
1594520 1395
1594530 1395
1594540 1394
1594550 1392
1594560 1392
1594570 1390
1594580 1389
1594590 1389
1594600 1389
1594610 1389
1594620 1389
1594630 1389
1594640 1389
1594650 1388
1594660 1388
1594670 1387
1594680 1385
1594690 1385
1594700 1382
1594710 1379
1594720 1379
1594730 1375
1594740 1371
1594750 1371
1594760 1368
1594770 1362
1594780 1362
1594790 1354
1594800 1348
1594810 1348
1594820 1341
1594830 1333
1594840 1333
1594850 1324
1594860 1317
1594870 1317
1594880 1315
1594890 1318
1594900 1318
1594910 1322
1594920 1321
1594930 1315
1594940 1315
1594950 1310
1594960 1307
1594970 1307
1594980 1303
1594990 1299
1595000 1299
1595010 1295
1595020 1289
1595030 1289
1595040 1278
1595050 1272
1595060 1274
1595070 1267
1595080 1263
1595090 1263
1595100 1264
1595110 1266
1595120 1266
1595130 1268
1595140 1266
1595150 1266
1595160 1263
1595170 1260
1595180 1257
1595190 1257
1595200 1254
1595210 1249
1595220 1249
1595230 1244
1595240 1241
1595250 1241
1595260 1240
1595270 1239
1595280 1239
1595290 1236
1595300 1233
1595310 1233
1595320 1230
1595330 1228
1595340 1228
1595350 1225
1595360 1223
1595370 1223
1595380 1222
1595390 1220
1595400 1220
1595410 1219
1595420 1217
1595430 1217
1595440 1215
1595450 1213
1595460 1211
1595470 1211
1595480 1211
1595490 1209
1595500 1209
1595510 1206
1595520 1204
1595530 1204
1595540 1202
1595550 1199
1595560 1199
1595570 1197
1595580 1195
1595590 1195
1595600 1193
1595610 1192
1595620 1192
1595630 1191
1595640 1190
1595650 1190
1595660 1189
1595670 1188
1595680 1188
1595690 1188
1595700 1188
1595710 1188
1595720 1188
1595730 1189
1595740 1190
1595750 1190
1595760 1192
1595770 1194
1595780 1194
1595790 1198
1595800 1202
1595810 1202
1595820 1203
1595830 1205
1595840 1205
1595850 1208
1595860 1210
1595870 1210
1595880 1213
1595890 1215
1595900 1215
1595910 1216
1595920 1218
1595930 1218
1595940 1220
1595950 1222
1595960 1222
1595970 1224
1595980 1225
1595990 1225
1596000 1226
1596010 1228
1596020 1229
1596030 1229
1596040 1229
1596050 1229
1596060 1229
1596070 1232
1596080 1234
1596090 1234
1596100 1235
1596110 1236
1596120 1236
1596130 1238
1596140 1239
1596150 1239
1596160 1241
1596170 1242
1596180 1242
1596190 1244
1596200 1245
1596210 1240
1596220 1242
1596230 1243
1596240 1243
1596250 1244
1596260 1245
1596270 1245
1596280 1247
1596290 1248
1596300 1249
1596310 1249
1596320 1250
1596330 1250
1596340 1250
1596350 1250
1596360 1250
1596370 1250
1596380 1250
1596390 1249
1596400 1249
1596410 1248
1596420 1249
1596430 1249
1596440 1248
1596450 1248
1596460 1248
1596470 1246
1596480 1244
1596490 1244
1596500 1243
1596510 1243
1596520 1243
1596530 1245
1596540 1246
1596550 1246
1596560 1246
1596570 1246
1596580 1245
1596590 1245
1596600 1244
1596610 1242
1596620 1242
1596630 1241
1596640 1239
1596650 1239
1596660 1236
1596670 1234
1596680 1234
1596690 1231
1596700 1228
1596710 1228
1596720 1225
1596730 1223
1596740 1223
1596750 1222
1596760 1221
1596770 1221
1596780 1219
1596790 1218
1596800 1218
1596810 1217
1596820 1215
1596830 1213
1596840 1213
1596850 1211
1596860 1209
1596870 1209
1596880 1206
1596890 1204
1596900 1204
1596910 1202
1596920 1199
1596930 1199
1596940 1195
1596950 1192
1596960 1192
1596970 1189
1596980 1188
1596990 1188
1597000 1186
1597010 1183
1597020 1183
1597030 1179
1597040 1175
1597050 1175
1597060 1171
1597070 1169
1597080 1169
1597090 1169
1597100 1167
1597110 1166
1597120 1166
1597130 1164
1597140 1162
1597150 1162
1597160 1160
1597170 1158
1597180 1158
1597190 1156
1597200 1154
1597210 1154
1597220 1152
1597230 1149
1597240 1149
1597250 1147
1597260 1145
1597270 1145
1597280 1143
1597290 1141
1597300 1141
1597310 1139
1597320 1137
1597330 1137
1597340 1135
1597350 1134
1597360 1134
1597370 1132
1597380 1130
1597390 1129
1597400 1129
1597410 1127
1597420 1126
1597430 1126
1597440 1124
1597450 1123
1597460 1123
1597470 1122
1597480 1121
1597490 1121
1597500 1120
1597510 1118
1597520 1118
1597530 1116
1597540 1115
1597550 1115
1597560 1114
1597570 1113
1597580 1113
1597590 1112
1597600 1113
1597610 1113
1597620 1113
1597630 1112
1597640 1112
1597650 1112
1597660 1112
1597670 1112
1597680 1112
1597690 1112
1597700 1112
1597710 1112
1597720 1112
1597730 1112
1597740 1112
1597750 1112
1597760 1112
1597770 1112
1597780 1112
1597790 1112
1597800 1112
1597810 1112
1597820 1112
1597830 1112
1597840 1112
1597850 1114
1597860 1114
1597870 1114
1597880 1115
1597890 1115
1597900 1116
1597910 1117
1597920 1117
1597930 1119
1597940 1120
1597950 1122
1597960 1122
1597970 1123
1597980 1124
1597990 1124
1598000 1126
1598010 1128
1598020 1128
1598030 1129
1598040 1131
1598050 1131
1598060 1133
1598070 1135
1598080 1135
1598090 1137
1598100 1139
1598110 1139
1598120 1141
1598130 1144
1598140 1144
1598150 1146
1598160 1148
1598170 1148
1598180 1149
1598190 1150
1598200 1150
1598210 1152
1598220 1154
1598230 1154
1598240 1154
1598250 1155
1598260 1157
1598270 1157
1598280 1160
1598290 1164
1598300 1164
1598310 1172
1598320 1179
1598330 1179
1598340 1183
1598350 1187
1598360 1187
1598370 1193
1598380 1198
1598390 1198
1598400 1203
1598410 1209
1598420 1209
1598430 1213
1598440 1217
1598450 1217
1598460 1220
1598470 1233
1598480 1240
1598490 1240
1598500 1246
1598510 1250
1598520 1250
1598530 1253
1598540 1254
1598550 1254
1598560 1256
1598570 1259
1598580 1259
1598590 1263
1598600 1266
1598610 1266
1598620 1269
1598630 1273
1598640 1273
1598650 1277
1598660 1280
1598670 1280
1598680 1284
1598690 1288
1598700 1288
1598710 1291
1598720 1294
1598730 1294
1598740 1298
1598750 1302
1598760 1305
1598770 1305
1598780 1308
1598790 1312
1598800 1312
1598810 1315
1598820 1317
1598830 1317
1598840 1319
1598850 1322
1598860 1322
1598870 1325
1598880 1329
1598890 1329
1598900 1331
1598910 1335
1598920 1335
1598930 1337
1598940 1338
1598950 1338
1598960 1340
1598970 1342
1598980 1342
1598990 1344
1599000 1345
1599010 1345
1599020 1345
1599030 1346
1599040 1346
1599050 1346
1599060 1346
1599070 1346
1599080 1346
1599090 1346
1599100 1346
1599110 1346
1599120 1346
1599130 1346
1599140 1346
1599150 1345
1599160 1343
1599170 1343
1599180 1339
1599190 1334
1599200 1334
1599210 1330
1599220 1326
1599230 1326
1599240 1323
1599250 1319
1599260 1319
1599270 1316
1599280 1312
1599290 1312
1599300 1311
1599310 1317
1599320 1323
1599330 1323
1599340 1329
1599350 1334
1599360 1334
1599370 1339
1599380 1343
1599390 1343
1599400 1347
1599410 1351
1599420 1351
1599430 1355
1599440 1359
1599450 1359
1599460 1362
1599470 1365
1599480 1365
1599490 1368
1599500 1373
1599510 1373
1599520 1378
1599530 1383
1599540 1383
1599550 1388
1599560 1392
1599570 1392
1599580 1397
1599590 1400
1599600 1403
1599610 1403
1599620 1406
1599630 1410
1599640 1410
1599650 1413
1599660 1416
1599670 1416
1599680 1421
1599690 1426
1599700 1426
1599710 1431
1599720 1437
1599730 1437
1599740 1443
1599750 1449
1599760 1449
1599770 1456
1599780 1462
1599790 1462
1599800 1467
1599810 1473
1599820 1473
1599830 1479
1599840 1484
1599850 1484
1599860 1489
1599870 1494
1599880 1501
1599890 1501
1599900 1509
1599910 1515
1599920 1515
1599930 1521
1599940 1527
1599950 1527
1599960 1532
1599970 1537
1599980 1537
1599990 1542
