1580000 1889
1580010 1889
1580020 1882
1580030 1877
1580040 1877
1580050 1874
1580060 1873
1580070 1873
1580080 1873
1580090 1872
1580100 1872
1580110 1870
1580120 1866
1580130 1866
1580140 1864
1580150 1860
1580160 1860
1580170 1851
1580180 1845
1580190 1845
1580200 1841
1580210 1838
1580220 1838
1580230 1835
1580240 1829
1580250 1829
1580260 1824
1580270 1823
1580280 1819
1580290 1819
1580300 1816
1580310 1813
1580320 1813
1580330 1811
1580340 1809
1580350 1809
1580360 1807
1580370 1805
1580380 1805
1580390 1808
1580400 1813
1580410 1813
1580420 1818
1580430 1821
1580440 1821
1580450 1823
1580460 1828
1580470 1828
1580480 1834
1580490 1842
1580500 1842
1580510 1843
1580520 1842
1580530 1842
1580540 1842
1580550 1840
1580560 1838
1580570 1838
1580580 1836
1580590 1833
1580600 1833
1580610 1830
1580620 1827
1580630 1827
1580640 1825
1580650 1821
1580660 1821
1580670 1819
1580680 1819
1580690 1819
1580700 1818
1580710 1815
1580720 1815
1580730 1811
1580740 1805
1580750 1805
1580760 1801
1580770 1799
1580780 1799
1580790 1796
1580800 1794
1580810 1794
1580820 1789
1580830 1784
1580840 1782
1580850 1782
1580860 1780
1580870 1778
1580880 1778
1580890 1777
1580900 1774
1580910 1774
1580920 1772
1580930 1771
1580940 1771
1580950 1769
1580960 1765
1580970 1765
1580980 1760
1580990 1755
1581000 1755
1581010 1749
1581020 1742
1581030 1742
1581040 1737
1581050 1734
1581060 1734
1581070 1731
1581080 1727
1581090 1727
1581100 1722
1581110 1718
1581120 1715
1581130 1715
1581140 1712
1581150 1711
1581160 1711
1581170 1710
1581180 1707
1581190 1707
1581200 1705
1581210 1705
1581220 1705
1581230 1706
1581240 1706
1581250 1706
1581260 1706
1581270 1706
1581280 1706
1581290 1707
1581300 1705
1581310 1705
1581320 1704
1581330 1702
1581340 1702
1581350 1702
1581360 1702
1581370 1702
1581380 1702
1581390 1704
1581400 1707
1581410 1707
1581420 1710
1581430 1713
1581440 1713
1581450 1715
1581460 1715
1581470 1715
1581480 1717
1581490 1719
1581500 1719
1581510 1721
1581520 1728
1581530 1728
1581540 1733
1581550 1738
1581560 1738
1581570 1740
1581580 1741
1581590 1741
1581600 1739
1581610 1743
1581620 1743
1581630 1747
1581640 1746
1581650 1746
1581660 1739
1581670 1728
1581680 1722
1581690 1722
1581700 1722
1581710 1715
1581720 1715
1581730 1707
1581740 1704
1581750 1704
1581760 1707
1581770 1708
1581780 1708
1581790 1701
1581800 1693
1581810 1693
1581820 1681
1581830 1668
1581840 1668
1581850 1665
1581860 1658
1581870 1658
1581880 1646
1581890 1639
1581900 1639
1581910 1637
1581920 1630
1581930 1630
1581940 1630
1581950 1631
1581960 1632
1581970 1613
1581980 1609
1581990 1605
1582000 1605
1582010 1604
1582020 1604
1582030 1604
1582040 1601
1582050 1588
1582060 1588
1582070 1582
1582080 1578
1582090 1578
1582100 1575
1582110 1570
1582120 1570
1582130 1564
1582140 1558
1582150 1558
1582160 1553
1582170 1549
1582180 1549
1582190 1543
1582200 1538
1582210 1538
1582220 1533
1582230 1530
1582240 1528
1582250 1528
1582260 1525
1582270 1521
1582280 1521
1582290 1516
1582300 1512
1582310 1512
1582320 1509
1582330 1504
1582340 1504
1582350 1501
1582360 1498
1582370 1498
1582380 1495
1582390 1496
1582400 1496
1582410 1504
1582420 1511
1582430 1511
1582440 1514
1582450 1515
1582460 1515
1582470 1515
1582480 1517
1582490 1517
1582500 1517
1582510 1519
1582520 1521
1582530 1521
1582540 1523
1582550 1526
1582560 1526
1582570 1532
1582580 1538
1582590 1538
1582600 1543
1582610 1547
1582620 1547
1582630 1550
1582640 1550
1582650 1550
1582660 1551
1582670 1552
1582680 1552
1582690 1553
1582700 1557
1582710 1557
1582720 1560
1582730 1565
1582740 1565
1582750 1571
1582760 1577
1582770 1577
1582780 1583
1582790 1589
1582800 1595
1582810 1595
1582820 1602
1582830 1609
1582840 1609
1582850 1616
1582860 1625
1582870 1625
1582880 1633
1582890 1642
1582900 1642
1582910 1650
1582920 1660
1582930 1660
1582940 1669
1582950 1679
1582960 1679
1582970 1687
1582980 1695
1582990 1695
1583000 1703
1583010 1711
1583020 1711
1583030 1718
1583040 1725
1583050 1725
1583060 1733
1583070 1740
1583080 1740
1583090 1746
1583100 1754
1583110 1760
1583120 1760
1583130 1765
1583140 1771
1583150 1771
1583160 1778
1583170 1785
1583180 1785
1583190 1789
1583200 1793
1583210 1793
1583220 1799
1583230 1805
1583240 1805
1583250 1811
1583260 1817
1583270 1817
1583280 1819
1583290 1819
1583300 1819
1583310 1820
1583320 1823
1583330 1823
1583340 1826
1583350 1828
1583360 1828
1583370 1831
1583380 1833
1583390 1837
1583400 1837
1583410 1841
1583420 1847
1583430 1847
1583440 1853
1583450 1858
1583460 1858
1583470 1864
1583480 1872
1583490 1872
1583500 1882
1583510 1893
1583520 1893
1583530 1904
1583540 1916
1583550 1916
1583560 1926
1583570 1936
1583580 1936
1583590 1939
1583600 1934
1583610 1934
1583620 1929
1583630 1925
1583640 1925
1583650 1921
1583660 1915
1583670 1912
1583680 1912
1583690 1907
1583700 1902
1583710 1902
1583720 1899
1583730 1897
1583740 1897
1583750 1898
1583760 1899
1583770 1899
1583780 1900
1583790 1900
1583800 1900
1583810 1900
1583820 1900
1583830 1900
1583840 1899
1583850 1898
1583860 1898
1583870 1897
1583880 1897
1583890 1897
1583900 1898
1583910 1900
1583920 1900
1583930 1902
1583940 1905
1583950 1906
1583960 1906
1583970 1908
1583980 1909
1583990 1909
1584000 1906
1584010 1906
1584020 1906
1584030 1905
1584040 1906
1584050 1906
1584060 1907
1584070 1906
1584080 1906
1584090 1905
1584100 1901
1584110 1901
1584120 1891
1584130 1882
1584140 1882
1584150 1872
1584160 1863
1584170 1863
1584180 1853
1584190 1843
1584200 1843
1584210 1830
1584220 1819
1584230 1811
1584240 1811
1584250 1803
1584260 1796
1584270 1796
1584280 1789
1584290 1783
1584300 1783
1584310 1778
1584320 1774
1584330 1774
1584340 1767
1584350 1753
1584360 1753
1584370 1744
1584380 1737
1584390 1737
1584400 1730
1584410 1725
1584420 1725
1584430 1718
1584440 1713
1584450 1713
1584460 1707
1584470 1702
1584480 1702
1584490 1696
1584500 1690
1584510 1685
1584520 1685
1584530 1681
1584540 1678
1584550 1677
1584560 1674
1584570 1672
1584580 1672
1584590 1668
1584600 1661
1584610 1661
1584620 1660
1584630 1666
1584640 1666
1584650 1671
1584660 1674
1584670 1674
1584680 1676
1584690 1677
1584700 1677
1584710 1678
1584720 1679
1584730 1679
1584740 1681
1584750 1682
1584760 1682
1584770 1683
1584780 1683
1584790 1686
1584800 1686
1584810 1691
1584820 1696
1584830 1696
1584840 1702
1584850 1709
1584860 1709
1584870 1715
1584880 1720
1584890 1720
1584900 1725
1584910 1729
1584920 1729
1584930 1734
1584940 1743
1584950 1743
1584960 1756
1584970 1770
1584980 1770
1584990 1777
1585000 1782
1585010 1782
1585020 1786
1585030 1788
1585040 1788
1585050 1790
1585060 1793
1585070 1797
1585080 1797
1585090 1798
1585100 1798
1585110 1798
1585120 1796
1585130 1795
1585140 1795
1585150 1794
1585160 1791
1585170 1791
1585180 1790
1585190 1788
1585200 1788
1585210 1786
1585220 1783
1585230 1783
1585240 1780
1585250 1776
1585260 1776
1585270 1774
1585280 1772
1585290 1772
1585300 1769
1585310 1765
1585320 1765
1585330 1762
1585340 1758
1585350 1754
1585360 1754
1585370 1750
1585380 1745
1585390 1745
1585400 1738
1585410 1731
1585420 1731
1585430 1721
1585440 1713
1585450 1713
1585460 1705
1585470 1700
1585480 1700
1585490 1696
1585500 1693
1585510 1693
1585520 1691
1585530 1689
1585540 1689
1585550 1689
1585560 1688
1585570 1688
1585580 1687
1585590 1686
1585600 1686
1585610 1687
1585620 1687
1585630 1685
1585640 1685
1585650 1684
1585660 1683
1585670 1683
1585680 1682
1585690 1684
1585700 1684
1585710 1684
1585720 1683
1585730 1683
1585740 1683
1585750 1684
1585760 1684
1585770 1686
1585780 1687
1585790 1687
1585800 1688
1585810 1690
1585820 1687
1585830 1689
1585840 1691
1585850 1691
1585860 1693
1585870 1696
1585880 1696
1585890 1699
1585900 1702
1585910 1702
1585920 1708
1585930 1713
1585940 1718
1585950 1718
1585960 1723
1585970 1729
1585980 1729
1585990 1735
1586000 1742
1586010 1742
1586020 1750
1586030 1757
1586040 1757
1586050 1764
1586060 1771
1586070 1771
1586080 1778
1586090 1783
1586100 1783
1586110 1788
1586120 1794
1586130 1794
1586140 1797
1586150 1795
1586160 1795
1586170 1793
1586180 1790
1586190 1790
1586200 1787
1586210 1784
1586220 1783
1586230 1783
1586240 1780
1586250 1778
1586260 1778
1586270 1776
1586280 1773
1586290 1773
1586300 1771
1586310 1768
1586320 1768
1586330 1766
1586340 1763
1586350 1763
1586360 1761
1586370 1758
1586380 1758
1586390 1755
1586400 1752
1586410 1752
1586420 1750
1586430 1746
1586440 1746
1586450 1743
1586460 1740
1586470 1740
1586480 1737
1586490 1734
1586500 1729
1586510 1729
1586520 1724
1586530 1718
1586540 1718
1586550 1713
1586560 1707
1586570 1707
1586580 1704
1586590 1699
1586600 1699
1586610 1694
1586620 1689
1586630 1689
1586640 1685
1586650 1682
1586660 1682
1586670 1681
1586680 1681
1586690 1681
1586700 1678
1586710 1676
1586720 1676
1586730 1674
1586740 1671
1586750 1671
1586760 1670
1586770 1668
1586780 1665
1586790 1665
1586800 1660
1586810 1657
1586820 1657
1586830 1654
1586840 1651
1586850 1651
1586860 1648
1586870 1644
1586880 1644
1586890 1640
1586900 1637
1586910 1637
1586920 1634
1586930 1630
1586940 1630
1586950 1627
1586960 1624
1586970 1624
1586980 1620
1586990 1616
1587000 1616
1587010 1612
1587020 1606
1587030 1606
1587040 1603
1587050 1598
1587060 1592
1587070 1588
1587080 1583
1587090 1577
1587100 1577
1587110 1573
1587120 1571
1587130 1571
1587140 1572
1587150 1572
1587160 1572
1587170 1568
1587180 1562
1587190 1562
1587200 1557
1587210 1553
1587220 1553
1587230 1549
1587240 1544
1587250 1544
1587260 1538
1587270 1532
1587280 1532
1587290 1528
1587300 1525
1587310 1525
1587320 1522
1587330 1518
1587340 1514
1587350 1514
1587360 1510
1587370 1507
1587380 1507
1587390 1502
1587400 1500
1587410 1500
1587420 1500
1587430 1498
1587440 1498
1587450 1496
1587460 1492
1587470 1492
1587480 1489
1587490 1486
1587500 1486
1587510 1484
1587520 1481
1587530 1481
1587540 1478
1587550 1475
1587560 1475
1587570 1473
1587580 1470
1587590 1470
1587600 1469
1587610 1466
1587620 1463
1587630 1463
1587640 1459
1587650 1456
1587660 1456
1587670 1453
1587680 1449
1587690 1449
1587700 1445
1587710 1440
1587720 1440
1587730 1434
1587740 1427
1587750 1427
1587760 1420
1587770 1415
1587780 1415
1587790 1410
1587800 1407
1587810 1407
1587820 1406
1587830 1405
1587840 1405
1587850 1405
1587860 1405
1587870 1405
1587880 1406
1587890 1405
1587900 1401
1587910 1401
1587920 1397
1587930 1392
1587940 1392
1587950 1386
1587960 1382
1587970 1382
1587980 1380
1587990 1376
1588000 1376
1588010 1377
1588020 1379
1588030 1379
1588040 1382
1588050 1386
1588060 1386
1588070 1390
1588080 1393
1588090 1393
1588100 1396
1588110 1396
1588120 1396
1588130 1397
1588140 1397
1588150 1397
1588160 1398
1588170 1397
1588180 1397
1588190 1397
1588200 1397
1588210 1397
1588220 1397
1588230 1398
1588240 1398
1588250 1398
1588260 1397
1588270 1396
1588280 1396
1588290 1394
1588300 1392
1588310 1393
1588320 1390
1588330 1387
1588340 1387
1588350 1386
1588360 1384
1588370 1384
1588380 1383
1588390 1382
1588400 1382
1588410 1380
1588420 1376
1588430 1376
1588440 1374
1588450 1375
1588460 1375
1588470 1375
1588480 1376
1588490 1377
1588500 1377
1588510 1378
1588520 1379
1588530 1379
1588540 1378
1588550 1376
1588560 1376
1588570 1371
1588580 1368
1588590 1368
1588600 1366
1588610 1365
1588620 1365
1588630 1365
1588640 1364
1588650 1364
1588660 1363
1588670 1363
1588680 1363
1588690 1362
1588700 1362
1588710 1362
1588720 1361
1588730 1360
1588740 1360
1588750 1359
1588760 1358
1588770 1358
1588780 1358
1588790 1357
1588800 1355
1588810 1355
1588820 1353
1588830 1351
1588840 1351
1588850 1349
1588860 1347
1588870 1347
1588880 1345
1588890 1343
1588900 1343
1588910 1342
1588920 1340
1588930 1340
1588940 1339
1588950 1338
1588960 1338
1588970 1336
1588980 1335
1588990 1335
1589000 1334
1589010 1333
1589020 1333
1589030 1332
1589040 1333
1589050 1334
1589060 1334
1589070 1335
1589080 1334
1589090 1334
1589100 1332
1589110 1330
1589120 1330
1589130 1328
1589140 1327
1589150 1327
1589160 1326
1589170 1325
1589180 1325
1589190 1325
1589200 1326
1589210 1326
1589220 1327
1589230 1328
1589240 1328
1589250 1329
1589260 1330
1589270 1330
1589280 1330
1589290 1330
1589300 1330
1589310 1328
1589320 1326
1589330 1323
1589340 1323
1589350 1321
1589360 1319
1589370 1319
1589380 1317
1589390 1315
1589400 1315
1589410 1313
1589420 1312
1589430 1312
1589440 1310
1589450 1310
1589460 1310
1589470 1309
1589480 1309
1589490 1309
1589500 1309
1589510 1308
1589520 1308
1589530 1311
1589540 1312
1589550 1312
1589560 1312
1589570 1311
1589580 1311
1589590 1309
1589600 1309
1589610 1309
1589620 1309
1589630 1309
1589640 1309
1589650 1309
1589660 1310
1589670 1310
1589680 1310
1589690 1310
1589700 1311
1589710 1311
1589720 1311
1589730 1311
1589740 1311
1589750 1310
1589760 1309
1589770 1309
1589780 1308
1589790 1307
1589800 1307
1589810 1306
1589820 1304
1589830 1304
1589840 1302
1589850 1301
1589860 1301
1589870 1300
1589880 1300
1589890 1300
1589900 1300
1589910 1300
1589920 1299
1589930 1299
1589940 1298
1589950 1298
1589960 1298
1589970 1298
1589980 1299
1589990 1299
1590000 1299
1590010 1299
1590020 1299
1590030 1300
1590040 1300
1590050 1300
1590060 1299
1590070 1298
1590080 1298
1590090 1297
1590100 1296
1590110 1296
1590120 1295
1590130 1294
1590140 1294
1590150 1294
1590160 1294
1590170 1294
1590180 1294
1590190 1293
1590200 1293
1590210 1293
1590220 1292
1590230 1291
1590240 1291
1590250 1291
1590260 1290
1590270 1290
1590280 1290
1590290 1289
1590300 1289
1590310 1288
1590320 1287
1590330 1287
1590340 1286
1590350 1285
1590360 1285
1590370 1284
1590380 1283
1590390 1283
1590400 1282
1590410 1282
1590420 1282
1590430 1281
1590440 1280
1590450 1280
1590460 1280
1590470 1279
1590480 1278
1590490 1278
1590500 1278
1590510 1278
1590520 1278
1590530 1278
1590540 1278
1590550 1278
1590560 1279
1590570 1279
1590580 1279
1590590 1280
1590600 1280
1590610 1280
1590620 1280
1590630 1279
1590640 1279
1590650 1279
1590660 1279
1590670 1279
1590680 1280
1590690 1280
1590700 1280
1590710 1280
1590720 1280
1590730 1279
1590740 1281
1590750 1280
1590760 1280
1590770 1280
1590780 1279
1590790 1279
1590800 1279
1590810 1278
1590820 1279
1590830 1279
1590840 1280
1590850 1282
1590860 1282
1590870 1283
1590880 1283
1590890 1283
1590900 1282
1590910 1281
1590920 1281
1590930 1280
1590940 1280
1590950 1280
1590960 1279
1590970 1279
1590980 1279
1590990 1279
1591000 1279
1591010 1279
1591020 1278
1591030 1277
1591040 1275
1591050 1275
1591060 1275
1591070 1274
1591080 1274
1591090 1275
1591100 1275
1591110 1275
1591120 1277
1591130 1278
1591140 1278
1591150 1278
1591160 1277
1591170 1277
1591180 1277
1591190 1277
1591200 1277
1591210 1276
1591220 1276
1591230 1276
1591240 1275
1591250 1275
1591260 1275
1591270 1274
1591280 1273
1591290 1273
1591300 1273
1591310 1272
1591320 1270
1591330 1270
1591340 1269
1591350 1267
1591360 1267
1591370 1266
1591380 1266
1591390 1266
1591400 1266
1591410 1266
1591420 1266
1591430 1267
1591440 1267
1591450 1267
1591460 1268
1591470 1268
1591480 1268
1591490 1269
1591500 1270
1591510 1270
1591520 1270
1591530 1271
1591540 1271
1591550 1272
1591560 1277
1591570 1277
1591580 1279
1591590 1277
1591600 1274
1591610 1274
1591620 1271
1591630 1268
1591640 1268
1591650 1266
1591660 1264
1591670 1264
1591680 1262
1591690 1261
1591700 1261
1591710 1259
1591720 1258
1591730 1258
1591740 1256
1591750 1253
1591760 1253
1591770 1252
1591780 1252
1591790 1252
1591800 1251
1591810 1250
1591820 1250
1591830 1249
1591840 1249
1591850 1249
1591860 1249
1591870 1250
1591880 1250
1591890 1250
1591900 1251
1591910 1251
1591920 1251
1591930 1252
1591940 1252
1591950 1252
1591960 1252
1591970 1252
1591980 1252
1591990 1252
1592000 1252
1592010 1252
1592020 1252
1592030 1252
1592040 1252
1592050 1252
1592060 1253
1592070 1253
1592080 1254
1592090 1254
1592100 1254
1592110 1255
1592120 1257
1592130 1257
1592140 1258
1592150 1259
1592160 1260
1592170 1260
1592180 1261
1592190 1262
1592200 1262
1592210 1263
1592220 1262
1592230 1262
1592240 1261
1592250 1260
1592260 1260
1592270 1258
1592280 1258
1592290 1258
1592300 1257
1592310 1256
1592320 1256
1592330 1256
1592340 1254
1592350 1254
1592360 1253
1592370 1252
1592380 1252
1592390 1251
1592400 1249
1592410 1249
1592420 1249
1592430 1250
1592440 1250
1592450 1250
1592460 1250
1592470 1252
1592480 1252
1592490 1252
1592500 1251
1592510 1251
1592520 1251
1592530 1251
1592540 1251
1592550 1250
1592560 1249
1592570 1249
1592580 1249
1592590 1249
1592600 1249
1592610 1249
1592620 1249
1592630 1249
1592640 1248
1592650 1247
1592660 1247
1592670 1246
1592680 1245
1592690 1245
1592700 1245
1592710 1244
1592720 1244
1592730 1244
1592740 1245
1592750 1245
1592760 1245
1592770 1246
1592780 1247
1592790 1247
1592800 1248
1592810 1249
1592820 1249
1592830 1250
1592840 1251
1592850 1251
1592860 1252
1592870 1253
1592880 1253
1592890 1253
1592900 1252
1592910 1252
1592920 1251
1592930 1250
1592940 1250
1592950 1249
1592960 1247
1592970 1247
1592980 1246
1592990 1245
1593000 1244
1593010 1244
1593020 1243
1593030 1245
1593040 1245
1593050 1246
1593060 1247
1593070 1247
1593080 1248
1593090 1249
1593100 1249
1593110 1253
1593120 1254
1593130 1254
1593140 1255
1593150 1256
1593160 1256
1593170 1256
1593180 1257
1593190 1257
1593200 1258
1593210 1259
1593220 1259
1593230 1259
1593240 1259
1593250 1259
1593260 1258
1593270 1255
1593280 1255
1593290 1254
1593300 1254
1593310 1254
1593320 1254
1593330 1256
1593340 1257
1593350 1257
1593360 1257
1593370 1257
1593380 1257
1593390 1256
1593400 1257
1593410 1257
1593420 1257
1593430 1258
1593440 1258
1593450 1259
1593460 1260
1593470 1260
1593480 1260
1593490 1261
1593500 1261
1593510 1262
1593520 1262
1593530 1262
1593540 1264
1593550 1266
1593560 1266
1593570 1268
1593580 1270
1593590 1273
1593600 1273
1593610 1275
1593620 1277
1593630 1277
1593640 1277
1593650 1277
1593660 1277
1593670 1276
1593680 1276
1593690 1276
1593700 1278
1593710 1279
1593720 1279
1593730 1280
1593740 1282
1593750 1282
1593760 1284
1593770 1287
1593780 1287
1593790 1290
1593800 1292
1593810 1292
1593820 1293
1593830 1294
1593840 1294
1593850 1296
1593860 1297
1593870 1298
1593880 1298
1593890 1299
1593900 1300
1593910 1300
1593920 1301
1593930 1301
1593940 1301
1593950 1302
1593960 1304
1593970 1304
1593980 1307
1593990 1309
1594000 1309
1594010 1311
1594020 1313
1594030 1313
1594040 1314
1594050 1316
1594060 1316
1594070 1317
1594080 1318
1594090 1318
1594100 1318
1594110 1319
1594120 1319
1594130 1319
1594140 1318
1594150 1317
1594160 1317
1594170 1318
1594180 1321
1594190 1321
1594200 1325
1594210 1328
1594220 1328
1594230 1332
1594240 1334
1594250 1334
1594260 1336
1594270 1338
1594280 1345
1594290 1347
1594300 1349
1594310 1349
1594320 1351
1594330 1352
1594340 1352
1594350 1353
1594360 1353
1594370 1353
1594380 1354
1594390 1353
1594400 1353
1594410 1350
1594420 1347
1594430 1345
1594440 1345
1594450 1341
1594460 1332
1594470 1332
1594480 1324
1594490 1321
1594500 1321
1594510 1326
1594520 1333
1594530 1333
1594540 1337
1594550 1340
1594560 1340
1594570 1343
1594580 1348
1594590 1348
1594600 1355
1594610 1364
1594620 1364
1594630 1372
1594640 1380
1594650 1380
1594660 1388
1594670 1394
1594680 1394
1594690 1399
1594700 1405
1594710 1410
1594720 1410
1594730 1414
1594740 1419
1594750 1419
1594760 1421
1594770 1424
1594780 1424
1594790 1427
1594800 1430
1594810 1430
1594820 1433
1594830 1435
1594840 1435
1594850 1439
1594860 1442
1594870 1442
1594880 1445
1594890 1447
1594900 1447
1594910 1450
1594920 1452
1594930 1452
1594940 1452
1594950 1449
1594960 1449
1594970 1445
1594980 1441
1594990 1440
1595000 1440
1595010 1435
1595020 1430
1595030 1430
1595040 1426
1595050 1423
1595060 1423
1595070 1420
1595080 1415
1595090 1415
1595100 1414
1595110 1417
1595120 1417
1595130 1423
1595140 1434
1595150 1434
1595160 1454
1595170 1463
1595180 1463
1595190 1470
1595200 1474
1595210 1474
1595220 1478
1595230 1481
1595240 1481
1595250 1483
1595260 1484
1595270 1488
1595280 1488
1595290 1494
1595300 1501
1595310 1501
1595320 1508
1595330 1515
1595340 1515
1595350 1524
1595360 1530
1595370 1530
1595380 1539
1595390 1544
1595400 1544
1595410 1550
1595420 1555
1595430 1555
1595440 1557
1595450 1564
1595460 1564
1595470 1572
1595480 1580
1595490 1580
1595500 1588
1595510 1594
1595520 1594
1595530 1600
1595540 1605
1595550 1610
1595560 1610
1595570 1615
1595580 1620
1595590 1620
1595600 1626
1595610 1633
1595620 1633
1595630 1640
1595640 1647
1595650 1647
1595660 1653
1595670 1659
1595680 1659
1595690 1664
1595700 1669
1595710 1669
1595720 1669
1595730 1664
1595740 1664
1595750 1661
1595760 1660
1595770 1660
1595780 1657
1595790 1656
1595800 1656
1595810 1657
1595820 1657
1595830 1657
1595840 1663
1595850 1666
1595860 1673
1595870 1673
1595880 1680
1595890 1686
1595900 1686
1595910 1694
1595920 1701
1595930 1701
1595940 1708
1595950 1715
1595960 1715
1595970 1721
1595980 1727
1595990 1727
1596000 1733
1596010 1738
1596020 1738
1596030 1743
1596040 1746
1596050 1746
1596060 1745
1596070 1743
1596080 1743
1596090 1742
1596100 1743
1596110 1743
1596120 1744
1596130 1744
1596140 1742
1596150 1742
1596160 1740
1596170 1738
1596180 1738
1596190 1736
1596200 1736
1596210 1736
1596220 1738
1596230 1739
1596240 1739
1596250 1741
1596260 1743
1596270 1743
1596280 1745
1596290 1748
1596300 1748
1596310 1752
1596320 1755
1596330 1755
1596340 1750
1596350 1742
1596360 1742
1596370 1734
1596380 1725
1596390 1725
1596400 1715
1596410 1706
1596420 1696
1596430 1696
1596440 1688
1596450 1681
1596460 1681
1596470 1675
1596480 1671
1596490 1671
1596500 1670
1596510 1669
1596520 1669
1596530 1669
1596540 1671
1596550 1671
1596560 1674
1596570 1677
1596580 1677
1596590 1680
1596600 1675
1596610 1675
1596620 1671
1596630 1668
1596640 1668
1596650 1664
1596660 1666
1596670 1666
1596680 1665
1596690 1665
1596700 1664
1596710 1664
1596720 1664
1596730 1666
1596740 1666
1596750 1669
1596760 1671
1596770 1671
1596780 1673
1596790 1676
1596800 1676
1596810 1677
1596820 1675
1596830 1675
1596840 1672
1596850 1672
1596860 1672
1596870 1680
1596880 1683
1596890 1683
1596900 1682
1596910 1681
1596920 1681
1596930 1682
1596940 1683
1596950 1683
1596960 1686
1596970 1691
1596980 1698
1596990 1698
1597000 1703
1597010 1706
1597020 1706
1597030 1710
1597040 1713
1597050 1713
1597060 1717
1597070 1720
1597080 1720
1597090 1721
1597100 1723
1597110 1723
1597120 1727
1597130 1733
1597140 1733
1597150 1738
1597160 1742
1597170 1742
1597180 1746
1597190 1749
1597200 1749
1597210 1752
1597220 1754
1597230 1754
1597240 1756
1597250 1759
1597260 1761
1597270 1761
1597280 1764
1597290 1766
1597300 1766
1597310 1768
1597320 1769
1597330 1769
1597340 1770
1597350 1771
1597360 1771
1597370 1771
1597380 1771
1597390 1771
1597400 1772
1597410 1773
1597420 1773
1597430 1775
1597440 1776
1597450 1776
1597460 1777
1597470 1778
1597480 1778
1597490 1780
1597500 1783
1597510 1783
1597520 1785
1597530 1786
1597540 1785
1597550 1785
1597560 1783
1597570 1779
1597580 1779
1597590 1774
1597600 1769
1597610 1769
1597620 1764
1597630 1760
1597640 1760
1597650 1755
1597660 1751
1597670 1751
1597680 1746
1597690 1742
1597700 1742
1597710 1737
1597720 1737
1597730 1737
1597740 1732
1597750 1727
1597760 1727
1597770 1721
1597780 1716
1597790 1716
1597800 1710
1597810 1705
1597820 1699
1597830 1699
1597840 1694
1597850 1689
1597860 1689
1597870 1684
1597880 1679
1597890 1679
1597900 1675
1597910 1671
1597920 1671
1597930 1666
1597940 1660
1597950 1660
1597960 1654
1597970 1648
1597980 1648
1597990 1643
1598000 1637
1598010 1637
1598020 1631
1598030 1625
1598040 1625
1598050 1620
1598060 1614
1598070 1614
1598080 1608
1598090 1603
1598100 1597
1598110 1597
1598120 1592
1598130 1588
1598140 1588
1598150 1581
1598160 1577
1598170 1577
1598180 1572
1598190 1567
1598200 1567
1598210 1562
1598220 1557
1598230 1557
1598240 1552
1598250 1547
1598260 1547
1598270 1542
1598280 1536
1598290 1536
1598300 1530
1598310 1524
1598320 1524
1598330 1517
1598340 1510
1598350 1510
1598360 1503
1598370 1497
1598380 1497
1598390 1490
1598400 1484
1598410 1477
1598420 1477
1598430 1471
1598440 1465
1598450 1465
1598460 1459
1598470 1453
1598480 1453
1598490 1447
1598500 1441
1598510 1441
1598520 1435
1598530 1428
1598540 1428
1598550 1422
1598560 1417
1598570 1417
1598580 1410
1598590 1403
1598600 1403
1598610 1398
1598620 1391
1598630 1391
1598640 1383
1598650 1375
1598660 1375
1598670 1369
1598680 1365
1598690 1365
1598700 1365
1598710 1369
1598720 1374
1598730 1374
1598740 1378
1598750 1383
1598760 1383
1598770 1385
1598780 1387
1598790 1387
1598800 1389
1598810 1391
1598820 1391
1598830 1394
1598840 1389
1598850 1389
1598860 1390
1598870 1390
1598880 1390
1598890 1389
1598900 1389
1598910 1389
1598920 1390
1598930 1394
1598940 1394
1598950 1399
1598960 1404
1598970 1408
1598980 1408
1598990 1411
1599000 1414
1599010 1414
1599020 1416
1599030 1418
1599040 1418
1599050 1418
1599060 1417
1599070 1417
1599080 1419
1599090 1420
1599100 1420
1599110 1422
1599120 1426
1599130 1426
1599140 1426
1599150 1431
1599160 1431
1599170 1434
1599180 1438
1599190 1438
1599200 1442
1599210 1446
1599220 1446
1599230 1448
1599240 1450
1599250 1451
1599260 1451
1599270 1450
1599280 1449
1599290 1449
1599300 1446
1599310 1444
1599320 1444
1599330 1442
1599340 1439
1599350 1439
1599360 1435
1599370 1431
1599380 1431
1599390 1426
1599400 1418
1599410 1418
1599420 1411
1599430 1404
1599440 1404
1599450 1397
1599460 1389
1599470 1389
1599480 1382
1599490 1375
1599500 1375
1599510 1367
1599520 1360
1599530 1353
1599540 1353
1599550 1347
1599560 1339
1599570 1339
1599580 1332
1599590 1331
1599600 1331
1599610 1331
1599620 1332
1599630 1332
1599640 1334
1599650 1335
1599660 1335
1599670 1335
1599680 1334
1599690 1334
1599700 1332
1599710 1330
1599720 1330
1599730 1328
1599740 1326
1599750 1326
1599760 1325
1599770 1322
1599780 1322
1599790 1319
1599800 1317
1599810 1314
1599820 1314
1599830 1309
1599840 1306
1599850 1306
1599860 1303
1599870 1299
1599880 1299
1599890 1296
1599900 1293
1599910 1293
1599920 1289
1599930 1284
1599940 1284
1599950 1275
1599960 1271
1599970 1271
1599980 1266
1599990 1261
