1580000 1807
1580010 1797
1580020 1790
1580030 1790
1580040 1788
1580050 1779
1580060 1779
1580070 1769
1580080 1762
1580090 1762
1580100 1754
1580110 1749
1580120 1749
1580130 1749
1580140 1745
1580150 1742
1580160 1742
1580170 1741
1580180 1741
1580190 1741
1580200 1740
1580210 1737
1580220 1737
1580230 1736
1580240 1733
1580250 1733
1580260 1731
1580270 1729
1580280 1729
1580290 1727
1580300 1725
1580310 1725
1580320 1724
1580330 1723
1580340 1723
1580350 1722
1580360 1721
1580370 1721
1580380 1720
1580390 1719
1580400 1719
1580410 1718
1580420 1718
1580430 1717
1580440 1717
1580450 1715
1580460 1713
1580470 1713
1580480 1712
1580490 1712
1580500 1712
1580510 1713
1580520 1714
1580530 1714
1580540 1718
1580550 1721
1580560 1721
1580570 1724
1580580 1726
1580590 1726
1580600 1728
1580610 1731
1580620 1731
1580630 1735
1580640 1739
1580650 1739
1580660 1740
1580670 1735
1580680 1735
1580690 1729
1580700 1723
1580710 1723
1580720 1718
1580730 1710
1580740 1705
1580750 1705
1580760 1699
1580770 1694
1580780 1694
1580790 1688
1580800 1683
1580810 1683
1580820 1677
1580830 1672
1580840 1672
1580850 1670
1580860 1668
1580870 1668
1580880 1664
1580890 1660
1580900 1660
1580910 1659
1580920 1657
1580930 1657
1580940 1654
1580950 1648
1580960 1648
1580970 1642
1580980 1636
1580990 1636
1581000 1629
1581010 1625
1581020 1620
1581030 1620
1581040 1615
1581050 1610
1581060 1610
1581070 1606
1581080 1602
1581090 1602
1581100 1598
1581110 1596
1581120 1596
1581130 1593
1581140 1591
1581150 1591
1581160 1590
1581170 1587
1581180 1587
1581190 1585
1581200 1583
1581210 1583
1581220 1579
1581230 1576
1581240 1576
1581250 1576
1581260 1574
1581270 1574
1581280 1571
1581290 1567
1581300 1571
1581310 1571
1581320 1572
1581330 1571
1581340 1571
1581350 1571
1581360 1571
1581370 1571
1581380 1572
1581390 1573
1581400 1573
1581410 1573
1581420 1573
1581430 1573
1581440 1576
1581450 1577
1581460 1577
1581470 1577
1581480 1573
1581490 1573
1581500 1575
1581510 1580
1581520 1580
1581530 1581
1581540 1581
1581550 1581
1581560 1581
1581570 1582
1581580 1583
1581590 1583
1581600 1584
1581610 1582
1581620 1582
1581630 1580
1581640 1578
1581650 1578
1581660 1574
1581670 1570
1581680 1570
1581690 1565
1581700 1558
1581710 1558
1581720 1553
1581730 1547
1581740 1547
1581750 1540
1581760 1534
1581770 1534
1581780 1528
1581790 1522
1581800 1522
1581810 1517
1581820 1512
1581830 1512
1581840 1509
1581850 1507
1581860 1505
1581870 1505
1581880 1504
1581890 1501
1581900 1501
1581910 1499
1581920 1496
1581930 1496
1581940 1494
1581950 1492
1581960 1492
1581970 1491
1581980 1489
1581990 1489
1582000 1488
1582010 1488
1582020 1488
1582030 1486
1582040 1483
1582050 1481
1582060 1478
1582070 1477
1582080 1477
1582090 1471
1582100 1463
1582110 1463
1582120 1459
1582130 1460
1582140 1462
1582150 1462
1582160 1464
1582170 1468
1582180 1468
1582190 1472
1582200 1477
1582210 1477
1582220 1481
1582230 1483
1582240 1483
1582250 1483
1582260 1485
1582270 1485
1582280 1487
1582290 1490
1582300 1490
1582310 1495
1582320 1501
1582330 1501
1582340 1506
1582350 1511
1582360 1511
1582370 1514
1582380 1517
1582390 1517
1582400 1520
1582410 1522
1582420 1523
1582430 1523
1582440 1523
1582450 1525
1582460 1525
1582470 1526
1582480 1529
1582490 1529
1582500 1531
1582510 1533
1582520 1533
1582530 1535
1582540 1538
1582550 1538
1582560 1541
1582570 1543
1582580 1543
1582590 1543
1582600 1544
1582610 1544
1582620 1545
1582630 1548
1582640 1548
1582650 1550
1582660 1553
1582670 1553
1582680 1557
1582690 1561
1582700 1566
1582710 1566
1582720 1570
1582730 1576
1582740 1576
1582750 1581
1582760 1589
1582770 1589
1582780 1596
1582790 1602
1582800 1602
1582810 1608
1582820 1615
1582830 1615
1582840 1621
1582850 1628
1582860 1628
1582870 1634
1582880 1640
1582890 1640
1582900 1645
1582910 1651
1582920 1651
1582930 1657
1582940 1665
1582950 1665
1582960 1672
1582970 1679
1582980 1679
1582990 1688
1583000 1695
1583010 1702
1583020 1702
1583030 1709
1583040 1716
1583050 1716
1583060 1722
1583070 1730
1583080 1730
1583090 1737
1583100 1743
1583110 1743
1583120 1749
1583130 1755
1583140 1755
1583150 1762
1583160 1769
1583170 1769
1583180 1776
1583190 1784
1583200 1784
1583210 1792
1583220 1800
1583230 1800
1583240 1808
1583250 1817
1583260 1817
1583270 1826
1583280 1834
1583290 1842
1583300 1842
1583310 1849
1583320 1857
1583330 1857
1583340 1864
1583350 1876
1583360 1876
1583370 1885
1583380 1894
1583390 1894
1583400 1902
1583410 1910
1583420 1910
1583430 1914
1583440 1921
1583450 1921
1583460 1928
1583470 1935
1583480 1935
1583490 1943
1583500 1950
1583510 1950
1583520 1958
1583530 1966
1583540 1966
1583550 1963
1583560 1951
1583570 1941
1583580 1941
1583590 1927
1583600 1904
1583610 1904
1583620 1889
1583630 1880
1583640 1880
1583650 1872
1583660 1865
1583670 1865
1583680 1858
1583690 1852
1583700 1852
1583710 1847
1583720 1843
1583730 1843
1583740 1840
1583750 1838
1583760 1838
1583770 1837
1583780 1838
1583790 1838
1583800 1840
1583810 1842
1583820 1842
1583830 1844
1583840 1842
1583850 1839
1583860 1839
1583870 1833
1583880 1830
1583890 1830
1583900 1832
1583910 1834
1583920 1834
1583930 1837
1583940 1840
1583950 1840
1583960 1841
1583970 1841
1583980 1841
1583990 1843
1584000 1844
1584010 1844
1584020 1847
1584030 1849
1584040 1849
1584050 1850
1584060 1851
1584070 1851
1584080 1853
1584090 1855
1584100 1855
1584110 1856
1584120 1858
1584130 1859
1584140 1859
1584150 1861
1584160 1862
1584170 1862
1584180 1861
1584190 1861
1584200 1861
1584210 1858
1584220 1851
1584230 1851
1584240 1840
1584250 1832
1584260 1832
1584270 1825
1584280 1817
1584290 1817
1584300 1810
1584310 1802
1584320 1802
1584330 1794
1584340 1778
1584350 1778
1584360 1768
1584370 1760
1584380 1760
1584390 1753
1584400 1746
1584410 1739
1584420 1739
1584430 1734
1584440 1722
1584450 1722
1584460 1712
1584470 1703
1584480 1703
1584490 1694
1584500 1686
1584510 1686
1584520 1680
1584530 1675
1584540 1675
1584550 1669
1584560 1662
1584570 1662
1584580 1655
1584590 1648
1584600 1648
1584610 1642
1584620 1637
1584630 1636
1584640 1633
1584650 1631
1584660 1631
1584670 1630
1584680 1629
1584690 1628
1584700 1628
1584710 1626
1584720 1624
1584730 1624
1584740 1624
1584750 1625
1584760 1625
1584770 1624
1584780 1624
1584790 1624
1584800 1623
1584810 1623
1584820 1623
1584830 1623
1584840 1624
1584850 1624
1584860 1624
1584870 1624
1584880 1624
1584890 1623
1584900 1623
1584910 1623
1584920 1624
1584930 1627
1584940 1627
1584950 1629
1584960 1631
1584970 1634
1584980 1634
1584990 1636
1585000 1637
1585010 1637
1585020 1640
1585030 1644
1585040 1644
1585050 1646
1585060 1650
1585070 1650
1585080 1653
1585090 1655
1585100 1655
1585110 1656
1585120 1656
1585130 1656
1585140 1655
1585150 1654
1585160 1654
1585170 1652
1585180 1652
1585190 1652
1585200 1653
1585210 1653
1585220 1653
1585230 1653
1585240 1655
1585250 1655
1585260 1657
1585270 1657
1585280 1656
1585290 1656
1585300 1656
1585310 1655
1585320 1655
1585330 1655
1585340 1654
1585350 1654
1585360 1652
1585370 1651
1585380 1651
1585390 1651
1585400 1651
1585410 1651
1585420 1653
1585430 1653
1585440 1653
1585450 1655
1585460 1656
1585470 1656
1585480 1657
1585490 1657
1585500 1657
1585510 1656
1585520 1655
1585530 1655
1585540 1651
1585550 1647
1585560 1646
1585570 1646
1585580 1647
1585590 1648
1585600 1648
1585610 1648
1585620 1648
1585630 1648
1585640 1649
1585650 1653
1585660 1653
1585670 1655
1585680 1656
1585690 1656
1585700 1657
1585710 1659
1585720 1659
1585730 1662
1585740 1664
1585750 1664
1585760 1665
1585770 1663
1585780 1663
1585790 1664
1585800 1664
1585810 1664
1585820 1665
1585830 1668
1585840 1670
1585850 1670
1585860 1671
1585870 1673
1585880 1673
1585890 1674
1585900 1674
1585910 1674
1585920 1676
1585930 1678
1585940 1678
1585950 1678
1585960 1679
1585970 1679
1585980 1680
1585990 1682
1586000 1682
1586010 1684
1586020 1686
1586030 1686
1586040 1688
1586050 1689
1586060 1689
1586070 1689
1586080 1688
1586090 1688
1586100 1685
1586110 1686
1586120 1687
1586130 1687
1586140 1687
1586150 1687
1586160 1687
1586170 1687
1586180 1687
1586190 1687
1586200 1685
1586210 1681
1586220 1681
1586230 1675
1586240 1672
1586250 1672
1586260 1669
1586270 1667
1586280 1667
1586290 1666
1586300 1665
1586310 1665
1586320 1665
1586330 1664
1586340 1664
1586350 1661
1586360 1656
1586370 1656
1586380 1653
1586390 1652
1586400 1651
1586410 1651
1586420 1648
1586430 1648
1586440 1648
1586450 1648
1586460 1648
1586470 1648
1586480 1646
1586490 1643
1586500 1643
1586510 1639
1586520 1635
1586530 1635
1586540 1632
1586550 1628
1586560 1628
1586570 1624
1586580 1619
1586590 1619
1586600 1615
1586610 1612
1586620 1612
1586630 1610
1586640 1607
1586650 1607
1586660 1604
1586670 1602
1586680 1598
1586690 1598
1586700 1595
1586710 1592
1586720 1592
1586730 1588
1586740 1584
1586750 1584
1586760 1579
1586770 1575
1586780 1575
1586790 1573
1586800 1570
1586810 1570
1586820 1565
1586830 1557
1586840 1557
1586850 1551
1586860 1552
1586870 1552
1586880 1553
1586890 1551
1586900 1551
1586910 1547
1586920 1545
1586930 1545
1586940 1545
1586950 1544
1586960 1541
1586970 1541
1586980 1536
1586990 1532
1587000 1532
1587010 1529
1587020 1526
1587030 1526
1587040 1523
1587050 1517
1587060 1517
1587070 1512
1587080 1509
1587090 1509
1587100 1509
1587110 1507
1587120 1507
1587130 1504
1587140 1503
1587150 1501
1587160 1498
1587170 1496
1587180 1496
1587190 1494
1587200 1492
1587210 1492
1587220 1488
1587230 1481
1587240 1474
1587250 1474
1587260 1470
1587270 1466
1587280 1466
1587290 1463
1587300 1461
1587310 1461
1587320 1459
1587330 1456
1587340 1456
1587350 1453
1587360 1453
1587370 1453
1587380 1453
1587390 1447
1587400 1447
1587410 1439
1587420 1433
1587430 1433
1587440 1427
1587450 1423
1587460 1423
1587470 1420
1587480 1417
1587490 1417
1587500 1417
1587510 1416
1587520 1415
1587530 1415
1587540 1414
1587550 1413
1587560 1413
1587570 1412
1587580 1411
1587590 1411
1587600 1410
1587610 1409
1587620 1409
1587630 1408
1587640 1407
1587650 1407
1587660 1407
1587670 1405
1587680 1405
1587690 1405
1587700 1406
1587710 1406
1587720 1410
1587730 1413
1587740 1413
1587750 1414
1587760 1417
1587770 1417
1587780 1417
1587790 1417
1587800 1417
1587810 1414
1587820 1418
1587830 1421
1587840 1421
1587850 1422
1587860 1423
1587870 1423
1587880 1423
1587890 1424
1587900 1424
1587910 1426
1587920 1427
1587930 1427
1587940 1428
1587950 1428
1587960 1428
1587970 1429
1587980 1429
1587990 1429
1588000 1430
1588010 1431
1588020 1431
1588030 1432
1588040 1432
1588050 1432
1588060 1432
1588070 1432
1588080 1432
1588090 1432
1588100 1433
1588110 1433
1588120 1433
1588130 1433
1588140 1433
1588150 1433
1588160 1433
1588170 1433
1588180 1433
1588190 1433
1588200 1433
1588210 1433
1588220 1433
1588230 1433
1588240 1433
1588250 1433
1588260 1432
1588270 1432
1588280 1432
1588290 1431
1588300 1431
1588310 1430
1588320 1429
1588330 1429
1588340 1429
1588350 1429
1588360 1429
1588370 1428
1588380 1427
1588390 1429
1588400 1429
1588410 1429
1588420 1428
1588430 1428
1588440 1429
1588450 1429
1588460 1429
1588470 1430
1588480 1430
1588490 1430
1588500 1429
1588510 1429
1588520 1429
1588530 1429
1588540 1429
1588550 1429
1588560 1429
1588570 1429
1588580 1429
1588590 1430
1588600 1431
1588610 1431
1588620 1433
1588630 1434
1588640 1434
1588650 1435
1588660 1433
1588670 1425
1588680 1425
1588690 1420
1588700 1426
1588710 1426
1588720 1428
1588730 1428
1588740 1428
1588750 1431
1588760 1431
1588770 1431
1588780 1431
1588790 1431
1588800 1431
1588810 1431
1588820 1430
1588830 1430
1588840 1430
1588850 1429
1588860 1429
1588870 1429
1588880 1429
1588890 1429
1588900 1429
1588910 1428
1588920 1428
1588930 1427
1588940 1427
1588950 1427
1588960 1427
1588970 1426
1588980 1426
1588990 1426
1589000 1426
1589010 1426
1589020 1426
1589030 1425
1589040 1425
1589050 1425
1589060 1425
1589070 1424
1589080 1424
1589090 1422
1589100 1423
1589110 1423
1589120 1424
1589130 1423
1589140 1423
1589150 1423
1589160 1423
1589170 1423
1589180 1422
1589190 1421
1589200 1421
1589210 1420
1589220 1419
1589230 1419
1589240 1419
1589250 1415
1589260 1409
1589270 1409
1589280 1416
1589290 1418
1589300 1418
1589310 1418
1589320 1417
1589330 1417
1589340 1416
1589350 1415
1589360 1415
1589370 1414
1589380 1413
1589390 1413
1589400 1411
1589410 1410
1589420 1410
1589430 1408
1589440 1406
1589450 1406
1589460 1405
1589470 1405
1589480 1405
1589490 1405
1589500 1402
1589510 1397
1589520 1397
1589530 1392
1589540 1393
1589550 1393
1589560 1396
1589570 1396
1589580 1396
1589590 1396
1589600 1395
1589610 1400
1589620 1399
1589630 1397
1589640 1397
1589650 1396
1589660 1394
1589670 1394
1589680 1388
1589690 1385
1589700 1385
1589710 1388
1589720 1389
1589730 1389
1589740 1388
1589750 1387
1589760 1387
1589770 1384
1589780 1383
1589790 1382
1589800 1382
1589810 1381
1589820 1377
1589830 1377
1589840 1377
1589850 1378
1589860 1378
1589870 1378
1589880 1377
1589890 1377
1589900 1375
1589910 1374
1589920 1374
1589930 1372
1589940 1371
1589950 1371
1589960 1365
1589970 1363
1589980 1363
1589990 1366
1590000 1366
1590010 1366
1590020 1366
1590030 1367
1590040 1367
1590050 1367
1590060 1366
1590070 1366
1590080 1366
1590090 1365
1590100 1364
1590110 1364
1590120 1362
1590130 1361
1590140 1361
1590150 1361
1590160 1360
1590170 1360
1590180 1359
1590190 1358
1590200 1358
1590210 1355
1590220 1350
1590230 1350
1590240 1353
1590250 1355
1590260 1355
1590270 1355
1590280 1355
1590290 1355
1590300 1355
1590310 1355
1590320 1355
1590330 1355
1590340 1354
1590350 1354
1590360 1353
1590370 1350
1590380 1346
1590390 1346
1590400 1348
1590410 1349
1590420 1349
1590430 1349
1590440 1348
1590450 1348
1590460 1347
1590470 1346
1590480 1346
1590490 1346
1590500 1345
1590510 1345
1590520 1345
1590530 1344
1590540 1344
1590550 1343
1590560 1344
1590570 1344
1590580 1345
1590590 1345
1590600 1345
1590610 1344
1590620 1342
1590630 1342
1590640 1339
1590650 1339
1590660 1341
1590670 1341
1590680 1342
1590690 1343
1590700 1343
1590710 1343
1590720 1344
1590730 1344
1590740 1344
1590750 1343
1590760 1343
1590770 1341
1590780 1342
1590790 1342
1590800 1341
1590810 1345
1590820 1345
1590830 1343
1590840 1342
1590850 1342
1590860 1344
1590870 1345
1590880 1345
1590890 1345
1590900 1345
1590910 1345
1590920 1343
1590930 1338
1590940 1334
1590950 1334
1590960 1336
1590970 1341
1590980 1341
1590990 1342
1591000 1343
1591010 1343
1591020 1344
1591030 1344
1591040 1344
1591050 1343
1591060 1343
1591070 1343
1591080 1342
1591090 1341
1591100 1341
1591110 1341
1591120 1340
1591130 1340
1591140 1340
1591150 1340
1591160 1340
1591170 1339
1591180 1338
1591190 1338
1591200 1337
1591210 1336
1591220 1335
1591230 1335
1591240 1333
1591250 1332
1591260 1332
1591270 1335
1591280 1338
1591290 1338
1591300 1338
1591310 1339
1591320 1339
1591330 1340
1591340 1340
1591350 1340
1591360 1339
1591370 1339
1591380 1339
1591390 1339
1591400 1339
1591410 1339
1591420 1338
1591430 1337
1591440 1337
1591450 1336
1591460 1335
1591470 1335
1591480 1334
1591490 1331
1591500 1328
1591510 1328
1591520 1327
1591530 1325
1591540 1325
1591550 1326
1591560 1329
1591570 1329
1591580 1331
1591590 1332
1591600 1332
1591610 1332
1591620 1334
1591630 1334
1591640 1335
1591650 1336
1591660 1336
1591670 1336
1591680 1336
1591690 1336
1591700 1336
1591710 1337
1591720 1337
1591730 1338
1591740 1339
1591750 1339
1591760 1340
1591770 1340
1591780 1340
1591790 1340
1591800 1339
1591810 1338
1591820 1338
1591830 1337
1591840 1336
1591850 1336
1591860 1335
1591870 1333
1591880 1333
1591890 1333
1591900 1333
1591910 1333
1591920 1333
1591930 1333
1591940 1333
1591950 1334
1591960 1335
1591970 1335
1591980 1334
1591990 1333
1592000 1333
1592010 1338
1592020 1339
1592030 1339
1592040 1340
1592050 1339
1592060 1339
1592070 1339
1592080 1339
1592090 1340
1592100 1340
1592110 1340
1592120 1341
1592130 1341
1592140 1342
1592150 1341
1592160 1341
1592170 1338
1592180 1335
1592190 1335
1592200 1336
1592210 1336
1592220 1336
1592230 1335
1592240 1335
1592250 1335
1592260 1333
1592270 1327
1592280 1327
1592290 1322
1592300 1327
1592310 1327
1592320 1331
1592330 1331
1592340 1331
1592350 1331
1592360 1331
1592370 1331
1592380 1331
1592390 1332
1592400 1332
1592410 1332
1592420 1333
1592430 1332
1592440 1332
1592450 1332
1592460 1332
1592470 1332
1592480 1331
1592490 1331
1592500 1331
1592510 1329
1592520 1326
1592530 1326
1592540 1320
1592550 1326
1592560 1326
1592570 1330
1592580 1331
1592590 1331
1592600 1330
1592610 1327
1592620 1327
1592630 1330
1592640 1331
1592650 1331
1592660 1331
1592670 1332
1592680 1333
1592690 1333
1592700 1334
1592710 1334
1592720 1334
1592730 1335
1592740 1336
1592750 1336
1592760 1337
1592770 1337
1592780 1337
1592790 1337
1592800 1338
1592810 1338
1592820 1338
1592830 1336
1592840 1336
1592850 1328
1592860 1329
1592870 1329
1592880 1337
1592890 1341
1592900 1341
1592910 1343
1592920 1344
1592930 1346
1592940 1346
1592950 1346
1592960 1346
1592970 1346
1592980 1347
1592990 1347
1593000 1347
1593010 1346
1593020 1347
1593030 1347
1593040 1348
1593050 1349
1593060 1349
1593070 1349
1593080 1346
1593090 1346
1593100 1343
1593110 1344
1593120 1344
1593130 1350
1593140 1352
1593150 1352
1593160 1353
1593170 1352
1593180 1352
1593190 1356
1593200 1353
1593210 1355
1593220 1355
1593230 1354
1593240 1350
1593250 1350
1593260 1348
1593270 1351
1593280 1351
1593290 1353
1593300 1355
1593310 1355
1593320 1356
1593330 1358
1593340 1358
1593350 1358
1593360 1359
1593370 1359
1593380 1359
1593390 1360
1593400 1360
1593410 1359
1593420 1360
1593430 1360
1593440 1365
1593450 1370
1593460 1370
1593470 1375
1593480 1380
1593490 1383
1593500 1383
1593510 1386
1593520 1387
1593530 1387
1593540 1389
1593550 1391
1593560 1391
1593570 1392
1593580 1393
1593590 1393
1593600 1392
1593610 1390
1593620 1390
1593630 1387
1593640 1383
1593650 1383
1593660 1379
1593670 1381
1593680 1381
1593690 1384
1593700 1389
1593710 1389
1593720 1393
1593730 1397
1593740 1397
1593750 1400
1593760 1402
1593770 1402
1593780 1402
1593790 1402
1593800 1399
1593810 1399
1593820 1394
1593830 1396
1593840 1396
1593850 1399
1593860 1401
1593870 1401
1593880 1400
1593890 1398
1593900 1398
1593910 1395
1593920 1392
1593930 1392
1593940 1390
1593950 1390
1593960 1390
1593970 1391
1593980 1391
1593990 1391
1594000 1393
1594010 1397
1594020 1397
1594030 1402
1594040 1408
1594050 1408
1594060 1414
1594070 1422
1594080 1433
1594090 1433
1594100 1438
1594110 1440
1594120 1440
1594130 1442
1594140 1443
1594150 1443
1594160 1443
1594170 1443
1594180 1443
1594190 1443
1594200 1443
1594210 1443
1594220 1443
1594230 1442
1594240 1442
1594250 1442
1594260 1443
1594270 1443
1594280 1444
1594290 1444
1594300 1444
1594310 1444
1594320 1444
1594330 1444
1594340 1445
1594350 1447
1594360 1453
1594370 1453
1594380 1452
1594390 1444
1594400 1444
1594410 1435
1594420 1427
1594430 1427
1594440 1419
1594450 1414
1594460 1414
1594470 1414
1594480 1411
1594490 1411
1594500 1407
1594510 1407
1594520 1407
1594530 1418
1594540 1426
1594550 1426
1594560 1431
1594570 1435
1594580 1435
1594590 1440
1594600 1447
1594610 1447
1594620 1455
1594630 1462
1594640 1469
1594650 1469
1594660 1477
1594670 1485
1594680 1485
1594690 1492
1594700 1498
1594710 1498
1594720 1504
1594730 1510
1594740 1510
1594750 1514
1594760 1520
1594770 1520
1594780 1528
1594790 1537
1594800 1537
1594810 1550
1594820 1563
1594830 1563
1594840 1572
1594850 1582
1594860 1582
1594870 1591
1594880 1595
1594890 1595
1594900 1595
1594910 1591
1594920 1587
1594930 1587
1594940 1583
1594950 1578
1594960 1578
1594970 1572
1594980 1568
1594990 1568
1595000 1565
1595010 1562
1595020 1562
1595030 1558
1595040 1553
1595050 1553
1595060 1549
1595070 1547
1595080 1547
1595090 1545
1595100 1548
1595110 1548
1595120 1548
1595130 1547
1595140 1547
1595150 1545
1595160 1544
1595170 1544
1595180 1539
1595190 1533
1595200 1527
1595210 1527
1595220 1523
1595230 1522
1595240 1522
1595250 1531
1595260 1542
1595270 1542
1595280 1548
1595290 1552
1595300 1552
1595310 1554
1595320 1555
1595330 1555
1595340 1557
1595350 1560
1595360 1560
1595370 1564
1595380 1568
1595390 1568
1595400 1576
1595410 1586
1595420 1586
1595430 1596
1595440 1604
1595450 1604
1595460 1610
1595470 1618
1595480 1626
1595490 1626
1595500 1634
1595510 1643
1595520 1643
1595530 1650
1595540 1657
1595550 1657
1595560 1666
1595570 1674
1595580 1674
1595590 1683
1595600 1691
1595610 1691
1595620 1699
1595630 1707
1595640 1707
1595650 1715
1595660 1723
1595670 1723
1595680 1732
1595690 1741
1595700 1741
1595710 1748
1595720 1754
1595730 1754
1595740 1760
1595750 1765
1595760 1769
1595770 1769
1595780 1773
1595790 1779
1595800 1779
1595810 1785
1595820 1791
1595830 1791
1595840 1796
1595850 1800
1595860 1800
1595870 1804
1595880 1807
1595890 1807
1595900 1810
1595910 1812
1595920 1812
1595930 1814
1595940 1816
1595950 1816
1595960 1817
1595970 1818
1595980 1818
1595990 1818
1596000 1813
1596010 1813
1596020 1803
1596030 1793
1596040 1784
1596050 1784
1596060 1775
1596070 1767
1596080 1767
1596090 1760
1596100 1753
1596110 1753
1596120 1747
1596130 1741
1596140 1741
1596150 1734
1596160 1727
1596170 1727
1596180 1719
1596190 1712
1596200 1712
1596210 1706
1596220 1699
1596230 1699
1596240 1693
1596250 1688
1596260 1688
1596270 1683
1596280 1679
1596290 1679
1596300 1675
1596310 1672
1596320 1672
1596330 1670
1596340 1668
1596350 1667
1596360 1667
1596370 1667
1596380 1666
1596390 1666
1596400 1667
1596410 1669
1596420 1669
1596430 1672
1596440 1674
1596450 1674
1596460 1674
1596470 1673
1596480 1673
1596490 1668
1596500 1662
1596510 1662
1596520 1657
1596530 1654
1596540 1654
1596550 1653
1596560 1649
1596570 1649
1596580 1643
1596590 1634
1596600 1634
1596610 1631
1596620 1620
1596630 1612
1596640 1612
1596650 1606
1596660 1600
1596670 1600
1596680 1597
1596690 1595
1596700 1595
1596710 1594
1596720 1593
1596730 1593
1596740 1591
1596750 1590
1596760 1590
1596770 1588
1596780 1588
1596790 1588
1596800 1588
1596810 1588
1596820 1588
1596830 1587
1596840 1588
1596850 1588
1596860 1588
1596870 1588
1596880 1588
1596890 1589
1596900 1589
1596910 1590
1596920 1590
1596930 1591
1596940 1592
1596950 1592
1596960 1593
1596970 1595
1596980 1595
1596990 1599
1597000 1604
1597010 1604
1597020 1609
1597030 1613
1597040 1613
1597050 1616
1597060 1617
1597070 1617
1597080 1616
1597090 1621
1597100 1621
1597110 1626
1597120 1632
1597130 1632
1597140 1637
1597150 1642
1597160 1642
1597170 1647
1597180 1651
1597190 1654
1597200 1654
1597210 1657
1597220 1660
1597230 1660
1597240 1663
1597250 1666
1597260 1666
1597270 1669
1597280 1670
1597290 1670
1597300 1671
1597310 1673
1597320 1673
1597330 1675
1597340 1677
1597350 1677
1597360 1677
1597370 1676
1597380 1676
1597390 1676
1597400 1675
1597410 1675
1597420 1674
1597430 1673
1597440 1673
1597450 1671
1597460 1670
1597470 1669
1597480 1669
1597490 1666
1597500 1663
1597510 1663
1597520 1664
1597530 1664
1597540 1664
1597550 1664
1597560 1663
1597570 1663
1597580 1663
1597590 1667
1597600 1667
1597610 1672
1597620 1678
1597630 1678
1597640 1683
1597650 1688
1597660 1688
1597670 1692
1597680 1695
1597690 1695
1597700 1699
1597710 1703
1597720 1703
1597730 1705
1597740 1705
1597750 1700
1597760 1700
1597770 1695
1597780 1691
1597790 1685
1597800 1681
1597810 1677
1597820 1677
1597830 1674
1597840 1673
1597850 1673
1597860 1673
1597870 1673
1597880 1673
1597890 1673
1597900 1673
1597910 1673
1597920 1673
1597930 1672
1597940 1672
1597950 1671
1597960 1670
1597970 1670
1597980 1668
1597990 1667
1598000 1667
1598010 1665
1598020 1666
1598030 1663
1598040 1663
1598050 1658
1598060 1653
1598070 1653
1598080 1647
1598090 1642
1598100 1642
1598110 1636
1598120 1630
1598130 1630
1598140 1624
1598150 1617
1598160 1617
1598170 1611
1598180 1604
1598190 1604
1598200 1597
1598210 1591
1598220 1591
1598230 1585
1598240 1581
1598250 1581
1598260 1579
1598270 1576
1598280 1576
1598290 1572
1598300 1563
1598310 1563
1598320 1555
1598330 1546
1598340 1537
1598350 1537
1598360 1529
1598370 1521
1598380 1521
1598390 1514
1598400 1506
1598410 1506
1598420 1500
1598430 1494
1598440 1494
1598450 1487
1598460 1481
1598470 1481
1598480 1476
1598490 1472
1598500 1472
1598510 1466
1598520 1460
1598530 1460
1598540 1454
1598550 1447
1598560 1447
1598570 1440
1598580 1432
1598590 1432
1598600 1425
1598610 1416
1598620 1407
1598630 1407
1598640 1402
1598650 1402
1598660 1402
1598670 1400
1598680 1397
1598690 1397
1598700 1392
1598710 1388
1598720 1388
1598730 1381
1598740 1374
1598750 1374
1598760 1364
1598770 1355
1598780 1355
1598790 1346
1598800 1336
1598810 1336
1598820 1325
1598830 1317
1598840 1317
1598850 1309
1598860 1300
1598870 1300
1598880 1291
1598890 1282
1598900 1279
1598910 1281
1598920 1275
1598930 1273
1598940 1273
1598950 1274
1598960 1278
1598970 1278
1598980 1283
1598990 1285
1599000 1285
1599010 1282
1599020 1287
1599030 1287
1599040 1294
1599050 1298
1599060 1298
1599070 1302
1599080 1305
1599090 1305
1599100 1308
1599110 1311
1599120 1311
1599130 1315
1599140 1319
1599150 1319
1599160 1324
1599170 1328
1599180 1332
1599190 1332
1599200 1335
1599210 1337
1599220 1337
1599230 1340
1599240 1344
1599250 1344
1599260 1349
1599270 1353
1599280 1353
1599290 1352
1599300 1350
1599310 1350
1599320 1346
1599330 1340
1599340 1340
1599350 1337
1599360 1334
1599370 1334
1599380 1329
1599390 1324
1599400 1324
1599410 1319
1599420 1315
1599430 1315
1599440 1311
1599450 1307
1599460 1303
1599470 1303
1599480 1299
1599490 1295
1599500 1295
1599510 1290
1599520 1286
1599530 1286
1599540 1282
1599550 1277
1599560 1277
1599570 1271
1599580 1264
1599590 1264
1599600 1264
1599610 1262
1599620 1262
1599630 1258
1599640 1254
1599650 1254
1599660 1250
1599670 1247
1599680 1247
1599690 1244
1599700 1241
1599710 1241
1599720 1239
1599730 1238
1599740 1236
1599750 1236
1599760 1228
1599770 1218
1599780 1218
1599790 1211
1599800 1206
1599810 1206
1599820 1202
1599830 1192
1599840 1192
1599850 1188
1599860 1190
1599870 1190
1599880 1190
1599890 1188
1599900 1188
1599910 1186
1599920 1183
1599930 1183
1599940 1180
1599950 1177
1599960 1177
1599970 1175
1599980 1173
1599990 1173
