1580000 1458
1580010 1457
1580020 1455
1580030 1455
1580040 1453
1580050 1452
1580060 1452
1580070 1451
1580080 1450
1580090 1450
1580100 1448
1580110 1446
1580120 1446
1580130 1444
1580140 1442
1580150 1442
1580160 1440
1580170 1439
1580180 1435
1580190 1435
1580200 1433
1580210 1432
1580220 1432
1580230 1431
1580240 1429
1580250 1429
1580260 1428
1580270 1426
1580280 1426
1580290 1423
1580300 1421
1580310 1421
1580320 1418
1580330 1415
1580340 1415
1580350 1411
1580360 1407
1580370 1407
1580380 1404
1580390 1401
1580400 1401
1580410 1398
1580420 1395
1580430 1395
1580440 1392
1580450 1389
1580460 1386
1580470 1386
1580480 1384
1580490 1382
1580500 1382
1580510 1378
1580520 1372
1580530 1372
1580540 1366
1580550 1361
1580560 1361
1580570 1357
1580580 1354
1580590 1354
1580600 1351
1580610 1350
1580620 1350
1580630 1348
1580640 1346
1580650 1346
1580660 1345
1580670 1344
1580680 1344
1580690 1342
1580700 1340
1580710 1340
1580720 1338
1580730 1335
1580740 1330
1580750 1330
1580760 1331
1580770 1332
1580780 1332
1580790 1333
1580800 1334
1580810 1334
1580820 1334
1580830 1335
1580840 1335
1580850 1337
1580860 1342
1580870 1342
1580880 1346
1580890 1348
1580900 1348
1580910 1350
1580920 1352
1580930 1352
1580940 1353
1580950 1356
1580960 1356
1580970 1359
1580980 1363
1580990 1363
1581000 1366
1581010 1370
1581020 1370
1581030 1374
1581040 1377
1581050 1381
1581060 1381
1581070 1384
1581080 1389
1581090 1389
1581100 1393
1581110 1397
1581120 1397
1581130 1401
1581140 1403
1581150 1403
1581160 1406
1581170 1410
1581180 1410
1581190 1417
1581200 1422
1581210 1422
1581220 1427
1581230 1433
1581240 1433
1581250 1438
1581260 1442
1581270 1442
1581280 1447
1581290 1450
1581300 1450
1581310 1454
1581320 1457
1581330 1460
1581340 1460
1581350 1463
1581360 1466
1581370 1466
1581380 1465
1581390 1462
1581400 1462
1581410 1459
1581420 1457
1581430 1457
1581440 1464
1581450 1471
1581460 1471
1581470 1478
1581480 1483
1581490 1483
1581500 1488
1581510 1491
1581520 1491
1581530 1493
1581540 1496
1581550 1496
1581560 1500
1581570 1505
1581580 1505
1581590 1509
1581600 1513
1581610 1517
1581620 1517
1581630 1521
1581640 1523
1581650 1523
1581660 1526
1581670 1529
1581680 1529
1581690 1533
1581700 1537
1581710 1537
1581720 1540
1581730 1543
1581740 1543
1581750 1545
1581760 1548
1581770 1548
1581780 1551
1581790 1554
1581800 1554
1581810 1558
1581820 1560
1581830 1560
1581840 1564
1581850 1568
1581860 1568
1581870 1572
1581880 1574
1581890 1575
1581900 1575
1581910 1579
1581920 1588
1581930 1588
1581940 1591
1581950 1593
1581960 1593
1581970 1598
1581980 1605
1581990 1605
1582000 1615
1582010 1617
1582020 1617
1582030 1613
1582040 1616
1582050 1616
1582060 1618
1582070 1622
1582080 1622
1582090 1629
1582100 1633
1582110 1633
1582120 1635
1582130 1633
1582140 1633
1582150 1631
1582160 1629
1582170 1634
1582180 1634
1582190 1639
1582200 1640
1582210 1640
1582220 1641
1582230 1639
1582240 1639
1582250 1635
1582260 1636
1582270 1636
1582280 1636
1582290 1637
1582300 1637
1582310 1638
1582320 1639
1582330 1639
1582340 1639
1582350 1636
1582360 1636
1582370 1630
1582380 1625
1582390 1625
1582400 1623
1582410 1623
1582420 1623
1582430 1626
1582440 1626
1582450 1626
1582460 1625
1582470 1624
1582480 1624
1582490 1624
1582500 1624
1582510 1626
1582520 1626
1582530 1626
1582540 1629
1582550 1629
1582560 1633
1582570 1638
1582580 1638
1582590 1640
1582600 1643
1582610 1643
1582620 1644
1582630 1645
1582640 1645
1582650 1647
1582660 1650
1582670 1650
1582680 1652
1582690 1654
1582700 1654
1582710 1657
1582720 1657
1582730 1657
1582740 1659
1582750 1660
1582760 1663
1582770 1663
1582780 1664
1582790 1665
1582800 1665
1582810 1667
1582820 1668
1582830 1668
1582840 1669
1582850 1670
1582860 1670
1582870 1672
1582880 1674
1582890 1674
1582900 1677
1582910 1679
1582920 1679
1582930 1681
1582940 1683
1582950 1683
1582960 1687
1582970 1690
1582980 1690
1582990 1692
1583000 1693
1583010 1693
1583020 1694
1583030 1696
1583040 1697
1583050 1697
1583060 1700
1583070 1704
1583080 1704
1583090 1708
1583100 1712
1583110 1712
1583120 1715
1583130 1718
1583140 1718
1583150 1721
1583160 1725
1583170 1725
1583180 1727
1583190 1728
1583200 1728
1583210 1730
1583220 1735
1583230 1735
1583240 1739
1583250 1743
1583260 1743
1583270 1746
1583280 1749
1583290 1749
1583300 1758
1583310 1768
1583320 1775
1583330 1775
1583340 1780
1583350 1786
1583360 1786
1583370 1792
1583380 1797
1583390 1797
1583400 1802
1583410 1807
1583420 1807
1583430 1812
1583440 1816
1583450 1816
1583460 1820
1583470 1825
1583480 1825
1583490 1829
1583500 1832
1583510 1832
1583520 1837
1583530 1841
1583540 1841
1583550 1843
1583560 1846
1583570 1846
1583580 1850
1583590 1853
1583600 1852
1583610 1852
1583620 1854
1583630 1860
1583640 1860
1583650 1864
1583660 1868
1583670 1868
1583680 1872
1583690 1876
1583700 1876
1583710 1879
1583720 1882
1583730 1882
1583740 1886
1583750 1889
1583760 1889
1583770 1892
1583780 1894
1583790 1894
1583800 1898
1583810 1902
1583820 1902
1583830 1906
1583840 1910
1583850 1910
1583860 1916
1583870 1920
1583880 1920
1583890 1925
1583900 1929
1583910 1933
1583920 1933
1583930 1938
1583940 1943
1583950 1943
1583960 1947
1583970 1952
1583980 1952
1583990 1958
1584000 1964
1584010 1964
1584020 1970
1584030 1976
1584040 1976
1584050 1981
1584060 1986
1584070 1986
1584080 1992
1584090 1997
1584100 1997
1584110 2003
1584120 2009
1584130 2009
1584140 2013
1584150 2017
1584160 2017
1584170 2021
1584180 2026
1584190 2030
1584200 2030
1584210 2035
1584220 2038
1584230 2038
1584240 2035
1584250 2027
1584260 2027
1584270 2016
1584280 2009
1584290 2009
1584300 2002
1584310 1994
1584320 1994
1584330 1986
1584340 1978
1584350 1978
1584360 1970
1584370 1963
1584380 1963
1584390 1957
1584400 1954
1584410 1954
1584420 1950
1584430 1940
1584440 1940
1584450 1932
1584460 1922
1584470 1909
1584480 1909
1584490 1898
1584500 1889
1584510 1889
1584520 1878
1584530 1868
1584540 1868
1584550 1865
1584560 1857
1584570 1857
1584580 1845
1584590 1837
1584600 1837
1584610 1834
1584620 1830
1584630 1830
1584640 1825
1584650 1823
1584660 1823
1584670 1812
1584680 1802
1584690 1802
1584700 1795
1584710 1791
1584720 1791
1584730 1787
1584740 1783
1584750 1778
1584760 1778
1584770 1772
1584780 1767
1584790 1767
1584800 1762
1584810 1756
1584820 1756
1584830 1750
1584840 1745
1584850 1745
1584860 1740
1584870 1736
1584880 1736
1584890 1733
1584900 1729
1584910 1729
1584920 1724
1584930 1719
1584940 1719
1584950 1714
1584960 1710
1584970 1710
1584980 1706
1584990 1701
1585000 1701
1585010 1698
1585020 1694
1585030 1694
1585040 1691
1585050 1688
1585060 1685
1585070 1685
1585080 1684
1585090 1681
1585100 1681
1585110 1677
1585120 1674
1585130 1674
1585140 1670
1585150 1666
1585160 1666
1585170 1661
1585180 1658
1585190 1658
1585200 1655
1585210 1652
1585220 1652
1585230 1650
1585240 1646
1585250 1646
1585260 1642
1585270 1639
1585280 1639
1585290 1637
1585300 1635
1585310 1635
1585320 1633
1585330 1629
1585340 1625
1585350 1625
1585360 1618
1585370 1610
1585380 1610
1585390 1611
1585400 1613
1585410 1613
1585420 1612
1585430 1613
1585440 1613
1585450 1612
1585460 1611
1585470 1611
1585480 1607
1585490 1608
1585500 1608
1585510 1608
1585520 1607
1585530 1607
1585540 1607
1585550 1607
1585560 1607
1585570 1606
1585580 1605
1585590 1605
1585600 1604
1585610 1604
1585620 1605
1585630 1605
1585640 1606
1585650 1607
1585660 1607
1585670 1602
1585680 1593
1585690 1593
1585700 1590
1585710 1596
1585720 1596
1585730 1601
1585740 1604
1585750 1604
1585760 1605
1585770 1604
1585780 1604
1585790 1606
1585800 1608
1585810 1608
1585820 1610
1585830 1612
1585840 1612
1585850 1613
1585860 1614
1585870 1614
1585880 1616
1585890 1620
1585900 1623
1585910 1623
1585920 1623
1585930 1625
1585940 1625
1585950 1628
1585960 1632
1585970 1632
1585980 1633
1585990 1632
1586000 1632
1586010 1632
1586020 1632
1586030 1632
1586040 1630
1586050 1629
1586060 1629
1586070 1631
1586080 1630
1586090 1630
1586100 1629
1586110 1627
1586120 1627
1586130 1628
1586140 1630
1586150 1630
1586160 1630
1586170 1632
1586180 1633
1586190 1633
1586200 1631
1586210 1628
1586220 1628
1586230 1629
1586240 1633
1586250 1633
1586260 1636
1586270 1637
1586280 1637
1586290 1635
1586300 1633
1586310 1633
1586320 1633
1586330 1633
1586340 1640
1586350 1641
1586360 1638
1586370 1638
1586380 1641
1586390 1637
1586400 1637
1586410 1632
1586420 1635
1586430 1635
1586440 1642
1586450 1644
1586460 1644
1586470 1643
1586480 1640
1586490 1643
1586500 1643
1586510 1646
1586520 1647
1586530 1647
1586540 1647
1586550 1646
1586560 1646
1586570 1647
1586580 1651
1586590 1651
1586600 1652
1586610 1653
1586620 1653
1586630 1654
1586640 1654
1586650 1654
1586660 1654
1586670 1653
1586680 1653
1586690 1651
1586700 1653
1586710 1653
1586720 1651
1586730 1655
1586740 1655
1586750 1655
1586760 1655
1586770 1657
1586780 1657
1586790 1658
1586800 1658
1586810 1658
1586820 1657
1586830 1657
1586840 1657
1586850 1654
1586860 1655
1586870 1655
1586880 1656
1586890 1654
1586900 1654
1586910 1649
1586920 1650
1586930 1650
1586940 1657
1586950 1661
1586960 1661
1586970 1664
1586980 1668
1586990 1668
1587000 1670
1587010 1671
1587020 1671
1587030 1675
1587040 1678
1587050 1680
1587060 1680
1587070 1680
1587080 1680
1587090 1680
1587100 1681
1587110 1688
1587120 1688
1587130 1694
1587140 1697
1587150 1697
1587160 1699
1587170 1699
1587180 1699
1587190 1702
1587200 1705
1587210 1705
1587220 1710
1587230 1718
1587240 1718
1587250 1725
1587260 1727
1587270 1727
1587280 1724
1587290 1718
1587300 1718
1587310 1715
1587320 1713
1587330 1712
1587340 1712
1587350 1711
1587360 1715
1587370 1715
1587380 1721
1587390 1727
1587400 1727
1587410 1730
1587420 1731
1587430 1731
1587440 1732
1587450 1739
1587460 1739
1587470 1748
1587480 1755
1587490 1755
1587500 1761
1587510 1767
1587520 1767
1587530 1772
1587540 1776
1587550 1776
1587560 1775
1587570 1772
1587580 1772
1587590 1776
1587600 1773
1587610 1771
1587620 1771
1587630 1770
1587640 1770
1587650 1770
1587660 1774
1587670 1774
1587680 1774
1587690 1772
1587700 1782
1587710 1782
1587720 1793
1587730 1801
1587740 1801
1587750 1807
1587760 1813
1587770 1813
1587780 1819
1587790 1826
1587800 1826
1587810 1833
1587820 1841
1587830 1841
1587840 1847
1587850 1853
1587860 1853
1587870 1853
1587880 1850
1587890 1850
1587900 1848
1587910 1847
1587920 1847
1587930 1847
1587940 1846
1587950 1846
1587960 1846
1587970 1846
1587980 1843
1587990 1843
1588000 1840
1588010 1837
1588020 1837
1588030 1832
1588040 1834
1588050 1834
1588060 1840
1588070 1845
1588080 1845
1588090 1849
1588100 1852
1588110 1852
1588120 1855
1588130 1857
1588140 1857
1588150 1860
1588160 1862
1588170 1862
1588180 1863
1588190 1865
1588200 1866
1588210 1866
1588220 1867
1588230 1866
1588240 1866
1588250 1866
1588260 1870
1588270 1870
1588280 1873
1588290 1879
1588300 1879
1588310 1883
1588320 1884
1588330 1884
1588340 1884
1588350 1888
1588360 1888
1588370 1893
1588380 1899
1588390 1899
1588400 1904
1588410 1909
1588420 1909
1588430 1914
1588440 1919
1588450 1919
1588460 1924
1588470 1929
1588480 1933
1588490 1933
1588500 1936
1588510 1940
1588520 1940
1588530 1944
1588540 1946
1588550 1946
1588560 1946
1588570 1946
1588580 1946
1588590 1948
1588600 1949
1588610 1949
1588620 1949
1588630 1951
1588640 1951
1588650 1951
1588660 1951
1588670 1951
1588680 1951
1588690 1949
1588700 1949
1588710 1948
1588720 1944
1588730 1944
1588740 1939
1588750 1931
1588760 1923
1588770 1923
1588780 1915
1588790 1907
1588800 1907
1588810 1899
1588820 1891
1588830 1891
1588840 1884
1588850 1876
1588860 1876
1588870 1869
1588880 1864
1588890 1864
1588900 1858
1588910 1853
1588920 1853
1588930 1847
1588940 1841
1588950 1841
1588960 1836
1588970 1829
1588980 1829
1588990 1823
1589000 1818
1589010 1818
1589020 1815
1589030 1812
1589040 1809
1589050 1809
1589060 1807
1589070 1805
1589080 1805
1589090 1802
1589100 1800
1589110 1800
1589120 1796
1589130 1791
1589140 1791
1589150 1787
1589160 1782
1589170 1782
1589180 1778
1589190 1774
1589200 1774
1589210 1771
1589220 1768
1589230 1768
1589240 1765
1589250 1762
1589260 1762
1589270 1757
1589280 1755
1589290 1755
1589300 1755
1589310 1753
1589320 1753
1589330 1753
1589340 1753
1589350 1753
1589360 1753
1589370 1754
1589380 1755
1589390 1755
1589400 1757
1589410 1758
1589420 1758
1589430 1761
1589440 1763
1589450 1763
1589460 1765
1589470 1766
1589480 1766
1589490 1767
1589500 1766
1589510 1766
1589520 1766
1589530 1765
1589540 1765
1589550 1765
1589560 1765
1589570 1765
1589580 1764
1589590 1762
1589600 1762
1589610 1760
1589620 1758
1589630 1755
1589640 1755
1589650 1753
1589660 1752
1589670 1752
1589680 1750
1589690 1750
1589700 1750
1589710 1749
1589720 1747
1589730 1747
1589740 1749
1589750 1750
1589760 1750
1589770 1750
1589780 1751
1589790 1751
1589800 1752
1589810 1753
1589820 1753
1589830 1754
1589840 1753
1589850 1753
1589860 1752
1589870 1753
1589880 1753
1589890 1754
1589900 1754
1589910 1753
1589920 1753
1589930 1754
1589940 1755
1589950 1755
1589960 1756
1589970 1758
1589980 1758
1589990 1758
1590000 1759
1590010 1759
1590020 1761
1590030 1756
1590040 1756
1590050 1756
1590060 1756
1590070 1756
1590080 1756
1590090 1758
1590100 1758
1590110 1759
1590120 1758
1590130 1758
1590140 1754
1590150 1751
1590160 1751
1590170 1750
1590180 1746
1590190 1743
1590200 1743
1590210 1740
1590220 1739
1590230 1739
1590240 1740
1590250 1742
1590260 1742
1590270 1743
1590280 1744
1590290 1744
1590300 1744
1590310 1743
1590320 1743
1590330 1744
1590340 1747
1590350 1747
1590360 1750
1590370 1754
1590380 1754
1590390 1759
1590400 1764
1590410 1764
1590420 1769
1590430 1774
1590440 1774
1590450 1777
1590460 1781
1590470 1781
1590480 1785
1590490 1789
1590500 1792
1590510 1792
1590520 1794
1590530 1796
1590540 1796
1590550 1798
1590560 1801
1590570 1801
1590580 1802
1590590 1803
1590600 1803
1590610 1803
1590620 1805
1590630 1805
1590640 1808
1590650 1812
1590660 1812
1590670 1815
1590680 1819
1590690 1819
1590700 1822
1590710 1824
1590720 1824
1590730 1826
1590740 1828
1590750 1828
1590760 1832
1590770 1837
1590780 1843
1590790 1843
1590800 1849
1590810 1856
1590820 1856
1590830 1863
1590840 1866
1590850 1866
1590860 1867
1590870 1868
1590880 1868
1590890 1869
1590900 1869
1590910 1869
1590920 1870
1590930 1870
1590940 1870
1590950 1871
1590960 1871
1590970 1871
1590980 1870
1590990 1870
1591000 1870
1591010 1869
1591020 1869
1591030 1869
1591040 1869
1591050 1868
1591060 1869
1591070 1869
1591080 1870
1591090 1870
1591100 1870
1591110 1870
1591120 1869
1591130 1869
1591140 1869
1591150 1870
1591160 1870
1591170 1870
1591180 1870
1591190 1870
1591200 1870
1591210 1870
1591220 1870
1591230 1870
1591240 1868
1591250 1868
1591260 1869
1591270 1869
1591280 1869
1591290 1869
1591300 1868
1591310 1868
1591320 1868
1591330 1868
1591340 1867
1591350 1867
1591360 1866
1591370 1862
1591380 1862
1591390 1855
1591400 1848
1591410 1848
1591420 1842
1591430 1837
1591440 1837
1591450 1830
1591460 1823
1591470 1823
1591480 1816
1591490 1809
1591500 1809
1591510 1804
1591520 1799
1591530 1799
1591540 1796
1591550 1793
1591560 1793
1591570 1792
1591580 1791
1591590 1791
1591600 1791
1591610 1789
1591620 1789
1591630 1789
1591640 1790
1591650 1792
1591660 1792
1591670 1794
1591680 1797
1591690 1797
1591700 1799
1591710 1801
1591720 1801
1591730 1804
1591740 1805
1591750 1805
1591760 1807
1591770 1809
1591780 1809
1591790 1813
1591800 1817
1591810 1817
1591820 1819
1591830 1823
1591840 1823
1591850 1826
1591860 1828
1591870 1828
1591880 1832
1591890 1835
1591900 1835
1591910 1839
1591920 1842
1591930 1845
1591940 1845
1591950 1847
1591960 1848
1591970 1848
1591980 1850
1591990 1851
1592000 1851
1592010 1851
1592020 1852
1592030 1852
1592040 1852
1592050 1852
1592060 1852
1592070 1849
1592080 1845
1592090 1845
1592100 1841
1592110 1837
1592120 1837
1592130 1833
1592140 1829
1592150 1829
1592160 1825
1592170 1821
1592180 1821
1592190 1818
1592200 1815
1592210 1813
1592220 1813
1592230 1810
1592240 1807
1592250 1807
1592260 1806
1592270 1805
1592280 1805
1592290 1806
1592300 1806
1592310 1806
1592320 1805
1592330 1805
1592340 1805
1592350 1806
1592360 1808
1592370 1808
1592380 1809
1592390 1809
1592400 1809
1592410 1809
1592420 1809
1592430 1800
1592440 1804
1592450 1809
1592460 1809
1592470 1814
1592480 1817
1592490 1817
1592500 1817
1592510 1813
1592520 1809
1592530 1809
1592540 1806
1592550 1805
1592560 1805
1592570 1809
1592580 1809
1592590 1809
1592600 1804
1592610 1799
1592620 1799
1592630 1796
1592640 1792
1592650 1792
1592660 1792
1592670 1792
1592680 1792
1592690 1787
1592700 1782
1592710 1782
1592720 1780
1592730 1781
1592740 1781
1592750 1780
1592760 1778
1592770 1771
1592780 1771
1592790 1766
1592800 1762
1592810 1762
1592820 1755
1592830 1748
1592840 1748
1592850 1745
1592860 1744
1592870 1744
1592880 1742
1592890 1741
1592900 1741
1592910 1739
1592920 1737
1592930 1737
1592940 1733
1592950 1730
1592960 1730
1592970 1728
1592980 1726
1592990 1726
1593000 1723
1593010 1722
1593020 1722
1593030 1724
1593040 1723
1593050 1723
1593060 1722
1593070 1719
1593080 1716
1593090 1716
1593100 1713
1593110 1710
1593120 1710
1593130 1709
1593140 1710
1593150 1710
1593160 1713
1593170 1713
1593180 1713
1593190 1710
1593200 1706
1593210 1706
1593220 1704
1593230 1702
1593240 1702
1593250 1701
1593260 1699
1593270 1699
1593280 1696
1593290 1693
1593300 1693
1593310 1693
1593320 1693
1593330 1693
1593340 1691
1593350 1689
1593360 1688
1593370 1688
1593380 1686
1593390 1684
1593400 1684
1593410 1681
1593420 1679
1593430 1679
1593440 1676
1593450 1675
1593460 1675
1593470 1674
1593480 1672
1593490 1672
1593500 1668
1593510 1665
1593520 1665
1593530 1664
1593540 1662
1593550 1662
1593560 1660
1593570 1662
1593580 1662
1593590 1666
1593600 1664
1593610 1664
1593620 1668
1593630 1674
1593640 1678
1593650 1678
1593660 1682
1593670 1686
1593680 1686
1593690 1692
1593700 1697
1593710 1697
1593720 1702
1593730 1708
1593740 1708
1593750 1713
1593760 1717
1593770 1717
1593780 1723
1593790 1730
1593800 1730
1593810 1735
1593820 1740
1593830 1740
1593840 1744
1593850 1750
1593860 1750
1593870 1756
1593880 1761
1593890 1761
1593900 1764
1593910 1766
1593920 1766
1593930 1766
1593940 1766
1593950 1764
1593960 1764
1593970 1763
1593980 1760
1593990 1760
1594000 1758
1594010 1756
1594020 1756
1594030 1755
1594040 1755
1594050 1755
1594060 1755
1594070 1755
1594080 1755
1594090 1755
1594100 1754
1594110 1754
1594120 1754
1594130 1754
1594140 1754
1594150 1754
1594160 1755
1594170 1755
1594180 1758
1594190 1763
1594200 1768
1594210 1768
1594220 1771
1594230 1772
1594240 1772
1594250 1774
1594260 1774
1594270 1774
1594280 1774
1594290 1774
1594300 1774
1594310 1776
1594320 1779
1594330 1779
1594340 1782
1594350 1784
1594360 1784
1594370 1786
1594380 1787
1594390 1787
1594400 1790
1594410 1794
1594420 1794
1594430 1801
1594440 1806
1594450 1806
1594460 1812
1594470 1818
1594480 1818
1594490 1824
1594500 1830
1594510 1836
1594520 1836
1594530 1842
1594540 1847
1594550 1847
1594560 1852
1594570 1857
1594580 1857
1594590 1860
1594600 1862
1594610 1862
1594620 1863
1594630 1863
1594640 1863
1594650 1864
1594660 1864
1594670 1864
1594680 1864
1594690 1866
1594700 1866
1594710 1866
1594720 1864
1594730 1864
1594740 1856
1594750 1846
1594760 1846
1594770 1831
1594780 1821
1594790 1812
1594800 1812
1594810 1806
1594820 1797
1594830 1797
1594840 1789
1594850 1782
1594860 1782
1594870 1776
1594880 1769
1594890 1769
1594900 1764
1594910 1759
1594920 1759
1594930 1754
1594940 1750
1594950 1750
1594960 1745
1594970 1742
1594980 1742
1594990 1739
1595000 1736
1595010 1736
1595020 1735
1595030 1732
1595040 1732
1595050 1731
1595060 1727
1595070 1723
1595080 1723
1595090 1720
1595100 1715
1595110 1715
1595120 1709
1595130 1703
1595140 1703
1595150 1697
1595160 1690
1595170 1690
1595180 1682
1595190 1674
1595200 1674
1595210 1667
1595220 1661
1595230 1661
1595240 1655
1595250 1647
1595260 1647
1595270 1639
1595280 1636
1595290 1636
1595300 1635
1595310 1634
1595320 1634
1595330 1633
1595340 1630
1595350 1627
1595360 1627
1595370 1618
1595380 1618
1595390 1618
1595400 1624
1595410 1627
1595420 1627
1595430 1628
1595440 1630
1595450 1630
1595460 1632
1595470 1633
1595480 1633
1595490 1635
1595500 1636
1595510 1636
1595520 1636
1595530 1635
1595540 1635
1595550 1631
1595560 1634
1595570 1634
1595580 1639
1595590 1641
1595600 1641
1595610 1643
1595620 1645
1595630 1645
1595640 1648
1595650 1651
1595660 1655
1595670 1655
1595680 1657
1595690 1652
1595700 1652
1595710 1645
1595720 1637
1595730 1637
1595740 1630
1595750 1623
1595760 1623
1595770 1617
1595780 1611
1595790 1611
1595800 1603
1595810 1601
1595820 1601
1595830 1600
1595840 1603
1595850 1603
1595860 1605
1595870 1605
1595880 1605
1595890 1603
1595900 1596
1595910 1596
1595920 1582
1595930 1576
1595940 1575
1595950 1575
1595960 1575
1595970 1567
1595980 1567
1595990 1559
1596000 1552
1596010 1552
1596020 1545
1596030 1537
1596040 1537
1596050 1530
1596060 1523
1596070 1523
1596080 1515
1596090 1508
1596100 1508
1596110 1500
1596120 1493
1596130 1493
1596140 1484
1596150 1476
1596160 1476
1596170 1466
1596180 1455
1596190 1455
1596200 1446
1596210 1440
1596220 1434
1596230 1434
1596240 1430
1596250 1430
1596260 1430
1596270 1428
1596280 1423
1596290 1423
1596300 1417
1596310 1413
1596320 1413
1596330 1408
1596340 1402
1596350 1402
1596360 1396
1596370 1389
1596380 1389
1596390 1381
1596400 1372
1596410 1372
1596420 1364
1596430 1355
1596440 1355
1596450 1348
1596460 1346
1596470 1346
1596480 1352
1596490 1357
1596500 1362
1596510 1362
1596520 1369
1596530 1374
1596540 1374
1596550 1380
1596560 1385
1596570 1385
1596580 1386
1596590 1384
1596600 1384
1596610 1383
1596620 1383
1596630 1383
1596640 1382
1596650 1382
1596660 1382
1596670 1381
1596680 1377
1596690 1377
1596700 1374
1596710 1371
1596720 1371
1596730 1368
1596740 1365
1596750 1365
1596760 1361
1596770 1357
1596780 1353
1596790 1353
1596800 1348
1596810 1341
1596820 1341
1596830 1333
1596840 1324
1596850 1324
1596860 1321
1596870 1322
1596880 1322
1596890 1321
1596900 1318
1596910 1318
1596920 1313
1596930 1308
1596940 1308
1596950 1304
1596960 1298
1596970 1298
1596980 1289
1596990 1279
1597000 1279
1597010 1274
1597020 1271
1597030 1271
1597040 1272
1597050 1276
1597060 1268
1597070 1268
1597080 1269
1597090 1267
1597100 1267
1597110 1264
1597120 1262
1597130 1262
1597140 1260
1597150 1258
1597160 1258
1597170 1257
1597180 1255
1597190 1255
1597200 1254
1597210 1253
1597220 1253
1597230 1252
1597240 1251
1597250 1251
1597260 1250
1597270 1248
1597280 1248
1597290 1246
1597300 1244
1597310 1244
1597320 1241
1597330 1239
1597340 1239
1597350 1237
1597360 1236
1597370 1234
1597380 1234
1597390 1231
1597400 1227
1597410 1227
1597420 1223
1597430 1223
1597440 1223
1597450 1227
1597460 1226
1597470 1226
1597480 1225
1597490 1224
1597500 1224
1597510 1222
1597520 1220
1597530 1220
1597540 1217
1597550 1214
1597560 1214
1597570 1211
1597580 1209
1597590 1209
1597600 1207
1597610 1205
1597620 1205
1597630 1202
1597640 1201
1597650 1201
1597660 1201
1597670 1200
1597680 1199
1597690 1199
1597700 1198
1597710 1196
1597720 1196
1597730 1192
1597740 1188
1597750 1188
1597760 1186
1597770 1185
1597780 1185
1597790 1182
1597800 1179
1597810 1179
1597820 1177
1597830 1175
1597840 1175
1597850 1172
1597860 1170
1597870 1170
1597880 1168
1597890 1166
1597900 1166
1597910 1164
1597920 1163
1597930 1161
1597940 1161
1597950 1159
1597960 1158
1597970 1158
1597980 1156
1597990 1155
1598000 1155
1598010 1154
1598020 1153
1598030 1153
1598040 1152
1598050 1151
1598060 1151
1598070 1149
1598080 1149
1598090 1149
1598100 1148
1598110 1147
1598120 1147
1598130 1147
1598140 1146
1598150 1146
1598160 1145
1598170 1144
1598180 1144
1598190 1144
1598200 1144
1598210 1144
1598220 1143
1598230 1143
1598240 1143
1598250 1143
1598260 1143
1598270 1143
1598280 1143
1598290 1142
1598300 1141
1598310 1141
1598320 1143
1598330 1143
1598340 1143
1598350 1143
1598360 1143
1598370 1143
1598380 1141
1598390 1140
1598400 1140
1598410 1140
1598420 1140
1598430 1140
1598440 1139
1598450 1139
1598460 1139
1598470 1139
1598480 1137
1598490 1137
1598500 1137
1598510 1137
1598520 1139
1598530 1139
1598540 1143
1598550 1143
1598560 1143
1598570 1142
1598580 1142
1598590 1142
1598600 1142
1598610 1143
1598620 1143
1598630 1143
1598640 1144
1598650 1144
1598660 1145
1598670 1145
1598680 1145
1598690 1146
1598700 1147
1598710 1147
1598720 1148
1598730 1148
1598740 1148
1598750 1149
1598760 1150
1598770 1150
1598780 1151
1598790 1152
1598800 1153
1598810 1153
1598820 1153
1598830 1155
1598840 1155
1598850 1156
1598860 1157
1598870 1157
1598880 1157
1598890 1157
1598900 1157
1598910 1157
1598920 1157
1598930 1157
1598940 1158
1598950 1160
1598960 1160
1598970 1161
1598980 1163
1598990 1163
1599000 1164
1599010 1166
1599020 1166
1599030 1168
1599040 1170
1599050 1170
1599060 1172
1599070 1174
1599080 1176
1599090 1176
1599100 1177
1599110 1179
1599120 1179
1599130 1182
1599140 1187
1599150 1187
1599160 1190
1599170 1193
1599180 1193
1599190 1195
1599200 1197
1599210 1197
1599220 1200
1599230 1202
1599240 1202
1599250 1205
1599260 1208
1599270 1208
1599280 1211
1599290 1213
1599300 1213
1599310 1220
1599320 1222
1599330 1222
1599340 1225
1599350 1227
1599360 1229
1599370 1229
1599380 1230
1599390 1231
1599400 1231
1599410 1232
1599420 1233
1599430 1233
1599440 1234
1599450 1235
1599460 1235
1599470 1236
1599480 1238
1599490 1238
1599500 1240
1599510 1241
1599520 1241
1599530 1241
1599540 1242
1599550 1242
1599560 1243
1599570 1245
1599580 1245
1599590 1244
1599600 1242
1599610 1242
1599620 1241
1599630 1246
1599640 1246
1599650 1251
1599660 1256
1599670 1260
1599680 1260
1599690 1264
1599700 1267
1599710 1267
1599720 1270
1599730 1273
1599740 1273
1599750 1276
1599760 1279
1599770 1279
1599780 1282
1599790 1285
1599800 1285
1599810 1289
1599820 1291
1599830 1291
1599840 1293
1599850 1295
1599860 1295
1599870 1298
1599880 1301
1599890 1301
1599900 1304
1599910 1306
1599920 1306
1599930 1309
1599940 1312
1599950 1315
1599960 1315
1599970 1317
1599980 1319
1599990 1319
