1580000 1477
1580010 1476
1580020 1475
1580030 1475
1580040 1473
1580050 1472
1580060 1472
1580070 1470
1580080 1469
1580090 1469
1580100 1468
1580110 1466
1580120 1466
1580130 1464
1580140 1462
1580150 1459
1580160 1459
1580170 1454
1580180 1451
1580190 1451
1580200 1450
1580210 1449
1580220 1449
1580230 1449
1580240 1448
1580250 1448
1580260 1447
1580270 1446
1580280 1446
1580290 1444
1580300 1443
1580310 1443
1580320 1441
1580330 1436
1580340 1436
1580350 1434
1580360 1432
1580370 1432
1580380 1428
1580390 1424
1580400 1424
1580410 1421
1580420 1417
1580430 1415
1580440 1415
1580450 1412
1580460 1409
1580470 1409
1580480 1406
1580490 1405
1580500 1405
1580510 1402
1580520 1397
1580530 1397
1580540 1392
1580550 1385
1580560 1385
1580570 1380
1580580 1378
1580590 1378
1580600 1375
1580610 1371
1580620 1371
1580630 1368
1580640 1365
1580650 1365
1580660 1361
1580670 1359
1580680 1359
1580690 1357
1580700 1355
1580710 1353
1580720 1353
1580730 1351
1580740 1351
1580750 1351
1580760 1348
1580770 1347
1580780 1347
1580790 1347
1580800 1346
1580810 1346
1580820 1344
1580830 1342
1580840 1341
1580850 1340
1580860 1339
1580870 1339
1580880 1340
1580890 1345
1580900 1345
1580910 1348
1580920 1349
1580930 1349
1580940 1352
1580950 1353
1580960 1353
1580970 1356
1580980 1358
1580990 1361
1581000 1361
1581010 1363
1581020 1365
1581030 1365
1581040 1368
1581050 1371
1581060 1371
1581070 1374
1581080 1378
1581090 1378
1581100 1382
1581110 1384
1581120 1384
1581130 1386
1581140 1389
1581150 1389
1581160 1394
1581170 1398
1581180 1398
1581190 1403
1581200 1408
1581210 1408
1581220 1410
1581230 1414
1581240 1414
1581250 1418
1581260 1420
1581270 1423
1581280 1423
1581290 1425
1581300 1427
1581310 1427
1581320 1429
1581330 1432
1581340 1432
1581350 1433
1581360 1432
1581370 1432
1581380 1430
1581390 1434
1581400 1434
1581410 1441
1581420 1447
1581430 1447
1581440 1451
1581450 1454
1581460 1454
1581470 1457
1581480 1460
1581490 1460
1581500 1463
1581510 1465
1581520 1465
1581530 1467
1581540 1469
1581550 1469
1581560 1472
1581570 1476
1581580 1480
1581590 1480
1581600 1483
1581610 1487
1581620 1487
1581630 1490
1581640 1494
1581650 1494
1581660 1496
1581670 1500
1581680 1500
1581690 1505
1581700 1509
1581710 1509
1581720 1514
1581730 1518
1581740 1518
1581750 1520
1581760 1522
1581770 1522
1581780 1527
1581790 1529
1581800 1529
1581810 1531
1581820 1535
1581830 1535
1581840 1538
1581850 1540
1581860 1541
1581870 1541
1581880 1542
1581890 1547
1581900 1547
1581910 1550
1581920 1554
1581930 1554
1581940 1557
1581950 1560
1581960 1560
1581970 1561
1581980 1562
1581990 1562
1582000 1565
1582010 1569
1582020 1569
1582030 1572
1582040 1573
1582050 1573
1582060 1574
1582070 1575
1582080 1575
1582090 1577
1582100 1579
1582110 1579
1582120 1582
1582130 1585
1582140 1589
1582150 1589
1582160 1598
1582170 1598
1582180 1598
1582190 1599
1582200 1600
1582210 1600
1582220 1604
1582230 1609
1582240 1609
1582250 1611
1582260 1612
1582270 1612
1582280 1613
1582290 1614
1582300 1614
1582310 1613
1582320 1610
1582330 1610
1582340 1608
1582350 1607
1582360 1607
1582370 1606
1582380 1609
1582390 1609
1582400 1615
1582410 1623
1582420 1631
1582430 1631
1582440 1634
1582450 1636
1582460 1636
1582470 1637
1582480 1638
1582490 1638
1582500 1639
1582510 1640
1582520 1640
1582530 1642
1582540 1645
1582550 1645
1582560 1648
1582570 1650
1582580 1650
1582590 1651
1582600 1654
1582610 1654
1582620 1657
1582630 1658
1582640 1658
1582650 1660
1582660 1661
1582670 1661
1582680 1661
1582690 1663
1582700 1664
1582710 1664
1582720 1666
1582730 1668
1582740 1668
1582750 1669
1582760 1671
1582770 1671
1582780 1673
1582790 1674
1582800 1674
1582810 1675
1582820 1675
1582830 1675
1582840 1675
1582850 1676
1582860 1676
1582870 1676
1582880 1677
1582890 1677
1582900 1678
1582910 1680
1582920 1680
1582930 1683
1582940 1689
1582950 1689
1582960 1693
1582970 1695
1582980 1695
1582990 1696
1583000 1698
1583010 1700
1583020 1700
1583030 1702
1583040 1708
1583050 1708
1583060 1714
1583070 1718
1583080 1718
1583090 1721
1583100 1724
1583110 1724
1583120 1729
1583130 1733
1583140 1733
1583150 1738
1583160 1742
1583170 1742
1583180 1745
1583190 1748
1583200 1748
1583210 1751
1583220 1756
1583230 1756
1583240 1761
1583250 1766
1583260 1766
1583270 1771
1583280 1775
1583290 1780
1583300 1780
1583310 1784
1583320 1789
1583330 1789
1583340 1794
1583350 1799
1583360 1799
1583370 1802
1583380 1806
1583390 1806
1583400 1808
1583410 1811
1583420 1811
1583430 1814
1583440 1818
1583450 1818
1583460 1826
1583470 1830
1583480 1830
1583490 1833
1583500 1839
1583510 1839
1583520 1844
1583530 1847
1583540 1847
1583550 1850
1583560 1853
1583570 1858
1583580 1858
1583590 1862
1583600 1865
1583610 1865
1583620 1868
1583630 1871
1583640 1871
1583650 1873
1583660 1874
1583670 1874
1583680 1876
1583690 1880
1583700 1880
1583710 1884
1583720 1887
1583730 1887
1583740 1890
1583750 1893
1583760 1893
1583770 1896
1583780 1899
1583790 1899
1583800 1903
1583810 1906
1583820 1906
1583830 1911
1583840 1915
1583850 1919
1583860 1919
1583870 1923
1583880 1928
1583890 1928
1583900 1932
1583910 1937
1583920 1937
1583930 1942
1583940 1946
1583950 1946
1583960 1950
1583970 1954
1583980 1954
1583990 1958
1584000 1963
1584010 1963
1584020 1968
1584030 1972
1584040 1972
1584050 1976
1584060 1981
1584070 1981
1584080 1985
1584090 1990
1584100 1990
1584110 1995
1584120 1999
1584130 2003
1584140 2003
1584150 2006
1584160 2008
1584170 2008
1584180 2011
1584190 2014
1584200 2014
1584210 2017
1584220 2017
1584230 2017
1584240 2012
1584250 2004
1584260 2004
1584270 1997
1584280 1989
1584290 1989
1584300 1980
1584310 1972
1584320 1972
1584330 1966
1584340 1963
1584350 1963
1584360 1957
1584370 1950
1584380 1950
1584390 1942
1584400 1933
1584410 1933
1584420 1922
1584430 1903
1584440 1892
1584450 1892
1584460 1884
1584470 1876
1584480 1876
1584490 1868
1584500 1865
1584510 1865
1584520 1858
1584530 1848
1584540 1848
1584550 1839
1584560 1832
1584570 1832
1584580 1824
1584590 1815
1584600 1815
1584610 1805
1584620 1797
1584630 1797
1584640 1793
1584650 1788
1584660 1788
1584670 1783
1584680 1777
1584690 1777
1584700 1771
1584710 1766
1584720 1760
1584730 1760
1584740 1762
1584750 1759
1584760 1759
1584770 1755
1584780 1751
1584790 1751
1584800 1747
1584810 1742
1584820 1742
1584830 1737
1584840 1732
1584850 1732
1584860 1727
1584870 1722
1584880 1722
1584890 1717
1584900 1712
1584910 1712
1584920 1708
1584930 1705
1584940 1705
1584950 1701
1584960 1698
1584970 1698
1584980 1695
1584990 1692
1585000 1688
1585010 1688
1585020 1684
1585030 1681
1585040 1681
1585050 1678
1585060 1675
1585070 1675
1585080 1672
1585090 1668
1585100 1668
1585110 1662
1585120 1657
1585130 1657
1585140 1652
1585150 1648
1585160 1648
1585170 1643
1585180 1639
1585190 1639
1585200 1636
1585210 1632
1585220 1632
1585230 1628
1585240 1625
1585250 1625
1585260 1621
1585270 1617
1585280 1613
1585290 1613
1585300 1608
1585310 1606
1585320 1606
1585330 1604
1585340 1602
1585350 1602
1585360 1599
1585370 1596
1585380 1596
1585390 1593
1585400 1587
1585410 1587
1585420 1583
1585430 1587
1585440 1587
1585450 1588
1585460 1587
1585470 1587
1585480 1588
1585490 1587
1585500 1587
1585510 1586
1585520 1585
1585530 1585
1585540 1584
1585550 1585
1585560 1585
1585570 1585
1585580 1585
1585590 1585
1585600 1585
1585610 1585
1585620 1586
1585630 1586
1585640 1587
1585650 1587
1585660 1587
1585670 1585
1585680 1581
1585690 1581
1585700 1573
1585710 1568
1585720 1568
1585730 1570
1585740 1573
1585750 1573
1585760 1573
1585770 1574
1585780 1574
1585790 1574
1585800 1576
1585810 1576
1585820 1578
1585830 1579
1585840 1579
1585850 1579
1585860 1580
1585870 1583
1585880 1583
1585890 1586
1585900 1589
1585910 1589
1585920 1590
1585930 1592
1585940 1592
1585950 1594
1585960 1595
1585970 1595
1585980 1596
1585990 1596
1586000 1596
1586010 1602
1586020 1602
1586030 1602
1586040 1600
1586050 1598
1586060 1598
1586070 1596
1586080 1595
1586090 1595
1586100 1595
1586110 1598
1586120 1598
1586130 1600
1586140 1601
1586150 1599
1586160 1599
1586170 1599
1586180 1599
1586190 1599
1586200 1599
1586210 1599
1586220 1599
1586230 1599
1586240 1599
1586250 1599
1586260 1600
1586270 1601
1586280 1601
1586290 1600
1586300 1600
1586310 1600
1586320 1605
1586330 1607
1586340 1607
1586350 1606
1586360 1602
1586370 1602
1586380 1604
1586390 1600
1586400 1600
1586410 1602
1586420 1608
1586430 1608
1586440 1608
1586450 1608
1586460 1607
1586470 1607
1586480 1607
1586490 1611
1586500 1611
1586510 1613
1586520 1613
1586530 1613
1586540 1612
1586550 1611
1586560 1611
1586570 1611
1586580 1612
1586590 1612
1586600 1613
1586610 1614
1586620 1614
1586630 1615
1586640 1616
1586650 1616
1586660 1617
1586670 1615
1586680 1615
1586690 1618
1586700 1617
1586710 1617
1586720 1617
1586730 1620
1586740 1624
1586750 1624
1586760 1627
1586770 1631
1586780 1631
1586790 1632
1586800 1630
1586810 1630
1586820 1628
1586830 1627
1586840 1627
1586850 1625
1586860 1624
1586870 1624
1586880 1620
1586890 1616
1586900 1616
1586910 1614
1586920 1620
1586930 1620
1586940 1628
1586950 1630
1586960 1630
1586970 1633
1586980 1636
1586990 1638
1587000 1638
1587010 1640
1587020 1640
1587030 1640
1587040 1643
1587050 1645
1587060 1645
1587070 1645
1587080 1645
1587090 1645
1587100 1651
1587110 1655
1587120 1655
1587130 1659
1587140 1662
1587150 1662
1587160 1665
1587170 1667
1587180 1667
1587190 1669
1587200 1672
1587210 1672
1587220 1674
1587230 1677
1587240 1677
1587250 1680
1587260 1690
1587270 1690
1587280 1689
1587290 1688
1587300 1687
1587310 1687
1587320 1682
1587330 1679
1587340 1679
1587350 1688
1587360 1694
1587370 1694
1587380 1699
1587390 1706
1587400 1706
1587410 1715
1587420 1721
1587430 1721
1587440 1727
1587450 1732
1587460 1732
1587470 1738
1587480 1744
1587490 1744
1587500 1751
1587510 1758
1587520 1758
1587530 1760
1587540 1756
1587550 1756
1587560 1750
1587570 1746
1587580 1742
1587590 1742
1587600 1739
1587610 1736
1587620 1736
1587630 1738
1587640 1746
1587650 1746
1587660 1753
1587670 1759
1587680 1759
1587690 1765
1587700 1771
1587710 1771
1587720 1776
1587730 1781
1587740 1781
1587750 1788
1587760 1794
1587770 1794
1587780 1800
1587790 1803
1587800 1803
1587810 1806
1587820 1809
1587830 1809
1587840 1815
1587850 1817
1587860 1814
1587870 1814
1587880 1811
1587890 1809
1587900 1809
1587910 1808
1587920 1808
1587930 1808
1587940 1808
1587950 1807
1587960 1807
1587970 1807
1587980 1805
1587990 1805
1588000 1799
1588010 1797
1588020 1797
1588030 1802
1588040 1806
1588050 1806
1588060 1811
1588070 1815
1588080 1815
1588090 1818
1588100 1821
1588110 1821
1588120 1823
1588130 1826
1588140 1828
1588150 1828
1588160 1828
1588170 1830
1588180 1830
1588190 1833
1588200 1834
1588210 1834
1588220 1834
1588230 1834
1588240 1834
1588250 1837
1588260 1842
1588270 1842
1588280 1845
1588290 1848
1588300 1848
1588310 1852
1588320 1857
1588330 1857
1588340 1861
1588350 1865
1588360 1865
1588370 1869
1588380 1874
1588390 1874
1588400 1878
1588410 1882
1588420 1885
1588430 1885
1588440 1887
1588450 1889
1588460 1889
1588470 1892
1588480 1895
1588490 1902
1588500 1907
1588510 1909
1588520 1909
1588530 1910
1588540 1911
1588550 1911
1588560 1913
1588570 1916
1588580 1916
1588590 1918
1588600 1921
1588610 1921
1588620 1923
1588630 1925
1588640 1925
1588650 1927
1588660 1929
1588670 1929
1588680 1931
1588690 1934
1588700 1934
1588710 1936
1588720 1939
1588730 1942
1588740 1942
1588750 1942
1588760 1938
1588770 1938
1588780 1933
1588790 1929
1588800 1929
1588810 1924
1588820 1917
1588830 1917
1588840 1909
1588850 1902
1588860 1902
1588870 1895
1588880 1888
1588890 1888
1588900 1883
1588910 1877
1588920 1877
1588930 1869
1588940 1861
1588950 1861
1588960 1854
1588970 1849
1588980 1849
1588990 1844
1589000 1839
1589010 1834
1589020 1834
1589030 1830
1589040 1825
1589050 1825
1589060 1821
1589070 1819
1589080 1819
1589090 1816
1589100 1813
1589110 1813
1589120 1812
1589130 1810
1589140 1810
1589150 1808
1589160 1806
1589170 1806
1589180 1803
1589190 1798
1589200 1798
1589210 1794
1589220 1790
1589230 1790
1589240 1788
1589250 1787
1589260 1787
1589270 1785
1589280 1783
1589290 1782
1589300 1782
1589310 1780
1589320 1779
1589330 1779
1589340 1777
1589350 1776
1589360 1776
1589370 1776
1589380 1777
1589390 1777
1589400 1780
1589410 1783
1589420 1783
1589430 1785
1589440 1787
1589450 1787
1589460 1788
1589470 1788
1589480 1788
1589490 1787
1589500 1787
1589510 1787
1589520 1786
1589530 1785
1589540 1785
1589550 1786
1589560 1787
1589570 1789
1589580 1789
1589590 1789
1589600 1788
1589610 1788
1589620 1787
1589630 1783
1589640 1783
1589650 1781
1589660 1780
1589670 1780
1589680 1779
1589690 1778
1589700 1778
1589710 1772
1589720 1772
1589730 1772
1589740 1774
1589750 1774
1589760 1774
1589770 1774
1589780 1773
1589790 1773
1589800 1773
1589810 1773
1589820 1773
1589830 1773
1589840 1773
1589850 1773
1589860 1773
1589870 1774
1589880 1773
1589890 1773
1589900 1773
1589910 1773
1589920 1773
1589930 1774
1589940 1775
1589950 1775
1589960 1776
1589970 1777
1589980 1777
1589990 1777
1590000 1778
1590010 1778
1590020 1780
1590030 1782
1590040 1782
1590050 1784
1590060 1784
1590070 1784
1590080 1785
1590090 1787
1590100 1787
1590110 1789
1590120 1790
1590130 1790
1590140 1788
1590150 1784
1590160 1780
1590170 1780
1590180 1777
1590190 1775
1590200 1775
1590210 1774
1590220 1772
1590230 1772
1590240 1770
1590250 1770
1590260 1770
1590270 1771
1590280 1774
1590290 1774
1590300 1775
1590310 1777
1590320 1777
1590330 1779
1590340 1782
1590350 1782
1590360 1783
1590370 1784
1590380 1784
1590390 1786
1590400 1788
1590410 1788
1590420 1789
1590430 1791
1590440 1796
1590450 1796
1590460 1801
1590470 1806
1590480 1806
1590490 1810
1590500 1815
1590510 1815
1590520 1819
1590530 1823
1590540 1823
1590550 1827
1590560 1830
1590570 1830
1590580 1834
1590590 1837
1590600 1837
1590610 1841
1590620 1842
1590630 1842
1590640 1842
1590650 1843
1590660 1843
1590670 1845
1590680 1846
1590690 1846
1590700 1848
1590710 1850
1590720 1854
1590730 1854
1590740 1859
1590750 1866
1590760 1866
1590770 1871
1590780 1877
1590790 1877
1590800 1882
1590810 1883
1590820 1883
1590830 1884
1590840 1885
1590850 1885
1590860 1887
1590870 1889
1590880 1889
1590890 1891
1590900 1893
1590910 1893
1590920 1890
1590930 1890
1590940 1890
1590950 1890
1590960 1890
1590970 1890
1590980 1890
1590990 1890
1591000 1890
1591010 1890
1591020 1890
1591030 1890
1591040 1890
1591050 1890
1591060 1889
1591070 1889
1591080 1888
1591090 1887
1591100 1887
1591110 1886
1591120 1886
1591130 1886
1591140 1885
1591150 1884
1591160 1884
1591170 1884
1591180 1883
1591190 1883
1591200 1882
1591210 1880
1591220 1880
1591230 1878
1591240 1875
1591250 1875
1591260 1872
1591270 1868
1591280 1868
1591290 1865
1591300 1863
1591310 1861
1591320 1861
1591330 1859
1591340 1858
1591350 1858
1591360 1857
1591370 1857
1591380 1857
1591390 1858
1591400 1857
1591410 1857
1591420 1854
1591430 1849
1591440 1849
1591450 1845
1591460 1841
1591470 1841
1591480 1839
1591490 1836
1591500 1836
1591510 1834
1591520 1833
1591530 1833
1591540 1833
1591550 1833
1591560 1833
1591570 1832
1591580 1830
1591590 1829
1591600 1829
1591610 1829
1591620 1830
1591630 1830
1591640 1831
1591650 1831
1591660 1831
1591670 1833
1591680 1834
1591690 1834
1591700 1835
1591710 1836
1591720 1836
1591730 1838
1591740 1840
1591750 1840
1591760 1843
1591770 1845
1591780 1845
1591790 1847
1591800 1849
1591810 1849
1591820 1850
1591830 1851
1591840 1851
1591850 1853
1591860 1854
1591870 1856
1591880 1856
1591890 1857
1591900 1857
1591910 1857
1591920 1858
1591930 1860
1591940 1860
1591950 1862
1591960 1863
1591970 1863
1591980 1864
1591990 1865
1592000 1865
1592010 1866
1592020 1868
1592030 1868
1592040 1870
1592050 1871
1592060 1871
1592070 1872
1592080 1873
1592090 1873
1592100 1873
1592110 1865
1592120 1865
1592130 1862
1592140 1857
1592150 1853
1592160 1853
1592170 1851
1592180 1851
1592190 1851
1592200 1847
1592210 1842
1592220 1842
1592230 1839
1592240 1837
1592250 1837
1592260 1835
1592270 1835
1592280 1835
1592290 1835
1592300 1835
1592310 1835
1592320 1835
1592330 1835
1592340 1835
1592350 1836
1592360 1837
1592370 1837
1592380 1837
1592390 1838
1592400 1838
1592410 1838
1592420 1838
1592430 1838
1592440 1838
1592450 1840
1592460 1842
1592470 1842
1592480 1845
1592490 1846
1592500 1846
1592510 1847
1592520 1845
1592530 1845
1592540 1842
1592550 1840
1592560 1840
1592570 1839
1592580 1837
1592590 1837
1592600 1834
1592610 1831
1592620 1831
1592630 1829
1592640 1828
1592650 1828
1592660 1827
1592670 1825
1592680 1825
1592690 1822
1592700 1819
1592710 1819
1592720 1817
1592730 1814
1592740 1810
1592750 1810
1592760 1805
1592770 1799
1592780 1799
1592790 1794
1592800 1790
1592810 1790
1592820 1788
1592830 1786
1592840 1786
1592850 1784
1592860 1783
1592870 1783
1592880 1780
1592890 1778
1592900 1778
1592910 1776
1592920 1774
1592930 1774
1592940 1772
1592950 1770
1592960 1770
1592970 1768
1592980 1766
1592990 1766
1593000 1765
1593010 1766
1593020 1764
1593030 1764
1593040 1761
1593050 1758
1593060 1758
1593070 1755
1593080 1753
1593090 1753
1593100 1752
1593110 1751
1593120 1751
1593130 1750
1593140 1751
1593150 1751
1593160 1753
1593170 1753
1593180 1753
1593190 1749
1593200 1746
1593210 1746
1593220 1742
1593230 1737
1593240 1737
1593250 1732
1593260 1729
1593270 1729
1593280 1728
1593290 1722
1593300 1722
1593310 1722
1593320 1721
1593330 1720
1593340 1720
1593350 1718
1593360 1714
1593370 1714
1593380 1709
1593390 1705
1593400 1705
1593410 1702
1593420 1698
1593430 1698
1593440 1694
1593450 1690
1593460 1690
1593470 1688
1593480 1686
1593490 1686
1593500 1685
1593510 1686
1593520 1686
1593530 1687
1593540 1683
1593550 1683
1593560 1677
1593570 1678
1593580 1683
1593590 1683
1593600 1688
1593610 1693
1593620 1693
1593630 1698
1593640 1702
1593650 1702
1593660 1706
1593670 1711
1593680 1711
1593690 1715
1593700 1720
1593710 1720
1593720 1725
1593730 1730
1593740 1730
1593750 1736
1593760 1741
1593770 1741
1593780 1746
1593790 1751
1593800 1751
1593810 1756
1593820 1762
1593830 1762
1593840 1768
1593850 1773
1593860 1773
1593870 1778
1593880 1783
1593890 1788
1593900 1788
1593910 1793
1593920 1796
1593930 1796
1593940 1797
1593950 1798
1593960 1798
1593970 1798
1593980 1797
1593990 1797
1594000 1795
1594010 1793
1594020 1793
1594030 1793
1594040 1792
1594050 1792
1594060 1792
1594070 1791
1594080 1791
1594090 1790
1594100 1790
1594110 1790
1594120 1790
1594130 1790
1594140 1790
1594150 1790
1594160 1791
1594170 1793
1594180 1793
1594190 1794
1594200 1797
1594210 1797
1594220 1801
1594230 1805
1594240 1805
1594250 1809
1594260 1811
1594270 1811
1594280 1812
1594290 1812
1594300 1812
1594310 1812
1594320 1814
1594330 1814
1594340 1817
1594350 1820
1594360 1820
1594370 1822
1594380 1824
1594390 1824
1594400 1826
1594410 1828
1594420 1828
1594430 1831
1594440 1835
1594450 1839
1594460 1833
1594470 1838
1594480 1844
1594490 1844
1594500 1849
1594510 1855
1594520 1855
1594530 1861
1594540 1867
1594550 1867
1594560 1872
1594570 1878
1594580 1878
1594590 1884
1594600 1889
1594610 1889
1594620 1892
1594630 1894
1594640 1894
1594650 1895
1594660 1895
1594670 1895
1594680 1893
1594690 1888
1594700 1888
1594710 1881
1594720 1873
1594730 1866
1594740 1866
1594750 1859
1594760 1851
1594770 1851
1594780 1843
1594790 1836
1594800 1836
1594810 1830
1594820 1824
1594830 1824
1594840 1818
1594850 1812
1594860 1812
1594870 1806
1594880 1800
1594890 1800
1594900 1793
1594910 1789
1594920 1789
1594930 1785
1594940 1781
1594950 1781
1594960 1778
1594970 1776
1594980 1776
1594990 1774
1595000 1772
1595010 1769
1595020 1769
1595030 1766
1595040 1762
1595050 1762
1595060 1756
1595070 1749
1595080 1749
1595090 1743
1595100 1736
1595110 1736
1595120 1729
1595130 1723
1595140 1723
1595150 1716
1595160 1709
1595170 1709
1595180 1702
1595190 1693
1595200 1693
1595210 1684
1595220 1682
1595230 1682
1595240 1682
1595250 1682
1595260 1682
1595270 1679
1595280 1674
1595290 1674
1595300 1671
1595310 1668
1595320 1665
1595330 1665
1595340 1662
1595350 1656
1595360 1656
1595370 1652
1595380 1655
1595390 1655
1595400 1660
1595410 1664
1595420 1664
1595430 1665
1595440 1668
1595450 1668
1595460 1670
1595470 1672
1595480 1672
1595490 1673
1595500 1676
1595510 1676
1595520 1676
1595530 1674
1595540 1674
1595550 1672
1595560 1673
1595570 1673
1595580 1675
1595590 1678
1595600 1681
1595610 1673
1595620 1676
1595630 1679
1595640 1679
1595650 1681
1595660 1683
1595670 1683
1595680 1680
1595690 1673
1595700 1673
1595710 1666
1595720 1657
1595730 1657
1595740 1653
1595750 1646
1595760 1646
1595770 1639
1595780 1637
1595790 1637
1595800 1639
1595810 1637
1595820 1637
1595830 1636
1595840 1636
1595850 1636
1595860 1631
1595870 1624
1595880 1616
1595890 1616
1595900 1607
1595910 1598
1595920 1598
1595930 1590
1595940 1582
1595950 1582
1595960 1574
1595970 1566
1595980 1566
1595990 1557
1596000 1549
1596010 1549
1596020 1542
1596030 1534
1596040 1534
1596050 1527
1596060 1519
1596070 1519
1596080 1512
1596090 1503
1596100 1503
1596110 1492
1596120 1482
1596130 1482
1596140 1479
1596150 1477
1596160 1474
1596170 1474
1596180 1466
1596190 1457
1596200 1457
1596210 1450
1596220 1444
1596230 1444
1596240 1438
1596250 1431
1596260 1431
1596270 1425
1596280 1421
1596290 1421
1596300 1417
1596310 1415
1596320 1415
1596330 1413
1596340 1410
1596350 1410
1596360 1404
1596370 1395
1596380 1395
1596390 1386
1596400 1380
1596410 1380
1596420 1378
1596430 1382
1596440 1385
1596450 1385
1596460 1389
1596470 1393
1596480 1393
1596490 1397
1596500 1400
1596510 1400
1596520 1403
1596530 1406
1596540 1406
1596550 1409
1596560 1412
1596570 1412
1596580 1415
1596590 1416
1596600 1416
1596610 1416
1596620 1417
1596630 1417
1596640 1416
1596650 1415
1596660 1415
1596670 1413
1596680 1411
1596690 1411
1596700 1409
1596710 1406
1596720 1406
1596730 1403
1596740 1399
1596750 1392
1596760 1388
1596770 1385
1596780 1372
1596790 1372
1596800 1360
1596810 1356
1596820 1356
1596830 1358
1596840 1357
1596850 1357
1596860 1355
1596870 1352
1596880 1352
1596890 1347
1596900 1341
1596910 1341
1596920 1333
1596930 1325
1596940 1325
1596950 1322
1596960 1319
1596970 1319
1596980 1318
1596990 1313
1597000 1313
1597010 1303
1597020 1302
1597030 1307
1597040 1307
1597050 1308
1597060 1307
1597070 1307
1597080 1305
1597090 1302
1597100 1302
1597110 1299
1597120 1295
1597130 1295
1597140 1292
1597150 1290
1597160 1290
1597170 1289
1597180 1288
1597190 1288
1597200 1288
1597210 1287
1597220 1287
1597230 1286
1597240 1285
1597250 1285
1597260 1283
1597270 1280
1597280 1280
1597290 1276
1597300 1273
1597310 1270
1597320 1270
1597330 1266
1597340 1263
1597350 1263
1597360 1260
1597370 1253
1597380 1253
1597390 1242
1597400 1235
1597410 1235
1597420 1239
1597430 1245
1597440 1245
1597450 1249
1597460 1249
1597470 1249
1597480 1248
1597490 1247
1597500 1247
1597510 1246
1597520 1243
1597530 1243
1597540 1240
1597550 1237
1597560 1237
1597570 1234
1597580 1231
1597590 1227
1597600 1227
1597610 1224
1597620 1220
1597630 1220
1597640 1216
1597650 1212
1597660 1212
1597670 1211
1597680 1210
1597690 1210
1597700 1209
1597710 1208
1597720 1208
1597730 1206
1597740 1205
1597750 1205
1597760 1202
1597770 1199
1597780 1199
1597790 1195
1597800 1191
1597810 1191
1597820 1187
1597830 1185
1597840 1185
1597850 1183
1597860 1182
1597870 1182
1597880 1180
1597890 1176
1597900 1173
1597910 1173
1597920 1171
1597930 1169
1597940 1169
1597950 1168
1597960 1167
1597970 1167
1597980 1165
1597990 1163
1598000 1163
1598010 1163
1598020 1163
1598030 1163
1598040 1163
1598050 1162
1598060 1162
1598070 1160
1598080 1158
1598090 1158
1598100 1157
1598110 1153
1598120 1153
1598130 1151
1598140 1151
1598150 1151
1598160 1151
1598170 1152
1598180 1152
1598190 1152
1598200 1153
1598210 1153
1598220 1153
1598230 1155
1598240 1157
1598250 1157
1598260 1157
1598270 1157
1598280 1157
1598290 1157
1598300 1156
1598310 1156
1598320 1155
1598330 1154
1598340 1154
1598350 1153
1598360 1152
1598370 1152
1598380 1150
1598390 1148
1598400 1148
1598410 1147
1598420 1143
1598430 1143
1598440 1140
1598450 1138
1598460 1137
1598470 1137
1598480 1137
1598490 1137
1598500 1137
1598510 1136
1598520 1136
1598530 1136
1598540 1135
1598550 1136
1598560 1136
1598570 1137
1598580 1137
1598590 1137
1598600 1138
1598610 1138
1598620 1138
1598630 1138
1598640 1138
1598650 1138
1598660 1139
1598670 1139
1598680 1139
1598690 1140
1598700 1141
1598710 1141
1598720 1141
1598730 1141
1598740 1141
1598750 1141
1598760 1142
1598770 1142
1598780 1142
1598790 1143
1598800 1143
1598810 1143
1598820 1144
1598830 1145
1598840 1145
1598850 1146
1598860 1146
1598870 1146
1598880 1147
1598890 1146
1598900 1146
1598910 1146
1598920 1146
1598930 1146
1598940 1146
1598950 1145
1598960 1145
1598970 1145
1598980 1146
1598990 1146
1599000 1148
1599010 1154
1599020 1156
1599030 1156
1599040 1158
1599050 1160
1599060 1160
1599070 1161
1599080 1163
1599090 1163
1599100 1164
1599110 1164
1599120 1164
1599130 1165
1599140 1167
1599150 1167
1599160 1168
1599170 1171
1599180 1171
1599190 1173
1599200 1176
1599210 1176
1599220 1178
1599230 1180
1599240 1180
1599250 1183
1599260 1186
1599270 1186
1599280 1189
1599290 1192
1599300 1192
1599310 1195
1599320 1199
1599330 1203
1599340 1203
1599350 1207
1599360 1211
1599370 1211
1599380 1214
1599390 1215
1599400 1215
1599410 1217
1599420 1219
1599430 1219
1599440 1221
1599450 1222
1599460 1222
1599470 1224
1599480 1225
1599490 1225
1599500 1225
1599510 1226
1599520 1226
1599530 1225
1599540 1227
1599550 1227
1599560 1228
1599570 1228
1599580 1228
1599590 1226
1599600 1228
1599610 1233
1599620 1233
1599630 1238
1599640 1243
1599650 1243
1599660 1246
1599670 1249
1599680 1249
1599690 1252
1599700 1255
1599710 1255
1599720 1257
1599730 1259
1599740 1259
1599750 1262
1599760 1264
1599770 1264
1599780 1267
1599790 1269
1599800 1269
1599810 1272
1599820 1274
1599830 1274
1599840 1277
1599850 1279
1599860 1279
1599870 1281
1599880 1284
1599890 1286
1599900 1286
1599910 1288
1599920 1290
1599930 1290
1599940 1292
1599950 1294
1599960 1294
1599970 1296
1599980 1298
1599990 1298
