1580000 1777
1580010 1776
1580020 1774
1580030 1774
1580040 1771
1580050 1769
1580060 1769
1580070 1766
1580080 1765
1580090 1765
1580100 1765
1580110 1765
1580120 1765
1580130 1764
1580140 1758
1580150 1758
1580160 1757
1580170 1760
1580180 1760
1580190 1765
1580200 1766
1580210 1766
1580220 1766
1580230 1766
1580240 1768
1580250 1768
1580260 1771
1580270 1773
1580280 1773
1580290 1773
1580300 1773
1580310 1773
1580320 1773
1580330 1773
1580340 1773
1580350 1774
1580360 1772
1580370 1772
1580380 1772
1580390 1771
1580400 1771
1580410 1771
1580420 1770
1580430 1770
1580440 1768
1580450 1767
1580460 1767
1580470 1766
1580480 1763
1580490 1763
1580500 1760
1580510 1759
1580520 1757
1580530 1757
1580540 1759
1580550 1761
1580560 1761
1580570 1763
1580580 1764
1580590 1764
1580600 1762
1580610 1762
1580620 1762
1580630 1762
1580640 1761
1580650 1761
1580660 1759
1580670 1754
1580680 1754
1580690 1747
1580700 1741
1580710 1741
1580720 1739
1580730 1736
1580740 1736
1580750 1730
1580760 1727
1580770 1727
1580780 1724
1580790 1723
1580800 1723
1580810 1722
1580820 1718
1580830 1719
1580840 1719
1580850 1719
1580860 1721
1580870 1721
1580880 1724
1580890 1728
1580900 1728
1580910 1728
1580920 1728
1580930 1728
1580940 1728
1580950 1733
1580960 1733
1580970 1733
1580980 1734
1580990 1734
1581000 1732
1581010 1733
1581020 1733
1581030 1734
1581040 1734
1581050 1734
1581060 1736
1581070 1737
1581080 1737
1581090 1738
1581100 1741
1581110 1743
1581120 1743
1581130 1746
1581140 1748
1581150 1748
1581160 1750
1581170 1753
1581180 1753
1581190 1756
1581200 1759
1581210 1759
1581220 1763
1581230 1767
1581240 1767
1581250 1771
1581260 1775
1581270 1775
1581280 1779
1581290 1783
1581300 1783
1581310 1786
1581320 1790
1581330 1790
1581340 1794
1581350 1798
1581360 1798
1581370 1801
1581380 1804
1581390 1804
1581400 1805
1581410 1807
1581420 1807
1581430 1807
1581440 1810
1581450 1817
1581460 1817
1581470 1822
1581480 1828
1581490 1828
1581500 1833
1581510 1838
1581520 1838
1581530 1842
1581540 1848
1581550 1848
1581560 1851
1581570 1854
1581580 1854
1581590 1857
1581600 1862
1581610 1862
1581620 1867
1581630 1872
1581640 1872
1581650 1877
1581660 1882
1581670 1882
1581680 1887
1581690 1891
1581700 1896
1581710 1896
1581720 1901
1581730 1909
1581740 1909
1581750 1917
1581760 1923
1581770 1923
1581780 1929
1581790 1933
1581800 1933
1581810 1937
1581820 1939
1581830 1939
1581840 1941
1581850 1943
1581860 1943
1581870 1946
1581880 1948
1581890 1948
1581900 1951
1581910 1954
1581920 1954
1581930 1958
1581940 1963
1581950 1963
1581960 1969
1581970 1974
1581980 1974
1581990 1980
1582000 1985
1582010 1990
1582020 1990
1582030 1994
1582040 1998
1582050 1998
1582060 2000
1582070 1993
1582080 1993
1582090 1983
1582100 1977
1582110 1977
1582120 1972
1582130 1968
1582140 1968
1582150 1964
1582160 1960
1582170 1960
1582180 1957
1582190 1955
1582200 1955
1582210 1952
1582220 1951
1582230 1951
1582240 1951
1582250 1951
1582260 1951
1582270 1948
1582280 1948
1582290 1950
1582300 1950
1582310 1951
1582320 1952
1582330 1952
1582340 1953
1582350 1954
1582360 1954
1582370 1956
1582380 1958
1582390 1958
1582400 1959
1582410 1959
1582420 1959
1582430 1958
1582440 1958
1582450 1958
1582460 1956
1582470 1954
1582480 1954
1582490 1953
1582500 1952
1582510 1952
1582520 1951
1582530 1949
1582540 1949
1582550 1947
1582560 1947
1582570 1947
1582580 1946
1582590 1947
1582600 1946
1582610 1946
1582620 1945
1582630 1944
1582640 1944
1582650 1944
1582660 1945
1582670 1945
1582680 1946
1582690 1948
1582700 1948
1582710 1951
1582720 1955
1582730 1955
1582740 1958
1582750 1962
1582760 1962
1582770 1966
1582780 1969
1582790 1969
1582800 1971
1582810 1972
1582820 1972
1582830 1971
1582840 1970
1582850 1970
1582860 1969
1582870 1969
1582880 1970
1582890 1970
1582900 1972
1582910 1974
1582920 1974
1582930 1972
1582940 1966
1582950 1966
1582960 1959
1582970 1949
1582980 1949
1582990 1938
1583000 1928
1583010 1928
1583020 1921
1583030 1915
1583040 1915
1583050 1909
1583060 1905
1583070 1905
1583080 1900
1583090 1895
1583100 1895
1583110 1894
1583120 1897
1583130 1897
1583140 1899
1583150 1903
1583160 1903
1583170 1905
1583180 1908
1583190 1910
1583200 1910
1583210 1911
1583220 1914
1583230 1914
1583240 1915
1583250 1908
1583260 1908
1583270 1901
1583280 1893
1583290 1893
1583300 1887
1583310 1885
1583320 1885
1583330 1885
1583340 1881
1583350 1881
1583360 1872
1583370 1865
1583380 1865
1583390 1859
1583400 1856
1583410 1856
1583420 1851
1583430 1846
1583440 1846
1583450 1839
1583460 1832
1583470 1825
1583480 1825
1583490 1819
1583500 1814
1583510 1814
1583520 1810
1583530 1804
1583540 1804
1583550 1798
1583560 1796
1583570 1796
1583580 1791
1583590 1786
1583600 1786
1583610 1781
1583620 1776
1583630 1776
1583640 1770
1583650 1763
1583660 1763
1583670 1755
1583680 1748
1583690 1748
1583700 1742
1583710 1738
1583720 1738
1583730 1736
1583740 1733
1583750 1729
1583760 1729
1583770 1726
1583780 1722
1583790 1722
1583800 1718
1583810 1713
1583820 1713
1583830 1708
1583840 1704
1583850 1704
1583860 1698
1583870 1692
1583880 1692
1583890 1688
1583900 1686
1583910 1686
1583920 1686
1583930 1683
1583940 1683
1583950 1679
1583960 1675
1583970 1675
1583980 1671
1583990 1668
1584000 1668
1584010 1666
1584020 1660
1584030 1660
1584040 1655
1584050 1650
1584060 1648
1584070 1648
1584080 1646
1584090 1643
1584100 1643
1584110 1639
1584120 1635
1584130 1635
1584140 1631
1584150 1628
1584160 1628
1584170 1626
1584180 1623
1584190 1623
1584200 1620
1584210 1617
1584220 1617
1584230 1615
1584240 1612
1584250 1612
1584260 1610
1584270 1607
1584280 1607
1584290 1603
1584300 1598
1584310 1598
1584320 1594
1584330 1590
1584340 1587
1584350 1587
1584360 1582
1584370 1577
1584380 1577
1584390 1574
1584400 1571
1584410 1571
1584420 1566
1584430 1564
1584440 1564
1584450 1561
1584460 1558
1584470 1558
1584480 1552
1584490 1545
1584500 1545
1584510 1540
1584520 1535
1584530 1535
1584540 1530
1584550 1526
1584560 1526
1584570 1521
1584580 1514
1584590 1514
1584600 1508
1584610 1505
1584620 1505
1584630 1503
1584640 1501
1584650 1500
1584660 1500
1584670 1497
1584680 1493
1584690 1493
1584700 1487
1584710 1483
1584720 1483
1584730 1478
1584740 1474
1584750 1474
1584760 1471
1584770 1467
1584780 1467
1584790 1463
1584800 1458
1584810 1458
1584820 1454
1584830 1451
1584840 1456
1584850 1453
1584860 1449
1584870 1449
1584880 1447
1584890 1445
1584900 1445
1584910 1442
1584920 1437
1584930 1434
1584940 1434
1584950 1431
1584960 1429
1584970 1429
1584980 1428
1584990 1427
1585000 1427
1585010 1425
1585020 1423
1585030 1423
1585040 1421
1585050 1420
1585060 1420
1585070 1418
1585080 1416
1585090 1416
1585100 1415
1585110 1413
1585120 1413
1585130 1413
1585140 1412
1585150 1412
1585160 1412
1585170 1411
1585180 1411
1585190 1410
1585200 1408
1585210 1408
1585220 1405
1585230 1404
1585240 1404
1585250 1404
1585260 1403
1585270 1402
1585280 1402
1585290 1402
1585300 1401
1585310 1401
1585320 1400
1585330 1400
1585340 1400
1585350 1399
1585360 1399
1585370 1399
1585380 1398
1585390 1398
1585400 1398
1585410 1399
1585420 1399
1585430 1399
1585440 1400
1585450 1400
1585460 1400
1585470 1399
1585480 1399
1585490 1399
1585500 1398
1585510 1398
1585520 1398
1585530 1398
1585540 1398
1585550 1398
1585560 1398
1585570 1398
1585580 1398
1585590 1398
1585600 1397
1585610 1398
1585620 1398
1585630 1398
1585640 1397
1585650 1397
1585660 1396
1585670 1395
1585680 1395
1585690 1394
1585700 1394
1585710 1394
1585720 1394
1585730 1392
1585740 1392
1585750 1391
1585760 1392
1585770 1392
1585780 1393
1585790 1393
1585800 1393
1585810 1393
1585820 1394
1585830 1395
1585840 1395
1585850 1397
1585860 1399
1585870 1399
1585880 1401
1585890 1402
1585900 1402
1585910 1403
1585920 1404
1585930 1404
1585940 1405
1585950 1404
1585960 1404
1585970 1402
1585980 1402
1585990 1402
1586000 1402
1586010 1404
1586020 1404
1586030 1404
1586040 1405
1586050 1405
1586060 1407
1586070 1408
1586080 1408
1586090 1408
1586100 1409
1586110 1406
1586120 1406
1586130 1407
1586140 1409
1586150 1409
1586160 1411
1586170 1413
1586180 1413
1586190 1412
1586200 1413
1586210 1413
1586220 1414
1586230 1416
1586240 1416
1586250 1417
1586260 1419
1586270 1419
1586280 1418
1586290 1419
1586300 1419
1586310 1425
1586320 1429
1586330 1429
1586340 1430
1586350 1432
1586360 1432
1586370 1433
1586380 1434
1586390 1434
1586400 1435
1586410 1437
1586420 1436
1586430 1436
1586440 1436
1586450 1438
1586460 1438
1586470 1438
1586480 1437
1586490 1437
1586500 1436
1586510 1435
1586520 1435
1586530 1435
1586540 1437
1586550 1437
1586560 1437
1586570 1438
1586580 1438
1586590 1439
1586600 1440
1586610 1440
1586620 1440
1586630 1440
1586640 1440
1586650 1439
1586660 1436
1586670 1436
1586680 1435
1586690 1434
1586700 1434
1586710 1434
1586720 1435
1586730 1436
1586740 1436
1586750 1435
1586760 1434
1586770 1434
1586780 1432
1586790 1432
1586800 1432
1586810 1431
1586820 1426
1586830 1426
1586840 1424
1586850 1424
1586860 1424
1586870 1423
1586880 1423
1586890 1423
1586900 1422
1586910 1420
1586920 1420
1586930 1419
1586940 1421
1586950 1421
1586960 1422
1586970 1420
1586980 1420
1586990 1426
1587000 1431
1587010 1432
1587020 1432
1587030 1433
1587040 1436
1587050 1436
1587060 1433
1587070 1432
1587080 1432
1587090 1434
1587100 1432
1587110 1432
1587120 1433
1587130 1436
1587140 1436
1587150 1443
1587160 1448
1587170 1448
1587180 1451
1587190 1452
1587200 1452
1587210 1453
1587220 1454
1587230 1454
1587240 1456
1587250 1458
1587260 1458
1587270 1461
1587280 1462
1587290 1462
1587300 1462
1587310 1463
1587320 1464
1587330 1464
1587340 1464
1587350 1465
1587360 1460
1587370 1467
1587380 1472
1587390 1472
1587400 1473
1587410 1474
1587420 1474
1587430 1474
1587440 1475
1587450 1475
1587460 1474
1587470 1473
1587480 1473
1587490 1473
1587500 1473
1587510 1473
1587520 1470
1587530 1471
1587540 1471
1587550 1475
1587560 1479
1587570 1479
1587580 1483
1587590 1485
1587600 1485
1587610 1485
1587620 1485
1587630 1487
1587640 1487
1587650 1490
1587660 1492
1587670 1492
1587680 1495
1587690 1498
1587700 1498
1587710 1501
1587720 1503
1587730 1503
1587740 1506
1587750 1508
1587760 1508
1587770 1511
1587780 1514
1587790 1514
1587800 1515
1587810 1516
1587820 1516
1587830 1520
1587840 1525
1587850 1525
1587860 1530
1587870 1534
1587880 1537
1587890 1537
1587900 1541
1587910 1544
1587920 1544
1587930 1546
1587940 1548
1587950 1548
1587960 1549
1587970 1551
1587980 1551
1587990 1553
1588000 1554
1588010 1554
1588020 1554
1588030 1552
1588040 1552
1588050 1551
1588060 1552
1588070 1552
1588080 1552
1588090 1552
1588100 1552
1588110 1553
1588120 1553
1588130 1553
1588140 1553
1588150 1554
1588160 1554
1588170 1552
1588180 1551
1588190 1554
1588200 1554
1588210 1557
1588220 1561
1588230 1561
1588240 1564
1588250 1565
1588260 1565
1588270 1565
1588280 1566
1588290 1566
1588300 1569
1588310 1572
1588320 1572
1588330 1574
1588340 1576
1588350 1576
1588360 1578
1588370 1580
1588380 1580
1588390 1581
1588400 1582
1588410 1582
1588420 1587
1588430 1591
1588440 1591
1588450 1595
1588460 1597
1588470 1600
1588480 1600
1588490 1603
1588500 1605
1588510 1605
1588520 1606
1588530 1608
1588540 1608
1588550 1611
1588560 1614
1588570 1614
1588580 1617
1588590 1615
1588600 1615
1588610 1617
1588620 1620
1588630 1620
1588640 1623
1588650 1625
1588660 1625
1588670 1628
1588680 1630
1588690 1630
1588700 1633
1588710 1636
1588720 1636
1588730 1640
1588740 1642
1588750 1642
1588760 1646
1588770 1649
1588780 1652
1588790 1652
1588800 1656
1588810 1661
1588820 1661
1588830 1665
1588840 1668
1588850 1668
1588860 1671
1588870 1674
1588880 1674
1588890 1677
1588900 1679
1588910 1679
1588920 1680
1588930 1681
1588940 1681
1588950 1682
1588960 1683
1588970 1683
1588980 1682
1588990 1682
1589000 1682
1589010 1682
1589020 1681
1589030 1681
1589040 1682
1589050 1684
1589060 1688
1589070 1688
1589080 1691
1589090 1694
1589100 1694
1589110 1699
1589120 1703
1589130 1703
1589140 1706
1589150 1708
1589160 1708
1589170 1711
1589180 1716
1589190 1716
1589200 1720
1589210 1725
1589220 1725
1589230 1729
1589240 1733
1589250 1733
1589260 1737
1589270 1740
1589280 1740
1589290 1744
1589300 1746
1589310 1746
1589320 1746
1589330 1744
1589340 1744
1589350 1745
1589360 1752
1589370 1760
1589380 1760
1589390 1766
1589400 1770
1589410 1770
1589420 1773
1589430 1775
1589440 1775
1589450 1778
1589460 1782
1589470 1782
1589480 1785
1589490 1787
1589500 1787
1589510 1792
1589520 1796
1589530 1796
1589540 1799
1589550 1801
1589560 1801
1589570 1803
1589580 1805
1589590 1805
1589600 1806
1589610 1808
1589620 1808
1589630 1808
1589640 1808
1589650 1808
1589660 1808
1589670 1811
1589680 1815
1589690 1815
1589700 1820
1589710 1823
1589720 1823
1589730 1826
1589740 1828
1589750 1828
1589760 1830
1589770 1832
1589780 1832
1589790 1834
1589800 1836
1589810 1834
1589820 1837
1589830 1840
1589840 1840
1589850 1842
1589860 1845
1589870 1845
1589880 1847
1589890 1850
1589900 1850
1589910 1851
1589920 1853
1589930 1853
1589940 1855
1589950 1857
1589960 1859
1589970 1859
1589980 1861
1589990 1862
1590000 1862
1590010 1863
1590020 1864
1590030 1864
1590040 1866
1590050 1868
1590060 1868
1590070 1869
1590080 1870
1590090 1870
1590100 1872
1590110 1874
1590120 1874
1590130 1877
1590140 1880
1590150 1880
1590160 1884
1590170 1887
1590180 1887
1590190 1890
1590200 1894
1590210 1894
1590220 1898
1590230 1901
1590240 1905
1590250 1905
1590260 1908
1590270 1912
1590280 1912
1590290 1914
1590300 1916
1590310 1916
1590320 1919
1590330 1923
1590340 1923
1590350 1926
1590360 1929
1590370 1929
1590380 1932
1590390 1935
1590400 1935
1590410 1938
1590420 1944
1590430 1944
1590440 1952
1590450 1957
1590460 1957
1590470 1959
1590480 1964
1590490 1964
1590500 1967
1590510 1971
1590520 1971
1590530 1975
1590540 1979
1590550 1982
1590560 1982
1590570 1985
1590580 1989
1590590 1989
1590600 1991
1590610 1990
1590620 1990
1590630 1988
1590640 1985
1590650 1985
1590660 1980
1590670 1977
1590680 1977
1590690 1975
1590700 1971
1590710 1971
1590720 1970
1590730 1970
1590740 1970
1590750 1967
1590760 1963
1590770 1963
1590780 1959
1590790 1957
1590800 1957
1590810 1955
1590820 1953
1590830 1950
1590840 1950
1590850 1949
1590860 1948
1590870 1948
1590880 1947
1590890 1945
1590900 1945
1590910 1944
1590920 1942
1590930 1942
1590940 1940
1590950 1939
1590960 1939
1590970 1938
1590980 1936
1590990 1936
1591000 1936
1591010 1935
1591020 1940
1591030 1939
1591040 1938
1591050 1938
1591060 1937
1591070 1936
1591080 1936
1591090 1934
1591100 1933
1591110 1933
1591120 1929
1591130 1922
1591140 1917
1591150 1917
1591160 1913
1591170 1910
1591180 1910
1591190 1909
1591200 1909
1591210 1909
1591220 1910
1591230 1911
1591240 1911
1591250 1910
1591260 1908
1591270 1908
1591280 1906
1591290 1906
1591300 1906
1591310 1906
1591320 1906
1591330 1906
1591340 1906
1591350 1905
1591360 1905
1591370 1904
1591380 1903
1591390 1903
1591400 1902
1591410 1901
1591420 1901
1591430 1901
1591440 1900
1591450 1899
1591460 1899
1591470 1896
1591480 1893
1591490 1893
1591500 1891
1591510 1888
1591520 1888
1591530 1886
1591540 1884
1591550 1884
1591560 1883
1591570 1881
1591580 1881
1591590 1880
1591600 1881
1591610 1881
1591620 1882
1591630 1882
1591640 1882
1591650 1883
1591660 1885
1591670 1885
1591680 1888
1591690 1892
1591700 1892
1591710 1897
1591720 1901
1591730 1905
1591740 1905
1591750 1908
1591760 1910
1591770 1910
1591780 1912
1591790 1912
1591800 1912
1591810 1911
1591820 1913
1591830 1913
1591840 1917
1591850 1923
1591860 1923
1591870 1928
1591880 1933
1591890 1933
1591900 1937
1591910 1941
1591920 1941
1591930 1945
1591940 1948
1591950 1948
1591960 1952
1591970 1955
1591980 1955
1591990 1958
1592000 1960
1592010 1963
1592020 1963
1592030 1965
1592040 1967
1592050 1967
1592060 1969
1592070 1971
1592080 1971
1592090 1974
1592100 1976
1592110 1976
1592120 1979
1592130 1983
1592140 1983
1592150 1986
1592160 1989
1592170 1989
1592180 1993
1592190 1997
1592200 1997
1592210 2005
1592220 2010
1592230 2010
1592240 2014
1592250 2019
1592260 2019
1592270 2023
1592280 2028
1592290 2028
1592300 2033
1592310 2037
1592320 2041
1592330 2041
1592340 2045
1592350 2049
1592360 2049
1592370 2052
1592380 2055
1592390 2055
1592400 2058
1592410 2060
1592420 2060
1592430 2063
1592440 2066
1592450 2066
1592460 2069
1592470 2073
1592480 2073
1592490 2079
1592500 2079
1592510 2079
1592520 2074
1592530 2067
1592540 2067
1592550 2058
1592560 2049
1592570 2049
1592580 2041
1592590 2034
1592600 2026
1592610 2026
1592620 2017
1592630 2009
1592640 2009
1592650 2001
1592660 1993
1592670 1993
1592680 1986
1592690 1978
1592700 1978
1592710 1971
1592720 1962
1592730 1962
1592740 1948
1592750 1935
1592760 1935
1592770 1925
1592780 1918
1592790 1918
1592800 1908
1592810 1899
1592820 1899
1592830 1888
1592840 1870
1592850 1870
1592860 1859
1592870 1854
1592880 1854
1592890 1841
1592900 1844
1592910 1831
1592920 1831
1592930 1812
1592940 1803
1592950 1803
1592960 1786
1592970 1779
1592980 1779
1592990 1785
1593000 1786
1593010 1786
1593020 1778
1593030 1768
1593040 1768
1593050 1757
1593060 1745
1593070 1745
1593080 1730
1593090 1714
1593100 1714
1593110 1705
1593120 1693
1593130 1693
1593140 1687
1593150 1685
1593160 1685
1593170 1680
1593180 1676
1593190 1669
1593200 1669
1593210 1659
1593220 1648
1593230 1648
1593240 1643
1593250 1635
1593260 1635
1593270 1623
1593280 1613
1593290 1613
1593300 1605
1593310 1597
1593320 1597
1593330 1590
1593340 1585
1593350 1585
1593360 1580
1593370 1575
1593380 1575
1593390 1572
1593400 1569
1593410 1569
1593420 1567
1593430 1564
1593440 1564
1593450 1562
1593460 1560
1593470 1560
1593480 1558
1593490 1555
1593500 1551
1593510 1551
1593520 1548
1593530 1545
1593540 1545
1593550 1540
1593560 1543
1593570 1543
1593580 1548
1593590 1549
1593600 1549
1593610 1548
1593620 1541
1593630 1541
1593640 1534
1593650 1537
1593660 1537
1593670 1539
1593680 1541
1593690 1541
1593700 1548
1593710 1555
1593720 1555
1593730 1562
1593740 1568
1593750 1568
1593760 1573
1593770 1577
1593780 1581
1593790 1581
1593800 1585
1593810 1590
1593820 1590
1593830 1595
1593840 1599
1593850 1599
1593860 1603
1593870 1606
1593880 1606
1593890 1610
1593900 1613
1593910 1613
1593920 1616
1593930 1620
1593940 1620
1593950 1623
1593960 1626
1593970 1626
1593980 1629
1593990 1631
1594000 1631
1594010 1633
1594020 1636
1594030 1636
1594040 1639
1594050 1641
1594060 1641
1594070 1643
1594080 1646
1594090 1648
1594100 1648
1594110 1651
1594120 1653
1594130 1653
1594140 1656
1594150 1657
1594160 1657
1594170 1661
1594180 1666
1594190 1666
1594200 1669
1594210 1672
1594220 1672
1594230 1675
1594240 1679
1594250 1679
1594260 1683
1594270 1687
1594280 1687
1594290 1691
1594300 1695
1594310 1695
1594320 1700
1594330 1705
1594340 1705
1594350 1710
1594360 1715
1594370 1720
1594380 1720
1594390 1725
1594400 1730
1594410 1730
1594420 1734
1594430 1738
1594440 1738
1594450 1742
1594460 1746
1594470 1746
1594480 1750
1594490 1753
1594500 1753
1594510 1757
1594520 1759
1594530 1759
1594540 1762
1594550 1765
1594560 1769
1594570 1773
1594580 1777
1594590 1777
1594600 1781
1594610 1785
1594620 1785
1594630 1789
1594640 1794
1594650 1794
1594660 1798
1594670 1803
1594680 1807
1594690 1807
1594700 1811
1594710 1815
1594720 1815
1594730 1819
1594740 1823
1594750 1823
1594760 1827
1594770 1831
1594780 1831
1594790 1835
1594800 1840
1594810 1840
1594820 1844
1594830 1848
1594840 1848
1594850 1852
1594860 1856
1594870 1856
1594880 1860
1594890 1865
1594900 1865
1594910 1869
1594920 1872
1594930 1872
1594940 1877
1594950 1882
1594960 1887
1594970 1887
1594980 1892
1594990 1896
1595000 1896
1595010 1901
1595020 1906
1595030 1906
1595040 1912
1595050 1917
1595060 1917
1595070 1915
1595080 1907
1595090 1907
1595100 1899
1595110 1892
1595120 1892
1595130 1884
1595140 1876
1595150 1876
1595160 1868
1595170 1860
1595180 1860
1595190 1853
1595200 1845
1595210 1845
1595220 1838
1595230 1831
1595240 1831
1595250 1823
1595260 1816
1595270 1808
1595280 1808
1595290 1800
1595300 1790
1595310 1790
1595320 1783
1595330 1776
1595340 1776
1595350 1766
1595360 1755
1595370 1755
1595380 1746
1595390 1736
1595400 1736
1595410 1728
1595420 1718
1595430 1718
1595440 1711
1595450 1704
1595460 1704
1595470 1696
1595480 1686
1595490 1686
1595500 1679
1595510 1671
1595520 1671
1595530 1662
1595540 1650
1595550 1637
1595560 1637
1595570 1625
1595580 1618
1595590 1618
1595600 1612
1595610 1608
1595620 1608
1595630 1604
1595640 1599
1595650 1599
1595660 1596
1595670 1593
1595680 1593
1595690 1589
1595700 1586
1595710 1586
1595720 1582
1595730 1578
1595740 1578
1595750 1573
1595760 1568
1595770 1568
1595780 1563
1595790 1560
1595800 1560
1595810 1558
1595820 1555
1595830 1555
1595840 1552
1595850 1547
1595860 1542
1595870 1542
1595880 1537
1595890 1532
1595900 1532
1595910 1527
1595920 1521
1595930 1521
1595940 1520
1595950 1525
1595960 1525
1595970 1531
1595980 1534
1595990 1534
1596000 1536
1596010 1539
1596020 1539
1596030 1541
1596040 1542
1596050 1542
1596060 1545
1596070 1548
1596080 1548
1596090 1552
1596100 1555
1596110 1555
1596120 1560
1596130 1564
1596140 1568
1596150 1568
1596160 1572
1596170 1576
1596180 1576
1596190 1579
1596200 1583
1596210 1583
1596220 1587
1596230 1591
1596240 1591
1596250 1596
1596260 1601
1596270 1601
1596280 1606
1596290 1611
1596300 1611
1596310 1617
1596320 1621
1596330 1621
1596340 1624
1596350 1627
1596360 1627
1596370 1631
1596380 1636
1596390 1636
1596400 1641
1596410 1647
1596420 1655
1596430 1655
1596440 1662
1596450 1670
1596460 1670
1596470 1676
1596480 1683
1596490 1683
1596500 1690
1596510 1698
1596520 1698
1596530 1704
1596540 1707
1596550 1707
1596560 1711
1596570 1716
1596580 1716
1596590 1722
1596600 1726
1596610 1726
1596620 1726
1596630 1727
1596640 1727
1596650 1729
1596660 1732
1596670 1732
1596680 1735
1596690 1738
1596700 1738
1596710 1741
1596720 1745
1596730 1749
1596740 1749
1596750 1753
1596760 1758
1596770 1758
1596780 1763
1596790 1766
1596800 1766
1596810 1770
1596820 1775
1596830 1775
1596840 1779
1596850 1783
1596860 1790
1596870 1794
1596880 1799
1596890 1799
1596900 1803
1596910 1805
1596920 1805
1596930 1808
1596940 1812
1596950 1812
1596960 1816
1596970 1819
1596980 1819
1596990 1822
1597000 1826
1597010 1830
1597020 1830
1597030 1833
1597040 1838
1597050 1838
1597060 1842
1597070 1847
1597080 1847
1597090 1849
1597100 1851
1597110 1851
1597120 1852
1597130 1855
1597140 1855
1597150 1859
1597160 1864
1597170 1864
1597180 1869
1597190 1876
1597200 1876
1597210 1884
1597220 1890
1597230 1890
1597240 1895
1597250 1899
1597260 1899
1597270 1905
1597280 1912
1597290 1912
1597300 1918
1597310 1923
1597320 1928
1597330 1928
1597340 1933
1597350 1938
1597360 1938
1597370 1944
1597380 1947
1597390 1947
1597400 1949
1597410 1951
1597420 1951
1597430 1955
1597440 1962
1597450 1962
1597460 1969
1597470 1974
1597480 1974
1597490 1980
1597500 1984
1597510 1984
1597520 1983
1597530 1980
1597540 1980
1597550 1976
1597560 1970
1597570 1970
1597580 1963
1597590 1957
1597600 1951
1597610 1951
1597620 1945
1597630 1940
1597640 1940
1597650 1935
1597660 1931
1597670 1931
1597680 1926
1597690 1921
1597700 1921
1597710 1917
1597720 1914
1597730 1914
1597740 1910
1597750 1907
1597760 1907
1597770 1905
1597780 1902
1597790 1902
1597800 1898
1597810 1895
1597820 1895
1597830 1893
1597840 1891
1597850 1891
1597860 1889
1597870 1888
1597880 1888
1597890 1885
1597900 1883
1597910 1881
1597920 1881
1597930 1880
1597940 1878
1597950 1878
1597960 1877
1597970 1875
1597980 1875
1597990 1870
1598000 1867
1598010 1867
1598020 1865
1598030 1863
1598040 1863
1598050 1861
1598060 1859
1598070 1859
1598080 1857
1598090 1854
1598100 1854
1598110 1849
1598120 1845
1598130 1845
1598140 1843
1598150 1841
1598160 1841
1598170 1838
1598180 1833
1598190 1830
1598200 1830
1598210 1828
1598220 1825
1598230 1825
1598240 1823
1598250 1819
1598260 1819
1598270 1817
1598280 1814
1598290 1814
1598300 1811
1598310 1807
1598320 1807
1598330 1805
1598340 1802
1598350 1802
1598360 1799
1598370 1797
1598380 1797
1598390 1795
1598400 1792
1598410 1792
1598420 1789
1598430 1786
1598440 1786
1598450 1783
1598460 1780
1598470 1780
1598480 1778
1598490 1777
1598500 1775
1598510 1775
1598520 1772
1598530 1768
1598540 1768
1598550 1763
1598560 1759
1598570 1759
1598580 1756
1598590 1753
1598600 1753
1598610 1751
1598620 1749
1598630 1749
1598640 1747
1598650 1747
1598660 1747
1598670 1747
1598680 1748
1598690 1748
1598700 1747
1598710 1746
1598720 1746
1598730 1744
1598740 1743
1598750 1743
1598760 1743
1598770 1743
1598780 1742
1598790 1742
1598800 1739
1598810 1735
1598820 1735
1598830 1730
1598840 1724
1598850 1724
1598860 1719
1598870 1712
1598880 1712
1598890 1706
1598900 1697
1598910 1697
1598920 1688
1598930 1680
1598940 1680
1598950 1674
1598960 1668
1598970 1668
1598980 1663
1598990 1660
1599000 1660
1599010 1656
1599020 1650
1599030 1650
1599040 1647
1599050 1643
1599060 1643
1599070 1639
1599080 1634
1599090 1629
1599100 1629
1599110 1622
1599120 1617
1599130 1617
1599140 1613
1599150 1608
1599160 1608
1599170 1602
1599180 1595
1599190 1595
1599200 1590
1599210 1585
1599220 1585
1599230 1579
1599240 1568
1599250 1568
1599260 1559
1599270 1549
1599280 1549
1599290 1542
1599300 1535
1599310 1535
1599320 1530
1599330 1523
1599340 1523
1599350 1515
1599360 1507
1599370 1499
1599380 1499
1599390 1491
1599400 1483
1599410 1483
1599420 1476
1599430 1467
1599440 1467
1599450 1459
1599460 1452
1599470 1452
1599480 1444
1599490 1436
1599500 1436
1599510 1429
1599520 1422
1599530 1422
1599540 1415
1599550 1410
1599560 1410
1599570 1404
1599580 1398
1599590 1398
1599600 1393
1599610 1390
1599620 1390
1599630 1386
1599640 1383
1599650 1383
1599660 1380
1599670 1375
1599680 1370
1599690 1370
1599700 1364
1599710 1358
1599720 1358
1599730 1354
1599740 1352
1599750 1352
1599760 1347
1599770 1342
1599780 1342
1599790 1337
1599800 1336
1599810 1336
1599820 1335
1599830 1335
1599840 1335
1599850 1334
1599860 1334
1599870 1334
1599880 1334
1599890 1334
1599900 1334
1599910 1338
1599920 1339
1599930 1339
1599940 1339
1599950 1341
1599960 1345
1599970 1345
1599980 1349
1599990 1350
