1580000 1941
1580010 1937
1580020 1934
1580030 1934
1580040 1928
1580050 1922
1580060 1918
1580070 1918
1580080 1915
1580090 1910
1580100 1910
1580110 1904
1580120 1899
1580130 1899
1580140 1893
1580150 1889
1580160 1889
1580170 1885
1580180 1879
1580190 1879
1580200 1875
1580210 1872
1580220 1872
1580230 1871
1580240 1870
1580250 1870
1580260 1869
1580270 1870
1580280 1870
1580290 1869
1580300 1866
1580310 1866
1580320 1864
1580330 1861
1580340 1861
1580350 1856
1580360 1849
1580370 1841
1580380 1841
1580390 1835
1580400 1831
1580410 1831
1580420 1826
1580430 1826
1580440 1826
1580450 1825
1580460 1824
1580470 1824
1580480 1823
1580490 1821
1580500 1821
1580510 1821
1580520 1820
1580530 1820
1580540 1820
1580550 1821
1580560 1821
1580570 1822
1580580 1824
1580590 1824
1580600 1825
1580610 1827
1580620 1827
1580630 1828
1580640 1828
1580650 1828
1580660 1828
1580670 1828
1580680 1831
1580690 1831
1580700 1838
1580710 1842
1580720 1842
1580730 1843
1580740 1843
1580750 1843
1580760 1846
1580770 1853
1580780 1853
1580790 1860
1580800 1862
1580810 1862
1580820 1862
1580830 1861
1580840 1861
1580850 1859
1580860 1857
1580870 1857
1580880 1853
1580890 1844
1580900 1844
1580910 1841
1580920 1838
1580930 1838
1580940 1836
1580950 1835
1580960 1835
1580970 1832
1580980 1830
1580990 1830
1581000 1822
1581010 1823
1581020 1813
1581030 1813
1581040 1802
1581050 1798
1581060 1798
1581070 1795
1581080 1791
1581090 1791
1581100 1787
1581110 1783
1581120 1783
1581130 1781
1581140 1777
1581150 1777
1581160 1772
1581170 1769
1581180 1769
1581190 1768
1581200 1769
1581210 1769
1581220 1769
1581230 1768
1581240 1768
1581250 1765
1581260 1762
1581270 1762
1581280 1760
1581290 1758
1581300 1756
1581310 1756
1581320 1753
1581330 1751
1581340 1751
1581350 1752
1581360 1753
1581370 1753
1581380 1753
1581390 1752
1581400 1752
1581410 1752
1581420 1751
1581430 1751
1581440 1750
1581450 1749
1581460 1749
1581470 1749
1581480 1751
1581490 1751
1581500 1752
1581510 1754
1581520 1754
1581530 1757
1581540 1759
1581550 1759
1581560 1760
1581570 1764
1581580 1764
1581590 1768
1581600 1773
1581610 1778
1581620 1778
1581630 1783
1581640 1787
1581650 1787
1581660 1790
1581670 1798
1581680 1798
1581690 1806
1581700 1811
1581710 1811
1581720 1814
1581730 1818
1581740 1818
1581750 1822
1581760 1829
1581770 1829
1581780 1835
1581790 1837
1581800 1837
1581810 1835
1581820 1831
1581830 1831
1581840 1826
1581850 1822
1581860 1822
1581870 1814
1581880 1804
1581890 1795
1581900 1795
1581910 1788
1581920 1782
1581930 1782
1581940 1775
1581950 1768
1581960 1768
1581970 1763
1581980 1758
1581990 1758
1582000 1754
1582010 1751
1582020 1751
1582030 1748
1582040 1746
1582050 1746
1582060 1743
1582070 1741
1582080 1741
1582090 1740
1582100 1740
1582110 1740
1582120 1738
1582130 1739
1582140 1739
1582150 1742
1582160 1746
1582170 1746
1582180 1746
1582190 1743
1582200 1737
1582210 1737
1582220 1733
1582230 1729
1582240 1729
1582250 1723
1582260 1717
1582270 1717
1582280 1711
1582290 1704
1582300 1704
1582310 1698
1582320 1691
1582330 1691
1582340 1685
1582350 1679
1582360 1679
1582370 1674
1582380 1669
1582390 1669
1582400 1664
1582410 1659
1582420 1659
1582430 1655
1582440 1651
1582450 1651
1582460 1650
1582470 1653
1582480 1653
1582490 1656
1582500 1654
1582510 1650
1582520 1650
1582530 1646
1582540 1643
1582550 1643
1582560 1642
1582570 1646
1582580 1646
1582590 1650
1582600 1655
1582610 1655
1582620 1658
1582630 1660
1582640 1660
1582650 1660
1582660 1661
1582670 1661
1582680 1663
1582690 1666
1582700 1666
1582710 1668
1582720 1670
1582730 1670
1582740 1671
1582750 1672
1582760 1672
1582770 1674
1582780 1675
1582790 1675
1582800 1677
1582810 1679
1582820 1681
1582830 1681
1582840 1684
1582850 1687
1582860 1687
1582870 1690
1582880 1692
1582890 1692
1582900 1696
1582910 1701
1582920 1701
1582930 1706
1582940 1710
1582950 1710
1582960 1715
1582970 1722
1582980 1722
1582990 1728
1583000 1734
1583010 1734
1583020 1740
1583030 1745
1583040 1745
1583050 1751
1583060 1756
1583070 1756
1583080 1760
1583090 1764
1583100 1764
1583110 1769
1583120 1773
1583130 1778
1583140 1778
1583150 1783
1583160 1788
1583170 1788
1583180 1793
1583190 1800
1583200 1800
1583210 1808
1583220 1816
1583230 1816
1583240 1824
1583250 1832
1583260 1832
1583270 1838
1583280 1846
1583290 1846
1583300 1854
1583310 1861
1583320 1861
1583330 1868
1583340 1875
1583350 1875
1583360 1882
1583370 1889
1583380 1889
1583390 1895
1583400 1902
1583410 1902
1583420 1909
1583430 1915
1583440 1921
1583450 1921
1583460 1927
1583470 1933
1583480 1933
1583490 1938
1583500 1944
1583510 1944
1583520 1948
1583530 1952
1583540 1952
1583550 1957
1583560 1961
1583570 1961
1583580 1965
1583590 1969
1583600 1969
1583610 1967
1583620 1972
1583630 1972
1583640 1976
1583650 1980
1583660 1980
1583670 1985
1583680 1989
1583690 1989
1583700 1993
1583710 1997
1583720 2000
1583730 2000
1583740 2004
1583750 2007
1583760 2007
1583770 2011
1583780 2014
1583790 2014
1583800 2019
1583810 2023
1583820 2023
1583830 2026
1583840 2030
1583850 2030
1583860 2033
1583870 2035
1583880 2035
1583890 2031
1583900 2023
1583910 2023
1583920 2014
1583930 2005
1583940 2005
1583950 1996
1583960 1987
1583970 1987
1583980 1980
1583990 1973
1584000 1973
1584010 1967
1584020 1962
1584030 1957
1584040 1957
1584050 1951
1584060 1945
1584070 1945
1584080 1940
1584090 1936
1584100 1936
1584110 1936
1584120 1935
1584130 1935
1584140 1934
1584150 1931
1584160 1931
1584170 1928
1584180 1925
1584190 1925
1584200 1922
1584210 1922
1584220 1922
1584230 1925
1584240 1927
1584250 1927
1584260 1929
1584270 1931
1584280 1931
1584290 1933
1584300 1933
1584310 1933
1584320 1933
1584330 1933
1584340 1932
1584350 1932
1584360 1932
1584370 1933
1584380 1933
1584390 1933
1584400 1934
1584410 1934
1584420 1935
1584430 1937
1584440 1937
1584450 1938
1584460 1940
1584470 1940
1584480 1943
1584490 1946
1584500 1946
1584510 1948
1584520 1950
1584530 1950
1584540 1951
1584550 1950
1584560 1950
1584570 1946
1584580 1943
1584590 1943
1584600 1942
1584610 1940
1584620 1940
1584630 1939
1584640 1937
1584650 1935
1584660 1935
1584670 1935
1584680 1932
1584690 1932
1584700 1927
1584710 1920
1584720 1920
1584730 1912
1584740 1904
1584750 1904
1584760 1899
1584770 1897
1584780 1897
1584790 1893
1584800 1889
1584810 1889
1584820 1885
1584830 1880
1584840 1880
1584850 1876
1584860 1871
1584870 1871
1584880 1864
1584890 1859
1584900 1862
1584910 1858
1584920 1854
1584930 1854
1584940 1851
1584950 1849
1584960 1848
1584970 1848
1584980 1849
1584990 1850
1585000 1850
1585010 1850
1585020 1850
1585030 1850
1585040 1850
1585050 1850
1585060 1850
1585070 1851
1585080 1853
1585090 1853
1585100 1855
1585110 1857
1585120 1857
1585130 1857
1585140 1857
1585150 1857
1585160 1858
1585170 1860
1585180 1860
1585190 1863
1585200 1866
1585210 1866
1585220 1869
1585230 1872
1585240 1872
1585250 1876
1585260 1881
1585270 1883
1585280 1883
1585290 1887
1585300 1895
1585310 1895
1585320 1900
1585330 1904
1585340 1904
1585350 1907
1585360 1907
1585370 1907
1585380 1905
1585390 1902
1585400 1902
1585410 1898
1585420 1893
1585430 1893
1585440 1889
1585450 1886
1585460 1886
1585470 1881
1585480 1877
1585490 1877
1585500 1873
1585510 1870
1585520 1870
1585530 1865
1585540 1860
1585550 1860
1585560 1855
1585570 1851
1585580 1847
1585590 1847
1585600 1842
1585610 1839
1585620 1839
1585630 1836
1585640 1834
1585650 1834
1585660 1831
1585670 1829
1585680 1829
1585690 1826
1585700 1824
1585710 1824
1585720 1821
1585730 1819
1585740 1819
1585750 1817
1585760 1814
1585770 1814
1585780 1811
1585790 1809
1585800 1809
1585810 1808
1585820 1806
1585830 1806
1585840 1804
1585850 1803
1585860 1801
1585870 1801
1585880 1799
1585890 1796
1585900 1796
1585910 1785
1585920 1768
1585930 1768
1585940 1755
1585950 1747
1585960 1747
1585970 1740
1585980 1734
1585990 1734
1586000 1727
1586010 1722
1586020 1722
1586030 1717
1586040 1712
1586050 1712
1586060 1706
1586070 1697
1586080 1697
1586090 1689
1586100 1682
1586110 1682
1586120 1672
1586130 1665
1586140 1665
1586150 1661
1586160 1664
1586170 1660
1586180 1660
1586190 1654
1586200 1648
1586210 1648
1586220 1641
1586230 1635
1586240 1635
1586250 1631
1586260 1629
1586270 1629
1586280 1628
1586290 1623
1586300 1623
1586310 1616
1586320 1607
1586330 1607
1586340 1599
1586350 1591
1586360 1591
1586370 1582
1586380 1573
1586390 1573
1586400 1565
1586410 1555
1586420 1555
1586430 1546
1586440 1537
1586450 1537
1586460 1528
1586470 1520
1586480 1512
1586490 1512
1586500 1505
1586510 1498
1586520 1498
1586530 1490
1586540 1481
1586550 1481
1586560 1474
1586570 1468
1586580 1468
1586590 1462
1586600 1456
1586610 1456
1586620 1452
1586630 1447
1586640 1447
1586650 1442
1586660 1439
1586670 1439
1586680 1435
1586690 1428
1586700 1428
1586710 1424
1586720 1423
1586730 1423
1586740 1420
1586750 1418
1586760 1418
1586770 1416
1586780 1413
1586790 1411
1586800 1411
1586810 1410
1586820 1409
1586830 1409
1586840 1404
1586850 1396
1586860 1396
1586870 1388
1586880 1380
1586890 1380
1586900 1376
1586910 1377
1586920 1377
1586930 1379
1586940 1379
1586950 1379
1586960 1379
1586970 1380
1586980 1380
1586990 1379
1587000 1375
1587010 1375
1587020 1371
1587030 1368
1587040 1368
1587050 1364
1587060 1361
1587070 1361
1587080 1360
1587090 1358
1587100 1356
1587110 1356
1587120 1354
1587130 1352
1587140 1352
1587150 1350
1587160 1347
1587170 1347
1587180 1344
1587190 1342
1587200 1342
1587210 1339
1587220 1337
1587230 1337
1587240 1334
1587250 1331
1587260 1331
1587270 1330
1587280 1327
1587290 1327
1587300 1324
1587310 1322
1587320 1322
1587330 1321
1587340 1320
1587350 1320
1587360 1318
1587370 1315
1587380 1315
1587390 1314
1587400 1311
1587410 1313
1587420 1313
1587430 1311
1587440 1309
1587450 1309
1587460 1307
1587470 1304
1587480 1304
1587490 1301
1587500 1299
1587510 1299
1587520 1297
1587530 1295
1587540 1295
1587550 1294
1587560 1291
1587570 1291
1587580 1289
1587590 1288
1587600 1288
1587610 1288
1587620 1286
1587630 1286
1587640 1285
1587650 1282
1587660 1282
1587670 1281
1587680 1282
1587690 1281
1587700 1281
1587710 1280
1587720 1278
1587730 1278
1587740 1279
1587750 1281
1587760 1281
1587770 1281
1587780 1279
1587790 1279
1587800 1276
1587810 1274
1587820 1274
1587830 1275
1587840 1275
1587850 1275
1587860 1274
1587870 1274
1587880 1274
1587890 1274
1587900 1275
1587910 1275
1587920 1275
1587930 1276
1587940 1276
1587950 1277
1587960 1278
1587970 1278
1587980 1272
1587990 1266
1588000 1264
1588010 1264
1588020 1268
1588030 1275
1588040 1275
1588050 1281
1588060 1285
1588070 1285
1588080 1288
1588090 1290
1588100 1290
1588110 1291
1588120 1291
1588130 1291
1588140 1289
1588150 1287
1588160 1287
1588170 1288
1588180 1293
1588190 1293
1588200 1299
1588210 1303
1588220 1303
1588230 1306
1588240 1308
1588250 1308
1588260 1310
1588270 1310
1588280 1310
1588290 1311
1588300 1312
1588310 1315
1588320 1315
1588330 1316
1588340 1318
1588350 1318
1588360 1321
1588370 1322
1588380 1322
1588390 1324
1588400 1326
1588410 1326
1588420 1327
1588430 1327
1588440 1327
1588450 1326
1588460 1324
1588470 1324
1588480 1322
1588490 1323
1588500 1323
1588510 1326
1588520 1328
1588530 1328
1588540 1329
1588550 1331
1588560 1331
1588570 1332
1588580 1332
1588590 1332
1588600 1332
1588610 1333
1588620 1332
1588630 1332
1588640 1336
1588650 1334
1588660 1334
1588670 1335
1588680 1337
1588690 1337
1588700 1340
1588710 1342
1588720 1342
1588730 1345
1588740 1349
1588750 1349
1588760 1353
1588770 1355
1588780 1355
1588790 1357
1588800 1359
1588810 1359
1588820 1361
1588830 1363
1588840 1363
1588850 1364
1588860 1366
1588870 1366
1588880 1367
1588890 1367
1588900 1367
1588910 1367
1588920 1366
1588930 1365
1588940 1365
1588950 1365
1588960 1364
1588970 1364
1588980 1363
1588990 1362
1589000 1362
1589010 1360
1589020 1359
1589030 1359
1589040 1357
1589050 1355
1589060 1355
1589070 1352
1589080 1350
1589090 1350
1589100 1348
1589110 1347
1589120 1347
1589130 1347
1589140 1347
1589150 1347
1589160 1347
1589170 1347
1589180 1347
1589190 1347
1589200 1348
1589210 1348
1589220 1349
1589230 1351
1589240 1351
1589250 1351
1589260 1350
1589270 1348
1589280 1348
1589290 1344
1589300 1338
1589310 1338
1589320 1333
1589330 1329
1589340 1329
1589350 1326
1589360 1324
1589370 1324
1589380 1321
1589390 1318
1589400 1318
1589410 1314
1589420 1308
1589430 1308
1589440 1302
1589450 1296
1589460 1296
1589470 1291
1589480 1286
1589490 1286
1589500 1281
1589510 1276
1589520 1270
1589530 1270
1589540 1265
1589550 1260
1589560 1260
1589570 1255
1589580 1249
1589590 1249
1589600 1245
1589610 1240
1589620 1240
1589630 1235
1589640 1231
1589650 1231
1589660 1226
1589670 1222
1589680 1222
1589690 1218
1589700 1213
1589710 1213
1589720 1209
1589730 1205
1589740 1205
1589750 1202
1589760 1198
1589770 1198
1589780 1195
1589790 1191
1589800 1191
1589810 1188
1589820 1185
1589830 1182
1589840 1182
1589850 1180
1589860 1182
1589870 1182
1589880 1179
1589890 1175
1589900 1175
1589910 1172
1589920 1169
1589930 1169
1589940 1165
1589950 1161
1589960 1161
1589970 1157
1589980 1150
1589990 1150
1590000 1143
1590010 1136
1590020 1136
1590030 1131
1590040 1127
1590050 1127
1590060 1124
1590070 1123
1590080 1123
1590090 1124
1590100 1124
1590110 1124
1590120 1125
1590130 1127
1590140 1129
1590150 1129
1590160 1132
1590170 1134
1590180 1134
1590190 1136
1590200 1138
1590210 1138
1590220 1140
1590230 1142
1590240 1142
1590250 1145
1590260 1146
1590270 1146
1590280 1148
1590290 1150
1590300 1150
1590310 1151
1590320 1152
1590330 1152
1590340 1152
1590350 1152
1590360 1152
1590370 1152
1590380 1153
1590390 1153
1590400 1154
1590410 1156
1590420 1156
1590430 1158
1590440 1158
1590450 1158
1590460 1158
1590470 1158
1590480 1157
1590490 1157
1590500 1157
1590510 1159
1590520 1159
1590530 1160
1590540 1160
1590550 1160
1590560 1161
1590570 1163
1590580 1163
1590590 1165
1590600 1166
1590610 1166
1590620 1167
1590630 1169
1590640 1169
1590650 1171
1590660 1173
1590670 1173
1590680 1175
1590690 1178
1590700 1178
1590710 1181
1590720 1184
1590730 1184
1590740 1187
1590750 1189
1590760 1190
1590770 1190
1590780 1192
1590790 1193
1590800 1193
1590810 1194
1590820 1196
1590830 1196
1590840 1199
1590850 1204
1590860 1204
1590870 1209
1590880 1213
1590890 1213
1590900 1218
1590910 1220
1590920 1220
1590930 1224
1590940 1229
1590950 1229
1590960 1233
1590970 1238
1590980 1238
1590990 1241
1591000 1245
1591010 1245
1591020 1248
1591030 1252
1591040 1252
1591050 1254
1591060 1257
1591070 1257
1591080 1257
1591090 1258
1591100 1261
1591110 1261
1591120 1263
1591130 1266
1591140 1266
1591150 1269
1591160 1272
1591170 1272
1591180 1276
1591190 1280
1591200 1280
1591210 1283
1591220 1286
1591230 1286
1591240 1288
1591250 1285
1591260 1285
1591270 1281
1591280 1279
1591290 1279
1591300 1279
1591310 1278
1591320 1278
1591330 1276
1591340 1273
1591350 1273
1591360 1270
1591370 1268
1591380 1268
1591390 1268
1591400 1268
1591410 1268
1591420 1268
1591430 1268
1591440 1267
1591450 1267
1591460 1263
1591470 1262
1591480 1262
1591490 1265
1591500 1270
1591510 1270
1591520 1276
1591530 1280
1591540 1280
1591550 1283
1591560 1282
1591570 1282
1591580 1280
1591590 1278
1591600 1278
1591610 1276
1591620 1273
1591630 1273
1591640 1271
1591650 1270
1591660 1270
1591670 1270
1591680 1272
1591690 1274
1591700 1274
1591710 1276
1591720 1279
1591730 1279
1591740 1285
1591750 1291
1591760 1291
1591770 1298
1591780 1304
1591790 1304
1591800 1311
1591810 1319
1591820 1319
1591830 1328
1591840 1335
1591850 1335
1591860 1342
1591870 1350
1591880 1350
1591890 1358
1591900 1362
1591910 1362
1591920 1364
1591930 1365
1591940 1365
1591950 1367
1591960 1369
1591970 1371
1591980 1371
1591990 1372
1592000 1374
1592010 1374
1592020 1376
1592030 1377
1592040 1377
1592050 1379
1592060 1381
1592070 1381
1592080 1383
1592090 1384
1592100 1384
1592110 1385
1592120 1386
1592130 1386
1592140 1387
1592150 1388
1592160 1388
1592170 1389
1592180 1390
1592190 1390
1592200 1393
1592210 1397
1592220 1397
1592230 1400
1592240 1404
1592250 1404
1592260 1409
1592270 1413
1592280 1416
1592290 1416
1592300 1418
1592310 1421
1592320 1421
1592330 1425
1592340 1429
1592350 1429
1592360 1433
1592370 1437
1592380 1437
1592390 1442
1592400 1447
1592410 1447
1592420 1451
1592430 1456
1592440 1456
1592450 1461
1592460 1467
1592470 1467
1592480 1472
1592490 1477
1592500 1477
1592510 1484
1592520 1488
1592530 1488
1592540 1493
1592550 1498
1592560 1498
1592570 1503
1592580 1509
1592590 1514
1592600 1514
1592610 1519
1592620 1524
1592630 1524
1592640 1529
1592650 1535
1592660 1535
1592670 1540
1592680 1546
1592690 1546
1592700 1552
1592710 1558
1592720 1558
1592730 1561
1592740 1567
1592750 1567
1592760 1571
1592770 1575
1592780 1575
1592790 1578
1592800 1580
1592810 1580
1592820 1583
1592830 1585
1592840 1585
1592850 1587
1592860 1589
1592870 1589
1592880 1592
1592890 1593
1592900 1598
1592910 1598
1592920 1606
1592930 1614
1592940 1614
1592950 1621
1592960 1628
1592970 1628
1592980 1633
1592990 1638
1593000 1638
1593010 1644
1593020 1649
1593030 1649
1593040 1654
1593050 1659
1593060 1659
1593070 1664
1593080 1669
1593090 1669
1593100 1674
1593110 1678
1593120 1678
1593130 1683
1593140 1688
1593150 1688
1593160 1692
1593170 1697
1593180 1697
1593190 1702
1593200 1707
1593210 1712
1593220 1712
1593230 1716
1593240 1721
1593250 1721
1593260 1724
1593270 1728
1593280 1728
1593290 1731
1593300 1734
1593310 1734
1593320 1737
1593330 1740
1593340 1740
1593350 1743
1593360 1746
1593370 1746
1593380 1748
1593390 1749
1593400 1749
1593410 1750
1593420 1750
1593430 1750
1593440 1758
1593450 1758
1593460 1758
1593470 1758
1593480 1758
1593490 1758
1593500 1758
1593510 1759
1593520 1760
1593530 1760
1593540 1760
1593550 1761
1593560 1761
1593570 1760
1593580 1763
1593590 1763
1593600 1766
1593610 1766
1593620 1766
1593630 1768
1593640 1774
1593650 1774
1593660 1780
1593670 1785
1593680 1785
1593690 1789
1593700 1793
1593710 1793
1593720 1797
1593730 1802
1593740 1802
1593750 1806
1593760 1810
1593770 1810
1593780 1814
1593790 1816
1593800 1817
1593810 1817
1593820 1819
1593830 1821
1593840 1821
1593850 1823
1593860 1826
1593870 1826
1593880 1829
1593890 1831
1593900 1831
1593910 1834
1593920 1837
1593930 1837
1593940 1842
1593950 1847
1593960 1847
1593970 1851
1593980 1856
1593990 1856
1594000 1860
1594010 1864
1594020 1864
1594030 1868
1594040 1872
1594050 1872
1594060 1876
1594070 1881
1594080 1881
1594090 1886
1594100 1890
1594110 1894
1594120 1894
1594130 1898
1594140 1902
1594150 1902
1594160 1905
1594170 1908
1594180 1908
1594190 1910
1594200 1912
1594210 1912
1594220 1915
1594230 1918
1594240 1918
1594250 1920
1594260 1922
1594270 1922
1594280 1924
1594290 1926
1594300 1926
1594310 1928
1594320 1930
1594330 1930
1594340 1932
1594350 1934
1594360 1934
1594370 1936
1594380 1938
1594390 1938
1594400 1940
1594410 1941
1594420 1943
1594430 1943
1594440 1945
1594450 1946
1594460 1946
1594470 1947
1594480 1949
1594490 1949
1594500 1950
1594510 1952
1594520 1952
1594530 1955
1594540 1958
1594550 1958
1594560 1960
1594570 1962
1594580 1962
1594590 1965
1594600 1968
1594610 1968
1594620 1971
1594630 1973
1594640 1973
1594650 1974
1594660 1976
1594670 1976
1594680 1979
1594690 1981
1594700 1981
1594710 1985
1594720 1988
1594730 1992
1594740 1992
1594750 1995
1594760 1998
1594770 1998
1594780 2002
1594790 2005
1594800 2005
1594810 2008
1594820 2012
1594830 2012
1594840 2014
1594850 2018
1594860 2018
1594870 2023
1594880 2026
1594890 2026
1594900 2030
1594910 2033
1594920 2033
1594930 2037
1594940 2042
1594950 2042
1594960 2046
1594970 2051
1594980 2051
1594990 2056
1595000 2061
1595010 2061
1595020 2065
1595030 2070
1595040 2074
1595050 2074
1595060 2077
1595070 2081
1595080 2081
1595090 2085
1595100 2083
1595110 2083
1595120 2076
1595130 2070
1595140 2070
1595150 2067
1595160 2065
1595170 2065
1595180 2057
1595190 2046
1595200 2046
1595210 2034
1595220 2025
1595230 2025
1595240 2019
1595250 2013
1595260 2013
1595270 2008
1595280 2000
1595290 2000
1595300 1991
1595310 1985
1595320 1985
1595330 1980
1595340 1976
1595350 1972
1595360 1972
1595370 1969
1595380 1967
1595390 1967
1595400 1964
1595410 1959
1595420 1959
1595430 1949
1595440 1939
1595450 1939
1595460 1931
1595470 1926
1595480 1926
1595490 1921
1595500 1917
1595510 1917
1595520 1914
1595530 1913
1595540 1913
1595550 1911
1595560 1907
1595570 1907
1595580 1903
1595590 1899
1595600 1899
1595610 1896
1595620 1893
1595630 1893
1595640 1890
1595650 1886
1595660 1884
1595670 1884
1595680 1884
1595690 1886
1595700 1886
1595710 1887
1595720 1888
1595730 1888
1595740 1887
1595750 1886
1595760 1886
1595770 1889
1595780 1887
1595790 1887
1595800 1885
1595810 1883
1595820 1883
1595830 1884
1595840 1885
1595850 1885
1595860 1886
1595870 1885
1595880 1885
1595890 1883
1595900 1881
1595910 1881
1595920 1877
1595930 1874
1595940 1871
1595950 1871
1595960 1868
1595970 1867
1595980 1867
1595990 1865
1596000 1863
1596010 1863
1596020 1861
1596030 1860
1596040 1860
1596050 1858
1596060 1857
1596070 1857
1596080 1856
1596090 1856
1596100 1856
1596110 1856
1596120 1857
1596130 1857
1596140 1858
1596150 1859
1596160 1859
1596170 1860
1596180 1859
1596190 1859
1596200 1856
1596210 1851
1596220 1851
1596230 1847
1596240 1843
1596250 1837
1596260 1837
1596270 1833
1596280 1829
1596290 1829
1596300 1826
1596310 1822
1596320 1822
1596330 1820
1596340 1819
1596350 1819
1596360 1817
1596370 1813
1596380 1813
1596390 1808
1596400 1799
1596410 1799
1596420 1786
1596430 1779
1596440 1779
1596450 1770
1596460 1760
1596470 1760
1596480 1750
1596490 1742
1596500 1742
1596510 1744
1596520 1750
1596530 1750
1596540 1757
1596550 1753
1596560 1736
1596570 1736
1596580 1724
1596590 1716
1596600 1716
1596610 1709
1596620 1701
1596630 1701
1596640 1695
1596650 1689
1596660 1689
1596670 1683
1596680 1677
1596690 1677
1596700 1672
1596710 1667
1596720 1667
1596730 1662
1596740 1658
1596750 1658
1596760 1654
1596770 1651
1596780 1651
1596790 1647
1596800 1643
1596810 1643
1596820 1640
1596830 1638
1596840 1638
1596850 1634
1596860 1629
1596870 1625
1596880 1625
1596890 1620
1596900 1616
1596910 1618
1596920 1613
1596930 1607
1596940 1607
1596950 1602
1596960 1597
1596970 1597
1596980 1593
1596990 1590
1597000 1590
1597010 1587
1597020 1585
1597030 1585
1597040 1583
1597050 1582
1597060 1582
1597070 1581
1597080 1580
1597090 1580
1597100 1579
1597110 1577
1597120 1577
1597130 1576
1597140 1573
1597150 1573
1597160 1571
1597170 1573
1597180 1574
1597190 1574
1597200 1576
1597210 1578
1597220 1578
1597230 1580
1597240 1583
1597250 1583
1597260 1586
1597270 1591
1597280 1591
1597290 1597
1597300 1603
1597310 1603
1597320 1608
1597330 1612
1597340 1612
1597350 1616
1597360 1619
1597370 1619
1597380 1623
1597390 1628
1597400 1628
1597410 1633
1597420 1636
1597430 1636
1597440 1638
1597450 1640
1597460 1640
1597470 1641
1597480 1644
1597490 1646
1597500 1646
1597510 1648
1597520 1652
1597530 1652
1597540 1655
1597550 1656
1597560 1656
1597570 1656
1597580 1657
1597590 1657
1597600 1660
1597610 1662
1597620 1662
1597630 1665
1597640 1668
1597650 1668
1597660 1671
1597670 1673
1597680 1673
1597690 1676
1597700 1679
1597710 1679
1597720 1683
1597730 1687
1597740 1687
1597750 1691
1597760 1695
1597770 1695
1597780 1695
1597790 1693
1597800 1693
1597810 1693
1597820 1694
1597830 1696
1597840 1696
1597850 1699
1597860 1701
1597870 1701
1597880 1704
1597890 1707
1597900 1707
1597910 1709
1597920 1711
1597930 1711
1597940 1713
1597950 1714
1597960 1714
1597970 1715
1597980 1717
1597990 1717
1598000 1717
1598010 1721
1598020 1721
1598030 1726
1598040 1727
1598050 1727
1598060 1731
1598070 1735
1598080 1739
1598090 1739
1598100 1743
1598110 1747
1598120 1747
1598130 1751
1598140 1755
1598150 1755
1598160 1758
1598170 1761
1598180 1761
1598190 1764
1598200 1768
1598210 1768
1598220 1773
1598230 1776
1598240 1776
1598250 1781
1598260 1785
1598270 1785
1598280 1788
1598290 1792
1598300 1792
1598310 1796
1598320 1802
1598330 1802
1598340 1807
1598350 1811
1598360 1811
1598370 1815
1598380 1818
1598390 1822
1598400 1822
1598410 1827
1598420 1831
1598430 1831
1598440 1834
1598450 1838
1598460 1838
1598470 1843
1598480 1847
1598490 1847
1598500 1851
1598510 1855
1598520 1855
1598530 1859
1598540 1864
1598550 1864
1598560 1867
1598570 1871
1598580 1871
1598590 1875
1598600 1879
1598610 1879
1598620 1883
1598630 1886
1598640 1886
1598650 1890
1598660 1895
1598670 1895
1598680 1898
1598690 1902
1598700 1906
1598710 1906
1598720 1911
1598730 1914
1598740 1914
1598750 1918
1598760 1922
1598770 1922
1598780 1925
1598790 1929
1598800 1929
1598810 1932
1598820 1937
1598830 1937
1598840 1942
1598850 1947
1598860 1947
1598870 1951
1598880 1954
1598890 1954
1598900 1958
1598910 1963
1598920 1963
1598930 1968
1598940 1973
1598950 1973
1598960 1979
1598970 1985
1598980 1985
1598990 1992
1599000 1997
1599010 2003
1599020 2003
1599030 2008
1599040 2014
1599050 2014
1599060 2021
1599070 2027
1599080 2027
1599090 2032
1599100 2038
1599110 2038
1599120 2043
1599130 2049
1599140 2049
1599150 2055
1599160 2058
1599170 2058
1599180 2065
1599190 2071
1599200 2071
1599210 2069
1599220 2064
1599230 2064
1599240 2063
1599250 2069
1599260 2069
1599270 2066
1599280 2061
1599290 2061
1599300 2061
1599310 2065
1599320 2065
1599330 2065
1599340 2067
1599350 2066
1599360 2066
1599370 2060
1599380 2060
1599390 2060
1599400 2061
1599410 2059
1599420 2059
1599430 2060
1599440 2061
1599450 2061
1599460 2062
1599470 2061
1599480 2061
1599490 2058
1599500 2054
1599510 2054
1599520 2049
1599530 2045
1599540 2045
1599550 2038
1599560 2033
1599570 2033
1599580 2032
1599590 2035
1599600 2035
1599610 2041
1599620 2045
1599630 2048
1599640 2048
1599650 2049
1599660 2053
1599670 2053
1599680 2059
1599690 2066
1599700 2066
1599710 2069
1599720 2071
1599730 2071
1599740 2073
1599750 2075
1599760 2075
1599770 2077
1599780 2076
1599790 2076
1599800 2077
1599810 2074
1599820 2074
1599830 2070
1599840 2068
1599850 2068
1599860 2069
1599870 2072
1599880 2072
1599890 2074
1599900 2076
1599910 2076
1599920 2077
1599930 2078
1599940 2081
1599950 2081
1599960 2084
1599970 2087
1599980 2087
1599990 2092
