1580000 1996
1580010 1988
1580020 1976
1580030 1976
1580040 1960
1580050 1944
1580060 1944
1580070 1929
1580080 1914
1580090 1914
1580100 1906
1580110 1893
1580120 1893
1580130 1882
1580140 1871
1580150 1871
1580160 1861
1580170 1852
1580180 1852
1580190 1846
1580200 1840
1580210 1840
1580220 1834
1580230 1830
1580240 1830
1580250 1825
1580260 1822
1580270 1819
1580280 1819
1580290 1815
1580300 1812
1580310 1812
1580320 1809
1580330 1804
1580340 1804
1580350 1802
1580360 1801
1580370 1801
1580380 1800
1580390 1799
1580400 1799
1580410 1798
1580420 1798
1580430 1798
1580440 1797
1580450 1797
1580460 1797
1580470 1796
1580480 1796
1580490 1796
1580500 1793
1580510 1791
1580520 1791
1580530 1789
1580540 1787
1580550 1787
1580560 1784
1580570 1781
1580580 1780
1580590 1780
1580600 1780
1580610 1780
1580620 1780
1580630 1778
1580640 1777
1580650 1781
1580660 1779
1580670 1775
1580680 1775
1580690 1770
1580700 1766
1580710 1766
1580720 1764
1580730 1761
1580740 1761
1580750 1757
1580760 1755
1580770 1755
1580780 1754
1580790 1753
1580800 1753
1580810 1752
1580820 1752
1580830 1752
1580840 1751
1580850 1749
1580860 1749
1580870 1748
1580880 1747
1580890 1747
1580900 1747
1580910 1746
1580920 1744
1580930 1744
1580940 1742
1580950 1741
1580960 1741
1580970 1736
1580980 1731
1580990 1731
1581000 1728
1581010 1725
1581020 1725
1581030 1723
1581040 1720
1581050 1720
1581060 1718
1581070 1716
1581080 1716
1581090 1715
1581100 1715
1581110 1715
1581120 1711
1581130 1709
1581140 1709
1581150 1709
1581160 1708
1581170 1708
1581180 1708
1581190 1709
1581200 1711
1581210 1711
1581220 1714
1581230 1716
1581240 1716
1581250 1717
1581260 1716
1581270 1716
1581280 1717
1581290 1717
1581300 1717
1581310 1716
1581320 1713
1581330 1713
1581340 1710
1581350 1711
1581360 1711
1581370 1714
1581380 1714
1581390 1714
1581400 1714
1581410 1714
1581420 1714
1581430 1713
1581440 1713
1581450 1713
1581460 1712
1581470 1712
1581480 1712
1581490 1713
1581500 1715
1581510 1719
1581520 1719
1581530 1720
1581540 1718
1581550 1718
1581560 1717
1581570 1715
1581580 1715
1581590 1714
1581600 1714
1581610 1714
1581620 1716
1581630 1717
1581640 1717
1581650 1719
1581660 1720
1581670 1720
1581680 1721
1581690 1726
1581700 1726
1581710 1731
1581720 1735
1581730 1735
1581740 1739
1581750 1744
1581760 1744
1581770 1749
1581780 1755
1581790 1755
1581800 1760
1581810 1766
1581820 1771
1581830 1771
1581840 1777
1581850 1785
1581860 1785
1581870 1793
1581880 1800
1581890 1800
1581900 1811
1581910 1819
1581920 1819
1581930 1819
1581940 1815
1581950 1815
1581960 1810
1581970 1802
1581980 1802
1581990 1795
1582000 1790
1582010 1790
1582020 1780
1582030 1770
1582040 1770
1582050 1764
1582060 1759
1582070 1759
1582080 1754
1582090 1749
1582100 1745
1582110 1745
1582120 1742
1582130 1739
1582140 1739
1582150 1737
1582160 1733
1582170 1733
1582180 1727
1582190 1719
1582200 1719
1582210 1709
1582220 1701
1582230 1701
1582240 1696
1582250 1694
1582260 1694
1582270 1691
1582280 1686
1582290 1686
1582300 1677
1582310 1669
1582320 1669
1582330 1665
1582340 1662
1582350 1662
1582360 1652
1582370 1643
1582380 1643
1582390 1639
1582400 1635
1582410 1631
1582420 1631
1582430 1627
1582440 1623
1582450 1623
1582460 1620
1582470 1619
1582480 1619
1582490 1619
1582500 1620
1582510 1620
1582520 1618
1582530 1617
1582540 1617
1582550 1615
1582560 1616
1582570 1616
1582580 1616
1582590 1618
1582600 1618
1582610 1619
1582620 1620
1582630 1620
1582640 1621
1582650 1622
1582660 1622
1582670 1622
1582680 1625
1582690 1625
1582700 1628
1582710 1630
1582720 1631
1582730 1631
1582740 1635
1582750 1639
1582760 1639
1582770 1642
1582780 1646
1582790 1646
1582800 1650
1582810 1653
1582820 1653
1582830 1654
1582840 1656
1582850 1656
1582860 1660
1582870 1665
1582880 1665
1582890 1669
1582900 1673
1582910 1673
1582920 1676
1582930 1679
1582940 1679
1582950 1684
1582960 1688
1582970 1688
1582980 1694
1582990 1699
1583000 1699
1583010 1705
1583020 1710
1583030 1715
1583040 1715
1583050 1720
1583060 1725
1583070 1725
1583080 1730
1583090 1735
1583100 1735
1583110 1740
1583120 1745
1583130 1745
1583140 1750
1583150 1754
1583160 1754
1583170 1759
1583180 1765
1583190 1765
1583200 1769
1583210 1773
1583220 1773
1583230 1778
1583240 1782
1583250 1782
1583260 1787
1583270 1797
1583280 1797
1583290 1803
1583300 1808
1583310 1808
1583320 1814
1583330 1820
1583340 1825
1583350 1825
1583360 1830
1583370 1836
1583380 1836
1583390 1841
1583400 1846
1583410 1846
1583420 1851
1583430 1855
1583440 1855
1583450 1861
1583460 1865
1583470 1865
1583480 1870
1583490 1875
1583500 1875
1583510 1881
1583520 1886
1583530 1886
1583540 1891
1583550 1897
1583560 1897
1583570 1903
1583580 1908
1583590 1908
1583600 1914
1583610 1920
1583620 1920
1583630 1925
1583640 1931
1583650 1936
1583660 1936
1583670 1942
1583680 1947
1583690 1947
1583700 1953
1583710 1958
1583720 1958
1583730 1964
1583740 1969
1583750 1969
1583760 1975
1583770 1981
1583780 1981
1583790 1988
1583800 1994
1583810 1994
1583820 2001
1583830 2008
1583840 2008
1583850 2015
1583860 2022
1583870 2022
1583880 2028
1583890 2035
1583900 2035
1583910 2041
1583920 2048
1583930 2048
1583940 2055
1583950 2062
1583960 2061
1583970 2061
1583980 2050
1583990 2044
1584000 2044
1584010 2042
1584020 2034
1584030 2034
1584040 2028
1584050 2023
1584060 2023
1584070 2020
1584080 2017
1584090 2017
1584100 2015
1584110 2014
1584120 2014
1584130 2014
1584140 2013
1584150 2013
1584160 2012
1584170 2012
1584180 2012
1584190 2011
1584200 2012
1584210 2012
1584220 2013
1584230 2016
1584240 2019
1584250 2019
1584260 2022
1584270 2024
1584280 2024
1584290 2026
1584300 2027
1584310 2027
1584320 2027
1584330 2028
1584340 2028
1584350 2029
1584360 2030
1584370 2030
1584380 2031
1584390 2032
1584400 2032
1584410 2034
1584420 2036
1584430 2036
1584440 2039
1584450 2041
1584460 2041
1584470 2043
1584480 2047
1584490 2047
1584500 2050
1584510 2055
1584520 2055
1584530 2059
1584540 2062
1584550 2066
1584560 2067
1584570 2064
1584580 2056
1584590 2056
1584600 2045
1584610 2036
1584620 2036
1584630 2022
1584640 2011
1584650 2011
1584660 2003
1584670 1995
1584680 1995
1584690 1988
1584700 1981
1584710 1981
1584720 1974
1584730 1967
1584740 1967
1584750 1959
1584760 1954
1584770 1954
1584780 1951
1584790 1947
1584800 1947
1584810 1944
1584820 1942
1584830 1942
1584840 1942
1584850 1942
1584860 1942
1584870 1942
1584880 1942
1584890 1941
1584900 1941
1584910 1938
1584920 1935
1584930 1935
1584940 1931
1584950 1929
1584960 1929
1584970 1927
1584980 1924
1584990 1924
1585000 1922
1585010 1926
1585020 1926
1585030 1929
1585040 1929
1585050 1929
1585060 1930
1585070 1931
1585080 1931
1585090 1932
1585100 1934
1585110 1934
1585120 1935
1585130 1937
1585140 1937
1585150 1939
1585160 1943
1585170 1947
1585180 1947
1585190 1952
1585200 1958
1585210 1958
1585220 1963
1585230 1969
1585240 1969
1585250 1974
1585260 1979
1585270 1979
1585280 1974
1585290 1968
1585300 1968
1585310 1961
1585320 1955
1585330 1955
1585340 1948
1585350 1941
1585360 1941
1585370 1936
1585380 1931
1585390 1931
1585400 1926
1585410 1921
1585420 1921
1585430 1916
1585440 1911
1585450 1911
1585460 1906
1585470 1901
1585480 1896
1585490 1896
1585500 1891
1585510 1885
1585520 1885
1585530 1880
1585540 1875
1585550 1875
1585560 1869
1585570 1864
1585580 1864
1585590 1858
1585600 1851
1585610 1851
1585620 1843
1585630 1835
1585640 1835
1585650 1828
1585660 1823
1585670 1823
1585680 1819
1585690 1813
1585700 1813
1585710 1805
1585720 1798
1585730 1798
1585740 1791
1585750 1786
1585760 1786
1585770 1780
1585780 1773
1585790 1767
1585800 1767
1585810 1761
1585820 1756
1585830 1753
1585840 1748
1585850 1743
1585860 1743
1585870 1738
1585880 1733
1585890 1733
1585900 1728
1585910 1722
1585920 1722
1585930 1715
1585940 1711
1585950 1711
1585960 1705
1585970 1700
1585980 1700
1585990 1694
1586000 1686
1586010 1686
1586020 1677
1586030 1671
1586040 1671
1586050 1665
1586060 1657
1586070 1657
1586080 1650
1586090 1645
1586100 1641
1586110 1641
1586120 1635
1586130 1631
1586140 1631
1586150 1630
1586160 1627
1586170 1627
1586180 1622
1586190 1613
1586200 1613
1586210 1605
1586220 1597
1586230 1597
1586240 1590
1586250 1584
1586260 1584
1586270 1579
1586280 1575
1586290 1575
1586300 1573
1586310 1570
1586320 1570
1586330 1567
1586340 1565
1586350 1565
1586360 1561
1586370 1559
1586380 1558
1586390 1558
1586400 1555
1586410 1551
1586420 1551
1586430 1547
1586440 1545
1586450 1545
1586460 1543
1586470 1541
1586480 1541
1586490 1538
1586500 1536
1586510 1536
1586520 1533
1586530 1529
1586540 1529
1586550 1524
1586560 1520
1586570 1520
1586580 1516
1586590 1513
1586600 1513
1586610 1508
1586620 1504
1586630 1504
1586640 1501
1586650 1497
1586660 1497
1586670 1494
1586680 1490
1586690 1486
1586700 1486
1586710 1484
1586720 1480
1586730 1480
1586740 1476
1586750 1480
1586760 1480
1586770 1482
1586780 1481
1586790 1481
1586800 1480
1586810 1480
1586820 1480
1586830 1481
1586840 1483
1586850 1483
1586860 1486
1586870 1488
1586880 1488
1586890 1491
1586900 1494
1586910 1494
1586920 1496
1586930 1498
1586940 1498
1586950 1500
1586960 1500
1586970 1500
1586980 1500
1586990 1499
1587000 1498
1587010 1498
1587020 1497
1587030 1497
1587040 1497
1587050 1496
1587060 1494
1587070 1494
1587080 1500
1587090 1498
1587100 1498
1587110 1496
1587120 1493
1587130 1493
1587140 1491
1587150 1490
1587160 1490
1587170 1490
1587180 1489
1587190 1489
1587200 1487
1587210 1486
1587220 1486
1587230 1484
1587240 1482
1587250 1482
1587260 1480
1587270 1478
1587280 1478
1587290 1475
1587300 1471
1587310 1467
1587320 1467
1587330 1462
1587340 1457
1587350 1457
1587360 1452
1587370 1447
1587380 1447
1587390 1443
1587400 1439
1587410 1439
1587420 1436
1587430 1432
1587440 1432
1587450 1428
1587460 1425
1587470 1425
1587480 1422
1587490 1418
1587500 1418
1587510 1415
1587520 1412
1587530 1412
1587540 1409
1587550 1406
1587560 1406
1587570 1402
1587580 1398
1587590 1398
1587600 1397
1587610 1395
1587620 1392
1587630 1392
1587640 1390
1587650 1389
1587660 1389
1587670 1386
1587680 1384
1587690 1384
1587700 1383
1587710 1382
1587720 1382
1587730 1379
1587740 1376
1587750 1376
1587760 1374
1587770 1373
1587780 1373
1587790 1373
1587800 1371
1587810 1371
1587820 1369
1587830 1368
1587840 1368
1587850 1367
1587860 1364
1587870 1364
1587880 1362
1587890 1356
1587900 1356
1587910 1346
1587920 1341
1587930 1333
1587940 1333
1587950 1325
1587960 1317
1587970 1317
1587980 1311
1587990 1312
1588000 1312
1588010 1316
1588020 1324
1588030 1324
1588040 1332
1588050 1339
1588060 1339
1588070 1349
1588080 1355
1588090 1355
1588100 1359
1588110 1363
1588120 1363
1588130 1367
1588140 1372
1588150 1372
1588160 1375
1588170 1378
1588180 1378
1588190 1379
1588200 1379
1588210 1379
1588220 1379
1588230 1378
1588240 1380
1588250 1380
1588260 1383
1588270 1384
1588280 1384
1588290 1385
1588300 1384
1588310 1384
1588320 1387
1588330 1387
1588340 1387
1588350 1390
1588360 1394
1588370 1394
1588380 1398
1588390 1402
1588400 1402
1588410 1406
1588420 1410
1588430 1410
1588440 1414
1588450 1419
1588460 1419
1588470 1423
1588480 1426
1588490 1426
1588500 1428
1588510 1428
1588520 1428
1588530 1428
1588540 1427
1588550 1426
1588560 1426
1588570 1425
1588580 1424
1588590 1424
1588600 1422
1588610 1421
1588620 1421
1588630 1421
1588640 1421
1588650 1421
1588660 1421
1588670 1420
1588680 1420
1588690 1420
1588700 1418
1588710 1418
1588720 1417
1588730 1416
1588740 1416
1588750 1415
1588760 1413
1588770 1413
1588780 1411
1588790 1410
1588800 1410
1588810 1410
1588820 1410
1588830 1410
1588840 1410
1588850 1410
1588860 1409
1588870 1409
1588880 1410
1588890 1411
1588900 1411
1588910 1412
1588920 1414
1588930 1414
1588940 1415
1588950 1416
1588960 1416
1588970 1418
1588980 1419
1588990 1419
1589000 1420
1589010 1420
1589020 1420
1589030 1420
1589040 1421
1589050 1421
1589060 1421
1589070 1421
1589080 1421
1589090 1421
1589100 1421
1589110 1421
1589120 1421
1589130 1420
1589140 1419
1589150 1419
1589160 1418
1589170 1416
1589180 1416
1589190 1416
1589200 1415
1589210 1415
1589220 1415
1589230 1413
1589240 1413
1589250 1411
1589260 1410
1589270 1410
1589280 1408
1589290 1407
1589300 1407
1589310 1406
1589320 1407
1589330 1407
1589340 1408
1589350 1408
1589360 1408
1589370 1408
1589380 1410
1589390 1410
1589400 1412
1589410 1413
1589420 1413
1589430 1413
1589440 1411
1589450 1408
1589460 1408
1589470 1404
1589480 1398
1589490 1398
1589500 1393
1589510 1386
1589520 1386
1589530 1379
1589540 1376
1589550 1376
1589560 1369
1589570 1363
1589580 1363
1589590 1357
1589600 1351
1589610 1351
1589620 1345
1589630 1339
1589640 1339
1589650 1333
1589660 1327
1589670 1327
1589680 1322
1589690 1317
1589700 1317
1589710 1313
1589720 1308
1589730 1308
1589740 1303
1589750 1299
1589760 1294
1589770 1294
1589780 1290
1589790 1285
1589800 1285
1589810 1280
1589820 1276
1589830 1276
1589840 1271
1589850 1266
1589860 1266
1589870 1262
1589880 1258
1589890 1258
1589900 1255
1589910 1251
1589920 1251
1589930 1247
1589940 1244
1589950 1244
1589960 1241
1589970 1237
1589980 1237
1589990 1233
1590000 1229
1590010 1229
1590020 1225
1590030 1220
1590040 1220
1590050 1215
1590060 1209
1590070 1204
1590080 1204
1590090 1198
1590100 1193
1590110 1193
1590120 1188
1590130 1182
1590140 1182
1590150 1177
1590160 1172
1590170 1172
1590180 1167
1590190 1162
1590200 1162
1590210 1156
1590220 1151
1590230 1151
1590240 1147
1590250 1141
1590260 1141
1590270 1135
1590280 1129
1590290 1129
1590300 1124
1590310 1120
1590320 1120
1590330 1118
1590340 1117
1590350 1117
1590360 1116
1590370 1116
1590380 1116
1590390 1116
1590400 1117
1590410 1118
1590420 1118
1590430 1120
1590440 1121
1590450 1121
1590460 1123
1590470 1124
1590480 1124
1590490 1126
1590500 1127
1590510 1127
1590520 1128
1590530 1130
1590540 1130
1590550 1131
1590560 1132
1590570 1132
1590580 1133
1590590 1134
1590600 1134
1590610 1135
1590620 1137
1590630 1137
1590640 1138
1590650 1139
1590660 1139
1590670 1140
1590680 1141
1590690 1143
1590700 1143
1590710 1145
1590720 1147
1590730 1147
1590740 1148
1590750 1150
1590760 1150
1590770 1151
1590780 1154
1590790 1154
1590800 1156
1590810 1158
1590820 1158
1590830 1159
1590840 1161
1590850 1161
1590860 1163
1590870 1164
1590880 1164
1590890 1163
1590900 1164
1590910 1164
1590920 1166
1590930 1168
1590940 1168
1590950 1169
1590960 1170
1590970 1172
1590980 1172
1590990 1174
1591000 1176
1591010 1176
1591020 1178
1591030 1181
1591040 1181
1591050 1184
1591060 1186
1591070 1186
1591080 1188
1591090 1190
1591100 1190
1591110 1192
1591120 1197
1591130 1197
1591140 1203
1591150 1209
1591160 1209
1591170 1215
1591180 1220
1591190 1220
1591200 1225
1591210 1231
1591220 1231
1591230 1237
1591240 1241
1591250 1241
1591260 1247
1591270 1254
1591280 1261
1591290 1261
1591300 1267
1591310 1272
1591320 1272
1591330 1276
1591340 1278
1591350 1278
1591360 1282
1591370 1286
1591380 1286
1591390 1288
1591400 1292
1591410 1292
1591420 1296
1591430 1302
1591440 1302
1591450 1306
1591460 1311
1591470 1311
1591480 1316
1591490 1320
1591500 1320
1591510 1324
1591520 1328
1591530 1328
1591540 1331
1591550 1334
1591560 1334
1591570 1337
1591580 1339
1591590 1341
1591600 1341
1591610 1342
1591620 1342
1591630 1342
1591640 1344
1591650 1345
1591660 1345
1591670 1347
1591680 1348
1591690 1348
1591700 1350
1591710 1353
1591720 1353
1591730 1356
1591740 1359
1591750 1359
1591760 1361
1591770 1363
1591780 1363
1591790 1365
1591800 1368
1591810 1368
1591820 1371
1591830 1374
1591840 1374
1591850 1378
1591860 1382
1591870 1382
1591880 1386
1591890 1389
1591900 1393
1591910 1393
1591920 1396
1591930 1399
1591940 1399
1591950 1408
1591960 1411
1591970 1411
1591980 1415
1591990 1418
1592000 1418
1592010 1422
1592020 1426
1592030 1426
1592040 1430
1592050 1434
1592060 1434
1592070 1437
1592080 1440
1592090 1440
1592100 1444
1592110 1448
1592120 1448
1592130 1451
1592140 1455
1592150 1455
1592160 1457
1592170 1460
1592180 1460
1592190 1463
1592200 1466
1592210 1469
1592220 1469
1592230 1471
1592240 1473
1592250 1473
1592260 1475
1592270 1478
1592280 1478
1592290 1479
1592300 1478
1592310 1478
1592320 1478
1592330 1479
1592340 1479
1592350 1482
1592360 1483
1592370 1483
1592380 1483
1592390 1482
1592400 1482
1592410 1482
1592420 1483
1592430 1483
1592440 1484
1592450 1484
1592460 1484
1592470 1485
1592480 1491
1592490 1491
1592500 1497
1592510 1502
1592520 1508
1592530 1508
1592540 1513
1592550 1518
1592560 1518
1592570 1525
1592580 1530
1592590 1530
1592600 1536
1592610 1543
1592620 1543
1592630 1550
1592640 1556
1592650 1556
1592660 1562
1592670 1569
1592680 1569
1592690 1577
1592700 1584
1592710 1584
1592720 1590
1592730 1598
1592740 1598
1592750 1605
1592760 1612
1592770 1612
1592780 1620
1592790 1626
1592800 1626
1592810 1632
1592820 1639
1592830 1646
1592840 1646
1592850 1655
1592860 1662
1592870 1662
1592880 1668
1592890 1673
1592900 1673
1592910 1679
1592920 1683
1592930 1683
1592940 1687
1592950 1691
1592960 1691
1592970 1695
1592980 1700
1592990 1700
1593000 1704
1593010 1707
1593020 1707
1593030 1710
1593040 1715
1593050 1715
1593060 1719
1593070 1722
1593080 1722
1593090 1728
1593100 1735
1593110 1735
1593120 1744
1593130 1753
1593140 1758
1593150 1758
1593160 1762
1593170 1765
1593180 1765
1593190 1768
1593200 1771
1593210 1771
1593220 1774
1593230 1780
1593240 1780
1593250 1785
1593260 1790
1593270 1790
1593280 1795
1593290 1800
1593300 1800
1593310 1805
1593320 1810
1593330 1810
1593340 1815
1593350 1821
1593360 1821
1593370 1826
1593380 1831
1593390 1831
1593400 1836
1593410 1841
1593420 1841
1593430 1846
1593440 1850
1593450 1854
1593460 1854
1593470 1859
1593480 1862
1593490 1862
1593500 1866
1593510 1870
1593520 1870
1593530 1874
1593540 1878
1593550 1878
1593560 1881
1593570 1884
1593580 1884
1593590 1888
1593600 1891
1593610 1891
1593620 1894
1593630 1897
1593640 1897
1593650 1899
1593660 1902
1593670 1902
1593680 1904
1593690 1907
1593700 1907
1593710 1909
1593720 1912
1593730 1913
1593740 1913
1593750 1915
1593760 1918
1593770 1918
1593780 1921
1593790 1924
1593800 1924
1593810 1926
1593820 1929
1593830 1929
1593840 1932
1593850 1935
1593860 1935
1593870 1937
1593880 1939
1593890 1939
1593900 1942
1593910 1944
1593920 1944
1593930 1946
1593940 1948
1593950 1948
1593960 1949
1593970 1950
1593980 1950
1593990 1950
1594000 1950
1594010 1950
1594020 1950
1594030 1951
1594040 1952
1594050 1952
1594060 1953
1594070 1953
1594080 1953
1594090 1951
1594100 1948
1594110 1948
1594120 1946
1594130 1945
1594140 1945
1594150 1942
1594160 1940
1594170 1940
1594180 1939
1594190 1935
1594200 1935
1594210 1933
1594220 1930
1594230 1930
1594240 1928
1594250 1925
1594260 1925
1594270 1923
1594280 1921
1594290 1921
1594300 1914
1594310 1912
1594320 1912
1594330 1909
1594340 1908
1594350 1906
1594360 1906
1594370 1904
1594380 1903
1594390 1903
1594400 1903
1594410 1903
1594420 1903
1594430 1903
1594440 1903
1594450 1903
1594460 1902
1594470 1901
1594480 1901
1594490 1901
1594500 1903
1594510 1903
1594520 1905
1594530 1908
1594540 1908
1594550 1911
1594560 1914
1594570 1914
1594580 1916
1594590 1919
1594600 1919
1594610 1921
1594620 1923
1594630 1923
1594640 1924
1594650 1925
1594660 1926
1594670 1926
1594680 1927
1594690 1928
1594700 1928
1594710 1929
1594720 1930
1594730 1930
1594740 1932
1594750 1935
1594760 1935
1594770 1938
1594780 1941
1594790 1941
1594800 1945
1594810 1949
1594820 1949
1594830 1954
1594840 1959
1594850 1959
1594860 1965
1594870 1971
1594880 1971
1594890 1976
1594900 1980
1594910 1980
1594920 1982
1594930 1984
1594940 1984
1594950 1987
1594960 1990
1594970 1994
1594980 1994
1594990 1998
1595000 2002
1595010 2002
1595020 2007
1595030 2011
1595040 2011
1595050 2016
1595060 2020
1595070 2020
1595080 2025
1595090 2030
1595100 2030
1595110 2033
1595120 2032
1595130 2032
1595140 2026
1595150 2022
1595160 2022
1595170 2020
1595180 2019
1595190 2019
1595200 2020
1595210 2022
1595220 2022
1595230 2023
1595240 2017
1595250 2017
1595260 2007
1595270 1996
1595280 1983
1595290 1983
1595300 1971
1595310 1961
1595320 1961
1595330 1954
1595340 1948
1595350 1948
1595360 1942
1595370 1936
1595380 1936
1595390 1931
1595400 1928
1595410 1928
1595420 1923
1595430 1919
1595440 1919
1595450 1916
1595460 1917
1595470 1917
1595480 1916
1595490 1915
1595500 1915
1595510 1915
1595520 1915
1595530 1915
1595540 1915
1595550 1917
1595560 1917
1595570 1918
1595580 1920
1595590 1922
1595600 1922
1595610 1923
1595620 1924
1595630 1924
1595640 1926
1595650 1929
1595660 1929
1595670 1933
1595680 1935
1595690 1935
1595700 1935
1595710 1935
1595720 1935
1595730 1939
1595740 1941
1595750 1941
1595760 1941
1595770 1941
1595780 1941
1595790 1932
1595800 1922
1595810 1922
1595820 1915
1595830 1909
1595840 1909
1595850 1902
1595860 1896
1595870 1896
1595880 1890
1595890 1886
1595900 1883
1595910 1883
1595920 1880
1595930 1874
1595940 1874
1595950 1869
1595960 1865
1595970 1865
1595980 1862
1595990 1859
1596000 1859
1596010 1854
1596020 1851
1596030 1851
1596040 1849
1596050 1848
1596060 1848
1596070 1848
1596080 1848
1596090 1848
1596100 1848
1596110 1847
1596120 1847
1596130 1846
1596140 1845
1596150 1845
1596160 1843
1596170 1840
1596180 1836
1596190 1836
1596200 1830
1596210 1825
1596220 1825
1596230 1820
1596240 1818
1596250 1818
1596260 1817
1596270 1815
1596280 1815
1596290 1815
1596300 1815
1596310 1815
1596320 1814
1596330 1811
1596340 1811
1596350 1808
1596360 1806
1596370 1806
1596380 1803
1596390 1802
1596400 1802
1596410 1802
1596420 1803
1596430 1803
1596440 1805
1596450 1805
1596460 1805
1596470 1794
1596480 1785
1596490 1779
1596500 1779
1596510 1775
1596520 1772
1596530 1772
1596540 1768
1596550 1764
1596560 1764
1596570 1761
1596580 1757
1596590 1757
1596600 1754
1596610 1751
1596620 1751
1596630 1750
1596640 1748
1596650 1748
1596660 1747
1596670 1746
1596680 1746
1596690 1745
1596700 1743
1596710 1743
1596720 1742
1596730 1739
1596740 1739
1596750 1736
1596760 1732
1596770 1732
1596780 1727
1596790 1721
1596800 1717
1596810 1717
1596820 1713
1596830 1708
1596840 1708
1596850 1702
1596860 1695
1596870 1695
1596880 1689
1596890 1683
1596900 1683
1596910 1676
1596920 1670
1596930 1670
1596940 1663
1596950 1654
1596960 1654
1596970 1647
1596980 1639
1596990 1639
1597000 1632
1597010 1625
1597020 1625
1597030 1618
1597040 1611
1597050 1611
1597060 1605
1597070 1598
1597080 1598
1597090 1592
1597100 1586
1597110 1580
1597120 1580
1597130 1574
1597140 1568
1597150 1568
1597160 1563
1597170 1559
1597180 1559
1597190 1557
1597200 1554
1597210 1554
1597220 1552
1597230 1549
1597240 1549
1597250 1546
1597260 1546
1597270 1546
1597280 1547
1597290 1548
1597300 1548
1597310 1549
1597320 1550
1597330 1550
1597340 1554
1597350 1557
1597360 1557
1597370 1558
1597380 1559
1597390 1559
1597400 1559
1597410 1560
1597420 1561
1597430 1561
1597440 1563
1597450 1566
1597460 1566
1597470 1568
1597480 1569
1597490 1569
1597500 1571
1597510 1575
1597520 1575
1597530 1580
1597540 1584
1597550 1584
1597560 1588
1597570 1591
1597580 1591
1597590 1594
1597600 1595
1597610 1595
1597620 1595
1597630 1596
1597640 1596
1597650 1598
1597660 1601
1597670 1601
1597680 1603
1597690 1606
1597700 1606
1597710 1607
1597720 1609
1597730 1611
1597740 1607
1597750 1607
1597760 1607
1597770 1607
1597780 1607
1597790 1609
1597800 1609
1597810 1616
1597820 1622
1597830 1622
1597840 1628
1597850 1634
1597860 1634
1597870 1640
1597880 1644
1597890 1644
1597900 1648
1597910 1650
1597920 1650
1597930 1652
1597940 1653
1597950 1653
1597960 1653
1597970 1656
1597980 1656
1597990 1662
1598000 1668
1598010 1668
1598020 1672
1598030 1676
1598040 1681
1598050 1681
1598060 1686
1598070 1691
1598080 1691
1598090 1695
1598100 1698
1598110 1698
1598120 1700
1598130 1703
1598140 1703
1598150 1704
1598160 1708
1598170 1708
1598180 1713
1598190 1715
1598200 1715
1598210 1718
1598220 1720
1598230 1720
1598240 1721
1598250 1724
1598260 1724
1598270 1728
1598280 1731
1598290 1731
1598300 1735
1598310 1740
1598320 1740
1598330 1746
1598340 1751
1598350 1756
1598360 1756
1598370 1761
1598380 1766
1598390 1766
1598400 1772
1598410 1778
1598420 1778
1598430 1785
1598440 1793
1598450 1793
1598460 1801
1598470 1810
1598480 1810
1598490 1818
1598500 1825
1598510 1825
1598520 1832
1598530 1838
1598540 1838
1598550 1844
1598560 1850
1598570 1850
1598580 1855
1598590 1860
1598600 1860
1598610 1865
1598620 1869
1598630 1873
1598640 1873
1598650 1877
1598660 1882
1598670 1882
1598680 1887
1598690 1892
1598700 1892
1598710 1898
1598720 1903
1598730 1903
1598740 1908
1598750 1913
1598760 1913
1598770 1917
1598780 1921
1598790 1921
1598800 1925
1598810 1929
1598820 1929
1598830 1932
1598840 1936
1598850 1936
1598860 1936
1598870 1942
1598880 1942
1598890 1948
1598900 1954
1598910 1954
1598920 1959
1598930 1965
1598940 1971
1598950 1971
1598960 1976
1598970 1982
1598980 1982
1598990 1988
1599000 1993
1599010 1993
1599020 1998
1599030 2004
1599040 2004
1599050 2008
1599060 2008
1599070 2008
1599080 2000
1599090 1992
1599100 1992
1599110 1984
1599120 1976
1599130 1976
1599140 1969
1599150 1962
1599160 1962
1599170 1955
1599180 1946
1599190 1946
1599200 1940
1599210 1934
1599220 1934
1599230 1929
1599240 1925
1599250 1920
1599260 1920
1599270 1916
1599280 1914
1599290 1914
1599300 1913
1599310 1911
1599320 1911
1599330 1910
1599340 1909
1599350 1909
1599360 1908
1599370 1905
1599380 1905
1599390 1903
1599400 1902
1599410 1902
1599420 1900
1599430 1899
1599440 1899
1599450 1898
1599460 1896
1599470 1896
1599480 1895
1599490 1897
1599500 1897
1599510 1901
1599520 1907
1599530 1907
1599540 1913
1599550 1916
1599560 1917
1599570 1917
1599580 1917
1599590 1918
1599600 1918
1599610 1919
1599620 1920
1599630 1920
1599640 1921
1599650 1920
1599660 1920
1599670 1920
1599680 1922
1599690 1922
1599700 1926
1599710 1929
1599720 1929
1599730 1933
1599740 1937
1599750 1937
1599760 1941
1599770 1945
1599780 1945
1599790 1949
1599800 1953
1599810 1953
1599820 1957
1599830 1962
1599840 1962
1599850 1966
1599860 1971
1599870 1975
1599880 1975
1599890 1980
1599900 1985
1599910 1985
1599920 1990
1599930 1994
1599940 1994
1599950 1999
1599960 2004
1599970 2004
1599980 2002
1599990 2005
