1580000 1896
1580010 1893
1580020 1893
1580030 1893
1580040 1893
1580050 1893
1580060 1896
1580070 1898
1580080 1898
1580090 1897
1580100 1896
1580110 1896
1580120 1894
1580130 1892
1580140 1892
1580150 1891
1580160 1894
1580170 1894
1580180 1898
1580190 1898
1580200 1898
1580210 1897
1580220 1896
1580230 1896
1580240 1895
1580250 1894
1580260 1895
1580270 1895
1580280 1897
1580290 1901
1580300 1901
1580310 1903
1580320 1905
1580330 1905
1580340 1911
1580350 1916
1580360 1916
1580370 1919
1580380 1922
1580390 1922
1580400 1920
1580410 1919
1580420 1919
1580430 1919
1580440 1920
1580450 1920
1580460 1925
1580470 1928
1580480 1928
1580490 1924
1580500 1923
1580510 1923
1580520 1925
1580530 1923
1580540 1923
1580550 1923
1580560 1924
1580570 1923
1580580 1923
1580590 1921
1580600 1916
1580610 1916
1580620 1903
1580630 1894
1580640 1894
1580650 1881
1580660 1867
1580670 1867
1580680 1853
1580690 1840
1580700 1840
1580710 1826
1580720 1816
1580730 1816
1580740 1813
1580750 1813
1580760 1813
1580770 1809
1580780 1799
1580790 1799
1580800 1784
1580810 1774
1580820 1774
1580830 1756
1580840 1744
1580850 1733
1580860 1733
1580870 1720
1580880 1714
1580890 1714
1580900 1706
1580910 1699
1580920 1699
1580930 1691
1580940 1681
1580950 1681
1580960 1676
1580970 1670
1580980 1670
1580990 1665
1581000 1660
1581010 1660
1581020 1658
1581030 1658
1581040 1658
1581050 1658
1581060 1657
1581070 1657
1581080 1656
1581090 1653
1581100 1653
1581110 1649
1581120 1645
1581130 1645
1581140 1640
1581150 1638
1581160 1635
1581170 1635
1581180 1629
1581190 1623
1581200 1623
1581210 1617
1581220 1614
1581230 1614
1581240 1612
1581250 1611
1581260 1611
1581270 1610
1581280 1609
1581290 1609
1581300 1608
1581310 1607
1581320 1607
1581330 1606
1581340 1608
1581350 1608
1581360 1609
1581370 1610
1581380 1610
1581390 1611
1581400 1612
1581410 1612
1581420 1614
1581430 1618
1581440 1618
1581450 1622
1581460 1624
1581470 1627
1581480 1627
1581490 1629
1581500 1632
1581510 1632
1581520 1632
1581530 1632
1581540 1632
1581550 1633
1581560 1633
1581570 1633
1581580 1634
1581590 1635
1581600 1635
1581610 1636
1581620 1638
1581630 1638
1581640 1641
1581650 1644
1581660 1644
1581670 1647
1581680 1650
1581690 1650
1581700 1653
1581710 1657
1581720 1657
1581730 1661
1581740 1666
1581750 1666
1581760 1671
1581770 1674
1581780 1674
1581790 1674
1581800 1675
1581810 1677
1581820 1677
1581830 1680
1581840 1684
1581850 1684
1581860 1688
1581870 1695
1581880 1695
1581890 1702
1581900 1709
1581910 1709
1581920 1716
1581930 1725
1581940 1725
1581950 1734
1581960 1743
1581970 1743
1581980 1755
1581990 1765
1582000 1765
1582010 1774
1582020 1782
1582030 1782
1582040 1790
1582050 1800
1582060 1800
1582070 1810
1582080 1818
1582090 1817
1582100 1817
1582110 1808
1582120 1800
1582130 1800
1582140 1793
1582150 1784
1582160 1784
1582170 1774
1582180 1764
1582190 1764
1582200 1755
1582210 1745
1582220 1745
1582230 1735
1582240 1726
1582250 1726
1582260 1717
1582270 1706
1582280 1706
1582290 1695
1582300 1686
1582310 1686
1582320 1679
1582330 1671
1582340 1671
1582350 1664
1582360 1658
1582370 1658
1582380 1651
1582390 1644
1582400 1637
1582410 1637
1582420 1630
1582430 1623
1582440 1623
1582450 1616
1582460 1610
1582470 1610
1582480 1604
1582490 1599
1582500 1599
1582510 1594
1582520 1590
1582530 1590
1582540 1587
1582550 1584
1582560 1584
1582570 1581
1582580 1579
1582590 1579
1582600 1576
1582610 1574
1582620 1574
1582630 1573
1582640 1574
1582650 1574
1582660 1575
1582670 1576
1582680 1576
1582690 1577
1582700 1577
1582710 1577
1582720 1577
1582730 1577
1582740 1578
1582750 1578
1582760 1579
1582770 1581
1582780 1581
1582790 1583
1582800 1586
1582810 1586
1582820 1592
1582830 1597
1582840 1597
1582850 1602
1582860 1606
1582870 1606
1582880 1612
1582890 1619
1582900 1619
1582910 1625
1582920 1631
1582930 1631
1582940 1637
1582950 1643
1582960 1643
1582970 1649
1582980 1655
1582990 1661
1583000 1661
1583010 1666
1583020 1672
1583030 1672
1583040 1678
1583050 1683
1583060 1683
1583070 1688
1583080 1693
1583090 1693
1583100 1698
1583110 1703
1583120 1703
1583130 1708
1583140 1712
1583150 1712
1583160 1715
1583170 1720
1583180 1720
1583190 1726
1583200 1733
1583210 1733
1583220 1740
1583230 1749
1583240 1749
1583250 1757
1583260 1764
1583270 1764
1583280 1771
1583290 1778
1583300 1785
1583310 1785
1583320 1792
1583330 1799
1583340 1799
1583350 1806
1583360 1812
1583370 1812
1583380 1818
1583390 1824
1583400 1824
1583410 1830
1583420 1836
1583430 1836
1583440 1841
1583450 1846
1583460 1846
1583470 1851
1583480 1855
1583490 1855
1583500 1858
1583510 1860
1583520 1860
1583530 1861
1583540 1863
1583550 1863
1583560 1869
1583570 1876
1583580 1876
1583590 1882
1583600 1889
1583610 1895
1583620 1895
1583630 1901
1583640 1907
1583650 1907
1583660 1914
1583670 1920
1583680 1920
1583690 1927
1583700 1934
1583710 1934
1583720 1940
1583730 1947
1583740 1947
1583750 1954
1583760 1960
1583770 1960
1583780 1967
1583790 1974
1583800 1974
1583810 1982
1583820 1989
1583830 1989
1583840 1996
1583850 2002
1583860 2002
1583870 2009
1583880 2015
1583890 2015
1583900 2022
1583910 2029
1583920 2035
1583930 2035
1583940 2043
1583950 2050
1583960 2050
1583970 2057
1583980 2064
1583990 2064
1584000 2071
1584010 2078
1584020 2078
1584030 2085
1584040 2093
1584050 2093
1584060 2101
1584070 2109
1584080 2109
1584090 2117
1584100 2124
1584110 2124
1584120 2132
1584130 2138
1584140 2138
1584150 2144
1584160 2150
1584170 2150
1584180 2157
1584190 2165
1584200 2165
1584210 2172
1584220 2176
1584230 2177
1584240 2177
1584250 2177
1584260 2175
1584270 2175
1584280 2175
1584290 2175
1584300 2175
1584310 2174
1584320 2173
1584330 2173
1584340 2174
1584350 2173
1584360 2173
1584370 2172
1584380 2172
1584390 2172
1584400 2172
1584410 2166
1584420 2166
1584430 2158
1584440 2149
1584450 2149
1584460 2140
1584470 2130
1584480 2130
1584490 2118
1584500 2109
1584510 2109
1584520 2102
1584530 2096
1584540 2096
1584550 2096
1584560 2091
1584570 2086
1584580 2086
1584590 2082
1584600 2078
1584610 2078
1584620 2076
1584630 2073
1584640 2073
1584650 2072
1584660 2070
1584670 2070
1584680 2065
1584690 2059
1584700 2059
1584710 2055
1584720 2052
1584730 2052
1584740 2048
1584750 2042
1584760 2042
1584770 2038
1584780 2033
1584790 2033
1584800 2030
1584810 2025
1584820 2025
1584830 2023
1584840 2021
1584850 2020
1584860 2020
1584870 2018
1584880 2019
1584890 2019
1584900 2020
1584910 2017
1584920 2017
1584930 2010
1584940 2004
1584950 2004
1584960 1996
1584970 1989
1584980 1989
1584990 1982
1585000 1976
1585010 1976
1585020 1970
1585030 1960
1585040 1960
1585050 1948
1585060 1939
1585070 1939
1585080 1931
1585090 1922
1585100 1922
1585110 1914
1585120 1907
1585130 1907
1585140 1901
1585150 1896
1585160 1891
1585170 1891
1585180 1887
1585190 1883
1585200 1883
1585210 1880
1585220 1877
1585230 1877
1585240 1875
1585250 1872
1585260 1872
1585270 1870
1585280 1869
1585290 1869
1585300 1868
1585310 1867
1585320 1867
1585330 1866
1585340 1863
1585350 1863
1585360 1861
1585370 1859
1585380 1859
1585390 1856
1585400 1852
1585410 1852
1585420 1848
1585430 1845
1585440 1845
1585450 1841
1585460 1837
1585470 1832
1585480 1832
1585490 1827
1585500 1823
1585510 1823
1585520 1819
1585530 1815
1585540 1815
1585550 1813
1585560 1812
1585570 1812
1585580 1810
1585590 1808
1585600 1808
1585610 1807
1585620 1804
1585630 1804
1585640 1802
1585650 1801
1585660 1801
1585670 1800
1585680 1797
1585690 1797
1585700 1793
1585710 1788
1585720 1788
1585730 1782
1585740 1776
1585750 1776
1585760 1769
1585770 1762
1585780 1756
1585790 1756
1585800 1749
1585810 1743
1585820 1743
1585830 1737
1585840 1731
1585850 1731
1585860 1724
1585870 1718
1585880 1718
1585890 1712
1585900 1706
1585910 1706
1585920 1700
1585930 1693
1585940 1693
1585950 1687
1585960 1681
1585970 1681
1585980 1674
1585990 1669
1586000 1669
1586010 1662
1586020 1657
1586030 1657
1586040 1651
1586050 1646
1586060 1641
1586070 1641
1586080 1637
1586090 1635
1586100 1635
1586110 1633
1586120 1631
1586130 1631
1586140 1630
1586150 1629
1586160 1629
1586170 1629
1586180 1630
1586190 1630
1586200 1632
1586210 1636
1586220 1636
1586230 1639
1586240 1641
1586250 1641
1586260 1643
1586270 1643
1586280 1643
1586290 1643
1586300 1642
1586310 1642
1586320 1642
1586330 1642
1586340 1642
1586350 1640
1586360 1638
1586370 1635
1586380 1635
1586390 1632
1586400 1630
1586410 1630
1586420 1627
1586430 1624
1586440 1624
1586450 1621
1586460 1617
1586470 1617
1586480 1612
1586490 1607
1586500 1607
1586510 1604
1586520 1602
1586530 1602
1586540 1600
1586550 1600
1586560 1600
1586570 1600
1586580 1600
1586590 1600
1586600 1599
1586610 1600
1586620 1600
1586630 1602
1586640 1603
1586650 1603
1586660 1604
1586670 1603
1586680 1605
1586690 1605
1586700 1605
1586710 1606
1586720 1606
1586730 1607
1586740 1608
1586750 1608
1586760 1611
1586770 1613
1586780 1613
1586790 1615
1586800 1618
1586810 1618
1586820 1620
1586830 1622
1586840 1622
1586850 1626
1586860 1629
1586870 1629
1586880 1633
1586890 1637
1586900 1637
1586910 1641
1586920 1644
1586930 1644
1586940 1646
1586950 1648
1586960 1648
1586970 1650
1586980 1650
1586990 1650
1587000 1650
1587010 1648
1587020 1646
1587030 1646
1587040 1643
1587050 1641
1587060 1644
1587070 1641
1587080 1639
1587090 1639
1587100 1636
1587110 1633
1587120 1633
1587130 1630
1587140 1627
1587150 1627
1587160 1624
1587170 1622
1587180 1622
1587190 1619
1587200 1615
1587210 1615
1587220 1612
1587230 1608
1587240 1608
1587250 1605
1587260 1602
1587270 1602
1587280 1599
1587290 1597
1587300 1594
1587310 1594
1587320 1591
1587330 1588
1587340 1588
1587350 1584
1587360 1580
1587370 1580
1587380 1575
1587390 1570
1587400 1570
1587410 1565
1587420 1561
1587430 1561
1587440 1556
1587450 1552
1587460 1552
1587470 1547
1587480 1542
1587490 1542
1587500 1536
1587510 1532
1587520 1532
1587530 1527
1587540 1522
1587550 1522
1587560 1517
1587570 1511
1587580 1511
1587590 1502
1587600 1490
1587610 1479
1587620 1479
1587630 1469
1587640 1458
1587650 1458
1587660 1449
1587670 1439
1587680 1439
1587690 1432
1587700 1430
1587710 1430
1587720 1443
1587730 1444
1587740 1444
1587750 1444
1587760 1450
1587770 1450
1587780 1454
1587790 1456
1587800 1456
1587810 1458
1587820 1456
1587830 1456
1587840 1449
1587850 1442
1587860 1442
1587870 1440
1587880 1443
1587890 1443
1587900 1449
1587910 1454
1587920 1461
1587930 1461
1587940 1467
1587950 1473
1587960 1473
1587970 1479
1587980 1483
1587990 1483
1588000 1486
1588010 1483
1588020 1483
1588030 1479
1588040 1471
1588050 1471
1588060 1461
1588070 1453
1588080 1453
1588090 1447
1588100 1443
1588110 1443
1588120 1439
1588130 1438
1588140 1438
1588150 1446
1588160 1451
1588170 1451
1588180 1454
1588190 1460
1588200 1460
1588210 1467
1588220 1472
1588230 1478
1588240 1478
1588250 1484
1588260 1490
1588270 1490
1588280 1496
1588290 1500
1588300 1503
1588310 1507
1588320 1511
1588330 1511
1588340 1513
1588350 1515
1588360 1515
1588370 1516
1588380 1515
1588390 1515
1588400 1513
1588410 1513
1588420 1513
1588430 1512
1588440 1512
1588450 1512
1588460 1512
1588470 1513
1588480 1513
1588490 1513
1588500 1514
1588510 1514
1588520 1514
1588530 1514
1588540 1514
1588550 1514
1588560 1514
1588570 1515
1588580 1515
1588590 1515
1588600 1515
1588610 1515
1588620 1516
1588630 1517
1588640 1517
1588650 1516
1588660 1518
1588670 1518
1588680 1521
1588690 1523
1588700 1523
1588710 1526
1588720 1528
1588730 1528
1588740 1528
1588750 1526
1588760 1526
1588770 1528
1588780 1533
1588790 1533
1588800 1536
1588810 1538
1588820 1541
1588830 1541
1588840 1543
1588850 1543
1588860 1543
1588870 1543
1588880 1544
1588890 1544
1588900 1542
1588910 1540
1588920 1540
1588930 1538
1588940 1537
1588950 1537
1588960 1536
1588970 1535
1588980 1535
1588990 1534
1589000 1532
1589010 1532
1589020 1529
1589030 1530
1589040 1530
1589050 1532
1589060 1532
1589070 1532
1589080 1531
1589090 1530
1589100 1530
1589110 1531
1589120 1531
1589130 1532
1589140 1532
1589150 1533
1589160 1534
1589170 1534
1589180 1533
1589190 1533
1589200 1533
1589210 1533
1589220 1534
1589230 1534
1589240 1538
1589250 1543
1589260 1543
1589270 1543
1589280 1540
1589290 1540
1589300 1537
1589310 1533
1589320 1533
1589330 1529
1589340 1525
1589350 1525
1589360 1522
1589370 1518
1589380 1518
1589390 1514
1589400 1509
1589410 1509
1589420 1504
1589430 1500
1589440 1495
1589450 1495
1589460 1490
1589470 1485
1589480 1485
1589490 1480
1589500 1475
1589510 1475
1589520 1472
1589530 1467
1589540 1467
1589550 1462
1589560 1457
1589570 1457
1589580 1452
1589590 1446
1589600 1446
1589610 1439
1589620 1430
1589630 1430
1589640 1422
1589650 1413
1589660 1413
1589670 1404
1589680 1397
1589690 1397
1589700 1389
1589710 1382
1589720 1382
1589730 1375
1589740 1370
1589750 1363
1589760 1363
1589770 1356
1589780 1349
1589790 1349
1589800 1342
1589810 1336
1589820 1336
1589830 1330
1589840 1325
1589850 1325
1589860 1319
1589870 1314
1589880 1314
1589890 1308
1589900 1302
1589910 1302
1589920 1294
1589930 1287
1589940 1287
1589950 1280
1589960 1274
1589970 1274
1589980 1267
1589990 1260
1590000 1260
1590010 1253
1590020 1246
1590030 1246
1590040 1240
1590050 1233
1590060 1227
1590070 1227
1590080 1222
1590090 1217
1590100 1217
1590110 1212
1590120 1207
1590130 1207
1590140 1202
1590150 1198
1590160 1198
1590170 1193
1590180 1189
1590190 1189
1590200 1184
1590210 1180
1590220 1180
1590230 1175
1590240 1170
1590250 1170
1590260 1166
1590270 1162
1590280 1162
1590290 1157
1590300 1152
1590310 1152
1590320 1147
1590330 1143
1590340 1143
1590350 1134
1590360 1125
1590370 1119
1590380 1119
1590390 1114
1590400 1108
1590410 1108
1590420 1105
1590430 1105
1590440 1105
1590450 1104
1590460 1105
1590470 1105
1590480 1106
1590490 1107
1590500 1107
1590510 1107
1590520 1107
1590530 1107
1590540 1108
1590550 1110
1590560 1110
1590570 1111
1590580 1112
1590590 1112
1590600 1114
1590610 1114
1590620 1114
1590630 1114
1590640 1115
1590650 1115
1590660 1117
1590670 1119
1590680 1120
1590690 1120
1590700 1122
1590710 1123
1590720 1123
1590730 1121
1590740 1122
1590750 1122
1590760 1123
1590770 1124
1590780 1124
1590790 1126
1590800 1127
1590810 1127
1590820 1127
1590830 1128
1590840 1128
1590850 1129
1590860 1130
1590870 1130
1590880 1130
1590890 1131
1590900 1131
1590910 1132
1590920 1133
1590930 1133
1590940 1134
1590950 1135
1590960 1135
1590970 1136
1590980 1139
1590990 1144
1591000 1144
1591010 1149
1591020 1151
1591030 1151
1591040 1157
1591050 1161
1591060 1161
1591070 1165
1591080 1169
1591090 1169
1591100 1173
1591110 1178
1591120 1178
1591130 1184
1591140 1189
1591150 1189
1591160 1195
1591170 1201
1591180 1201
1591190 1207
1591200 1214
1591210 1214
1591220 1222
1591230 1229
1591240 1229
1591250 1237
1591260 1244
1591270 1244
1591280 1252
1591290 1259
1591300 1258
1591310 1258
1591320 1261
1591330 1273
1591340 1273
1591350 1280
1591360 1286
1591370 1286
1591380 1291
1591390 1296
1591400 1296
1591410 1302
1591420 1309
1591430 1309
1591440 1315
1591450 1320
1591460 1320
1591470 1325
1591480 1329
1591490 1329
1591500 1334
1591510 1339
1591520 1339
1591530 1345
1591540 1349
1591550 1349
1591560 1354
1591570 1359
1591580 1359
1591590 1363
1591600 1368
1591610 1375
1591620 1375
1591630 1380
1591640 1385
1591650 1385
1591660 1389
1591670 1393
1591680 1393
1591690 1397
1591700 1402
1591710 1402
1591720 1408
1591730 1413
1591740 1413
1591750 1418
1591760 1424
1591770 1424
1591780 1430
1591790 1436
1591800 1436
1591810 1442
1591820 1447
1591830 1447
1591840 1453
1591850 1458
1591860 1458
1591870 1463
1591880 1466
1591890 1466
1591900 1470
1591910 1474
1591920 1480
1591930 1475
1591940 1480
1591950 1485
1591960 1485
1591970 1491
1591980 1499
1591990 1499
1592000 1507
1592010 1515
1592020 1515
1592030 1519
1592040 1524
1592050 1524
1592060 1530
1592070 1535
1592080 1535
1592090 1542
1592100 1546
1592110 1546
1592120 1550
1592130 1553
1592140 1553
1592150 1555
1592160 1559
1592170 1559
1592180 1561
1592190 1564
1592200 1569
1592210 1569
1592220 1572
1592230 1575
1592240 1575
1592250 1577
1592260 1580
1592270 1580
1592280 1585
1592290 1590
1592300 1590
1592310 1596
1592320 1601
1592330 1601
1592340 1606
1592350 1611
1592360 1611
1592370 1614
1592380 1618
1592390 1618
1592400 1622
1592410 1624
1592420 1624
1592430 1629
1592440 1632
1592450 1632
1592460 1637
1592470 1641
1592480 1641
1592490 1646
1592500 1649
1592510 1652
1592520 1652
1592530 1656
1592540 1660
1592550 1660
1592560 1665
1592570 1668
1592580 1668
1592590 1671
1592600 1674
1592610 1674
1592620 1677
1592630 1680
1592640 1680
1592650 1684
1592660 1688
1592670 1688
1592680 1691
1592690 1693
1592700 1693
1592710 1696
1592720 1699
1592730 1699
1592740 1701
1592750 1701
1592760 1701
1592770 1699
1592780 1698
1592790 1698
1592800 1697
1592810 1697
1592820 1699
1592830 1699
1592840 1702
1592850 1706
1592860 1706
1592870 1710
1592880 1714
1592890 1714
1592900 1718
1592910 1722
1592920 1722
1592930 1727
1592940 1731
1592950 1731
1592960 1737
1592970 1742
1592980 1742
1592990 1747
1593000 1751
1593010 1751
1593020 1755
1593030 1759
1593040 1759
1593050 1763
1593060 1765
1593070 1765
1593080 1765
1593090 1766
1593100 1766
1593110 1776
1593120 1779
1593130 1782
1593140 1782
1593150 1785
1593160 1788
1593170 1788
1593180 1792
1593190 1797
1593200 1797
1593210 1804
1593220 1812
1593230 1812
1593240 1819
1593250 1827
1593260 1827
1593270 1834
1593280 1841
1593290 1841
1593300 1847
1593310 1853
1593320 1853
1593330 1860
1593340 1866
1593350 1866
1593360 1869
1593370 1871
1593380 1871
1593390 1873
1593400 1878
1593410 1878
1593420 1884
1593430 1891
1593440 1896
1593450 1896
1593460 1902
1593470 1908
1593480 1908
1593490 1912
1593500 1918
1593510 1918
1593520 1923
1593530 1928
1593540 1928
1593550 1932
1593560 1936
1593570 1936
1593580 1940
1593590 1944
1593600 1944
1593610 1948
1593620 1952
1593630 1952
1593640 1953
1593650 1951
1593660 1951
1593670 1946
1593680 1939
1593690 1939
1593700 1931
1593710 1924
1593720 1924
1593730 1917
1593740 1910
1593750 1903
1593760 1903
1593770 1897
1593780 1892
1593790 1892
1593800 1888
1593810 1884
1593820 1884
1593830 1880
1593840 1875
1593850 1875
1593860 1870
1593870 1867
1593880 1867
1593890 1864
1593900 1862
1593910 1862
1593920 1861
1593930 1860
1593940 1860
1593950 1860
1593960 1857
1593970 1857
1593980 1854
1593990 1852
1594000 1852
1594010 1850
1594020 1848
1594030 1848
1594040 1846
1594050 1842
1594060 1835
1594070 1835
1594080 1831
1594090 1827
1594100 1827
1594110 1824
1594120 1822
1594130 1822
1594140 1821
1594150 1818
1594160 1818
1594170 1815
1594180 1812
1594190 1812
1594200 1808
1594210 1804
1594220 1804
1594230 1800
1594240 1798
1594250 1798
1594260 1799
1594270 1799
1594280 1796
1594290 1796
1594300 1796
1594310 1796
1594320 1795
1594330 1794
1594340 1794
1594350 1793
1594360 1791
1594370 1789
1594380 1789
1594390 1787
1594400 1785
1594410 1785
1594420 1783
1594430 1782
1594440 1782
1594450 1782
1594460 1784
1594470 1784
1594480 1788
1594490 1792
1594500 1792
1594510 1795
1594520 1799
1594530 1799
1594540 1802
1594550 1804
1594560 1804
1594570 1807
1594580 1809
1594590 1809
1594600 1811
1594610 1812
1594620 1812
1594630 1813
1594640 1813
1594650 1813
1594660 1810
1594670 1809
1594680 1812
1594690 1812
1594700 1815
1594710 1818
1594720 1818
1594730 1821
1594740 1825
1594750 1825
1594760 1828
1594770 1832
1594780 1832
1594790 1837
1594800 1844
1594810 1844
1594820 1851
1594830 1855
1594840 1855
1594850 1859
1594860 1863
1594870 1863
1594880 1866
1594890 1869
1594900 1869
1594910 1871
1594920 1874
1594930 1874
1594940 1879
1594950 1883
1594960 1883
1594970 1887
1594980 1891
1594990 1896
1595000 1896
1595010 1901
1595020 1906
1595030 1906
1595040 1913
1595050 1918
1595060 1918
1595070 1921
1595080 1924
1595090 1924
1595100 1927
1595110 1931
1595120 1931
1595130 1934
1595140 1939
1595150 1939
1595160 1943
1595170 1947
1595180 1947
1595190 1950
1595200 1954
1595210 1954
1595220 1958
1595230 1962
1595240 1962
1595250 1967
1595260 1970
1595270 1970
1595280 1974
1595290 1979
1595300 1982
1595310 1982
1595320 1989
1595330 1996
1595340 1996
1595350 2000
1595360 2001
1595370 2001
1595380 2002
1595390 2002
1595400 2002
1595410 2000
1595420 1998
1595430 1998
1595440 1994
1595450 1992
1595460 1992
1595470 1989
1595480 1987
1595490 1987
1595500 1986
1595510 1985
1595520 1985
1595530 1982
1595540 1979
1595550 1979
1595560 1975
1595570 1968
1595580 1961
1595590 1961
1595600 1955
1595610 1953
1595620 1953
1595630 1951
1595640 1950
1595650 1950
1595660 1947
1595670 1937
1595680 1937
1595690 1927
1595700 1920
1595710 1920
1595720 1914
1595730 1909
1595740 1909
1595750 1904
1595760 1899
1595770 1899
1595780 1896
1595790 1895
1595800 1895
1595810 1894
1595820 1895
1595830 1895
1595840 1899
1595850 1904
1595860 1904
1595870 1910
1595880 1915
1595890 1920
1595900 1920
1595910 1923
1595920 1927
1595930 1927
1595940 1929
1595950 1931
1595960 1931
1595970 1932
1595980 1936
1595990 1936
1596000 1941
1596010 1942
1596020 1942
1596030 1943
1596040 1948
1596050 1948
1596060 1955
1596070 1961
1596080 1961
1596090 1966
1596100 1970
1596110 1970
1596120 1975
1596130 1980
1596140 1980
1596150 1985
1596160 1988
1596170 1988
1596180 1991
1596190 1993
1596200 1995
1596210 1995
1596220 1997
1596230 1998
1596240 1998
1596250 2000
1596260 2001
1596270 2001
1596280 2003
1596290 2004
1596300 2004
1596310 2007
1596320 2009
1596330 2009
1596340 2009
1596350 2005
1596360 2005
1596370 2004
1596380 2002
1596390 2002
1596400 1998
1596410 1991
1596420 1991
1596430 1984
1596440 1978
1596450 1978
1596460 1971
1596470 1965
1596480 1965
1596490 1959
1596500 1952
1596510 1945
1596520 1945
1596530 1938
1596540 1932
1596550 1932
1596560 1925
1596570 1917
1596580 1916
1596590 1907
1596600 1895
1596610 1895
1596620 1885
1596630 1876
1596640 1876
1596650 1864
1596660 1855
1596670 1855
1596680 1844
1596690 1835
1596700 1835
1596710 1826
1596720 1816
1596730 1816
1596740 1808
1596750 1799
1596760 1799
1596770 1789
1596780 1777
1596790 1777
1596800 1769
1596810 1762
1596820 1749
1596830 1749
1596840 1735
1596850 1725
1596860 1725
1596870 1716
1596880 1706
1596890 1706
1596900 1698
1596910 1691
1596920 1691
1596930 1685
1596940 1678
1596950 1678
1596960 1672
1596970 1667
1596980 1667
1596990 1663
1597000 1658
1597010 1658
1597020 1652
1597030 1645
1597040 1645
1597050 1639
1597060 1632
1597070 1632
1597080 1626
1597090 1619
1597100 1619
1597110 1613
1597120 1606
1597130 1599
1597140 1599
1597150 1592
1597160 1588
1597170 1588
1597180 1582
1597190 1578
1597200 1578
1597210 1574
1597220 1569
1597230 1569
1597240 1565
1597250 1560
1597260 1560
1597270 1555
1597280 1550
1597290 1550
1597300 1545
1597310 1541
1597320 1541
1597330 1537
1597340 1534
1597350 1534
1597360 1531
1597370 1529
1597380 1529
1597390 1527
1597400 1524
1597410 1524
1597420 1522
1597430 1520
1597440 1519
1597450 1519
1597460 1518
1597470 1516
1597480 1516
1597490 1515
1597500 1513
1597510 1513
1597520 1510
1597530 1508
1597540 1508
1597550 1508
1597560 1505
1597570 1505
1597580 1503
1597590 1502
1597600 1502
1597610 1500
1597620 1498
1597630 1498
1597640 1499
1597650 1499
1597660 1499
1597670 1500
1597680 1505
1597690 1505
1597700 1511
1597710 1515
1597720 1512
1597730 1514
1597740 1515
1597750 1515
1597760 1515
1597770 1512
1597780 1512
1597790 1512
1597800 1514
1597810 1517
1597820 1517
1597830 1517
1597840 1517
1597850 1517
1597860 1519
1597870 1521
1597880 1521
1597890 1523
1597900 1523
1597910 1523
1597920 1526
1597930 1527
1597940 1527
1597950 1527
1597960 1529
1597970 1529
1597980 1533
1597990 1536
1598000 1536
1598010 1539
1598020 1543
1598030 1543
1598040 1546
1598050 1549
1598060 1554
1598070 1554
1598080 1561
1598090 1567
1598100 1567
1598110 1575
1598120 1582
1598130 1582
1598140 1587
1598150 1594
1598160 1594
1598170 1600
1598180 1603
1598190 1603
1598200 1606
1598210 1610
1598220 1610
1598230 1617
1598240 1623
1598250 1623
1598260 1628
1598270 1631
1598280 1631
1598290 1636
1598300 1640
1598310 1640
1598320 1645
1598330 1649
1598340 1649
1598350 1655
1598360 1660
1598370 1666
1598380 1666
1598390 1671
1598400 1675
1598410 1675
1598420 1679
1598430 1684
1598440 1684
1598450 1689
1598460 1694
1598470 1694
1598480 1701
1598490 1707
1598500 1707
1598510 1713
1598520 1720
1598530 1720
1598540 1723
1598550 1727
1598560 1727
1598570 1733
1598580 1740
1598590 1740
1598600 1747
1598610 1754
1598620 1754
1598630 1760
1598640 1766
1598650 1771
1598660 1771
1598670 1778
1598680 1785
1598690 1785
1598700 1793
1598710 1800
1598720 1800
1598730 1807
1598740 1815
1598750 1815
1598760 1822
1598770 1830
1598780 1830
1598790 1837
1598800 1845
1598810 1845
1598820 1853
1598830 1860
1598840 1860
1598850 1868
1598860 1875
1598870 1875
1598880 1883
1598890 1891
1598900 1891
1598910 1898
1598920 1906
1598930 1906
1598940 1914
1598950 1921
1598960 1928
1598970 1928
1598980 1936
1598990 1944
1599000 1944
1599010 1951
1599020 1957
1599030 1957
1599040 1965
1599050 1973
1599060 1973
1599070 1980
1599080 1987
1599090 1987
1599100 1994
1599110 1998
1599120 1998
1599130 2001
1599140 2004
1599150 2004
1599160 2008
1599170 2011
1599180 2011
1599190 2007
1599200 1999
1599210 1999
1599220 1991
1599230 1983
1599240 1983
1599250 1975
1599260 1967
1599270 1961
1599280 1961
1599290 1955
1599300 1949
1599310 1949
1599320 1944
1599330 1939
1599340 1939
1599350 1935
1599360 1930
1599370 1930
1599380 1926
1599390 1921
1599400 1921
1599410 1917
1599420 1913
1599430 1913
1599440 1909
1599450 1905
1599460 1905
1599470 1901
1599480 1896
1599490 1896
1599500 1892
1599510 1887
1599520 1887
1599530 1883
1599540 1878
1599550 1878
1599560 1874
1599570 1870
1599580 1867
1599590 1867
1599600 1866
1599610 1864
1599620 1864
1599630 1862
1599640 1861
1599650 1861
1599660 1860
1599670 1859
1599680 1859
1599690 1857
1599700 1856
1599710 1856
1599720 1856
1599730 1855
1599740 1855
1599750 1854
1599760 1854
1599770 1854
1599780 1854
1599790 1855
1599800 1855
1599810 1856
1599820 1856
1599830 1856
1599840 1854
1599850 1853
1599860 1853
1599870 1854
1599880 1855
1599890 1856
1599900 1856
1599910 1857
1599920 1858
1599930 1858
1599940 1858
1599950 1858
1599960 1855
1599970 1856
1599980 1857
1599990 1857
