1580000 1672
1580010 1674
1580020 1674
1580030 1677
1580040 1679
1580050 1679
1580060 1680
1580070 1665
1580080 1646
1580090 1646
1580100 1637
1580110 1633
1580120 1633
1580130 1629
1580140 1624
1580150 1624
1580160 1615
1580170 1605
1580180 1605
1580190 1601
1580200 1596
1580210 1596
1580220 1591
1580230 1586
1580240 1586
1580250 1581
1580260 1575
1580270 1575
1580280 1571
1580290 1569
1580300 1569
1580310 1567
1580320 1561
1580330 1561
1580340 1555
1580350 1547
1580360 1547
1580370 1541
1580380 1536
1580390 1531
1580400 1531
1580410 1526
1580420 1520
1580430 1520
1580440 1515
1580450 1512
1580460 1512
1580470 1507
1580480 1502
1580490 1502
1580500 1498
1580510 1495
1580520 1495
1580530 1492
1580540 1488
1580550 1488
1580560 1484
1580570 1476
1580580 1476
1580590 1469
1580600 1466
1580610 1466
1580620 1470
1580630 1471
1580640 1471
1580650 1470
1580660 1468
1580670 1468
1580680 1464
1580690 1462
1580700 1462
1580710 1458
1580720 1452
1580730 1448
1580740 1448
1580750 1444
1580760 1441
1580770 1441
1580780 1438
1580790 1437
1580800 1437
1580810 1435
1580820 1433
1580830 1433
1580840 1430
1580850 1429
1580860 1429
1580870 1425
1580880 1422
1580890 1422
1580900 1423
1580910 1427
1580920 1427
1580930 1425
1580940 1422
1580950 1422
1580960 1420
1580970 1418
1580980 1418
1580990 1416
1581000 1414
1581010 1414
1581020 1411
1581030 1407
1581040 1404
1581050 1404
1581060 1400
1581070 1396
1581080 1396
1581090 1392
1581100 1386
1581110 1386
1581120 1382
1581130 1381
1581140 1381
1581150 1380
1581160 1378
1581170 1378
1581180 1376
1581190 1375
1581200 1375
1581210 1374
1581220 1371
1581230 1371
1581240 1368
1581250 1364
1581260 1364
1581270 1361
1581280 1358
1581290 1358
1581300 1356
1581310 1353
1581320 1353
1581330 1350
1581340 1347
1581350 1343
1581360 1343
1581370 1340
1581380 1336
1581390 1336
1581400 1332
1581410 1329
1581420 1329
1581430 1326
1581440 1322
1581450 1322
1581460 1319
1581470 1316
1581480 1316
1581490 1312
1581500 1309
1581510 1309
1581520 1305
1581530 1301
1581540 1301
1581550 1297
1581560 1292
1581570 1292
1581580 1289
1581590 1287
1581600 1287
1581610 1283
1581620 1278
1581630 1278
1581640 1273
1581650 1267
1581660 1260
1581670 1260
1581680 1258
1581690 1253
1581700 1253
1581710 1249
1581720 1245
1581730 1245
1581740 1240
1581750 1235
1581760 1235
1581770 1232
1581780 1226
1581790 1226
1581800 1221
1581810 1216
1581820 1216
1581830 1212
1581840 1208
1581850 1208
1581860 1205
1581870 1203
1581880 1203
1581890 1201
1581900 1199
1581910 1199
1581920 1195
1581930 1190
1581940 1190
1581950 1187
1581960 1185
1581970 1183
1581980 1183
1581990 1184
1582000 1185
1582010 1185
1582020 1187
1582030 1190
1582040 1190
1582050 1191
1582060 1192
1582070 1192
1582080 1193
1582090 1194
1582100 1194
1582110 1195
1582120 1196
1582130 1196
1582140 1196
1582150 1198
1582160 1198
1582170 1199
1582180 1200
1582190 1200
1582200 1202
1582210 1203
1582220 1203
1582230 1207
1582240 1210
1582250 1210
1582260 1212
1582270 1213
1582280 1212
1582290 1212
1582300 1210
1582310 1207
1582320 1207
1582330 1202
1582340 1193
1582350 1193
1582360 1187
1582370 1184
1582380 1184
1582390 1186
1582400 1195
1582410 1195
1582420 1202
1582430 1212
1582440 1210
1582450 1218
1582460 1227
1582470 1227
1582480 1235
1582490 1242
1582500 1242
1582510 1248
1582520 1253
1582530 1253
1582540 1259
1582550 1266
1582560 1266
1582570 1272
1582580 1278
1582590 1278
1582600 1285
1582610 1294
1582620 1303
1582630 1303
1582640 1313
1582650 1322
1582660 1322
1582670 1329
1582680 1337
1582690 1337
1582700 1344
1582710 1351
1582720 1351
1582730 1359
1582740 1366
1582750 1366
1582760 1374
1582770 1381
1582780 1381
1582790 1386
1582800 1391
1582810 1391
1582820 1397
1582830 1403
1582840 1403
1582850 1409
1582860 1417
1582870 1417
1582880 1425
1582890 1435
1582900 1435
1582910 1443
1582920 1449
1582930 1454
1582940 1454
1582950 1457
1582960 1460
1582970 1460
1582980 1462
1582990 1464
1583000 1464
1583010 1465
1583020 1466
1583030 1466
1583040 1468
1583050 1471
1583060 1471
1583070 1473
1583080 1475
1583090 1475
1583100 1473
1583110 1472
1583120 1472
1583130 1470
1583140 1469
1583150 1469
1583160 1469
1583170 1468
1583180 1468
1583190 1468
1583200 1467
1583210 1467
1583220 1465
1583230 1463
1583240 1460
1583250 1460
1583260 1458
1583270 1455
1583280 1455
1583290 1451
1583300 1446
1583310 1446
1583320 1439
1583330 1433
1583340 1433
1583350 1428
1583360 1429
1583370 1429
1583380 1430
1583390 1429
1583400 1429
1583410 1429
1583420 1429
1583430 1429
1583440 1427
1583450 1424
1583460 1424
1583470 1421
1583480 1416
1583490 1416
1583500 1408
1583510 1401
1583520 1401
1583530 1403
1583540 1405
1583550 1404
1583560 1404
1583570 1402
1583580 1394
1583590 1394
1583600 1380
1583610 1376
1583620 1376
1583630 1383
1583640 1380
1583650 1380
1583660 1374
1583670 1367
1583680 1367
1583690 1357
1583700 1347
1583710 1347
1583720 1343
1583730 1339
1583740 1332
1583750 1328
1583760 1325
1583770 1325
1583780 1324
1583790 1324
1583800 1324
1583810 1324
1583820 1323
1583830 1323
1583840 1322
1583850 1321
1583860 1318
1583870 1318
1583880 1314
1583890 1309
1583900 1309
1583910 1309
1583920 1307
1583930 1307
1583940 1304
1583950 1301
1583960 1301
1583970 1298
1583980 1297
1583990 1297
1584000 1296
1584010 1297
1584020 1297
1584030 1296
1584040 1295
1584050 1295
1584060 1294
1584070 1292
1584080 1292
1584090 1290
1584100 1288
1584110 1288
1584120 1288
1584130 1293
1584140 1293
1584150 1299
1584160 1305
1584170 1305
1584180 1310
1584190 1316
1584200 1320
1584210 1320
1584220 1324
1584230 1326
1584240 1326
1584250 1328
1584260 1330
1584270 1330
1584280 1332
1584290 1334
1584300 1334
1584310 1336
1584320 1339
1584330 1339
1584340 1341
1584350 1344
1584360 1344
1584370 1347
1584380 1349
1584390 1349
1584400 1352
1584410 1355
1584420 1355
1584430 1358
1584440 1361
1584450 1361
1584460 1364
1584470 1366
1584480 1366
1584490 1366
1584500 1366
1584510 1367
1584520 1367
1584530 1368
1584540 1369
1584550 1369
1584560 1370
1584570 1372
1584580 1372
1584590 1377
1584600 1383
1584610 1383
1584620 1388
1584630 1395
1584640 1395
1584650 1401
1584660 1407
1584670 1407
1584680 1413
1584690 1419
1584700 1419
1584710 1425
1584720 1430
1584730 1430
1584740 1434
1584750 1436
1584760 1436
1584770 1437
1584780 1438
1584790 1438
1584800 1438
1584810 1439
1584820 1443
1584830 1443
1584840 1450
1584850 1458
1584860 1458
1584870 1464
1584880 1470
1584890 1470
1584900 1476
1584910 1483
1584920 1483
1584930 1490
1584940 1497
1584950 1497
1584960 1502
1584970 1508
1584980 1508
1584990 1513
1585000 1520
1585010 1520
1585020 1527
1585030 1535
1585040 1535
1585050 1541
1585060 1546
1585070 1546
1585080 1551
1585090 1555
1585100 1555
1585110 1559
1585120 1563
1585130 1567
1585140 1567
1585150 1571
1585160 1574
1585170 1574
1585180 1579
1585190 1584
1585200 1584
1585210 1588
1585220 1593
1585230 1593
1585240 1598
1585250 1603
1585260 1603
1585270 1608
1585280 1613
1585290 1613
1585300 1618
1585310 1623
1585320 1623
1585330 1628
1585340 1634
1585350 1634
1585360 1639
1585370 1643
1585380 1643
1585390 1648
1585400 1652
1585410 1652
1585420 1657
1585430 1663
1585440 1667
1585450 1667
1585460 1672
1585470 1676
1585480 1676
1585490 1680
1585500 1684
1585510 1684
1585520 1688
1585530 1692
1585540 1692
1585550 1696
1585560 1700
1585570 1700
1585580 1704
1585590 1708
1585600 1708
1585610 1712
1585620 1716
1585630 1716
1585640 1721
1585650 1726
1585660 1726
1585670 1731
1585680 1737
1585690 1737
1585700 1742
1585710 1748
1585720 1748
1585730 1753
1585740 1758
1585750 1758
1585760 1764
1585770 1769
1585780 1775
1585790 1775
1585800 1781
1585810 1786
1585820 1786
1585830 1792
1585840 1797
1585850 1797
1585860 1803
1585870 1809
1585880 1809
1585890 1816
1585900 1823
1585910 1823
1585920 1829
1585930 1834
1585940 1834
1585950 1839
1585960 1844
1585970 1844
1585980 1848
1585990 1852
1586000 1852
1586010 1856
1586020 1861
1586030 1861
1586040 1865
1586050 1871
1586060 1871
1586070 1878
1586080 1887
1586090 1894
1586100 1894
1586110 1901
1586120 1907
1586130 1907
1586140 1913
1586150 1918
1586160 1918
1586170 1923
1586180 1928
1586190 1928
1586200 1933
1586210 1939
1586220 1939
1586230 1945
1586240 1950
1586250 1950
1586260 1955
1586270 1959
1586280 1959
1586290 1963
1586300 1967
1586310 1967
1586320 1971
1586330 1973
1586340 1973
1586350 1970
1586360 1964
1586370 1964
1586380 1957
1586390 1949
1586400 1940
1586410 1940
1586420 1928
1586430 1918
1586440 1918
1586450 1910
1586460 1903
1586470 1903
1586480 1896
1586490 1890
1586500 1890
1586510 1883
1586520 1876
1586530 1876
1586540 1869
1586550 1863
1586560 1863
1586570 1854
1586580 1841
1586590 1841
1586600 1830
1586610 1821
1586620 1821
1586630 1812
1586640 1802
1586650 1802
1586660 1793
1586670 1784
1586680 1784
1586690 1775
1586700 1766
1586710 1759
1586720 1759
1586730 1749
1586740 1739
1586750 1739
1586760 1729
1586770 1720
1586780 1720
1586790 1713
1586800 1705
1586810 1705
1586820 1697
1586830 1689
1586840 1689
1586850 1681
1586860 1675
1586870 1675
1586880 1669
1586890 1664
1586900 1664
1586910 1659
1586920 1654
1586930 1654
1586940 1648
1586950 1643
1586960 1643
1586970 1638
1586980 1633
1586990 1633
1587000 1629
1587010 1625
1587020 1620
1587030 1620
1587040 1616
1587050 1613
1587060 1613
1587070 1610
1587080 1607
1587090 1607
1587100 1604
1587110 1602
1587120 1602
1587130 1599
1587140 1597
1587150 1597
1587160 1594
1587170 1592
1587180 1592
1587190 1590
1587200 1588
1587210 1588
1587220 1586
1587230 1585
1587240 1585
1587250 1583
1587260 1581
1587270 1581
1587280 1580
1587290 1580
1587300 1580
1587310 1582
1587320 1584
1587330 1586
1587340 1586
1587350 1590
1587360 1595
1587370 1595
1587380 1602
1587390 1607
1587400 1607
1587410 1612
1587420 1619
1587430 1619
1587440 1625
1587450 1631
1587460 1631
1587470 1636
1587480 1640
1587490 1640
1587500 1645
1587510 1651
1587520 1651
1587530 1657
1587540 1660
1587550 1660
1587560 1667
1587570 1673
1587580 1673
1587590 1679
1587600 1685
1587610 1685
1587620 1691
1587630 1696
1587640 1696
1587650 1698
1587660 1701
1587670 1704
1587680 1704
1587690 1706
1587700 1709
1587710 1709
1587720 1711
1587730 1713
1587740 1713
1587750 1715
1587760 1717
1587770 1717
1587780 1718
1587790 1720
1587800 1720
1587810 1721
1587820 1723
1587830 1723
1587840 1725
1587850 1727
1587860 1727
1587870 1728
1587880 1730
1587890 1730
1587900 1732
1587910 1734
1587920 1734
1587930 1736
1587940 1738
1587950 1738
1587960 1741
1587970 1744
1587980 1747
1587990 1747
1588000 1750
1588010 1753
1588020 1753
1588030 1756
1588040 1760
1588050 1760
1588060 1764
1588070 1768
1588080 1768
1588090 1772
1588100 1776
1588110 1776
1588120 1779
1588130 1783
1588140 1783
1588150 1786
1588160 1790
1588170 1790
1588180 1793
1588190 1797
1588200 1797
1588210 1801
1588220 1804
1588230 1804
1588240 1807
1588250 1810
1588260 1810
1588270 1814
1588280 1818
1588290 1821
1588300 1821
1588310 1824
1588320 1826
1588330 1826
1588340 1829
1588350 1831
1588360 1831
1588370 1833
1588380 1833
1588390 1833
1588400 1835
1588410 1836
1588420 1836
1588430 1836
1588440 1836
1588450 1836
1588460 1834
1588470 1831
1588480 1831
1588490 1826
1588500 1821
1588510 1821
1588520 1818
1588530 1816
1588540 1816
1588550 1815
1588560 1815
1588570 1815
1588580 1814
1588590 1814
1588600 1813
1588610 1813
1588620 1811
1588630 1808
1588640 1808
1588650 1803
1588660 1796
1588670 1796
1588680 1789
1588690 1782
1588700 1782
1588710 1776
1588720 1769
1588730 1769
1588740 1763
1588750 1756
1588760 1756
1588770 1744
1588780 1737
1588790 1737
1588800 1729
1588810 1722
1588820 1722
1588830 1714
1588840 1706
1588850 1706
1588860 1699
1588870 1691
1588880 1691
1588890 1684
1588900 1676
1588910 1669
1588920 1669
1588930 1662
1588940 1658
1588950 1658
1588960 1654
1588970 1652
1588980 1652
1588990 1651
1589000 1648
1589010 1648
1589020 1642
1589030 1637
1589040 1637
1589050 1631
1589060 1628
1589070 1628
1589080 1625
1589090 1620
1589100 1620
1589110 1613
1589120 1606
1589130 1606
1589140 1601
1589150 1595
1589160 1595
1589170 1591
1589180 1592
1589190 1592
1589200 1590
1589210 1585
1589220 1585
1589230 1583
1589240 1579
1589250 1573
1589260 1573
1589270 1567
1589280 1560
1589290 1560
1589300 1556
1589310 1555
1589320 1555
1589330 1553
1589340 1552
1589350 1552
1589360 1553
1589370 1554
1589380 1554
1589390 1552
1589400 1550
1589410 1550
1589420 1539
1589430 1527
1589440 1527
1589450 1519
1589460 1511
1589470 1511
1589480 1502
1589490 1494
1589500 1494
1589510 1486
1589520 1478
1589530 1478
1589540 1469
1589550 1459
1589560 1450
1589570 1450
1589580 1442
1589590 1433
1589600 1433
1589610 1426
1589620 1418
1589630 1418
1589640 1411
1589650 1402
1589660 1402
1589670 1393
1589680 1380
1589690 1380
1589700 1363
1589710 1347
1589720 1347
1589730 1338
1589740 1339
1589750 1339
1589760 1343
1589770 1343
1589780 1343
1589790 1345
1589800 1345
1589810 1345
1589820 1345
1589830 1345
1589840 1345
1589850 1337
1589860 1329
1589870 1321
1589880 1321
1589890 1316
1589900 1312
1589910 1312
1589920 1309
1589930 1304
1589940 1304
1589950 1298
1589960 1292
1589970 1292
1589980 1284
1589990 1275
1590000 1275
1590010 1268
1590020 1258
1590030 1258
1590040 1245
1590050 1235
1590060 1235
1590070 1224
1590080 1215
1590090 1215
1590100 1206
1590110 1198
1590120 1198
1590130 1188
1590140 1177
1590150 1177
1590160 1168
1590170 1158
1590180 1150
1590190 1150
1590200 1142
1590210 1136
1590220 1136
1590230 1131
1590240 1124
1590250 1124
1590260 1119
1590270 1115
1590280 1115
1590290 1112
1590300 1110
1590310 1110
1590320 1108
1590330 1106
1590340 1106
1590350 1103
1590360 1098
1590370 1098
1590380 1093
1590390 1089
1590400 1089
1590410 1086
1590420 1082
1590430 1082
1590440 1079
1590450 1077
1590460 1077
1590470 1075
1590480 1072
1590490 1071
1590500 1071
1590510 1069
1590520 1066
1590530 1066
1590540 1063
1590550 1060
1590560 1060
1590570 1056
1590580 1053
1590590 1053
1590600 1049
1590610 1046
1590620 1046
1590630 1044
1590640 1043
1590650 1043
1590660 1042
1590670 1042
1590680 1042
1590690 1042
1590700 1041
1590710 1041
1590720 1040
1590730 1039
1590740 1039
1590750 1040
1590760 1040
1590770 1040
1590780 1040
1590790 1040
1590800 1040
1590810 1040
1590820 1040
1590830 1040
1590840 1040
1590850 1040
1590860 1040
1590870 1040
1590880 1041
1590890 1041
1590900 1041
1590910 1042
1590920 1043
1590930 1043
1590940 1047
1590950 1053
1590960 1053
1590970 1059
1590980 1063
1590990 1063
1591000 1063
1591010 1065
1591020 1065
1591030 1071
1591040 1074
1591050 1074
1591060 1075
1591070 1078
1591080 1078
1591090 1081
1591100 1084
1591110 1084
1591120 1086
1591130 1087
1591140 1089
1591150 1089
1591160 1092
1591170 1094
1591180 1094
1591190 1097
1591200 1101
1591210 1101
1591220 1105
1591230 1108
1591240 1108
1591250 1112
1591260 1115
1591270 1115
1591280 1118
1591290 1121
1591300 1121
1591310 1125
1591320 1128
1591330 1128
1591340 1131
1591350 1135
1591360 1135
1591370 1140
1591380 1144
1591390 1144
1591400 1149
1591410 1153
1591420 1153
1591430 1159
1591440 1165
1591450 1171
1591460 1171
1591470 1178
1591480 1186
1591490 1186
1591500 1194
1591510 1201
1591520 1201
1591530 1207
1591540 1212
1591550 1212
1591560 1217
1591570 1222
1591580 1222
1591590 1226
1591600 1232
1591610 1232
1591620 1237
1591630 1243
1591640 1243
1591650 1248
1591660 1254
1591670 1254
1591680 1260
1591690 1266
1591700 1266
1591710 1272
1591720 1279
1591730 1279
1591740 1286
1591750 1293
1591760 1300
1591770 1300
1591780 1307
1591790 1314
1591800 1314
1591810 1321
1591820 1328
1591830 1328
1591840 1335
1591850 1342
1591860 1342
1591870 1347
1591880 1352
1591890 1352
1591900 1358
1591910 1364
1591920 1364
1591930 1370
1591940 1377
1591950 1377
1591960 1385
1591970 1392
1591980 1392
1591990 1400
1592000 1408
1592010 1408
1592020 1415
1592030 1421
1592040 1421
1592050 1421
1592060 1417
1592070 1413
1592080 1413
1592090 1409
1592100 1405
1592110 1405
1592120 1401
1592130 1396
1592140 1396
1592150 1391
1592160 1388
1592170 1388
1592180 1386
1592190 1386
1592200 1386
1592210 1387
1592220 1389
1592230 1389
1592240 1391
1592250 1394
1592260 1394
1592270 1397
1592280 1398
1592290 1398
1592300 1400
1592310 1402
1592320 1402
1592330 1402
1592340 1402
1592350 1402
1592360 1401
1592370 1401
1592380 1401
1592390 1406
1592400 1404
1592410 1403
1592420 1403
1592430 1403
1592440 1404
1592450 1404
1592460 1405
1592470 1407
1592480 1407
1592490 1412
1592500 1415
1592510 1415
1592520 1418
1592530 1420
1592540 1420
1592550 1422
1592560 1423
1592570 1423
1592580 1424
1592590 1424
1592600 1424
1592610 1424
1592620 1426
1592630 1426
1592640 1426
1592650 1426
1592660 1426
1592670 1428
1592680 1430
1592690 1430
1592700 1433
1592710 1436
1592720 1440
1592730 1440
1592740 1443
1592750 1446
1592760 1446
1592770 1450
1592780 1452
1592790 1452
1592800 1455
1592810 1459
1592820 1459
1592830 1464
1592840 1469
1592850 1469
1592860 1474
1592870 1479
1592880 1479
1592890 1485
1592900 1490
1592910 1490
1592920 1496
1592930 1501
1592940 1501
1592950 1507
1592960 1513
1592970 1513
1592980 1519
1592990 1526
1593000 1526
1593010 1532
1593020 1539
1593030 1545
1593040 1545
1593050 1551
1593060 1557
1593070 1557
1593080 1560
1593090 1559
1593100 1559
1593110 1553
1593120 1544
1593130 1544
1593140 1536
1593150 1527
1593160 1527
1593170 1520
1593180 1512
1593190 1512
1593200 1505
1593210 1497
1593220 1497
1593230 1490
1593240 1483
1593250 1483
1593260 1476
1593270 1469
1593280 1469
1593290 1463
1593300 1456
1593310 1456
1593320 1450
1593330 1445
1593340 1440
1593350 1440
1593360 1435
1593370 1430
1593380 1430
1593390 1425
1593400 1420
1593410 1420
1593420 1415
1593430 1409
1593440 1409
1593450 1405
1593460 1402
1593470 1402
1593480 1401
1593490 1399
1593500 1399
1593510 1398
1593520 1397
1593530 1397
1593540 1397
1593550 1397
1593560 1397
1593570 1401
1593580 1402
1593590 1402
1593600 1405
1593610 1407
1593620 1407
1593630 1410
1593640 1412
1593650 1411
1593660 1411
1593670 1406
1593680 1397
1593690 1397
1593700 1395
1593710 1402
1593720 1402
1593730 1408
1593740 1414
1593750 1414
1593760 1418
1593770 1422
1593780 1422
1593790 1423
1593800 1424
1593810 1424
1593820 1425
1593830 1427
1593840 1427
1593850 1428
1593860 1426
1593870 1426
1593880 1422
1593890 1424
1593900 1424
1593910 1432
1593920 1440
1593930 1440
1593940 1448
1593950 1456
1593960 1456
1593970 1464
1593980 1473
1593990 1481
1594000 1481
1594010 1488
1594020 1496
1594030 1496
1594040 1504
1594050 1512
1594060 1512
1594070 1520
1594080 1528
1594090 1528
1594100 1536
1594110 1545
1594120 1545
1594130 1552
1594140 1559
1594150 1559
1594160 1565
1594170 1571
1594180 1571
1594190 1576
1594200 1580
1594210 1580
1594220 1584
1594230 1587
1594240 1587
1594250 1590
1594260 1593
1594270 1593
1594280 1596
1594290 1600
1594300 1605
1594310 1605
1594320 1610
1594330 1616
1594340 1616
1594350 1622
1594360 1627
1594370 1627
1594380 1633
1594390 1639
1594400 1639
1594410 1644
1594420 1649
1594430 1649
1594440 1653
1594450 1657
1594460 1657
1594470 1660
1594480 1663
1594490 1663
1594500 1666
1594510 1669
1594520 1669
1594530 1671
1594540 1672
1594550 1672
1594560 1671
1594570 1666
1594580 1666
1594590 1665
1594600 1661
1594610 1660
1594620 1660
1594630 1660
1594640 1657
1594650 1657
1594660 1658
1594670 1658
1594680 1658
1594690 1658
1594700 1657
1594710 1657
1594720 1658
1594730 1666
1594740 1666
1594750 1665
1594760 1663
1594770 1663
1594780 1669
1594790 1677
1594800 1677
1594810 1683
1594820 1690
1594830 1690
1594840 1697
1594850 1704
1594860 1704
1594870 1711
1594880 1719
1594890 1719
1594900 1726
1594910 1733
1594920 1740
1594930 1740
1594940 1748
1594950 1755
1594960 1755
1594970 1762
1594980 1770
1594990 1770
1595000 1778
1595010 1785
1595020 1785
1595030 1792
1595040 1799
1595050 1799
1595060 1805
1595070 1811
1595080 1811
1595090 1812
1595100 1811
1595110 1811
1595120 1811
1595130 1810
1595140 1810
1595150 1810
1595160 1811
1595170 1811
1595180 1811
1595190 1812
1595200 1812
1595210 1812
1595220 1811
1595230 1807
1595240 1807
1595250 1804
1595260 1801
1595270 1801
1595280 1800
1595290 1797
1595300 1797
1595310 1794
1595320 1788
1595330 1788
1595340 1790
1595350 1790
1595360 1790
1595370 1790
1595380 1795
1595390 1795
1595400 1803
1595410 1809
1595420 1809
1595430 1815
1595440 1822
1595450 1822
1595460 1828
1595470 1834
1595480 1834
1595490 1841
1595500 1847
1595510 1847
1595520 1853
1595530 1859
1595540 1865
1595550 1865
1595560 1872
1595570 1878
1595580 1878
1595590 1884
1595600 1890
1595610 1890
1595620 1897
1595630 1904
1595640 1904
1595650 1911
1595660 1918
1595670 1918
1595680 1924
1595690 1930
1595700 1930
1595710 1936
1595720 1943
1595730 1943
1595740 1950
1595750 1956
1595760 1956
1595770 1962
1595780 1969
1595790 1969
1595800 1975
1595810 1980
1595820 1980
1595830 1986
1595840 1991
1595850 1991
1595860 1996
1595870 2000
1595880 2004
1595890 2004
1595900 2007
1595910 2009
1595920 2009
1595930 2011
1595940 2013
1595950 2013
1595960 2013
1595970 2014
1595980 2014
1595990 2014
1596000 2014
1596010 2014
1596020 2012
1596030 2010
1596040 2010
1596050 2008
1596060 2005
1596070 2005
1596080 1999
1596090 1993
1596100 1993
1596110 1990
1596120 1987
1596130 1987
1596140 1982
1596150 1976
1596160 1976
1596170 1969
1596180 1966
1596190 1961
1596200 1961
1596210 1958
1596220 1955
1596230 1955
1596240 1949
1596250 1939
1596260 1939
1596270 1929
1596280 1919
1596290 1919
1596300 1908
1596310 1898
1596320 1898
1596330 1890
1596340 1881
1596350 1881
1596360 1872
1596370 1859
1596380 1859
1596390 1846
1596400 1838
1596410 1838
1596420 1828
1596430 1818
1596440 1818
1596450 1807
1596460 1798
1596470 1798
1596480 1788
1596490 1779
1596500 1771
1596510 1771
1596520 1761
1596530 1750
1596540 1750
1596550 1744
1596560 1737
1596570 1737
1596580 1730
1596590 1723
1596600 1723
1596610 1716
1596620 1710
1596630 1710
1596640 1705
1596650 1700
1596660 1700
1596670 1692
1596680 1683
1596690 1683
1596700 1675
1596710 1669
1596720 1669
1596730 1663
1596740 1658
1596750 1658
1596760 1651
1596770 1642
1596780 1642
1596790 1637
1596800 1627
1596810 1613
1596820 1613
1596830 1607
1596840 1597
1596850 1597
1596860 1584
1596870 1570
1596880 1570
1596890 1557
1596900 1546
1596910 1546
1596920 1536
1596930 1527
1596940 1527
1596950 1520
1596960 1513
1596970 1513
1596980 1506
1596990 1499
1597000 1499
1597010 1490
1597020 1480
1597030 1478
1597040 1469
1597050 1460
1597060 1460
1597070 1450
1597080 1441
1597090 1441
1597100 1432
1597110 1423
1597120 1415
1597130 1415
1597140 1407
1597150 1399
1597160 1399
1597170 1392
1597180 1385
1597190 1385
1597200 1377
1597210 1371
1597220 1371
1597230 1365
1597240 1359
1597250 1359
1597260 1347
1597270 1338
1597280 1338
1597290 1330
1597300 1322
1597310 1322
1597320 1314
1597330 1306
1597340 1306
1597350 1299
1597360 1292
1597370 1292
1597380 1286
1597390 1280
1597400 1280
1597410 1276
1597420 1273
1597430 1273
1597440 1270
1597450 1266
1597460 1261
1597470 1261
1597480 1254
1597490 1248
1597500 1248
1597510 1242
1597520 1236
1597530 1236
1597540 1231
1597550 1228
1597560 1228
1597570 1227
1597580 1225
1597590 1225
1597600 1222
1597610 1220
1597620 1220
1597630 1218
1597640 1215
1597650 1215
1597660 1213
1597670 1211
1597680 1211
1597690 1206
1597700 1205
1597710 1205
1597720 1205
1597730 1205
1597740 1205
1597750 1205
1597760 1207
1597770 1211
1597780 1211
1597790 1213
1597800 1213
1597810 1213
1597820 1213
1597830 1213
1597840 1213
1597850 1213
1597860 1212
1597870 1212
1597880 1213
1597890 1213
1597900 1213
1597910 1214
1597920 1215
1597930 1215
1597940 1216
1597950 1217
1597960 1217
1597970 1219
1597980 1221
1597990 1221
1598000 1223
1598010 1226
1598020 1226
1598030 1232
1598040 1241
1598050 1241
1598060 1247
1598070 1252
1598080 1258
1598090 1258
1598100 1264
1598110 1270
1598120 1270
1598130 1277
1598140 1283
1598150 1283
1598160 1289
1598170 1296
1598180 1296
1598190 1303
1598200 1310
1598210 1310
1598220 1317
1598230 1325
1598240 1325
1598250 1333
1598260 1341
1598270 1341
1598280 1353
1598290 1369
1598300 1369
1598310 1377
1598320 1384
1598330 1384
1598340 1392
1598350 1400
1598360 1400
1598370 1409
1598380 1416
1598390 1422
1598400 1422
1598410 1425
1598420 1431
1598430 1431
1598440 1438
1598450 1447
1598460 1447
1598470 1455
1598480 1463
1598490 1463
1598500 1470
1598510 1477
1598520 1477
1598530 1484
1598540 1492
1598550 1492
1598560 1499
1598570 1506
1598580 1506
1598590 1513
1598600 1521
1598610 1521
1598620 1528
1598630 1536
1598640 1536
1598650 1544
1598660 1552
1598670 1552
1598680 1559
1598690 1567
1598700 1574
1598710 1574
1598720 1581
1598730 1589
1598740 1589
1598750 1597
1598760 1607
1598770 1607
1598780 1616
1598790 1623
1598800 1623
1598810 1631
1598820 1638
1598830 1638
1598840 1645
1598850 1651
1598860 1651
1598870 1657
1598880 1664
1598890 1664
1598900 1672
1598910 1679
1598920 1679
1598930 1687
1598940 1695
1598950 1695
1598960 1702
1598970 1709
1598980 1709
1598990 1715
1599000 1722
1599010 1722
1599020 1730
1599030 1737
1599040 1744
1599050 1744
1599060 1751
1599070 1758
1599080 1758
1599090 1765
1599100 1770
1599110 1770
1599120 1773
1599130 1774
1599140 1774
1599150 1777
1599160 1780
1599170 1780
1599180 1783
1599190 1787
1599200 1787
1599210 1792
1599220 1798
1599230 1798
1599240 1803
1599250 1809
1599260 1809
1599270 1815
1599280 1825
1599290 1825
1599300 1830
1599310 1834
1599320 1834
1599330 1838
1599340 1842
1599350 1846
1599360 1846
1599370 1850
1599380 1854
1599390 1854
1599400 1857
1599410 1860
1599420 1860
1599430 1862
1599440 1864
1599450 1864
1599460 1866
1599470 1869
1599480 1869
1599490 1874
1599500 1880
1599510 1880
1599520 1887
1599530 1894
1599540 1894
1599550 1901
1599560 1908
1599570 1908
1599580 1915
1599590 1922
1599600 1922
1599610 1929
1599620 1937
1599630 1937
1599640 1945
1599650 1952
1599660 1960
1599670 1960
1599680 1968
1599690 1962
1599700 1962
1599710 1943
1599720 1925
1599730 1925
1599740 1911
1599750 1900
1599760 1900
1599770 1884
1599780 1873
1599790 1873
1599800 1865
1599810 1857
1599820 1857
1599830 1849
1599840 1842
1599850 1842
1599860 1835
1599870 1829
1599880 1829
1599890 1825
1599900 1822
1599910 1822
1599920 1819
1599930 1817
1599940 1817
1599950 1814
1599960 1812
1599970 1809
1599980 1809
1599990 1808
