1580000 1655
1580010 1657
1580020 1657
1580030 1659
1580040 1660
1580050 1661
1580060 1661
1580070 1662
1580080 1659
1580090 1659
1580100 1648
1580110 1631
1580120 1631
1580130 1619
1580140 1610
1580150 1610
1580160 1602
1580170 1592
1580180 1592
1580190 1584
1580200 1578
1580210 1578
1580220 1574
1580230 1569
1580240 1569
1580250 1564
1580260 1559
1580270 1559
1580280 1554
1580290 1551
1580300 1551
1580310 1548
1580320 1544
1580330 1544
1580340 1539
1580350 1534
1580360 1529
1580370 1529
1580380 1524
1580390 1518
1580400 1518
1580410 1511
1580420 1507
1580430 1507
1580440 1501
1580450 1497
1580460 1497
1580470 1493
1580480 1488
1580490 1488
1580500 1484
1580510 1481
1580520 1481
1580530 1479
1580540 1476
1580550 1476
1580560 1475
1580570 1473
1580580 1473
1580590 1470
1580600 1465
1580610 1465
1580620 1459
1580630 1456
1580640 1456
1580650 1453
1580660 1450
1580670 1447
1580680 1447
1580690 1445
1580700 1444
1580710 1444
1580720 1444
1580730 1442
1580740 1442
1580750 1439
1580760 1433
1580770 1433
1580780 1426
1580790 1420
1580800 1420
1580810 1414
1580820 1410
1580830 1410
1580840 1406
1580850 1404
1580860 1404
1580870 1401
1580880 1399
1580890 1399
1580900 1400
1580910 1402
1580920 1402
1580930 1404
1580940 1407
1580950 1407
1580960 1405
1580970 1401
1580980 1400
1580990 1400
1581000 1399
1581010 1396
1581020 1396
1581030 1394
1581040 1390
1581050 1390
1581060 1386
1581070 1382
1581080 1382
1581090 1379
1581100 1376
1581110 1376
1581120 1372
1581130 1369
1581140 1369
1581150 1365
1581160 1363
1581170 1363
1581180 1360
1581190 1357
1581200 1359
1581210 1356
1581220 1354
1581230 1354
1581240 1351
1581250 1348
1581260 1348
1581270 1345
1581280 1342
1581290 1342
1581300 1339
1581310 1337
1581320 1334
1581330 1334
1581340 1332
1581350 1329
1581360 1329
1581370 1326
1581380 1324
1581390 1324
1581400 1322
1581410 1320
1581420 1320
1581430 1318
1581440 1316
1581450 1316
1581460 1314
1581470 1311
1581480 1311
1581490 1308
1581500 1304
1581510 1304
1581520 1298
1581530 1292
1581540 1292
1581550 1287
1581560 1279
1581570 1279
1581580 1274
1581590 1270
1581600 1270
1581610 1264
1581620 1258
1581630 1254
1581640 1254
1581650 1250
1581660 1246
1581670 1246
1581680 1242
1581690 1239
1581700 1239
1581710 1235
1581720 1231
1581730 1231
1581740 1227
1581750 1225
1581760 1225
1581770 1221
1581780 1218
1581790 1218
1581800 1213
1581810 1207
1581820 1207
1581830 1205
1581840 1203
1581850 1203
1581860 1201
1581870 1199
1581880 1199
1581890 1198
1581900 1200
1581910 1200
1581920 1202
1581930 1202
1581940 1201
1581950 1201
1581960 1201
1581970 1205
1581980 1205
1581990 1207
1582000 1208
1582010 1208
1582020 1208
1582030 1210
1582040 1210
1582050 1212
1582060 1213
1582070 1213
1582080 1214
1582090 1215
1582100 1215
1582110 1216
1582120 1218
1582130 1218
1582140 1219
1582150 1219
1582160 1219
1582170 1220
1582180 1222
1582190 1222
1582200 1223
1582210 1225
1582220 1225
1582230 1227
1582240 1230
1582250 1232
1582260 1232
1582270 1234
1582280 1234
1582290 1234
1582300 1231
1582310 1227
1582320 1227
1582330 1223
1582340 1220
1582350 1220
1582360 1216
1582370 1209
1582380 1209
1582390 1204
1582400 1201
1582410 1201
1582420 1204
1582430 1213
1582440 1213
1582450 1221
1582460 1227
1582470 1227
1582480 1233
1582490 1240
1582500 1240
1582510 1252
1582520 1258
1582530 1258
1582540 1264
1582550 1269
1582560 1276
1582570 1276
1582580 1283
1582590 1291
1582600 1291
1582610 1299
1582620 1307
1582630 1307
1582640 1316
1582650 1324
1582660 1324
1582670 1333
1582680 1340
1582690 1340
1582700 1349
1582710 1357
1582720 1357
1582730 1366
1582740 1374
1582750 1374
1582760 1382
1582770 1388
1582780 1388
1582790 1393
1582800 1398
1582810 1398
1582820 1403
1582830 1408
1582840 1408
1582850 1413
1582860 1419
1582870 1425
1582880 1425
1582890 1429
1582900 1432
1582910 1432
1582920 1434
1582930 1437
1582940 1437
1582950 1440
1582960 1443
1582970 1443
1582980 1447
1582990 1451
1583000 1451
1583010 1455
1583020 1460
1583030 1460
1583040 1464
1583050 1469
1583060 1469
1583070 1473
1583080 1478
1583090 1478
1583100 1482
1583110 1485
1583120 1485
1583130 1486
1583140 1486
1583150 1486
1583160 1487
1583170 1487
1583180 1487
1583190 1487
1583200 1486
1583210 1485
1583220 1485
1583230 1483
1583240 1481
1583250 1481
1583260 1479
1583270 1477
1583280 1477
1583290 1474
1583300 1471
1583310 1471
1583320 1469
1583330 1466
1583340 1466
1583350 1464
1583360 1462
1583370 1462
1583380 1462
1583390 1461
1583400 1461
1583410 1459
1583420 1457
1583430 1457
1583440 1454
1583450 1450
1583460 1450
1583470 1444
1583480 1437
1583490 1437
1583500 1436
1583510 1440
1583520 1441
1583530 1441
1583540 1440
1583550 1436
1583560 1436
1583570 1431
1583580 1426
1583590 1426
1583600 1423
1583610 1420
1583620 1420
1583630 1424
1583640 1425
1583650 1425
1583660 1423
1583670 1415
1583680 1415
1583690 1406
1583700 1400
1583710 1400
1583720 1396
1583730 1387
1583740 1387
1583750 1375
1583760 1366
1583770 1366
1583780 1361
1583790 1358
1583800 1358
1583810 1350
1583820 1348
1583830 1344
1583840 1344
1583850 1338
1583860 1335
1583870 1335
1583880 1334
1583890 1334
1583900 1334
1583910 1331
1583920 1327
1583930 1327
1583940 1324
1583950 1323
1583960 1323
1583970 1322
1583980 1320
1583990 1320
1584000 1319
1584010 1319
1584020 1319
1584030 1322
1584040 1321
1584050 1321
1584060 1320
1584070 1318
1584080 1318
1584090 1315
1584100 1312
1584110 1312
1584120 1308
1584130 1305
1584140 1301
1584150 1301
1584160 1298
1584170 1297
1584180 1297
1584190 1300
1584200 1305
1584210 1305
1584220 1310
1584230 1315
1584240 1315
1584250 1320
1584260 1325
1584270 1325
1584280 1329
1584290 1333
1584300 1333
1584310 1335
1584320 1337
1584330 1337
1584340 1339
1584350 1341
1584360 1341
1584370 1344
1584380 1346
1584390 1346
1584400 1348
1584410 1350
1584420 1350
1584430 1353
1584440 1356
1584450 1358
1584460 1358
1584470 1359
1584480 1362
1584490 1362
1584500 1365
1584510 1368
1584520 1368
1584530 1370
1584540 1371
1584550 1371
1584560 1373
1584570 1374
1584580 1374
1584590 1375
1584600 1378
1584610 1378
1584620 1384
1584630 1386
1584640 1386
1584650 1393
1584660 1400
1584670 1400
1584680 1407
1584690 1414
1584700 1414
1584710 1422
1584720 1430
1584730 1430
1584740 1436
1584750 1444
1584760 1452
1584770 1452
1584780 1459
1584790 1466
1584800 1466
1584810 1470
1584820 1473
1584830 1473
1584840 1477
1584850 1479
1584860 1479
1584870 1482
1584880 1483
1584890 1483
1584900 1483
1584910 1483
1584920 1483
1584930 1483
1584940 1487
1584950 1487
1584960 1491
1584970 1497
1584980 1497
1584990 1504
1585000 1510
1585010 1510
1585020 1515
1585030 1520
1585040 1520
1585050 1525
1585060 1529
1585070 1529
1585080 1533
1585090 1540
1585100 1544
1585110 1544
1585120 1548
1585130 1553
1585140 1553
1585150 1558
1585160 1563
1585170 1563
1585180 1567
1585190 1572
1585200 1572
1585210 1577
1585220 1582
1585230 1582
1585240 1587
1585250 1592
1585260 1592
1585270 1597
1585280 1603
1585290 1603
1585300 1608
1585310 1613
1585320 1613
1585330 1618
1585340 1622
1585350 1622
1585360 1627
1585370 1632
1585380 1632
1585390 1636
1585400 1640
1585410 1644
1585420 1644
1585430 1649
1585440 1653
1585450 1653
1585460 1657
1585470 1661
1585480 1661
1585490 1663
1585500 1667
1585510 1667
1585520 1672
1585530 1677
1585540 1677
1585550 1682
1585560 1687
1585570 1687
1585580 1694
1585590 1701
1585600 1701
1585610 1708
1585620 1714
1585630 1714
1585640 1720
1585650 1725
1585660 1725
1585670 1731
1585680 1737
1585690 1737
1585700 1743
1585710 1749
1585720 1755
1585730 1755
1585740 1760
1585750 1766
1585760 1766
1585770 1772
1585780 1778
1585790 1778
1585800 1783
1585810 1789
1585820 1789
1585830 1795
1585840 1800
1585850 1800
1585860 1806
1585870 1812
1585880 1812
1585890 1818
1585900 1825
1585910 1825
1585920 1831
1585930 1836
1585940 1836
1585950 1840
1585960 1845
1585970 1845
1585980 1851
1585990 1856
1586000 1856
1586010 1862
1586020 1868
1586030 1875
1586040 1875
1586050 1882
1586060 1889
1586070 1889
1586080 1895
1586090 1901
1586100 1901
1586110 1907
1586120 1914
1586130 1914
1586140 1919
1586150 1925
1586160 1925
1586170 1931
1586180 1936
1586190 1936
1586200 1941
1586210 1947
1586220 1947
1586230 1952
1586240 1958
1586250 1958
1586260 1963
1586270 1968
1586280 1968
1586290 1972
1586300 1975
1586310 1975
1586320 1973
1586330 1973
1586340 1972
1586350 1971
1586360 1970
1586370 1966
1586380 1966
1586390 1962
1586400 1956
1586410 1956
1586420 1950
1586430 1940
1586440 1940
1586450 1927
1586460 1914
1586470 1914
1586480 1903
1586490 1893
1586500 1893
1586510 1885
1586520 1879
1586530 1879
1586540 1870
1586550 1861
1586560 1861
1586570 1850
1586580 1835
1586590 1835
1586600 1820
1586610 1810
1586620 1810
1586630 1802
1586640 1796
1586650 1796
1586660 1791
1586670 1788
1586680 1789
1586690 1789
1586700 1780
1586710 1768
1586720 1768
1586730 1761
1586740 1757
1586750 1757
1586760 1750
1586770 1743
1586780 1743
1586790 1740
1586800 1733
1586810 1733
1586820 1713
1586830 1696
1586840 1696
1586850 1679
1586860 1670
1586870 1670
1586880 1663
1586890 1658
1586900 1658
1586910 1652
1586920 1646
1586930 1646
1586940 1640
1586950 1636
1586960 1636
1586970 1633
1586980 1629
1586990 1626
1587000 1626
1587010 1622
1587020 1619
1587030 1619
1587040 1615
1587050 1612
1587060 1612
1587070 1609
1587080 1606
1587090 1606
1587100 1604
1587110 1601
1587120 1601
1587130 1598
1587140 1596
1587150 1596
1587160 1595
1587170 1593
1587180 1593
1587190 1591
1587200 1589
1587210 1589
1587220 1588
1587230 1587
1587240 1587
1587250 1585
1587260 1583
1587270 1583
1587280 1583
1587290 1583
1587300 1584
1587310 1584
1587320 1585
1587330 1588
1587340 1588
1587350 1592
1587360 1599
1587370 1599
1587380 1605
1587390 1611
1587400 1611
1587410 1617
1587420 1622
1587430 1622
1587440 1629
1587450 1635
1587460 1635
1587470 1640
1587480 1645
1587490 1645
1587500 1651
1587510 1658
1587520 1658
1587530 1665
1587540 1671
1587550 1671
1587560 1677
1587570 1684
1587580 1684
1587590 1690
1587600 1695
1587610 1701
1587620 1701
1587630 1706
1587640 1711
1587650 1711
1587660 1715
1587670 1719
1587680 1719
1587690 1722
1587700 1726
1587710 1726
1587720 1729
1587730 1732
1587740 1732
1587750 1734
1587760 1736
1587770 1736
1587780 1738
1587790 1740
1587800 1740
1587810 1742
1587820 1744
1587830 1744
1587840 1746
1587850 1748
1587860 1748
1587870 1750
1587880 1752
1587890 1752
1587900 1754
1587910 1756
1587920 1758
1587930 1758
1587940 1760
1587950 1762
1587960 1762
1587970 1764
1587980 1767
1587990 1767
1588000 1770
1588010 1772
1588020 1772
1588030 1775
1588040 1778
1588050 1778
1588060 1782
1588070 1785
1588080 1785
1588090 1789
1588100 1792
1588110 1792
1588120 1796
1588130 1800
1588140 1800
1588150 1803
1588160 1807
1588170 1807
1588180 1810
1588190 1813
1588200 1813
1588210 1816
1588220 1819
1588230 1823
1588240 1823
1588250 1826
1588260 1829
1588270 1829
1588280 1831
1588290 1835
1588300 1835
1588310 1838
1588320 1842
1588330 1842
1588340 1845
1588350 1846
1588360 1846
1588370 1848
1588380 1849
1588390 1849
1588400 1847
1588410 1841
1588420 1841
1588430 1835
1588440 1830
1588450 1830
1588460 1823
1588470 1816
1588480 1816
1588490 1811
1588500 1806
1588510 1806
1588520 1802
1588530 1798
1588540 1798
1588550 1796
1588560 1793
1588570 1792
1588580 1792
1588590 1791
1588600 1789
1588610 1789
1588620 1787
1588630 1785
1588640 1785
1588650 1782
1588660 1778
1588670 1778
1588680 1775
1588690 1772
1588700 1772
1588710 1769
1588720 1767
1588730 1767
1588740 1764
1588750 1762
1588760 1762
1588770 1759
1588780 1753
1588790 1753
1588800 1746
1588810 1739
1588820 1739
1588830 1728
1588840 1721
1588850 1721
1588860 1714
1588870 1707
1588880 1701
1588890 1701
1588900 1698
1588910 1693
1588920 1693
1588930 1690
1588940 1688
1588950 1688
1588960 1686
1588970 1684
1588980 1684
1588990 1680
1589000 1674
1589010 1674
1589020 1669
1589030 1665
1589040 1665
1589050 1660
1589060 1654
1589070 1654
1589080 1648
1589090 1640
1589100 1640
1589110 1635
1589120 1631
1589130 1631
1589140 1627
1589150 1625
1589160 1625
1589170 1625
1589180 1625
1589190 1624
1589200 1624
1589210 1619
1589220 1611
1589230 1611
1589240 1602
1589250 1596
1589260 1596
1589270 1593
1589280 1591
1589290 1591
1589300 1588
1589310 1587
1589320 1587
1589330 1587
1589340 1585
1589350 1585
1589360 1577
1589370 1568
1589380 1568
1589390 1560
1589400 1552
1589410 1552
1589420 1545
1589430 1537
1589440 1537
1589450 1528
1589460 1515
1589470 1515
1589480 1499
1589490 1487
1589500 1476
1589510 1476
1589520 1465
1589530 1451
1589540 1451
1589550 1437
1589560 1429
1589570 1429
1589580 1422
1589590 1413
1589600 1413
1589610 1405
1589620 1399
1589630 1399
1589640 1399
1589650 1400
1589660 1400
1589670 1399
1589680 1394
1589690 1394
1589700 1392
1589710 1387
1589720 1387
1589730 1383
1589740 1383
1589750 1383
1589760 1383
1589770 1382
1589780 1382
1589790 1381
1589800 1377
1589810 1372
1589820 1372
1589830 1364
1589840 1353
1589850 1353
1589860 1341
1589870 1333
1589880 1333
1589890 1325
1589900 1316
1589910 1316
1589920 1307
1589930 1296
1589940 1296
1589950 1286
1589960 1276
1589970 1276
1589980 1267
1589990 1257
1590000 1257
1590010 1244
1590020 1233
1590030 1233
1590040 1222
1590050 1223
1590060 1223
1590070 1212
1590080 1198
1590090 1198
1590100 1195
1590110 1196
1590120 1196
1590130 1194
1590140 1190
1590150 1184
1590160 1184
1590170 1178
1590180 1171
1590190 1171
1590200 1164
1590210 1158
1590220 1158
1590230 1153
1590240 1148
1590250 1148
1590260 1142
1590270 1136
1590280 1136
1590290 1131
1590300 1125
1590310 1125
1590320 1119
1590330 1113
1590340 1113
1590350 1107
1590360 1100
1590370 1100
1590380 1093
1590390 1088
1590400 1088
1590410 1083
1590420 1078
1590430 1078
1590440 1074
1590450 1071
1590460 1068
1590470 1068
1590480 1065
1590490 1064
1590500 1064
1590510 1062
1590520 1060
1590530 1060
1590540 1058
1590550 1056
1590560 1056
1590570 1054
1590580 1051
1590590 1051
1590600 1049
1590610 1045
1590620 1045
1590630 1043
1590640 1043
1590650 1043
1590660 1043
1590670 1042
1590680 1042
1590690 1041
1590700 1040
1590710 1040
1590720 1040
1590730 1041
1590740 1041
1590750 1041
1590760 1041
1590770 1041
1590780 1041
1590790 1041
1590800 1041
1590810 1041
1590820 1041
1590830 1041
1590840 1041
1590850 1041
1590860 1041
1590870 1041
1590880 1043
1590890 1044
1590900 1044
1590910 1046
1590920 1049
1590930 1049
1590940 1051
1590950 1054
1590960 1054
1590970 1059
1590980 1064
1590990 1064
1591000 1069
1591010 1074
1591020 1074
1591030 1077
1591040 1078
1591050 1078
1591060 1079
1591070 1080
1591080 1081
1591090 1081
1591100 1082
1591110 1084
1591120 1084
1591130 1086
1591140 1088
1591150 1088
1591160 1090
1591170 1092
1591180 1092
1591190 1094
1591200 1096
1591210 1096
1591220 1099
1591230 1102
1591240 1102
1591250 1105
1591260 1109
1591270 1109
1591280 1112
1591290 1115
1591300 1115
1591310 1118
1591320 1121
1591330 1121
1591340 1126
1591350 1131
1591360 1131
1591370 1135
1591380 1140
1591390 1145
1591400 1145
1591410 1150
1591420 1156
1591430 1156
1591440 1161
1591450 1166
1591460 1166
1591470 1171
1591480 1177
1591490 1177
1591500 1183
1591510 1189
1591520 1189
1591530 1195
1591540 1202
1591550 1202
1591560 1209
1591570 1215
1591580 1215
1591590 1221
1591600 1226
1591610 1226
1591620 1232
1591630 1238
1591640 1238
1591650 1243
1591660 1249
1591670 1249
1591680 1256
1591690 1262
1591700 1262
1591710 1268
1591720 1274
1591730 1280
1591740 1280
1591750 1285
1591760 1292
1591770 1292
1591780 1298
1591790 1305
1591800 1305
1591810 1312
1591820 1318
1591830 1318
1591840 1325
1591850 1332
1591860 1332
1591870 1338
1591880 1343
1591890 1343
1591900 1350
1591910 1358
1591920 1358
1591930 1366
1591940 1374
1591950 1374
1591960 1382
1591970 1391
1591980 1391
1591990 1398
1592000 1403
1592010 1403
1592020 1402
1592030 1398
1592040 1394
1592050 1394
1592060 1390
1592070 1386
1592080 1386
1592090 1381
1592100 1377
1592110 1377
1592120 1373
1592130 1369
1592140 1369
1592150 1366
1592160 1364
1592170 1364
1592180 1363
1592190 1364
1592200 1364
1592210 1364
1592220 1366
1592230 1366
1592240 1368
1592250 1370
1592260 1370
1592270 1373
1592280 1374
1592290 1374
1592300 1375
1592310 1376
1592320 1376
1592330 1377
1592340 1377
1592350 1377
1592360 1377
1592370 1377
1592380 1377
1592390 1377
1592400 1379
1592410 1382
1592420 1382
1592430 1386
1592440 1389
1592450 1392
1592460 1394
1592470 1397
1592480 1397
1592490 1400
1592500 1403
1592510 1403
1592520 1405
1592530 1407
1592540 1407
1592550 1408
1592560 1410
1592570 1410
1592580 1411
1592590 1412
1592600 1412
1592610 1412
1592620 1413
1592630 1413
1592640 1413
1592650 1412
1592660 1412
1592670 1412
1592680 1413
1592690 1417
1592700 1417
1592710 1422
1592720 1427
1592730 1427
1592740 1431
1592750 1434
1592760 1434
1592770 1438
1592780 1441
1592790 1441
1592800 1444
1592810 1447
1592820 1447
1592830 1452
1592840 1458
1592850 1458
1592860 1463
1592870 1468
1592880 1468
1592890 1473
1592900 1479
1592910 1479
1592920 1484
1592930 1490
1592940 1490
1592950 1496
1592960 1502
1592970 1509
1592980 1509
1592990 1517
1593000 1524
1593010 1524
1593020 1532
1593030 1539
1593040 1539
1593050 1546
1593060 1553
1593070 1553
1593080 1559
1593090 1554
1593100 1554
1593110 1544
1593120 1536
1593130 1536
1593140 1528
1593150 1520
1593160 1520
1593170 1512
1593180 1504
1593190 1504
1593200 1498
1593210 1491
1593220 1491
1593230 1485
1593240 1478
1593250 1478
1593260 1471
1593270 1465
1593280 1465
1593290 1457
1593300 1450
1593310 1443
1593320 1443
1593330 1437
1593340 1431
1593350 1431
1593360 1425
1593370 1419
1593380 1419
1593390 1415
1593400 1411
1593410 1411
1593420 1407
1593430 1403
1593440 1403
1593450 1399
1593460 1395
1593470 1395
1593480 1392
1593490 1388
1593500 1388
1593510 1385
1593520 1383
1593530 1383
1593540 1383
1593550 1383
1593560 1383
1593570 1383
1593580 1383
1593590 1383
1593600 1384
1593610 1386
1593620 1388
1593630 1393
1593640 1395
1593650 1395
1593660 1395
1593670 1392
1593680 1385
1593690 1385
1593700 1378
1593710 1381
1593720 1381
1593730 1387
1593740 1390
1593750 1390
1593760 1388
1593770 1390
1593780 1390
1593790 1391
1593800 1395
1593810 1395
1593820 1399
1593830 1408
1593840 1408
1593850 1413
1593860 1419
1593870 1419
1593880 1426
1593890 1434
1593900 1434
1593910 1441
1593920 1447
1593930 1454
1593940 1454
1593950 1460
1593960 1467
1593970 1467
1593980 1473
1593990 1479
1594000 1479
1594010 1487
1594020 1495
1594030 1495
1594040 1502
1594050 1511
1594060 1511
1594070 1517
1594080 1524
1594090 1524
1594100 1530
1594110 1536
1594120 1536
1594130 1539
1594140 1543
1594150 1543
1594160 1547
1594170 1552
1594180 1552
1594190 1556
1594200 1558
1594210 1558
1594220 1560
1594230 1564
1594240 1568
1594250 1568
1594260 1574
1594270 1580
1594280 1580
1594290 1586
1594300 1591
1594310 1591
1594320 1597
1594330 1603
1594340 1603
1594350 1609
1594360 1616
1594370 1616
1594380 1621
1594390 1627
1594400 1627
1594410 1632
1594420 1636
1594430 1636
1594440 1641
1594450 1645
1594460 1645
1594470 1648
1594480 1649
1594490 1649
1594500 1648
1594510 1646
1594520 1646
1594530 1645
1594540 1642
1594550 1636
1594560 1636
1594570 1632
1594580 1630
1594590 1630
1594600 1629
1594610 1630
1594620 1630
1594630 1630
1594640 1629
1594650 1629
1594660 1629
1594670 1628
1594680 1628
1594690 1627
1594700 1634
1594710 1634
1594720 1641
1594730 1649
1594740 1649
1594750 1655
1594760 1662
1594770 1662
1594780 1669
1594790 1676
1594800 1676
1594810 1683
1594820 1690
1594830 1690
1594840 1698
1594850 1705
1594860 1712
1594870 1712
1594880 1720
1594890 1728
1594900 1728
1594910 1736
1594920 1743
1594930 1743
1594940 1751
1594950 1758
1594960 1758
1594970 1766
1594980 1773
1594990 1773
1595000 1780
1595010 1787
1595020 1787
1595030 1794
1595040 1799
1595050 1799
1595060 1800
1595070 1796
1595080 1796
1595090 1793
1595100 1789
1595110 1789
1595120 1787
1595130 1787
1595140 1787
1595150 1788
1595160 1789
1595170 1789
1595180 1790
1595190 1791
1595200 1791
1595210 1791
1595220 1790
1595230 1787
1595240 1787
1595250 1781
1595260 1776
1595270 1776
1595280 1772
1595290 1771
1595300 1771
1595310 1767
1595320 1764
1595330 1764
1595340 1766
1595350 1774
1595360 1774
1595370 1781
1595380 1787
1595390 1787
1595400 1793
1595410 1799
1595420 1799
1595430 1805
1595440 1812
1595450 1812
1595460 1819
1595470 1825
1595480 1825
1595490 1832
1595500 1838
1595510 1845
1595520 1845
1595530 1852
1595540 1858
1595550 1858
1595560 1865
1595570 1871
1595580 1871
1595590 1878
1595600 1885
1595610 1885
1595620 1892
1595630 1899
1595640 1899
1595650 1905
1595660 1911
1595670 1911
1595680 1918
1595690 1924
1595700 1924
1595710 1931
1595720 1937
1595730 1937
1595740 1944
1595750 1950
1595760 1950
1595770 1957
1595780 1963
1595790 1963
1595800 1969
1595810 1975
1595820 1980
1595830 1980
1595840 1986
1595850 1991
1595860 1991
1595870 1996
1595880 2000
1595890 2000
1595900 2005
1595910 2010
1595920 2010
1595930 2014
1595940 2018
1595950 2018
1595960 2023
1595970 2025
1595980 2025
1595990 2027
1596000 2028
1596010 2028
1596020 2028
1596030 2028
1596040 2028
1596050 2027
1596060 2025
1596070 2025
1596080 2023
1596090 2020
1596100 2020
1596110 2014
1596120 2006
1596130 2001
1596140 2001
1596150 1995
1596160 1988
1596170 1988
1596180 1984
1596190 1976
1596200 1976
1596210 1966
1596220 1959
1596230 1959
1596240 1948
1596250 1934
1596260 1934
1596270 1923
1596280 1916
1596290 1916
1596300 1906
1596310 1897
1596320 1897
1596330 1889
1596340 1879
1596350 1879
1596360 1871
1596370 1864
1596380 1864
1596390 1854
1596400 1843
1596410 1843
1596420 1836
1596430 1827
1596440 1818
1596450 1818
1596460 1812
1596470 1804
1596480 1804
1596490 1794
1596500 1786
1596510 1786
1596520 1779
1596530 1773
1596540 1773
1596550 1766
1596560 1760
1596570 1760
1596580 1752
1596590 1745
1596600 1745
1596610 1737
1596620 1730
1596630 1730
1596640 1722
1596650 1716
1596660 1716
1596670 1710
1596680 1702
1596690 1702
1596700 1694
1596710 1679
1596720 1679
1596730 1668
1596740 1659
1596750 1659
1596760 1650
1596770 1642
1596780 1633
1596790 1633
1596800 1624
1596810 1613
1596820 1613
1596830 1599
1596840 1588
1596850 1588
1596860 1583
1596870 1574
1596880 1574
1596890 1568
1596900 1564
1596910 1564
1596920 1549
1596930 1538
1596940 1538
1596950 1528
1596960 1518
1596970 1518
1596980 1508
1596990 1499
1597000 1499
1597010 1490
1597020 1482
1597030 1482
1597040 1475
1597050 1467
1597060 1467
1597070 1453
1597080 1443
1597090 1434
1597100 1434
1597110 1426
1597120 1419
1597130 1419
1597140 1411
1597150 1402
1597160 1402
1597170 1394
1597180 1386
1597190 1386
1597200 1378
1597210 1370
1597220 1370
1597230 1362
1597240 1353
1597250 1353
1597260 1345
1597270 1337
1597280 1337
1597290 1330
1597300 1323
1597310 1323
1597320 1315
1597330 1308
1597340 1308
1597350 1301
1597360 1293
1597370 1293
1597380 1285
1597390 1278
1597400 1272
1597410 1272
1597420 1269
1597430 1266
1597440 1266
1597450 1260
1597460 1253
1597470 1253
1597480 1247
1597490 1242
1597500 1242
1597510 1240
1597520 1238
1597530 1238
1597540 1236
1597550 1234
1597560 1234
1597570 1231
1597580 1229
1597590 1229
1597600 1226
1597610 1223
1597620 1223
1597630 1221
1597640 1218
1597650 1218
1597660 1216
1597670 1211
1597680 1211
1597690 1207
1597700 1208
1597710 1206
1597720 1206
1597730 1207
1597740 1211
1597750 1211
1597760 1213
1597770 1213
1597780 1213
1597790 1213
1597800 1213
1597810 1213
1597820 1215
1597830 1216
1597840 1216
1597850 1217
1597860 1217
1597870 1217
1597880 1216
1597890 1216
1597900 1216
1597910 1217
1597920 1218
1597930 1218
1597940 1220
1597950 1222
1597960 1222
1597970 1224
1597980 1226
1597990 1226
1598000 1227
1598010 1229
1598020 1231
1598030 1231
1598040 1238
1598050 1244
1598060 1244
1598070 1250
1598080 1256
1598090 1256
1598100 1262
1598110 1268
1598120 1268
1598130 1275
1598140 1281
1598150 1281
1598160 1287
1598170 1293
1598180 1293
1598190 1300
1598200 1306
1598210 1307
1598220 1315
1598230 1322
1598240 1322
1598250 1329
1598260 1337
1598270 1337
1598280 1345
1598290 1353
1598300 1353
1598310 1362
1598320 1371
1598330 1371
1598340 1379
1598350 1382
1598360 1389
1598370 1389
1598380 1400
1598390 1412
1598400 1412
1598410 1422
1598420 1431
1598430 1431
1598440 1436
1598450 1441
1598460 1441
1598470 1447
1598480 1452
1598490 1452
1598500 1456
1598510 1460
1598520 1460
1598530 1467
1598540 1478
1598550 1478
1598560 1490
1598570 1501
1598580 1501
1598590 1508
1598600 1516
1598610 1516
1598620 1523
1598630 1531
1598640 1531
1598650 1538
1598660 1547
1598670 1554
1598680 1554
1598690 1561
1598700 1568
1598710 1568
1598720 1576
1598730 1584
1598740 1584
1598750 1592
1598760 1599
1598770 1599
1598780 1607
1598790 1613
1598800 1613
1598810 1620
1598820 1626
1598830 1626
1598840 1634
1598850 1641
1598860 1641
1598870 1648
1598880 1655
1598890 1655
1598900 1663
1598910 1671
1598920 1671
1598930 1678
1598940 1686
1598950 1686
1598960 1694
1598970 1702
1598980 1710
1598990 1710
1599000 1716
1599010 1721
1599020 1721
1599030 1727
1599040 1732
1599050 1732
1599060 1735
1599070 1735
1599080 1735
1599090 1737
1599100 1739
1599110 1739
1599120 1741
1599130 1745
1599140 1745
1599150 1749
1599160 1754
1599170 1754
1599180 1761
1599190 1767
1599200 1767
1599210 1774
1599220 1781
1599230 1781
1599240 1786
1599250 1789
1599260 1789
1599270 1791
1599280 1793
1599290 1796
1599300 1796
1599310 1800
1599320 1805
1599330 1812
1599340 1816
1599350 1820
1599360 1820
1599370 1822
1599380 1824
1599390 1824
1599400 1826
1599410 1829
1599420 1829
1599430 1832
1599440 1837
1599450 1837
1599460 1845
1599470 1854
1599480 1854
1599490 1861
1599500 1868
1599510 1868
1599520 1876
1599530 1883
1599540 1883
1599550 1891
1599560 1900
1599570 1900
1599580 1907
1599590 1915
1599600 1922
1599610 1922
1599620 1929
1599630 1936
1599640 1936
1599650 1943
1599660 1951
1599670 1951
1599680 1958
1599690 1956
1599700 1956
1599710 1942
1599720 1932
1599730 1932
1599740 1919
1599750 1907
1599760 1907
1599770 1896
1599780 1884
1599790 1884
1599800 1874
1599810 1866
1599820 1866
1599830 1859
1599840 1853
1599850 1853
1599860 1848
1599870 1844
1599880 1844
1599890 1841
1599900 1839
1599910 1836
1599920 1836
1599930 1834
1599940 1832
1599950 1832
1599960 1829
1599970 1827
1599980 1827
1599990 1825
