1580000 1775
1580010 1775
1580020 1772
1580030 1769
1580040 1769
1580050 1766
1580060 1765
1580070 1765
1580080 1764
1580090 1762
1580100 1762
1580110 1760
1580120 1757
1580130 1757
1580140 1754
1580150 1751
1580160 1751
1580170 1751
1580180 1750
1580190 1750
1580200 1748
1580210 1748
1580220 1748
1580230 1748
1580240 1749
1580250 1749
1580260 1751
1580270 1752
1580280 1752
1580290 1753
1580300 1755
1580310 1755
1580320 1757
1580330 1758
1580340 1758
1580350 1758
1580360 1759
1580370 1759
1580380 1759
1580390 1760
1580400 1759
1580410 1759
1580420 1758
1580430 1756
1580440 1756
1580450 1755
1580460 1754
1580470 1754
1580480 1754
1580490 1754
1580500 1754
1580510 1753
1580520 1751
1580530 1751
1580540 1750
1580550 1749
1580560 1749
1580570 1748
1580580 1745
1580590 1745
1580600 1742
1580610 1739
1580620 1739
1580630 1734
1580640 1730
1580650 1727
1580660 1727
1580670 1722
1580680 1719
1580690 1724
1580700 1720
1580710 1716
1580720 1716
1580730 1713
1580740 1711
1580750 1711
1580760 1711
1580770 1709
1580780 1709
1580790 1707
1580800 1704
1580810 1704
1580820 1699
1580830 1693
1580840 1693
1580850 1687
1580860 1682
1580870 1682
1580880 1674
1580890 1668
1580900 1668
1580910 1662
1580920 1657
1580930 1657
1580940 1652
1580950 1648
1580960 1644
1580970 1644
1580980 1642
1580990 1641
1581000 1641
1581010 1638
1581020 1635
1581030 1635
1581040 1630
1581050 1626
1581060 1626
1581070 1621
1581080 1616
1581090 1616
1581100 1611
1581110 1606
1581120 1606
1581130 1604
1581140 1603
1581150 1603
1581160 1603
1581170 1603
1581180 1603
1581190 1603
1581200 1603
1581210 1603
1581220 1602
1581230 1602
1581240 1602
1581250 1601
1581260 1600
1581270 1597
1581280 1597
1581290 1592
1581300 1589
1581310 1589
1581320 1586
1581330 1584
1581340 1584
1581350 1583
1581360 1583
1581370 1583
1581380 1583
1581390 1584
1581400 1584
1581410 1584
1581420 1585
1581430 1585
1581440 1586
1581450 1586
1581460 1586
1581470 1586
1581480 1585
1581490 1585
1581500 1580
1581510 1575
1581520 1575
1581530 1571
1581540 1567
1581550 1567
1581560 1564
1581570 1561
1581580 1561
1581590 1558
1581600 1553
1581610 1546
1581620 1546
1581630 1538
1581640 1532
1581650 1532
1581660 1526
1581670 1520
1581680 1520
1581690 1513
1581700 1505
1581710 1505
1581720 1498
1581730 1491
1581740 1491
1581750 1484
1581760 1478
1581770 1478
1581780 1472
1581790 1467
1581800 1467
1581810 1463
1581820 1457
1581830 1457
1581840 1450
1581850 1441
1581860 1441
1581870 1431
1581880 1420
1581890 1420
1581900 1413
1581910 1406
1581920 1399
1581930 1399
1581940 1391
1581950 1386
1581960 1386
1581970 1378
1581980 1374
1581990 1374
1582000 1369
1582010 1355
1582020 1355
1582030 1349
1582040 1345
1582050 1345
1582060 1340
1582070 1334
1582080 1334
1582090 1328
1582100 1322
1582110 1322
1582120 1317
1582130 1311
1582140 1311
1582150 1305
1582160 1298
1582170 1298
1582180 1291
1582190 1285
1582200 1285
1582210 1280
1582220 1276
1582230 1272
1582240 1272
1582250 1268
1582260 1251
1582270 1251
1582280 1233
1582290 1225
1582300 1225
1582310 1217
1582320 1208
1582330 1208
1582340 1200
1582350 1193
1582360 1193
1582370 1187
1582380 1181
1582390 1181
1582400 1174
1582410 1167
1582420 1167
1582430 1160
1582440 1153
1582450 1153
1582460 1146
1582470 1137
1582480 1137
1582490 1131
1582500 1123
1582510 1123
1582520 1117
1582530 1108
1582540 1100
1582550 1100
1582560 1097
1582570 1095
1582580 1095
1582590 1096
1582600 1096
1582610 1096
1582620 1098
1582630 1100
1582640 1100
1582650 1101
1582660 1103
1582670 1103
1582680 1104
1582690 1104
1582700 1104
1582710 1105
1582720 1106
1582730 1106
1582740 1107
1582750 1108
1582760 1108
1582770 1110
1582780 1112
1582790 1112
1582800 1114
1582810 1116
1582820 1116
1582830 1118
1582840 1121
1582850 1121
1582860 1125
1582870 1130
1582880 1135
1582890 1135
1582900 1141
1582910 1145
1582920 1145
1582930 1148
1582940 1148
1582950 1148
1582960 1145
1582970 1144
1582980 1144
1582990 1143
1583000 1142
1583010 1142
1583020 1138
1583030 1133
1583040 1133
1583050 1130
1583060 1130
1583070 1130
1583080 1132
1583090 1135
1583100 1135
1583110 1142
1583120 1146
1583130 1146
1583140 1155
1583150 1162
1583160 1162
1583170 1170
1583180 1177
1583190 1183
1583200 1183
1583210 1188
1583220 1191
1583230 1191
1583240 1195
1583250 1199
1583260 1199
1583270 1204
1583280 1209
1583290 1209
1583300 1215
1583310 1218
1583320 1218
1583330 1223
1583340 1230
1583350 1230
1583360 1236
1583370 1239
1583380 1239
1583390 1243
1583400 1247
1583410 1247
1583420 1251
1583430 1256
1583440 1256
1583450 1260
1583460 1265
1583470 1265
1583480 1269
1583490 1273
1583500 1278
1583510 1278
1583520 1283
1583530 1287
1583540 1287
1583550 1292
1583560 1297
1583570 1297
1583580 1302
1583590 1307
1583600 1307
1583610 1310
1583620 1315
1583630 1315
1583640 1321
1583650 1325
1583660 1325
1583670 1328
1583680 1331
1583690 1331
1583700 1336
1583710 1342
1583720 1342
1583730 1347
1583740 1352
1583750 1352
1583760 1357
1583770 1362
1583780 1362
1583790 1366
1583800 1369
1583810 1373
1583820 1373
1583830 1377
1583840 1380
1583850 1380
1583860 1383
1583870 1387
1583880 1387
1583890 1390
1583900 1394
1583910 1394
1583920 1397
1583930 1399
1583940 1399
1583950 1402
1583960 1404
1583970 1404
1583980 1406
1583990 1408
1584000 1408
1584010 1411
1584020 1413
1584030 1413
1584040 1415
1584050 1417
1584060 1417
1584070 1421
1584080 1426
1584090 1426
1584100 1430
1584110 1433
1584120 1433
1584130 1438
1584140 1445
1584150 1449
1584160 1449
1584170 1453
1584180 1458
1584190 1458
1584200 1461
1584210 1464
1584220 1464
1584230 1466
1584240 1468
1584250 1468
1584260 1471
1584270 1473
1584280 1473
1584290 1476
1584300 1480
1584310 1480
1584320 1485
1584330 1490
1584340 1490
1584350 1494
1584360 1498
1584370 1498
1584380 1502
1584390 1505
1584400 1505
1584410 1509
1584420 1512
1584430 1512
1584440 1515
1584450 1518
1584460 1521
1584470 1521
1584480 1524
1584490 1526
1584500 1526
1584510 1528
1584520 1531
1584530 1531
1584540 1535
1584550 1540
1584560 1540
1584570 1545
1584580 1551
1584590 1551
1584600 1560
1584610 1566
1584620 1566
1584630 1571
1584640 1576
1584650 1576
1584660 1581
1584670 1587
1584680 1587
1584690 1592
1584700 1595
1584710 1595
1584720 1598
1584730 1601
1584740 1601
1584750 1604
1584760 1608
1584770 1611
1584780 1611
1584790 1614
1584800 1617
1584810 1617
1584820 1620
1584830 1623
1584840 1623
1584850 1625
1584860 1627
1584870 1627
1584880 1631
1584890 1633
1584900 1633
1584910 1637
1584920 1639
1584930 1639
1584940 1642
1584950 1643
1584960 1643
1584970 1647
1584980 1650
1584990 1650
1585000 1651
1585010 1652
1585020 1652
1585030 1649
1585040 1647
1585050 1647
1585060 1645
1585070 1643
1585080 1642
1585090 1642
1585100 1640
1585110 1640
1585120 1640
1585130 1640
1585140 1640
1585150 1640
1585160 1641
1585170 1642
1585180 1642
1585190 1643
1585200 1645
1585210 1645
1585220 1647
1585230 1648
1585240 1648
1585250 1650
1585260 1651
1585270 1651
1585280 1652
1585290 1653
1585300 1653
1585310 1655
1585320 1656
1585330 1656
1585340 1659
1585350 1663
1585360 1663
1585370 1665
1585380 1668
1585390 1668
1585400 1673
1585410 1679
1585420 1685
1585430 1685
1585440 1692
1585450 1700
1585460 1700
1585470 1706
1585480 1712
1585490 1712
1585500 1717
1585510 1723
1585520 1723
1585530 1729
1585540 1736
1585550 1736
1585560 1742
1585570 1748
1585580 1748
1585590 1754
1585600 1760
1585610 1760
1585620 1765
1585630 1770
1585640 1770
1585650 1775
1585660 1780
1585670 1780
1585680 1785
1585690 1789
1585700 1789
1585710 1794
1585720 1798
1585730 1802
1585740 1802
1585750 1807
1585760 1812
1585770 1812
1585780 1816
1585790 1821
1585800 1821
1585810 1826
1585820 1830
1585830 1830
1585840 1835
1585850 1839
1585860 1839
1585870 1843
1585880 1848
1585890 1848
1585900 1853
1585910 1858
1585920 1858
1585930 1862
1585940 1866
1585950 1866
1585960 1871
1585970 1876
1585980 1876
1585990 1881
1586000 1885
1586010 1885
1586020 1889
1586030 1892
1586040 1898
1586050 1898
1586060 1905
1586070 1910
1586080 1910
1586090 1915
1586100 1919
1586110 1919
1586120 1923
1586130 1926
1586140 1926
1586150 1929
1586160 1932
1586170 1932
1586180 1935
1586190 1942
1586200 1942
1586210 1950
1586220 1955
1586230 1955
1586240 1959
1586250 1962
1586260 1962
1586270 1964
1586280 1964
1586290 1964
1586300 1959
1586310 1952
1586320 1952
1586330 1944
1586340 1938
1586350 1931
1586360 1931
1586370 1925
1586380 1919
1586390 1919
1586400 1914
1586410 1909
1586420 1909
1586430 1904
1586440 1899
1586450 1899
1586460 1893
1586470 1888
1586480 1888
1586490 1883
1586500 1877
1586510 1877
1586520 1873
1586530 1869
1586540 1869
1586550 1864
1586560 1860
1586570 1860
1586580 1857
1586590 1853
1586600 1853
1586610 1850
1586620 1847
1586630 1847
1586640 1845
1586650 1842
1586660 1842
1586670 1838
1586680 1834
1586690 1828
1586700 1828
1586710 1823
1586720 1819
1586730 1819
1586740 1815
1586750 1811
1586760 1811
1586770 1806
1586780 1804
1586790 1804
1586800 1800
1586810 1796
1586820 1796
1586830 1793
1586840 1790
1586850 1790
1586860 1786
1586870 1781
1586880 1781
1586890 1777
1586900 1770
1586910 1770
1586920 1763
1586930 1755
1586940 1755
1586950 1741
1586960 1727
1586970 1727
1586980 1716
1586990 1706
1587000 1696
1587010 1696
1587020 1688
1587030 1683
1587040 1683
1587050 1679
1587060 1674
1587070 1674
1587080 1672
1587090 1667
1587100 1667
1587110 1656
1587120 1648
1587130 1648
1587140 1647
1587150 1643
1587160 1643
1587170 1637
1587180 1629
1587190 1629
1587200 1620
1587210 1609
1587220 1609
1587230 1599
1587240 1591
1587250 1591
1587260 1585
1587270 1576
1587280 1576
1587290 1569
1587300 1560
1587310 1551
1587320 1551
1587330 1541
1587340 1534
1587350 1534
1587360 1527
1587370 1522
1587380 1522
1587390 1518
1587400 1513
1587410 1513
1587420 1508
1587430 1504
1587440 1504
1587450 1500
1587460 1495
1587470 1495
1587480 1491
1587490 1486
1587500 1486
1587510 1483
1587520 1479
1587530 1479
1587540 1475
1587550 1471
1587560 1471
1587570 1467
1587580 1463
1587590 1463
1587600 1460
1587610 1456
1587620 1453
1587630 1453
1587640 1450
1587650 1447
1587660 1447
1587670 1444
1587680 1441
1587690 1441
1587700 1438
1587710 1435
1587720 1435
1587730 1432
1587740 1429
1587750 1429
1587760 1426
1587770 1424
1587780 1424
1587790 1422
1587800 1419
1587810 1419
1587820 1415
1587830 1413
1587840 1413
1587850 1410
1587860 1407
1587870 1407
1587880 1409
1587890 1416
1587900 1416
1587910 1419
1587920 1419
1587930 1419
1587940 1420
1587950 1422
1587960 1424
1587970 1424
1587980 1426
1587990 1429
1588000 1429
1588010 1432
1588020 1435
1588030 1435
1588040 1437
1588050 1440
1588060 1440
1588070 1443
1588080 1447
1588090 1447
1588100 1451
1588110 1451
1588120 1451
1588130 1447
1588140 1445
1588150 1445
1588160 1446
1588170 1450
1588180 1450
1588190 1454
1588200 1455
1588210 1455
1588220 1450
1588230 1444
1588240 1444
1588250 1443
1588260 1449
1588270 1457
1588280 1457
1588290 1463
1588300 1461
1588310 1461
1588320 1457
1588330 1451
1588340 1451
1588350 1448
1588360 1441
1588370 1441
1588380 1439
1588390 1433
1588400 1433
1588410 1435
1588420 1440
1588430 1440
1588440 1445
1588450 1450
1588460 1450
1588470 1456
1588480 1457
1588490 1457
1588500 1461
1588510 1466
1588520 1466
1588530 1463
1588540 1461
1588550 1461
1588560 1466
1588570 1476
1588580 1477
1588590 1477
1588600 1477
1588610 1477
1588620 1477
1588630 1477
1588640 1478
1588650 1478
1588660 1479
1588670 1480
1588680 1480
1588690 1480
1588700 1479
1588710 1479
1588720 1478
1588730 1475
1588740 1475
1588750 1475
1588760 1479
1588770 1479
1588780 1483
1588790 1486
1588800 1486
1588810 1489
1588820 1492
1588830 1492
1588840 1496
1588850 1499
1588860 1499
1588870 1499
1588880 1497
1588890 1494
1588900 1494
1588910 1492
1588920 1489
1588930 1489
1588940 1487
1588950 1483
1588960 1483
1588970 1486
1588980 1488
1588990 1488
1589000 1491
1589010 1495
1589020 1495
1589030 1499
1589040 1502
1589050 1502
1589060 1505
1589070 1507
1589080 1507
1589090 1508
1589100 1509
1589110 1509
1589120 1508
1589130 1507
1589140 1507
1589150 1504
1589160 1501
1589170 1501
1589180 1499
1589190 1495
1589200 1495
1589210 1490
1589220 1485
1589230 1480
1589240 1480
1589250 1475
1589260 1470
1589270 1470
1589280 1465
1589290 1460
1589300 1460
1589310 1455
1589320 1450
1589330 1450
1589340 1445
1589350 1440
1589360 1440
1589370 1434
1589380 1428
1589390 1428
1589400 1423
1589410 1416
1589420 1416
1589430 1410
1589440 1404
1589450 1404
1589460 1397
1589470 1390
1589480 1390
1589490 1384
1589500 1378
1589510 1378
1589520 1371
1589530 1366
1589540 1361
1589550 1361
1589560 1355
1589570 1349
1589580 1344
1589590 1339
1589600 1334
1589610 1334
1589620 1326
1589630 1319
1589640 1319
1589650 1313
1589660 1307
1589670 1307
1589680 1301
1589690 1295
1589700 1295
1589710 1288
1589720 1282
1589730 1282
1589740 1276
1589750 1268
1589760 1268
1589770 1261
1589780 1253
1589790 1253
1589800 1246
1589810 1238
1589820 1238
1589830 1231
1589840 1223
1589850 1216
1589860 1216
1589870 1209
1589880 1200
1589890 1200
1589900 1191
1589910 1183
1589920 1183
1589930 1176
1589940 1166
1589950 1166
1589960 1157
1589970 1148
1589980 1148
1589990 1141
1590000 1135
1590010 1135
1590020 1131
1590030 1127
1590040 1127
1590050 1122
1590060 1115
1590070 1115
1590080 1106
1590090 1100
1590100 1100
1590110 1098
1590120 1097
1590130 1097
1590140 1099
1590150 1097
1590160 1093
1590170 1093
1590180 1090
1590190 1087
1590200 1087
1590210 1083
1590220 1080
1590230 1080
1590240 1078
1590250 1076
1590260 1076
1590270 1072
1590280 1069
1590290 1069
1590300 1066
1590310 1063
1590320 1063
1590330 1060
1590340 1057
1590350 1057
1590360 1054
1590370 1051
1590380 1051
1590390 1049
1590400 1046
1590410 1046
1590420 1043
1590430 1041
1590440 1041
1590450 1039
1590460 1037
1590470 1037
1590480 1034
1590490 1031
1590500 1031
1590510 1031
1590520 1030
1590530 1030
1590540 1030
1590550 1029
1590560 1029
1590570 1029
1590580 1032
1590590 1033
1590600 1033
1590610 1034
1590620 1035
1590630 1035
1590640 1036
1590650 1037
1590660 1037
1590670 1039
1590680 1040
1590690 1040
1590700 1042
1590710 1044
1590720 1044
1590730 1045
1590740 1047
1590750 1047
1590760 1048
1590770 1050
1590780 1050
1590790 1052
1590800 1054
1590810 1055
1590820 1055
1590830 1057
1590840 1058
1590850 1058
1590860 1060
1590870 1061
1590880 1061
1590890 1062
1590900 1064
1590910 1064
1590920 1065
1590930 1066
1590940 1066
1590950 1068
1590960 1070
1590970 1070
1590980 1071
1590990 1072
1591000 1072
1591010 1072
1591020 1074
1591030 1074
1591040 1075
1591050 1076
1591060 1076
1591070 1078
1591080 1079
1591090 1079
1591100 1081
1591110 1083
1591120 1085
1591130 1085
1591140 1090
1591150 1095
1591160 1095
1591170 1099
1591180 1104
1591190 1104
1591200 1109
1591210 1114
1591220 1114
1591230 1120
1591240 1125
1591250 1125
1591260 1130
1591270 1135
1591280 1135
1591290 1141
1591300 1146
1591310 1146
1591320 1151
1591330 1156
1591340 1156
1591350 1162
1591360 1167
1591370 1167
1591380 1173
1591390 1178
1591400 1178
1591410 1183
1591420 1189
1591430 1194
1591440 1194
1591450 1199
1591460 1205
1591470 1205
1591480 1210
1591490 1215
1591500 1215
1591510 1220
1591520 1224
1591530 1224
1591540 1229
1591550 1234
1591560 1234
1591570 1238
1591580 1243
1591590 1243
1591600 1247
1591610 1251
1591620 1251
1591630 1255
1591640 1260
1591650 1260
1591660 1264
1591670 1270
1591680 1270
1591690 1275
1591700 1278
1591710 1278
1591720 1279
1591730 1278
1591740 1278
1591750 1277
1591760 1277
1591770 1277
1591780 1277
1591790 1278
1591800 1278
1591810 1278
1591820 1280
1591830 1282
1591840 1282
1591850 1283
1591860 1285
1591870 1285
1591880 1288
1591890 1289
1591900 1289
1591910 1289
1591920 1290
1591930 1290
1591940 1290
1591950 1291
1591960 1291
1591970 1291
1591980 1291
1591990 1284
1592000 1287
1592010 1290
1592020 1290
1592030 1292
1592040 1294
1592050 1294
1592060 1295
1592070 1298
1592080 1302
1592090 1302
1592100 1306
1592110 1309
1592120 1309
1592130 1312
1592140 1316
1592150 1316
1592160 1320
1592170 1322
1592180 1322
1592190 1328
1592200 1332
1592210 1332
1592220 1337
1592230 1341
1592240 1341
1592250 1345
1592260 1348
1592270 1348
1592280 1352
1592290 1356
1592300 1356
1592310 1358
1592320 1360
1592330 1360
1592340 1362
1592350 1364
1592360 1364
1592370 1366
1592380 1368
1592390 1370
1592400 1370
1592410 1372
1592420 1373
1592430 1373
1592440 1373
1592450 1373
1592460 1373
1592470 1374
1592480 1377
1592490 1377
1592500 1381
1592510 1386
1592520 1386
1592530 1393
1592540 1399
1592550 1399
1592560 1405
1592570 1411
1592580 1411
1592590 1416
1592600 1420
1592610 1420
1592620 1422
1592630 1423
1592640 1423
1592650 1425
1592660 1429
1592670 1429
1592680 1432
1592690 1437
1592700 1440
1592710 1440
1592720 1445
1592730 1452
1592740 1452
1592750 1459
1592760 1467
1592770 1467
1592780 1474
1592790 1479
1592800 1479
1592810 1483
1592820 1488
1592830 1488
1592840 1492
1592850 1497
1592860 1497
1592870 1500
1592880 1502
1592890 1502
1592900 1503
1592910 1505
1592920 1505
1592930 1506
1592940 1508
1592950 1508
1592960 1510
1592970 1512
1592980 1512
1592990 1514
1593000 1516
1593010 1516
1593020 1520
1593030 1523
1593040 1528
1593050 1528
1593060 1533
1593070 1538
1593080 1538
1593090 1543
1593100 1548
1593110 1548
1593120 1554
1593130 1559
1593140 1559
1593150 1565
1593160 1572
1593170 1570
1593180 1574
1593190 1582
1593200 1582
1593210 1587
1593220 1594
1593230 1594
1593240 1598
1593250 1605
1593260 1605
1593270 1611
1593280 1617
1593290 1617
1593300 1622
1593310 1627
1593320 1627
1593330 1633
1593340 1639
1593350 1644
1593360 1644
1593370 1650
1593380 1656
1593390 1656
1593400 1661
1593410 1666
1593420 1666
1593430 1672
1593440 1678
1593450 1678
1593460 1683
1593470 1689
1593480 1689
1593490 1694
1593500 1699
1593510 1699
1593520 1703
1593530 1707
1593540 1707
1593550 1711
1593560 1714
1593570 1714
1593580 1718
1593590 1723
1593600 1723
1593610 1726
1593620 1726
1593630 1726
1593640 1726
1593650 1721
1593660 1720
1593670 1720
1593680 1718
1593690 1717
1593700 1717
1593710 1716
1593720 1715
1593730 1715
1593740 1717
1593750 1719
1593760 1719
1593770 1722
1593780 1727
1593790 1727
1593800 1732
1593810 1733
1593820 1733
1593830 1731
1593840 1730
1593850 1730
1593860 1727
1593870 1723
1593880 1723
1593890 1719
1593900 1717
1593910 1717
1593920 1716
1593930 1713
1593940 1713
1593950 1713
1593960 1713
1593970 1708
1593980 1708
1593990 1710
1594000 1714
1594010 1714
1594020 1719
1594030 1727
1594040 1727
1594050 1734
1594060 1741
1594070 1741
1594080 1747
1594090 1754
1594100 1754
1594110 1760
1594120 1765
1594130 1765
1594140 1769
1594150 1773
1594160 1773
1594170 1777
1594180 1780
1594190 1780
1594200 1783
1594210 1785
1594220 1785
1594230 1786
1594240 1785
1594250 1785
1594260 1783
1594270 1778
1594280 1778
1594290 1774
1594300 1771
1594310 1769
1594320 1769
1594330 1771
1594340 1783
1594350 1783
1594360 1782
1594370 1781
1594380 1781
1594390 1785
1594400 1792
1594410 1792
1594420 1801
1594430 1807
1594440 1807
1594450 1808
1594460 1806
1594470 1806
1594480 1805
1594490 1805
1594500 1805
1594510 1810
1594520 1816
1594530 1816
1594540 1819
1594550 1822
1594560 1822
1594570 1827
1594580 1832
1594590 1832
1594600 1836
1594610 1840
1594620 1844
1594630 1844
1594640 1849
1594650 1854
1594660 1854
1594670 1858
1594680 1859
1594690 1859
1594700 1864
1594710 1871
1594720 1871
1594730 1881
1594740 1889
1594750 1889
1594760 1890
1594770 1882
1594780 1882
1594790 1874
1594800 1867
1594810 1867
1594820 1859
1594830 1853
1594840 1853
1594850 1847
1594860 1842
1594870 1842
1594880 1838
1594890 1833
1594900 1833
1594910 1829
1594920 1825
1594930 1821
1594940 1821
1594950 1820
1594960 1821
1594970 1821
1594980 1821
1594990 1825
1595000 1825
1595010 1828
1595020 1831
1595030 1831
1595040 1834
1595050 1834
1595060 1834
1595070 1832
1595080 1834
1595090 1834
1595100 1835
1595110 1835
1595120 1835
1595130 1836
1595140 1841
1595150 1841
1595160 1844
1595170 1846
1595180 1846
1595190 1847
1595200 1847
1595210 1847
1595220 1848
1595230 1847
1595240 1847
1595250 1847
1595260 1845
1595270 1844
1595280 1844
1595290 1844
1595300 1845
1595310 1845
1595320 1846
1595330 1847
1595340 1847
1595350 1848
1595360 1849
1595370 1849
1595380 1849
1595390 1850
1595400 1850
1595410 1855
1595420 1863
1595430 1863
1595440 1868
1595450 1873
1595460 1873
1595470 1877
1595480 1884
1595490 1884
1595500 1888
1595510 1895
1595520 1895
1595530 1902
1595540 1910
1595550 1910
1595560 1916
1595570 1921
1595580 1925
1595590 1925
1595600 1927
1595610 1925
1595620 1925
1595630 1923
1595640 1923
1595650 1923
1595660 1921
1595670 1911
1595680 1911
1595690 1902
1595700 1899
1595710 1899
1595720 1890
1595730 1881
1595740 1881
1595750 1873
1595760 1873
1595770 1873
1595780 1877
1595790 1880
1595800 1880
1595810 1884
1595820 1888
1595830 1888
1595840 1893
1595850 1899
1595860 1899
1595870 1903
1595880 1908
1595890 1910
1595900 1910
1595910 1910
1595920 1913
1595930 1913
1595940 1917
1595950 1921
1595960 1921
1595970 1923
1595980 1918
1595990 1918
1596000 1911
1596010 1904
1596020 1904
1596030 1898
1596040 1892
1596050 1892
1596060 1886
1596070 1879
1596080 1879
1596090 1874
1596100 1867
1596110 1867
1596120 1859
1596130 1853
1596140 1853
1596150 1846
1596160 1838
1596170 1838
1596180 1831
1596190 1825
1596200 1820
1596210 1820
1596220 1813
1596230 1805
1596240 1805
1596250 1793
1596260 1780
1596270 1780
1596280 1771
1596290 1762
1596300 1762
1596310 1754
1596320 1745
1596330 1745
1596340 1736
1596350 1726
1596360 1726
1596370 1715
1596380 1704
1596390 1704
1596400 1696
1596410 1688
1596420 1688
1596430 1680
1596440 1673
1596450 1673
1596460 1663
1596470 1655
1596480 1655
1596490 1645
1596500 1632
1596510 1617
1596520 1617
1596530 1605
1596540 1596
1596550 1596
1596560 1590
1596570 1587
1596580 1587
1596590 1580
1596600 1572
1596610 1572
1596620 1573
1596630 1574
1596640 1574
1596650 1567
1596660 1565
1596670 1565
1596680 1557
1596690 1549
1596700 1549
1596710 1540
1596720 1532
1596730 1532
1596740 1523
1596750 1515
1596760 1515
1596770 1507
1596780 1500
1596790 1500
1596800 1492
1596810 1484
1596820 1484
1596830 1477
1596840 1469
1596850 1461
1596860 1461
1596870 1453
1596880 1445
1596890 1445
1596900 1436
1596910 1424
1596920 1424
1596930 1412
1596940 1401
1596950 1401
1596960 1391
1596970 1382
1596980 1382
1596990 1371
1597000 1359
1597010 1359
1597020 1351
1597030 1343
1597040 1343
1597050 1329
1597060 1314
1597070 1314
1597080 1311
1597090 1314
1597100 1314
1597110 1318
1597120 1317
1597130 1317
1597140 1316
1597150 1310
1597160 1302
1597170 1302
1597180 1295
1597190 1289
1597200 1289
1597210 1282
1597220 1276
1597230 1276
1597240 1269
1597250 1262
1597260 1262
1597270 1256
1597280 1251
1597290 1251
1597300 1246
1597310 1242
1597320 1242
1597330 1238
1597340 1235
1597350 1235
1597360 1231
1597370 1226
1597380 1226
1597390 1221
1597400 1216
1597410 1216
1597420 1210
1597430 1205
1597440 1205
1597450 1201
1597460 1197
1597470 1193
1597480 1193
1597490 1190
1597500 1188
1597510 1188
1597520 1186
1597530 1184
1597540 1184
1597550 1182
1597560 1180
1597570 1180
1597580 1178
1597590 1177
1597600 1177
1597610 1174
1597620 1174
1597630 1174
1597640 1173
1597650 1173
1597660 1173
1597670 1173
1597680 1173
1597690 1173
1597700 1172
1597710 1173
1597720 1173
1597730 1175
1597740 1177
1597750 1177
1597760 1178
1597770 1180
1597780 1182
1597790 1182
1597800 1184
1597810 1185
1597820 1185
1597830 1187
1597840 1189
1597850 1189
1597860 1192
1597870 1194
1597880 1194
1597890 1197
1597900 1201
1597910 1201
1597920 1206
1597930 1211
1597940 1211
1597950 1216
1597960 1222
1597970 1222
1597980 1228
1597990 1235
1598000 1235
1598010 1241
1598020 1249
1598030 1249
1598040 1257
1598050 1264
1598060 1264
1598070 1273
1598080 1282
1598090 1282
1598100 1287
1598110 1297
1598120 1306
1598130 1306
1598140 1316
1598150 1326
1598160 1326
1598170 1333
1598180 1343
1598190 1343
1598200 1353
1598210 1362
1598220 1362
1598230 1371
1598240 1378
1598250 1378
1598260 1386
1598270 1394
1598280 1394
1598290 1402
1598300 1409
1598310 1409
1598320 1415
1598330 1420
1598340 1420
1598350 1424
1598360 1428
1598370 1428
1598380 1432
1598390 1439
1598400 1439
1598410 1446
1598420 1453
1598430 1460
1598440 1460
1598450 1465
1598460 1471
1598470 1471
1598480 1478
1598490 1487
1598500 1487
1598510 1495
1598520 1504
1598530 1504
1598540 1512
1598550 1519
1598560 1519
1598570 1527
1598580 1534
1598590 1534
1598600 1541
1598610 1546
1598620 1546
1598630 1550
1598640 1554
1598650 1554
1598660 1559
1598670 1565
1598680 1565
1598690 1571
1598700 1576
1598710 1576
1598720 1580
1598730 1580
1598740 1580
1598750 1580
1598760 1582
1598770 1583
1598780 1583
1598790 1591
1598800 1600
1598810 1600
1598820 1607
1598830 1615
1598840 1615
1598850 1623
1598860 1630
1598870 1630
1598880 1637
1598890 1644
1598900 1644
1598910 1653
1598920 1660
1598930 1660
1598940 1668
1598950 1675
1598960 1675
1598970 1682
1598980 1689
1598990 1689
1599000 1696
1599010 1703
1599020 1703
1599030 1710
1599040 1715
1599050 1715
1599060 1720
1599070 1724
1599080 1728
1599090 1728
1599100 1732
1599110 1737
1599120 1737
1599130 1741
1599140 1745
1599150 1745
1599160 1750
1599170 1754
1599180 1754
1599190 1759
1599200 1764
1599210 1764
1599220 1769
1599230 1776
1599240 1776
1599250 1782
1599260 1789
1599270 1789
1599280 1796
1599290 1803
1599300 1803
1599310 1810
1599320 1817
1599330 1817
1599340 1825
1599350 1833
1599360 1833
1599370 1840
1599380 1847
1599390 1856
1599400 1856
1599410 1864
1599420 1872
1599430 1872
1599440 1880
1599450 1887
1599460 1887
1599470 1895
1599480 1903
1599490 1903
1599500 1911
1599510 1913
1599520 1913
1599530 1908
1599540 1901
1599550 1901
1599560 1895
1599570 1889
1599580 1889
1599590 1881
1599600 1874
1599610 1874
1599620 1868
1599630 1863
1599640 1863
1599650 1857
1599660 1851
1599670 1851
1599680 1845
1599690 1840
1599700 1834
1599710 1834
1599720 1830
1599730 1825
1599740 1825
1599750 1820
1599760 1817
1599770 1817
1599780 1812
1599790 1806
1599800 1806
1599810 1793
1599820 1779
1599830 1779
1599840 1770
1599850 1762
1599860 1762
1599870 1758
1599880 1753
1599890 1753
1599900 1746
1599910 1740
1599920 1740
1599930 1732
1599940 1720
1599950 1720
1599960 1709
1599970 1701
1599980 1701
1599990 1694
