1580000 1590
1580010 1584
1580020 1579
1580030 1579
1580040 1573
1580050 1568
1580060 1568
1580070 1564
1580080 1559
1580090 1559
1580100 1552
1580110 1544
1580120 1544
1580130 1542
1580140 1545
1580150 1543
1580160 1543
1580170 1540
1580180 1536
1580190 1536
1580200 1533
1580210 1530
1580220 1530
1580230 1528
1580240 1527
1580250 1527
1580260 1528
1580270 1528
1580280 1528
1580290 1529
1580300 1530
1580310 1530
1580320 1527
1580330 1528
1580340 1528
1580350 1529
1580360 1530
1580370 1530
1580380 1532
1580390 1535
1580400 1535
1580410 1538
1580420 1542
1580430 1542
1580440 1545
1580450 1548
1580460 1553
1580470 1553
1580480 1559
1580490 1564
1580500 1564
1580510 1571
1580520 1577
1580530 1577
1580540 1583
1580550 1589
1580560 1589
1580570 1597
1580580 1603
1580590 1603
1580600 1609
1580610 1617
1580620 1617
1580630 1625
1580640 1633
1580650 1633
1580660 1638
1580670 1641
1580680 1641
1580690 1645
1580700 1648
1580710 1648
1580720 1652
1580730 1659
1580740 1659
1580750 1663
1580760 1670
1580770 1670
1580780 1666
1580790 1659
1580800 1653
1580810 1653
1580820 1647
1580830 1641
1580840 1641
1580850 1634
1580860 1629
1580870 1629
1580880 1625
1580890 1622
1580900 1622
1580910 1620
1580920 1618
1580930 1618
1580940 1614
1580950 1609
1580960 1609
1580970 1605
1580980 1594
1580990 1594
1581000 1586
1581010 1579
1581020 1579
1581030 1569
1581040 1558
1581050 1558
1581060 1549
1581070 1539
1581080 1539
1581090 1529
1581100 1518
1581110 1509
1581120 1509
1581130 1503
1581140 1503
1581150 1503
1581160 1502
1581170 1499
1581180 1499
1581190 1489
1581200 1482
1581210 1482
1581220 1473
1581230 1467
1581240 1467
1581250 1462
1581260 1456
1581270 1456
1581280 1451
1581290 1445
1581300 1445
1581310 1437
1581320 1426
1581330 1426
1581340 1416
1581350 1404
1581360 1404
1581370 1391
1581380 1378
1581390 1378
1581400 1367
1581410 1361
1581420 1355
1581430 1355
1581440 1348
1581450 1345
1581460 1345
1581470 1343
1581480 1338
1581490 1338
1581500 1333
1581510 1328
1581520 1328
1581530 1324
1581540 1319
1581550 1319
1581560 1314
1581570 1307
1581580 1307
1581590 1301
1581600 1297
1581610 1297
1581620 1293
1581630 1288
1581640 1284
1581650 1279
1581660 1274
1581670 1274
1581680 1269
1581690 1264
1581700 1264
1581710 1258
1581720 1253
1581730 1253
1581740 1247
1581750 1241
1581760 1233
1581770 1233
1581780 1222
1581790 1214
1581800 1214
1581810 1207
1581820 1202
1581830 1202
1581840 1196
1581850 1191
1581860 1191
1581870 1184
1581880 1174
1581890 1174
1581900 1166
1581910 1159
1581920 1159
1581930 1156
1581940 1150
1581950 1150
1581960 1141
1581970 1134
1581980 1134
1581990 1127
1582000 1120
1582010 1120
1582020 1113
1582030 1107
1582040 1107
1582050 1102
1582060 1097
1582070 1093
1582080 1093
1582090 1088
1582100 1083
1582110 1083
1582120 1079
1582130 1073
1582140 1073
1582150 1066
1582160 1062
1582170 1062
1582180 1058
1582190 1054
1582200 1054
1582210 1049
1582220 1044
1582230 1044
1582240 1041
1582250 1039
1582260 1039
1582270 1037
1582280 1036
1582290 1036
1582300 1035
1582310 1034
1582320 1034
1582330 1033
1582340 1031
1582350 1031
1582360 1030
1582370 1031
1582380 1031
1582390 1031
1582400 1031
1582410 1032
1582420 1032
1582430 1032
1582440 1032
1582450 1032
1582460 1033
1582470 1035
1582480 1035
1582490 1038
1582500 1038
1582510 1038
1582520 1039
1582530 1040
1582540 1040
1582550 1040
1582560 1041
1582570 1041
1582580 1042
1582590 1044
1582600 1044
1582610 1046
1582620 1050
1582630 1050
1582640 1055
1582650 1061
1582660 1061
1582670 1068
1582680 1073
1582690 1073
1582700 1078
1582710 1083
1582720 1087
1582730 1087
1582740 1091
1582750 1095
1582760 1095
1582770 1099
1582780 1104
1582790 1104
1582800 1108
1582810 1113
1582820 1113
1582830 1119
1582840 1124
1582850 1124
1582860 1130
1582870 1136
1582880 1136
1582890 1141
1582900 1147
1582910 1147
1582920 1154
1582930 1161
1582940 1161
1582950 1168
1582960 1175
1582970 1175
1582980 1183
1582990 1190
1583000 1190
1583010 1197
1583020 1205
1583030 1212
1583040 1212
1583050 1219
1583060 1227
1583070 1227
1583080 1236
1583090 1243
1583100 1243
1583110 1251
1583120 1259
1583130 1259
1583140 1268
1583150 1277
1583160 1277
1583170 1285
1583180 1293
1583190 1293
1583200 1301
1583210 1307
1583220 1307
1583230 1312
1583240 1318
1583250 1318
1583260 1323
1583270 1328
1583280 1328
1583290 1333
1583300 1338
1583310 1338
1583320 1342
1583330 1346
1583340 1346
1583350 1351
1583360 1356
1583370 1361
1583380 1361
1583390 1365
1583400 1369
1583410 1369
1583420 1373
1583430 1377
1583440 1377
1583450 1380
1583460 1383
1583470 1383
1583480 1385
1583490 1388
1583500 1388
1583510 1392
1583520 1396
1583530 1396
1583540 1400
1583550 1404
1583560 1404
1583570 1408
1583580 1413
1583590 1413
1583600 1417
1583610 1421
1583620 1421
1583630 1425
1583640 1428
1583650 1428
1583660 1432
1583670 1434
1583680 1437
1583690 1437
1583700 1440
1583710 1443
1583720 1443
1583730 1447
1583740 1451
1583750 1451
1583760 1456
1583770 1460
1583780 1460
1583790 1464
1583800 1468
1583810 1468
1583820 1471
1583830 1474
1583840 1474
1583850 1478
1583860 1481
1583870 1481
1583880 1485
1583890 1488
1583900 1488
1583910 1492
1583920 1496
1583930 1496
1583940 1500
1583950 1503
1583960 1503
1583970 1506
1583980 1510
1583990 1513
1584000 1513
1584010 1517
1584020 1520
1584030 1520
1584040 1524
1584050 1527
1584060 1527
1584070 1531
1584080 1535
1584090 1535
1584100 1540
1584110 1544
1584120 1544
1584130 1549
1584140 1554
1584150 1554
1584160 1558
1584170 1563
1584180 1563
1584190 1567
1584200 1572
1584210 1572
1584220 1577
1584230 1582
1584240 1577
1584250 1583
1584260 1589
1584270 1589
1584280 1594
1584290 1599
1584300 1599
1584310 1605
1584320 1611
1584330 1617
1584340 1617
1584350 1623
1584360 1629
1584370 1629
1584380 1635
1584390 1639
1584400 1639
1584410 1642
1584420 1647
1584430 1647
1584440 1652
1584450 1655
1584460 1655
1584470 1659
1584480 1663
1584490 1663
1584500 1665
1584510 1667
1584520 1667
1584530 1669
1584540 1672
1584550 1672
1584560 1675
1584570 1678
1584580 1678
1584590 1682
1584600 1686
1584610 1686
1584620 1690
1584630 1694
1584640 1698
1584650 1698
1584660 1702
1584670 1707
1584680 1707
1584690 1713
1584700 1718
1584710 1718
1584720 1723
1584730 1729
1584740 1729
1584750 1734
1584760 1738
1584770 1738
1584780 1743
1584790 1747
1584800 1747
1584810 1752
1584820 1756
1584830 1756
1584840 1761
1584850 1766
1584860 1766
1584870 1772
1584880 1778
1584890 1778
1584900 1783
1584910 1787
1584920 1787
1584930 1788
1584940 1785
1584950 1783
1584960 1783
1584970 1780
1584980 1779
1584990 1779
1585000 1779
1585010 1781
1585020 1781
1585030 1784
1585040 1789
1585050 1789
1585060 1793
1585070 1797
1585080 1797
1585090 1803
1585100 1808
1585110 1808
1585120 1813
1585130 1818
1585140 1818
1585150 1824
1585160 1829
1585170 1829
1585180 1835
1585190 1840
1585200 1840
1585210 1843
1585220 1847
1585230 1847
1585240 1851
1585250 1855
1585260 1855
1585270 1858
1585280 1862
1585290 1866
1585300 1866
1585310 1871
1585320 1876
1585330 1876
1585340 1881
1585350 1885
1585360 1885
1585370 1889
1585380 1890
1585390 1890
1585400 1883
1585410 1875
1585420 1875
1585430 1865
1585440 1855
1585450 1855
1585460 1848
1585470 1841
1585480 1841
1585490 1836
1585500 1829
1585510 1825
1585520 1817
1585530 1809
1585540 1809
1585550 1804
1585560 1800
1585570 1800
1585580 1795
1585590 1785
1585600 1771
1585610 1771
1585620 1762
1585630 1755
1585640 1755
1585650 1749
1585660 1744
1585670 1744
1585680 1740
1585690 1738
1585700 1738
1585710 1739
1585720 1739
1585730 1739
1585740 1740
1585750 1741
1585760 1741
1585770 1745
1585780 1749
1585790 1749
1585800 1753
1585810 1756
1585820 1756
1585830 1758
1585840 1760
1585850 1760
1585860 1760
1585870 1763
1585880 1763
1585890 1765
1585900 1768
1585910 1771
1585920 1771
1585930 1774
1585940 1777
1585950 1777
1585960 1780
1585970 1784
1585980 1784
1585990 1788
1586000 1792
1586010 1792
1586020 1796
1586030 1801
1586040 1801
1586050 1806
1586060 1812
1586070 1812
1586080 1819
1586090 1826
1586100 1826
1586110 1833
1586120 1841
1586130 1841
1586140 1849
1586150 1856
1586160 1856
1586170 1862
1586180 1866
1586190 1866
1586200 1872
1586210 1879
1586220 1879
1586230 1886
1586240 1893
1586250 1899
1586260 1899
1586270 1905
1586280 1911
1586290 1911
1586300 1917
1586310 1922
1586320 1922
1586330 1928
1586340 1935
1586350 1935
1586360 1942
1586370 1951
1586380 1951
1586390 1960
1586400 1964
1586410 1964
1586420 1969
1586430 1973
1586440 1973
1586450 1975
1586460 1977
1586470 1977
1586480 1980
1586490 1985
1586500 1985
1586510 1991
1586520 1997
1586530 1997
1586540 2002
1586550 2007
1586560 2010
1586570 2010
1586580 2014
1586590 2018
1586600 2018
1586610 2022
1586620 2026
1586630 2026
1586640 2030
1586650 2034
1586660 2034
1586670 2038
1586680 2043
1586690 2043
1586700 2048
1586710 2052
1586720 2052
1586730 2057
1586740 2060
1586750 2060
1586760 2065
1586770 2066
1586780 2066
1586790 2070
1586800 2074
1586810 2074
1586820 2078
1586830 2083
1586840 2083
1586850 2086
1586860 2090
1586870 2090
1586880 2093
1586890 2095
1586900 2098
1586910 2098
1586920 2100
1586930 2102
1586940 2102
1586950 2104
1586960 2106
1586970 2106
1586980 2108
1586990 2110
1587000 2110
1587010 2111
1587020 2112
1587030 2112
1587040 2111
1587050 2107
1587060 2107
1587070 2101
1587080 2095
1587090 2095
1587100 2089
1587110 2082
1587120 2082
1587130 2074
1587140 2068
1587150 2068
1587160 2058
1587170 2046
1587180 2046
1587190 2034
1587200 2022
1587210 2014
1587220 2014
1587230 2002
1587240 1992
1587250 1992
1587260 1983
1587270 1975
1587280 1975
1587290 1966
1587300 1958
1587310 1958
1587320 1949
1587330 1939
1587340 1939
1587350 1930
1587360 1921
1587370 1921
1587380 1913
1587390 1905
1587400 1905
1587410 1898
1587420 1891
1587430 1891
1587440 1883
1587450 1873
1587460 1873
1587470 1865
1587480 1858
1587490 1858
1587500 1850
1587510 1842
1587520 1834
1587530 1834
1587540 1825
1587550 1816
1587560 1816
1587570 1806
1587580 1798
1587590 1798
1587600 1790
1587610 1783
1587620 1783
1587630 1777
1587640 1770
1587650 1770
1587660 1764
1587670 1758
1587680 1758
1587690 1752
1587700 1747
1587710 1747
1587720 1741
1587730 1736
1587740 1736
1587750 1731
1587760 1726
1587770 1726
1587780 1722
1587790 1718
1587800 1718
1587810 1713
1587820 1709
1587830 1709
1587840 1704
1587850 1699
1587860 1695
1587870 1695
1587880 1691
1587890 1687
1587900 1687
1587910 1685
1587920 1681
1587930 1681
1587940 1677
1587950 1675
1587960 1675
1587970 1672
1587980 1668
1587990 1668
1588000 1665
1588010 1662
1588020 1668
1588030 1664
1588040 1659
1588050 1659
1588060 1654
1588070 1648
1588080 1648
1588090 1642
1588100 1637
1588110 1637
1588120 1632
1588130 1629
1588140 1629
1588150 1627
1588160 1624
1588170 1622
1588180 1622
1588190 1618
1588200 1615
1588210 1615
1588220 1612
1588230 1607
1588240 1607
1588250 1603
1588260 1600
1588270 1600
1588280 1598
1588290 1596
1588300 1596
1588310 1594
1588320 1592
1588330 1592
1588340 1592
1588350 1592
1588360 1592
1588370 1590
1588380 1588
1588390 1588
1588400 1587
1588410 1588
1588420 1588
1588430 1590
1588440 1593
1588450 1593
1588460 1594
1588470 1595
1588480 1597
1588490 1597
1588500 1600
1588510 1601
1588520 1601
1588530 1603
1588540 1604
1588550 1604
1588560 1603
1588570 1602
1588580 1602
1588590 1599
1588600 1596
1588610 1596
1588620 1590
1588630 1584
1588640 1584
1588650 1578
1588660 1572
1588670 1572
1588680 1566
1588690 1559
1588700 1559
1588710 1554
1588720 1548
1588730 1548
1588740 1542
1588750 1536
1588760 1536
1588770 1529
1588780 1521
1588790 1521
1588800 1514
1588810 1506
1588820 1499
1588830 1499
1588840 1492
1588850 1484
1588860 1484
1588870 1477
1588880 1470
1588890 1470
1588900 1463
1588910 1456
1588920 1456
1588930 1450
1588940 1443
1588950 1443
1588960 1436
1588970 1429
1588980 1429
1588990 1422
1589000 1415
1589010 1415
1589020 1408
1589030 1402
1589040 1402
1589050 1396
1589060 1390
1589070 1390
1589080 1385
1589090 1380
1589100 1380
1589110 1375
1589120 1370
1589130 1365
1589140 1365
1589150 1360
1589160 1355
1589170 1355
1589180 1349
1589190 1345
1589200 1345
1589210 1340
1589220 1335
1589230 1335
1589240 1328
1589250 1324
1589260 1324
1589270 1319
1589280 1315
1589290 1315
1589300 1310
1589310 1304
1589320 1304
1589330 1297
1589340 1291
1589350 1291
1589360 1284
1589370 1277
1589380 1277
1589390 1271
1589400 1263
1589410 1263
1589420 1255
1589430 1248
1589440 1248
1589450 1241
1589460 1237
1589470 1233
1589480 1233
1589490 1230
1589500 1226
1589510 1226
1589520 1222
1589530 1218
1589540 1218
1589550 1214
1589560 1208
1589570 1208
1589580 1204
1589590 1197
1589600 1197
1589610 1191
1589620 1187
1589630 1187
1589640 1183
1589650 1179
1589660 1179
1589670 1174
1589680 1169
1589690 1169
1589700 1164
1589710 1159
1589720 1159
1589730 1155
1589740 1150
1589750 1150
1589760 1145
1589770 1140
1589780 1135
1589790 1135
1589800 1131
1589810 1126
1589820 1126
1589830 1121
1589840 1115
1589850 1115
1589860 1109
1589870 1104
1589880 1104
1589890 1099
1589900 1092
1589910 1092
1589920 1087
1589930 1083
1589940 1083
1589950 1080
1589960 1076
1589970 1076
1589980 1072
1589990 1067
1590000 1067
1590010 1063
1590020 1060
1590030 1060
1590040 1056
1590050 1053
1590060 1053
1590070 1049
1590080 1045
1590090 1040
1590100 1040
1590110 1036
1590120 1031
1590130 1031
1590140 1027
1590150 1023
1590160 1023
1590170 1018
1590180 1014
1590190 1014
1590200 1013
1590210 1013
1590220 1013
1590230 1011
1590240 1011
1590250 1011
1590260 1012
1590270 1012
1590280 1012
1590290 1012
1590300 1012
1590310 1012
1590320 1013
1590330 1013
1590340 1013
1590350 1014
1590360 1015
1590370 1015
1590380 1017
1590390 1020
1590400 1020
1590410 1024
1590420 1029
1590430 1032
1590440 1032
1590450 1035
1590460 1036
1590470 1036
1590480 1038
1590490 1041
1590500 1041
1590510 1043
1590520 1046
1590530 1046
1590540 1049
1590550 1052
1590560 1052
1590570 1055
1590580 1057
1590590 1057
1590600 1060
1590610 1063
1590620 1063
1590630 1065
1590640 1068
1590650 1068
1590660 1071
1590670 1074
1590680 1074
1590690 1076
1590700 1079
1590710 1079
1590720 1081
1590730 1084
1590740 1087
1590750 1087
1590760 1090
1590770 1092
1590780 1092
1590790 1095
1590800 1098
1590810 1098
1590820 1101
1590830 1103
1590840 1103
1590850 1106
1590860 1108
1590870 1108
1590880 1110
1590890 1112
1590900 1112
1590910 1115
1590920 1118
1590930 1118
1590940 1121
1590950 1124
1590960 1124
1590970 1127
1590980 1130
1590990 1130
1591000 1132
1591010 1135
1591020 1135
1591030 1138
1591040 1141
1591050 1141
1591060 1145
1591070 1148
1591080 1152
1591090 1152
1591100 1156
1591110 1160
1591120 1160
1591130 1166
1591140 1170
1591150 1170
1591160 1174
1591170 1178
1591180 1178
1591190 1181
1591200 1184
1591210 1184
1591220 1188
1591230 1193
1591240 1193
1591250 1198
1591260 1203
1591270 1203
1591280 1208
1591290 1213
1591300 1213
1591310 1217
1591320 1222
1591330 1222
1591340 1227
1591350 1233
1591360 1233
1591370 1238
1591380 1243
1591390 1248
1591400 1248
1591410 1253
1591420 1257
1591430 1257
1591440 1262
1591450 1267
1591460 1267
1591470 1272
1591480 1277
1591490 1277
1591500 1282
1591510 1286
1591520 1286
1591530 1290
1591540 1294
1591550 1294
1591560 1298
1591570 1301
1591580 1301
1591590 1304
1591600 1307
1591610 1307
1591620 1311
1591630 1314
1591640 1314
1591650 1318
1591660 1320
1591670 1320
1591680 1324
1591690 1329
1591700 1335
1591710 1335
1591720 1341
1591730 1347
1591740 1347
1591750 1354
1591760 1360
1591770 1360
1591780 1366
1591790 1372
1591800 1372
1591810 1377
1591820 1383
1591830 1383
1591840 1388
1591850 1393
1591860 1393
1591870 1398
1591880 1404
1591890 1404
1591900 1409
1591910 1414
1591920 1414
1591930 1418
1591940 1423
1591950 1423
1591960 1430
1591970 1436
1591980 1436
1591990 1443
1592000 1450
1592010 1450
1592020 1457
1592030 1463
1592040 1471
1592050 1471
1592060 1476
1592070 1479
1592080 1479
1592090 1482
1592100 1487
1592110 1487
1592120 1492
1592130 1498
1592140 1498
1592150 1504
1592160 1510
1592170 1510
1592180 1518
1592190 1525
1592200 1525
1592210 1532
1592220 1539
1592230 1539
1592240 1547
1592250 1555
1592260 1555
1592270 1561
1592280 1567
1592290 1567
1592300 1574
1592310 1580
1592320 1580
1592330 1584
1592340 1589
1592350 1593
1592360 1593
1592370 1597
1592380 1600
1592390 1600
1592400 1604
1592410 1607
1592420 1607
1592430 1611
1592440 1615
1592450 1615
1592460 1618
1592470 1621
1592480 1621
1592490 1624
1592500 1628
1592510 1628
1592520 1632
1592530 1636
1592540 1636
1592550 1641
1592560 1644
1592570 1644
1592580 1648
1592590 1651
1592600 1651
1592610 1654
1592620 1658
1592630 1658
1592640 1661
1592650 1665
1592660 1668
1592670 1668
1592680 1671
1592690 1674
1592700 1674
1592710 1678
1592720 1681
1592730 1681
1592740 1685
1592750 1689
1592760 1689
1592770 1693
1592780 1697
1592790 1697
1592800 1701
1592810 1705
1592820 1705
1592830 1709
1592840 1714
1592850 1714
1592860 1718
1592870 1722
1592880 1722
1592890 1725
1592900 1729
1592910 1729
1592920 1733
1592930 1737
1592940 1737
1592950 1741
1592960 1746
1592970 1746
1592980 1750
1592990 1754
1593000 1758
1593010 1758
1593020 1762
1593030 1766
1593040 1766
1593050 1770
1593060 1774
1593070 1774
1593080 1778
1593090 1782
1593100 1782
1593110 1786
1593120 1789
1593130 1789
1593140 1791
1593150 1792
1593160 1792
1593170 1793
1593180 1794
1593190 1794
1593200 1795
1593210 1796
1593220 1796
1593230 1800
1593240 1803
1593250 1803
1593260 1807
1593270 1811
1593280 1811
1593290 1814
1593300 1819
1593310 1821
1593320 1821
1593330 1822
1593340 1824
1593350 1824
1593360 1827
1593370 1831
1593380 1831
1593390 1834
1593400 1836
1593410 1836
1593420 1839
1593430 1840
1593440 1840
1593450 1841
1593460 1843
1593470 1843
1593480 1844
1593490 1845
1593500 1845
1593510 1846
1593520 1847
1593530 1847
1593540 1848
1593550 1850
1593560 1850
1593570 1853
1593580 1856
1593590 1856
1593600 1859
1593610 1862
1593620 1862
1593630 1866
1593640 1870
1593650 1873
1593660 1873
1593670 1877
1593680 1881
1593690 1881
1593700 1885
1593710 1889
1593720 1889
1593730 1894
1593740 1899
1593750 1899
1593760 1904
1593770 1912
1593780 1912
1593790 1921
1593800 1929
1593810 1929
1593820 1935
1593830 1943
1593840 1943
1593850 1949
1593860 1955
1593870 1955
1593880 1960
1593890 1963
1593900 1963
1593910 1964
1593920 1964
1593930 1964
1593940 1964
1593950 1966
1593960 1969
1593970 1969
1593980 1974
1593990 1978
1594000 1978
1594010 1983
1594020 1994
1594030 1994
1594040 1999
1594050 2002
1594060 2002
1594070 2006
1594080 2009
1594090 2009
1594100 2002
1594110 1988
1594120 1988
1594130 1974
1594140 1964
1594150 1964
1594160 1953
1594170 1943
1594180 1943
1594190 1935
1594200 1924
1594210 1924
1594220 1913
1594230 1916
1594240 1916
1594250 1916
1594260 1908
1594270 1895
1594280 1895
1594290 1886
1594300 1874
1594310 1874
1594320 1863
1594330 1855
1594340 1855
1594350 1848
1594360 1838
1594370 1838
1594380 1830
1594390 1820
1594400 1820
1594410 1811
1594420 1802
1594430 1802
1594440 1794
1594450 1786
1594460 1786
1594470 1777
1594480 1765
1594490 1765
1594500 1754
1594510 1746
1594520 1746
1594530 1737
1594540 1729
1594550 1729
1594560 1721
1594570 1712
1594580 1712
1594590 1702
1594600 1687
1594610 1668
1594620 1668
1594630 1656
1594640 1646
1594650 1646
1594660 1640
1594670 1632
1594680 1632
1594690 1622
1594700 1610
1594710 1610
1594720 1602
1594730 1595
1594740 1595
1594750 1589
1594760 1585
1594770 1585
1594780 1580
1594790 1574
1594800 1574
1594810 1569
1594820 1564
1594830 1564
1594840 1559
1594850 1554
1594860 1554
1594870 1549
1594880 1545
1594890 1545
1594900 1540
1594910 1535
1594920 1530
1594930 1530
1594940 1526
1594950 1522
1594960 1522
1594970 1517
1594980 1513
1594990 1513
1595000 1509
1595010 1505
1595020 1505
1595030 1502
1595040 1498
1595050 1498
1595060 1494
1595070 1491
1595080 1491
1595090 1488
1595100 1484
1595110 1484
1595120 1482
1595130 1482
1595140 1482
1595150 1485
1595160 1487
1595170 1487
1595180 1482
1595190 1483
1595200 1483
1595210 1484
1595220 1484
1595230 1482
1595240 1482
1595250 1480
1595260 1477
1595270 1477
1595280 1475
1595290 1474
1595300 1474
1595310 1472
1595320 1468
1595330 1468
1595340 1463
1595350 1458
1595360 1458
1595370 1453
1595380 1449
1595390 1449
1595400 1446
1595410 1445
1595420 1445
1595430 1445
1595440 1442
1595450 1442
1595460 1437
1595470 1431
1595480 1431
1595490 1423
1595500 1415
1595510 1415
1595520 1407
1595530 1400
1595540 1400
1595550 1394
1595560 1388
1595570 1383
1595580 1383
1595590 1377
1595600 1372
1595610 1372
1595620 1367
1595630 1362
1595640 1362
1595650 1357
1595660 1352
1595670 1352
1595680 1348
1595690 1343
1595700 1343
1595710 1338
1595720 1333
1595730 1333
1595740 1329
1595750 1324
1595760 1324
1595770 1320
1595780 1317
1595790 1317
1595800 1313
1595810 1310
1595820 1310
1595830 1307
1595840 1304
1595850 1304
1595860 1301
1595870 1298
1595880 1295
1595890 1295
1595900 1292
1595910 1288
1595920 1288
1595930 1285
1595940 1282
1595950 1282
1595960 1280
1595970 1277
1595980 1277
1595990 1275
1596000 1274
1596010 1274
1596020 1272
1596030 1270
1596040 1270
1596050 1267
1596060 1265
1596070 1265
1596080 1263
1596090 1261
1596100 1261
1596110 1259
1596120 1257
1596130 1257
1596140 1255
1596150 1253
1596160 1253
1596170 1251
1596180 1249
1596190 1249
1596200 1248
1596210 1246
1596220 1245
1596230 1245
1596240 1243
1596250 1241
1596260 1241
1596270 1238
1596280 1236
1596290 1236
1596300 1234
1596310 1233
1596320 1233
1596330 1230
1596340 1228
1596350 1228
1596360 1226
1596370 1226
1596380 1226
1596390 1225
1596400 1223
1596410 1223
1596420 1222
1596430 1220
1596440 1220
1596450 1218
1596460 1216
1596470 1216
1596480 1214
1596490 1212
1596500 1212
1596510 1210
1596520 1208
1596530 1206
1596540 1206
1596550 1204
1596560 1202
1596570 1202
1596580 1200
1596590 1198
1596600 1198
1596610 1197
1596620 1195
1596630 1195
1596640 1193
1596650 1191
1596660 1191
1596670 1190
1596680 1188
1596690 1188
1596700 1186
1596710 1184
1596720 1184
1596730 1182
1596740 1181
1596750 1181
1596760 1179
1596770 1178
1596780 1178
1596790 1176
1596800 1175
1596810 1175
1596820 1173
1596830 1172
1596840 1170
1596850 1170
1596860 1169
1596870 1167
1596880 1167
1596890 1165
1596900 1164
1596910 1164
1596920 1163
1596930 1161
1596940 1161
1596950 1159
1596960 1158
1596970 1158
1596980 1157
1596990 1155
1597000 1155
1597010 1154
1597020 1153
1597030 1153
1597040 1151
1597050 1150
1597060 1150
1597070 1148
1597080 1147
1597090 1147
1597100 1146
1597110 1145
1597120 1145
1597130 1144
1597140 1142
1597150 1142
1597160 1141
1597170 1140
1597180 1140
1597190 1140
1597200 1139
1597210 1138
1597220 1138
1597230 1137
1597240 1135
1597250 1135
1597260 1134
1597270 1134
1597280 1134
1597290 1133
1597300 1132
1597310 1132
1597320 1131
1597330 1131
1597340 1131
1597350 1132
1597360 1132
1597370 1132
1597380 1131
1597390 1132
1597400 1132
1597410 1132
1597420 1131
1597430 1131
1597440 1132
1597450 1132
1597460 1131
1597470 1132
1597480 1133
1597490 1134
1597500 1134
1597510 1135
1597520 1137
1597530 1137
1597540 1139
1597550 1141
1597560 1141
1597570 1143
1597580 1147
1597590 1147
1597600 1152
1597610 1156
1597620 1156
1597630 1161
1597640 1166
1597650 1166
1597660 1171
1597670 1175
1597680 1175
1597690 1180
1597700 1185
1597710 1185
1597720 1192
1597730 1198
1597740 1198
1597750 1205
1597760 1211
1597770 1211
1597780 1217
1597790 1224
1597800 1230
1597810 1230
1597820 1236
1597830 1242
1597840 1242
1597850 1247
1597860 1253
1597870 1253
1597880 1259
1597890 1265
1597900 1265
1597910 1271
1597920 1277
1597930 1277
1597940 1283
1597950 1288
1597960 1288
1597970 1292
1597980 1297
1597990 1297
1598000 1302
1598010 1308
1598020 1308
1598030 1312
1598040 1316
1598050 1316
1598060 1320
1598070 1324
1598080 1324
1598090 1328
1598100 1332
1598110 1332
1598120 1334
1598130 1335
1598140 1338
1598150 1338
1598160 1340
1598170 1342
1598180 1342
1598190 1346
1598200 1350
1598210 1350
1598220 1352
1598230 1356
1598240 1356
1598250 1363
1598260 1369
1598270 1369
1598280 1374
1598290 1378
1598300 1378
1598310 1382
1598320 1386
1598330 1386
1598340 1391
1598350 1398
1598360 1398
1598370 1402
1598380 1402
1598390 1402
1598400 1407
1598410 1410
1598420 1410
1598430 1413
1598440 1414
1598450 1414
1598460 1414
1598470 1416
1598480 1420
1598490 1420
1598500 1426
1598510 1433
1598520 1433
1598530 1439
1598540 1446
1598550 1446
1598560 1452
1598570 1458
1598580 1458
1598590 1461
1598600 1467
1598610 1467
1598620 1472
1598630 1478
1598640 1478
1598650 1483
1598660 1489
1598670 1489
1598680 1495
1598690 1500
1598700 1500
1598710 1505
1598720 1510
1598730 1510
1598740 1515
1598750 1520
1598760 1520
1598770 1525
1598780 1531
1598790 1536
1598800 1536
1598810 1541
1598820 1547
1598830 1547
1598840 1552
1598850 1557
1598860 1557
1598870 1562
1598880 1567
1598890 1567
1598900 1573
1598910 1580
1598920 1580
1598930 1587
1598940 1594
1598950 1594
1598960 1601
1598970 1608
1598980 1608
1598990 1614
1599000 1621
1599010 1621
1599020 1628
1599030 1634
1599040 1634
1599050 1639
1599060 1644
1599070 1644
1599080 1648
1599090 1652
1599100 1654
1599110 1654
1599120 1655
1599130 1656
1599140 1656
1599150 1655
1599160 1649
1599170 1649
1599180 1643
1599190 1636
1599200 1636
1599210 1628
1599220 1621
1599230 1621
1599240 1616
1599250 1610
1599260 1610
1599270 1603
1599280 1597
1599290 1597
1599300 1591
1599310 1584
1599320 1584
1599330 1577
1599340 1570
1599350 1570
1599360 1562
1599370 1555
1599380 1555
1599390 1549
1599400 1539
1599410 1524
1599420 1524
1599430 1515
1599440 1508
1599450 1508
1599460 1501
1599470 1494
1599480 1494
1599490 1488
1599500 1482
1599510 1482
1599520 1477
1599530 1473
1599540 1473
1599550 1469
1599560 1466
1599570 1466
1599580 1462
1599590 1458
1599600 1458
1599610 1455
1599620 1453
1599630 1453
1599640 1452
1599650 1452
1599660 1452
1599670 1453
1599680 1452
1599690 1452
1599700 1444
1599710 1435
1599720 1435
1599730 1436
1599740 1437
1599750 1440
1599760 1440
1599770 1444
1599780 1449
1599790 1449
1599800 1455
1599810 1460
1599820 1460
1599830 1463
1599840 1465
1599850 1465
1599860 1466
1599870 1468
1599880 1468
1599890 1469
1599900 1471
1599910 1471
1599920 1474
1599930 1477
1599940 1477
1599950 1481
1599960 1485
1599970 1485
1599980 1490
1599990 1495
