1580000 823
1580010 820
1580020 813
1580030 813
1580040 803
1580050 796
1580060 796
1580070 795
1580080 799
1580090 799
1580100 805
1580110 811
1580120 811
1580130 817
1580140 823
1580150 823
1580160 827
1580170 831
1580180 831
1580190 832
1580200 824
1580210 831
1580220 837
1580230 846
1580240 852
1580250 852
1580260 858
1580270 860
1580280 860
1580290 864
1580300 870
1580310 870
1580320 877
1580330 883
1580340 883
1580350 890
1580360 898
1580370 898
1580380 905
1580390 911
1580400 911
1580410 916
1580420 913
1580430 913
1580440 900
1580450 896
1580460 896
1580470 903
1580480 911
1580490 911
1580500 919
1580510 926
1580520 926
1580530 931
1580540 935
1580550 939
1580560 939
1580570 943
1580580 947
1580590 947
1580600 950
1580610 952
1580620 952
1580630 957
1580640 961
1580650 961
1580660 963
1580670 965
1580680 965
1580690 969
1580700 972
1580710 972
1580720 976
1580730 979
1580740 979
1580750 981
1580760 984
1580770 984
1580780 986
1580790 988
1580800 988
1580810 990
1580820 993
1580830 993
1580840 995
1580850 996
1580860 995
1580870 995
1580880 994
1580890 994
1580900 994
1580910 995
1580920 997
1580930 997
1580940 1000
1580950 1002
1580960 1002
1580970 1005
1580980 1007
1580990 1007
1581000 1010
1581010 1014
1581020 1014
1581030 1019
1581040 1025
1581050 1025
1581060 1031
1581070 1036
1581080 1036
1581090 1040
1581100 1044
1581110 1044
1581120 1048
1581130 1052
1581140 1052
1581150 1057
1581160 1059
1581170 1059
1581180 1062
1581190 1064
1581200 1066
1581210 1066
1581220 1068
1581230 1070
1581240 1070
1581250 1071
1581260 1072
1581270 1072
1581280 1072
1581290 1073
1581300 1073
1581310 1074
1581320 1076
1581330 1076
1581340 1078
1581350 1079
1581360 1079
1581370 1080
1581380 1084
1581390 1084
1581400 1089
1581410 1093
1581420 1093
1581430 1098
1581440 1102
1581450 1102
1581460 1108
1581470 1113
1581480 1113
1581490 1118
1581500 1123
1581510 1123
1581520 1129
1581530 1133
1581540 1138
1581550 1141
1581560 1146
1581570 1151
1581580 1151
1581590 1156
1581600 1161
1581610 1161
1581620 1164
1581630 1167
1581640 1167
1581650 1170
1581660 1174
1581670 1174
1581680 1177
1581690 1180
1581700 1180
1581710 1184
1581720 1188
1581730 1188
1581740 1193
1581750 1197
1581760 1197
1581770 1200
1581780 1203
1581790 1203
1581800 1206
1581810 1209
1581820 1209
1581830 1213
1581840 1216
1581850 1216
1581860 1220
1581870 1223
1581880 1227
1581890 1227
1581900 1231
1581910 1235
1581920 1235
1581930 1238
1581940 1241
1581950 1241
1581960 1244
1581970 1247
1581980 1247
1581990 1250
1582000 1252
1582010 1252
1582020 1252
1582030 1251
1582040 1251
1582050 1250
1582060 1250
1582070 1250
1582080 1249
1582090 1247
1582100 1247
1582110 1246
1582120 1244
1582130 1244
1582140 1243
1582150 1243
1582160 1243
1582170 1243
1582180 1243
1582190 1243
1582200 1242
1582210 1242
1582220 1242
1582230 1242
1582240 1242
1582250 1242
1582260 1242
1582270 1242
1582280 1242
1582290 1242
1582300 1241
1582310 1239
1582320 1239
1582330 1237
1582340 1236
1582350 1236
1582360 1235
1582370 1232
1582380 1232
1582390 1230
1582400 1228
1582410 1228
1582420 1224
1582430 1221
1582440 1221
1582450 1220
1582460 1218
1582470 1218
1582480 1216
1582490 1212
1582500 1212
1582510 1210
1582520 1208
1582530 1208
1582540 1207
1582550 1205
1582560 1204
1582570 1204
1582580 1202
1582590 1200
1582600 1200
1582610 1198
1582620 1196
1582630 1196
1582640 1194
1582650 1193
1582660 1193
1582670 1192
1582680 1191
1582690 1191
1582700 1189
1582710 1188
1582720 1188
1582730 1186
1582740 1184
1582750 1184
1582760 1182
1582770 1179
1582780 1179
1582790 1176
1582800 1175
1582810 1175
1582820 1173
1582830 1172
1582840 1172
1582850 1171
1582860 1165
1582870 1163
1582880 1163
1582890 1161
1582900 1159
1582910 1159
1582920 1158
1582930 1156
1582940 1156
1582950 1153
1582960 1149
1582970 1149
1582980 1147
1582990 1144
1583000 1144
1583010 1142
1583020 1135
1583030 1135
1583040 1126
1583050 1119
1583060 1119
1583070 1110
1583080 1102
1583090 1102
1583100 1095
1583110 1090
1583120 1090
1583130 1089
1583140 1092
1583150 1092
1583160 1096
1583170 1099
1583180 1099
1583190 1101
1583200 1100
1583210 1097
1583220 1097
1583230 1095
1583240 1098
1583250 1098
1583260 1101
1583270 1105
1583280 1105
1583290 1108
1583300 1111
1583310 1111
1583320 1113
1583330 1115
1583340 1115
1583350 1116
1583360 1118
1583370 1118
1583380 1119
1583390 1119
1583400 1119
1583410 1120
1583420 1119
1583430 1119
1583440 1117
1583450 1117
1583460 1117
1583470 1117
1583480 1118
1583490 1118
1583500 1120
1583510 1120
1583520 1120
1583530 1120
1583540 1119
1583550 1119
1583560 1119
1583570 1119
1583580 1119
1583590 1119
1583600 1118
1583610 1117
1583620 1117
1583630 1116
1583640 1114
1583650 1114
1583660 1115
1583670 1115
1583680 1115
1583690 1115
1583700 1114
1583710 1114
1583720 1114
1583730 1114
1583740 1114
1583750 1114
1583760 1115
1583770 1115
1583780 1116
1583790 1117
1583800 1117
1583810 1118
1583820 1119
1583830 1119
1583840 1119
1583850 1119
1583860 1119
1583870 1119
1583880 1119
1583890 1119
1583900 1119
1583910 1120
1583920 1120
1583930 1120
1583940 1119
1583950 1118
1583960 1118
1583970 1116
1583980 1110
1583990 1110
1584000 1101
1584010 1101
1584020 1101
1584030 1108
1584040 1113
1584050 1113
1584060 1117
1584070 1119
1584080 1119
1584090 1120
1584100 1120
1584110 1120
1584120 1120
1584130 1120
1584140 1120
1584150 1112
1584160 1111
1584170 1111
1584180 1111
1584190 1111
1584200 1111
1584210 1111
1584220 1111
1584230 1107
1584240 1107
1584250 1102
1584260 1099
1584270 1099
1584280 1096
1584290 1093
1584300 1093
1584310 1093
1584320 1094
1584330 1094
1584340 1096
1584350 1098
1584360 1098
1584370 1098
1584380 1097
1584390 1097
1584400 1096
1584410 1094
1584420 1094
1584430 1093
1584440 1093
1584450 1093
1584460 1092
1584470 1091
1584480 1091
1584490 1092
1584500 1092
1584510 1092
1584520 1092
1584530 1092
1584540 1091
1584550 1091
1584560 1088
1584570 1085
1584580 1085
1584590 1081
1584600 1078
1584610 1078
1584620 1077
1584630 1075
1584640 1075
1584650 1074
1584660 1073
1584670 1073
1584680 1072
1584690 1071
1584700 1071
1584710 1070
1584720 1070
1584730 1070
1584740 1069
1584750 1068
1584760 1068
1584770 1066
1584780 1064
1584790 1064
1584800 1063
1584810 1061
1584820 1061
1584830 1057
1584840 1053
1584850 1053
1584860 1049
1584870 1046
1584880 1044
1584890 1044
1584900 1042
1584910 1040
1584920 1040
1584930 1037
1584940 1035
1584950 1035
1584960 1033
1584970 1030
1584980 1030
1584990 1027
1585000 1025
1585010 1025
1585020 1023
1585030 1021
1585040 1021
1585050 1019
1585060 1016
1585070 1016
1585080 1014
1585090 1012
1585100 1012
1585110 1010
1585120 1009
1585130 1009
1585140 1008
1585150 1008
1585160 1008
1585170 1006
1585180 1001
1585190 1001
1585200 996
1585210 992
1585220 992
1585230 992
1585240 992
1585250 992
1585260 992
1585270 991
1585280 988
1585290 988
1585300 985
1585310 983
1585320 983
1585330 981
1585340 979
1585350 979
1585360 977
1585370 973
1585380 973
1585390 968
1585400 963
1585410 963
1585420 957
1585430 956
1585440 956
1585450 951
1585460 946
1585470 946
1585480 943
1585490 941
1585500 941
1585510 937
1585520 934
1585530 934
1585540 931
1585550 928
1585560 925
1585570 925
1585580 922
1585590 917
1585600 917
1585610 914
1585620 910
1585630 910
1585640 902
1585650 899
1585660 899
1585670 896
1585680 897
1585690 897
1585700 899
1585710 901
1585720 901
1585730 904
1585740 906
1585750 906
1585760 909
1585770 913
1585780 913
1585790 917
1585800 920
1585810 920
1585820 923
1585830 929
1585840 929
1585850 931
1585860 935
1585870 935
1585880 939
1585890 942
1585900 944
1585910 944
1585920 946
1585930 947
1585940 947
1585950 949
1585960 951
1585970 951
1585980 953
1585990 955
1586000 955
1586010 957
1586020 960
1586030 960
1586040 962
1586050 963
1586060 963
1586070 964
1586080 965
1586090 965
1586100 966
1586110 967
1586120 967
1586130 967
1586140 967
1586150 967
1586160 966
1586170 963
1586180 963
1586190 960
1586200 959
1586210 959
1586220 960
1586230 961
1586240 959
1586250 959
1586260 955
1586270 960
1586280 960
1586290 966
1586300 969
1586310 969
1586320 970
1586330 972
1586340 972
1586350 973
1586360 974
1586370 974
1586380 976
1586390 978
1586400 978
1586410 982
1586420 986
1586430 986
1586440 989
1586450 993
1586460 993
1586470 997
1586480 1001
1586490 1001
1586500 1005
1586510 1009
1586520 1009
1586530 1014
1586540 1016
1586550 1018
1586560 1018
1586570 1020
1586580 1022
1586590 1022
1586600 1025
1586610 1027
1586620 1027
1586630 1030
1586640 1032
1586650 1032
1586660 1034
1586670 1036
1586680 1036
1586690 1043
1586700 1044
1586710 1044
1586720 1046
1586730 1049
1586740 1049
1586750 1052
1586760 1055
1586770 1055
1586780 1058
1586790 1060
1586800 1060
1586810 1062
1586820 1064
1586830 1064
1586840 1066
1586850 1067
1586860 1067
1586870 1070
1586880 1071
1586890 1073
1586900 1073
1586910 1076
1586920 1080
1586930 1080
1586940 1082
1586950 1084
1586960 1084
1586970 1086
1586980 1090
1586990 1090
1587000 1093
1587010 1096
1587020 1096
1587030 1099
1587040 1100
1587050 1100
1587060 1102
1587070 1105
1587080 1105
1587090 1107
1587100 1109
1587110 1109
1587120 1111
1587130 1112
1587140 1112
1587150 1113
1587160 1114
1587170 1114
1587180 1115
1587190 1117
1587200 1117
1587210 1119
1587220 1120
1587230 1123
1587240 1123
1587250 1126
1587260 1130
1587270 1130
1587280 1133
1587290 1138
1587300 1138
1587310 1140
1587320 1135
1587330 1135
1587340 1127
1587350 1121
1587360 1121
1587370 1118
1587380 1125
1587390 1125
1587400 1130
1587410 1137
1587420 1137
1587430 1142
1587440 1146
1587450 1146
1587460 1153
1587470 1160
1587480 1160
1587490 1167
1587500 1175
1587510 1175
1587520 1182
1587530 1188
1587540 1188
1587550 1195
1587560 1202
1587570 1209
1587580 1209
1587590 1216
1587600 1224
1587610 1224
1587620 1229
1587630 1234
1587640 1234
1587650 1238
1587660 1242
1587670 1242
1587680 1245
1587690 1249
1587700 1249
1587710 1253
1587720 1257
1587730 1257
1587740 1261
1587750 1265
1587760 1265
1587770 1270
1587780 1273
1587790 1273
1587800 1276
1587810 1279
1587820 1279
1587830 1282
1587840 1282
1587850 1282
1587860 1279
1587870 1274
1587880 1274
1587890 1268
1587900 1262
1587910 1255
1587920 1255
1587930 1256
1587940 1253
1587950 1253
1587960 1259
1587970 1264
1587980 1264
1587990 1266
1588000 1269
1588010 1269
1588020 1270
1588030 1271
1588040 1271
1588050 1272
1588060 1274
1588070 1274
1588080 1275
1588090 1276
1588100 1276
1588110 1277
1588120 1279
1588130 1279
1588140 1281
1588150 1284
1588160 1284
1588170 1287
1588180 1289
1588190 1289
1588200 1292
1588210 1297
1588220 1297
1588230 1304
1588240 1311
1588250 1318
1588260 1318
1588270 1325
1588280 1334
1588290 1334
1588300 1342
1588310 1349
1588320 1349
1588330 1355
1588340 1361
1588350 1361
1588360 1366
1588370 1369
1588380 1369
1588390 1370
1588400 1370
1588410 1370
1588420 1370
1588430 1371
1588440 1371
1588450 1372
1588460 1372
1588470 1372
1588480 1370
1588490 1371
1588500 1371
1588510 1370
1588520 1367
1588530 1367
1588540 1364
1588550 1360
1588560 1352
1588570 1352
1588580 1341
1588590 1336
1588600 1336
1588610 1330
1588620 1325
1588630 1325
1588640 1321
1588650 1317
1588660 1317
1588670 1315
1588680 1312
1588690 1312
1588700 1310
1588710 1307
1588720 1307
1588730 1304
1588740 1299
1588750 1299
1588760 1296
1588770 1292
1588780 1292
1588790 1287
1588800 1280
1588810 1280
1588820 1272
1588830 1266
1588840 1266
1588850 1260
1588860 1256
1588870 1256
1588880 1254
1588890 1252
1588900 1250
1588910 1250
1588920 1246
1588930 1246
1588940 1246
1588950 1248
1588960 1251
1588970 1251
1588980 1252
1588990 1253
1589000 1253
1589010 1255
1589020 1255
1589030 1255
1589040 1254
1589050 1252
1589060 1252
1589070 1250
1589080 1248
1589090 1248
1589100 1246
1589110 1245
1589120 1245
1589130 1243
1589140 1241
1589150 1241
1589160 1244
1589170 1242
1589180 1242
1589190 1240
1589200 1238
1589210 1238
1589220 1236
1589230 1234
1589240 1232
1589250 1232
1589260 1229
1589270 1225
1589280 1225
1589290 1222
1589300 1219
1589310 1219
1589320 1215
1589330 1210
1589340 1210
1589350 1201
1589360 1192
1589370 1192
1589380 1187
1589390 1192
1589400 1192
1589410 1196
1589420 1200
1589430 1200
1589440 1201
1589450 1202
1589460 1202
1589470 1202
1589480 1201
1589490 1201
1589500 1200
1589510 1199
1589520 1199
1589530 1198
1589540 1197
1589550 1197
1589560 1195
1589570 1194
1589580 1192
1589590 1192
1589600 1189
1589610 1188
1589620 1188
1589630 1188
1589640 1187
1589650 1187
1589660 1186
1589670 1184
1589680 1184
1589690 1183
1589700 1182
1589710 1182
1589720 1178
1589730 1170
1589740 1170
1589750 1160
1589760 1153
1589770 1153
1589780 1157
1589790 1163
1589800 1163
1589810 1168
1589820 1172
1589830 1172
1589840 1176
1589850 1178
1589860 1178
1589870 1179
1589880 1178
1589890 1178
1589900 1177
1589910 1177
1589920 1176
1589930 1176
1589940 1175
1589950 1175
1589960 1175
1589970 1174
1589980 1173
1589990 1173
1590000 1172
1590010 1171
1590020 1171
1590030 1169
1590040 1164
1590050 1164
1590060 1155
1590070 1150
1590080 1150
1590090 1152
1590100 1153
1590110 1153
1590120 1155
1590130 1157
1590140 1157
1590150 1158
1590160 1158
1590170 1158
1590180 1156
1590190 1153
1590200 1153
1590210 1151
1590220 1148
1590230 1148
1590240 1145
1590250 1143
1590260 1141
1590270 1141
1590280 1140
1590290 1138
1590300 1138
1590310 1136
1590320 1134
1590330 1134
1590340 1131
1590350 1129
1590360 1129
1590370 1128
1590380 1131
1590390 1131
1590400 1130
1590410 1128
1590420 1128
1590430 1126
1590440 1124
1590450 1124
1590460 1123
1590470 1121
1590480 1121
1590490 1119
1590500 1116
1590510 1116
1590520 1115
1590530 1112
1590540 1112
1590550 1110
1590560 1106
1590570 1103
1590580 1103
1590590 1100
1590600 1096
1590610 1096
1590620 1092
1590630 1089
1590640 1089
1590650 1087
1590660 1082
1590670 1082
1590680 1077
1590690 1073
1590700 1073
1590710 1070
1590720 1068
1590730 1068
1590740 1065
1590750 1062
1590760 1062
1590770 1060
1590780 1057
1590790 1057
1590800 1054
1590810 1052
1590820 1052
1590830 1051
1590840 1049
1590850 1049
1590860 1047
1590870 1046
1590880 1046
1590890 1044
1590900 1043
1590910 1042
1590920 1042
1590930 1041
1590940 1039
1590950 1039
1590960 1039
1590970 1039
1590980 1039
1590990 1039
1591000 1039
1591010 1039
1591020 1040
1591030 1040
1591040 1040
1591050 1041
1591060 1042
1591070 1042
1591080 1043
1591090 1044
1591100 1044
1591110 1045
1591120 1045
1591130 1045
1591140 1046
1591150 1047
1591160 1047
1591170 1049
1591180 1053
1591190 1053
1591200 1055
1591210 1056
1591220 1056
1591230 1061
1591240 1065
1591250 1069
1591260 1069
1591270 1072
1591280 1074
1591290 1074
1591300 1074
1591310 1073
1591320 1073
1591330 1077
1591340 1078
1591350 1078
1591360 1078
1591370 1081
1591380 1081
1591390 1086
1591400 1092
1591410 1092
1591420 1097
1591430 1101
1591440 1101
1591450 1105
1591460 1109
1591470 1109
1591480 1113
1591490 1118
1591500 1118
1591510 1123
1591520 1127
1591530 1127
1591540 1132
1591550 1137
1591560 1137
1591570 1143
1591580 1142
1591590 1148
1591600 1148
1591610 1153
1591620 1160
1591630 1160
1591640 1166
1591650 1171
1591660 1171
1591670 1176
1591680 1181
1591690 1181
1591700 1186
1591710 1191
1591720 1191
1591730 1196
1591740 1202
1591750 1202
1591760 1208
1591770 1215
1591780 1215
1591790 1218
1591800 1225
1591810 1225
1591820 1230
1591830 1235
1591840 1235
1591850 1241
1591860 1246
1591870 1246
1591880 1252
1591890 1258
1591900 1258
1591910 1263
1591920 1268
1591930 1273
1591940 1273
1591950 1277
1591960 1282
1591970 1282
1591980 1287
1591990 1289
1592000 1289
1592010 1293
1592020 1295
1592030 1295
1592040 1296
1592050 1296
1592060 1296
1592070 1296
1592080 1296
1592090 1296
1592100 1298
1592110 1299
1592120 1299
1592130 1299
1592140 1298
1592150 1298
1592160 1295
1592170 1291
1592180 1291
1592190 1284
1592200 1285
1592210 1285
1592220 1286
1592230 1288
1592240 1288
1592250 1294
1592260 1302
1592270 1307
1592280 1307
1592290 1315
1592300 1322
1592310 1322
1592320 1330
1592330 1338
1592340 1338
1592350 1345
1592360 1353
1592370 1353
1592380 1361
1592390 1369
1592400 1369
1592410 1376
1592420 1384
1592430 1384
1592440 1392
1592450 1399
1592460 1399
1592470 1407
1592480 1414
1592490 1414
1592500 1422
1592510 1428
1592520 1428
1592530 1435
1592540 1442
1592550 1442
1592560 1448
1592570 1453
1592580 1457
1592590 1457
1592600 1462
1592610 1466
1592620 1466
1592630 1470
1592640 1475
1592650 1475
1592660 1477
1592670 1480
1592680 1480
1592690 1483
1592700 1485
1592710 1485
1592720 1488
1592730 1491
1592740 1491
1592750 1494
1592760 1494
1592770 1487
1592780 1488
1592790 1489
1592800 1489
1592810 1490
1592820 1491
1592830 1491
1592840 1492
1592850 1495
1592860 1495
1592870 1499
1592880 1502
1592890 1502
1592900 1506
1592910 1509
1592920 1512
1592930 1512
1592940 1515
1592950 1519
1592960 1519
1592970 1522
1592980 1525
1592990 1525
1593000 1527
1593010 1529
1593020 1529
1593030 1531
1593040 1535
1593050 1535
1593060 1538
1593070 1540
1593080 1540
1593090 1541
1593100 1538
1593110 1538
1593120 1533
1593130 1540
1593140 1540
1593150 1549
1593160 1557
1593170 1557
1593180 1564
1593190 1571
1593200 1571
1593210 1578
1593220 1583
1593230 1583
1593240 1588
1593250 1593
1593260 1599
1593270 1599
1593280 1603
1593290 1608
1593300 1608
1593310 1613
1593320 1618
1593330 1618
1593340 1622
1593350 1627
1593360 1627
1593370 1632
1593380 1636
1593390 1636
1593400 1640
1593410 1643
1593420 1643
1593430 1647
1593440 1649
1593450 1649
1593460 1651
1593470 1652
1593480 1652
1593490 1648
1593500 1641
1593510 1641
1593520 1634
1593530 1626
1593540 1626
1593550 1619
1593560 1611
1593570 1611
1593580 1603
1593590 1594
1593600 1588
1593610 1588
1593620 1581
1593630 1574
1593640 1574
1593650 1567
1593660 1561
1593670 1561
1593680 1554
1593690 1546
1593700 1546
1593710 1536
1593720 1528
1593730 1528
1593740 1519
1593750 1511
1593760 1511
1593770 1502
1593780 1489
1593790 1489
1593800 1479
1593810 1466
1593820 1466
1593830 1457
1593840 1451
1593850 1451
1593860 1449
1593870 1451
1593880 1451
1593890 1451
1593900 1442
1593910 1442
1593920 1439
1593930 1441
1593940 1431
1593950 1431
1593960 1433
1593970 1433
1593980 1433
1593990 1435
1594000 1429
1594010 1429
1594020 1422
1594030 1418
1594040 1418
1594050 1420
1594060 1421
1594070 1421
1594080 1420
1594090 1426
1594100 1426
1594110 1428
1594120 1419
1594130 1419
1594140 1409
1594150 1399
1594160 1399
1594170 1390
1594180 1382
1594190 1382
1594200 1373
1594210 1365
1594220 1365
1594230 1357
1594240 1349
1594250 1349
1594260 1341
1594270 1333
1594280 1326
1594290 1326
1594300 1319
1594310 1312
1594320 1312
1594330 1305
1594340 1297
1594350 1297
1594360 1290
1594370 1282
1594380 1282
1594390 1277
1594400 1269
1594410 1269
1594420 1257
1594430 1249
1594440 1249
1594450 1241
1594460 1232
1594470 1232
1594480 1224
1594490 1216
1594500 1216
1594510 1208
1594520 1201
1594530 1201
1594540 1195
1594550 1190
1594560 1190
1594570 1186
1594580 1181
1594590 1174
1594600 1174
1594610 1168
1594620 1161
1594630 1161
1594640 1155
1594650 1148
1594660 1148
1594670 1140
1594680 1133
1594690 1133
1594700 1127
1594710 1123
1594720 1123
1594730 1117
1594740 1110
1594750 1110
1594760 1103
1594770 1097
1594780 1097
1594790 1088
1594800 1070
1594810 1070
1594820 1061
1594830 1051
1594840 1051
1594850 1033
1594860 1023
1594870 1023
1594880 1018
1594890 1011
1594900 1011
1594910 1000
1594920 990
1594930 983
1594940 983
1594950 979
1594960 979
1594970 979
1594980 979
1594990 976
1595000 976
1595010 969
1595020 962
1595030 962
1595040 953
1595050 944
1595060 944
1595070 940
1595080 939
1595090 939
1595100 940
1595110 940
1595120 940
1595130 941
1595140 941
1595150 941
1595160 941
1595170 944
1595180 944
1595190 948
1595200 952
1595210 952
1595220 956
1595230 961
1595240 961
1595250 966
1595260 968
1595270 976
1595280 976
1595290 982
1595300 988
1595310 988
1595320 992
1595330 995
1595340 995
1595350 1000
1595360 1002
1595370 1002
1595380 1005
1595390 1009
1595400 1009
1595410 1012
1595420 1016
1595430 1016
1595440 1021
1595450 1026
1595460 1026
1595470 1031
1595480 1039
1595490 1039
1595500 1046
1595510 1054
1595520 1054
1595530 1061
1595540 1068
1595550 1068
1595560 1076
1595570 1081
1595580 1081
1595590 1083
1595600 1088
1595610 1094
1595620 1094
1595630 1100
1595640 1106
1595650 1106
1595660 1111
1595670 1118
1595680 1118
1595690 1123
1595700 1128
1595710 1128
1595720 1134
1595730 1140
1595740 1140
1595750 1146
1595760 1151
1595770 1151
1595780 1156
1595790 1161
1595800 1161
1595810 1166
1595820 1171
1595830 1171
1595840 1177
1595850 1183
1595860 1183
1595870 1189
1595880 1195
1595890 1195
1595900 1200
1595910 1205
1595920 1205
1595930 1210
1595940 1214
1595950 1218
1595960 1218
1595970 1222
1595980 1225
1595990 1225
1596000 1228
1596010 1231
1596020 1231
1596030 1233
1596040 1234
1596050 1234
1596060 1235
1596070 1237
1596080 1237
1596090 1240
1596100 1246
1596110 1246
1596120 1253
1596130 1261
1596140 1261
1596150 1268
1596160 1276
1596170 1276
1596180 1282
1596190 1288
1596200 1288
1596210 1294
1596220 1299
1596230 1299
1596240 1304
1596250 1312
1596260 1318
1596270 1318
1596280 1324
1596290 1331
1596300 1331
1596310 1337
1596320 1343
1596330 1343
1596340 1347
1596350 1352
1596360 1352
1596370 1358
1596380 1363
1596390 1363
1596400 1368
1596410 1374
1596420 1374
1596430 1379
1596440 1386
1596450 1386
1596460 1392
1596470 1398
1596480 1398
1596490 1405
1596500 1409
1596510 1409
1596520 1416
1596530 1421
1596540 1421
1596550 1427
1596560 1433
1596570 1433
1596580 1439
1596590 1446
1596600 1453
1596610 1453
1596620 1459
1596630 1466
1596640 1466
1596650 1472
1596660 1476
1596670 1476
1596680 1480
1596690 1484
1596700 1484
1596710 1488
1596720 1492
1596730 1492
1596740 1497
1596750 1502
1596760 1502
1596770 1509
1596780 1513
1596790 1513
1596800 1516
1596810 1523
1596820 1523
1596830 1530
1596840 1538
1596850 1538
1596860 1545
1596870 1551
1596880 1551
1596890 1555
1596900 1560
1596910 1560
1596920 1566
1596930 1573
1596940 1579
1596950 1579
1596960 1585
1596970 1591
1596980 1591
1596990 1598
1597000 1603
1597010 1603
1597020 1609
1597030 1614
1597040 1614
1597050 1620
1597060 1624
1597070 1624
1597080 1629
1597090 1635
1597100 1635
1597110 1640
1597120 1645
1597130 1645
1597140 1649
1597150 1654
1597160 1654
1597170 1659
1597180 1663
1597190 1663
1597200 1668
1597210 1672
1597220 1672
1597230 1677
1597240 1681
1597250 1681
1597260 1685
1597270 1689
1597280 1693
1597290 1693
1597300 1698
1597310 1702
1597320 1702
1597330 1708
1597340 1712
1597350 1712
1597360 1717
1597370 1722
1597380 1722
1597390 1736
1597400 1743
1597410 1743
1597420 1750
1597430 1756
1597440 1756
1597450 1762
1597460 1768
1597470 1768
1597480 1772
1597490 1777
1597500 1777
1597510 1782
1597520 1787
1597530 1787
1597540 1791
1597550 1796
1597560 1796
1597570 1800
1597580 1804
1597590 1804
1597600 1807
1597610 1811
1597620 1815
1597630 1815
1597640 1818
1597650 1822
1597660 1822
1597670 1825
1597680 1829
1597690 1829
1597700 1832
1597710 1835
1597720 1835
1597730 1839
1597740 1843
1597750 1843
1597760 1847
1597770 1850
1597780 1850
1597790 1853
1597800 1856
1597810 1856
1597820 1858
1597830 1859
1597840 1859
1597850 1862
1597860 1866
1597870 1866
1597880 1869
1597890 1870
1597900 1870
1597910 1869
1597920 1868
1597930 1868
1597940 1865
1597950 1863
1597960 1863
1597970 1863
1597980 1863
1597990 1863
1598000 1863
1598010 1863
1598020 1864
1598030 1864
1598040 1864
1598050 1864
1598060 1864
1598070 1864
1598080 1863
1598090 1863
1598100 1864
1598110 1864
1598120 1864
1598130 1864
1598140 1866
1598150 1866
1598160 1869
1598170 1871
1598180 1871
1598190 1873
1598200 1875
1598210 1875
1598220 1877
1598230 1879
1598240 1879
1598250 1881
1598260 1882
1598270 1883
1598280 1883
1598290 1885
1598300 1888
1598310 1888
1598320 1891
1598330 1893
1598340 1893
1598350 1895
1598360 1897
1598370 1897
1598380 1898
1598390 1900
1598400 1900
1598410 1901
1598420 1903
1598430 1903
1598440 1904
1598450 1906
1598460 1906
1598470 1909
1598480 1912
1598490 1912
1598500 1916
1598510 1920
1598520 1915
1598530 1919
1598540 1922
1598550 1922
1598560 1925
1598570 1927
1598580 1927
1598590 1929
1598600 1932
1598610 1936
1598620 1936
1598630 1941
1598640 1945
1598650 1945
1598660 1948
1598670 1951
1598680 1951
1598690 1953
1598700 1955
1598710 1955
1598720 1957
1598730 1959
1598740 1959
1598750 1960
1598760 1962
1598770 1962
1598780 1964
1598790 1966
1598800 1966
1598810 1967
1598820 1968
1598830 1968
1598840 1968
1598850 1969
1598860 1969
1598870 1969
1598880 1969
1598890 1969
1598900 1969
1598910 1969
1598920 1969
1598930 1968
1598940 1967
1598950 1966
1598960 1966
1598970 1966
1598980 1967
1598990 1967
1599000 1967
1599010 1967
1599020 1967
1599030 1967
1599040 1968
1599050 1968
1599060 1969
1599070 1970
1599080 1970
1599090 1967
1599100 1962
1599110 1962
1599120 1959
1599130 1960
1599140 1960
1599150 1960
1599160 1961
1599170 1961
1599180 1962
1599190 1962
1599200 1962
1599210 1961
1599220 1960
1599230 1960
1599240 1959
1599250 1958
1599260 1958
1599270 1957
1599280 1955
1599290 1954
1599300 1954
1599310 1953
1599320 1952
1599330 1952
1599340 1952
1599350 1951
1599360 1951
1599370 1951
1599380 1950
1599390 1950
1599400 1949
1599410 1945
1599420 1945
1599430 1938
1599440 1932
1599450 1932
1599460 1926
1599470 1919
1599480 1919
1599490 1912
1599500 1906
1599510 1906
1599520 1899
1599530 1892
1599540 1892
1599550 1885
1599560 1879
1599570 1879
1599580 1872
1599590 1866
1599600 1866
1599610 1859
1599620 1853
1599630 1847
1599640 1848
1599650 1842
1599660 1836
1599670 1836
1599680 1830
1599690 1825
1599700 1825
1599710 1820
1599720 1814
1599730 1814
1599740 1809
1599750 1804
1599760 1804
1599770 1798
1599780 1792
1599790 1792
1599800 1786
1599810 1781
1599820 1781
1599830 1776
1599840 1771
1599850 1771
1599860 1765
1599870 1760
1599880 1760
1599890 1755
1599900 1749
1599910 1749
1599920 1744
1599930 1740
1599940 1740
1599950 1735
1599960 1730
1599970 1726
1599980 1726
1599990 1721
