1580000 1100
1580010 1100
1580020 1101
1580030 1101
1580040 1104
1580050 1104
1580060 1104
1580070 1106
1580080 1109
1580090 1109
1580100 1114
1580110 1115
1580120 1115
1580130 1114
1580140 1113
1580150 1113
1580160 1112
1580170 1111
1580180 1111
1580190 1105
1580200 1100
1580210 1100
1580220 1095
1580230 1090
1580240 1090
1580250 1095
1580260 1102
1580270 1102
1580280 1107
1580290 1110
1580300 1110
1580310 1112
1580320 1116
1580330 1116
1580340 1121
1580350 1126
1580360 1130
1580370 1130
1580380 1134
1580390 1137
1580400 1137
1580410 1141
1580420 1144
1580430 1144
1580440 1147
1580450 1150
1580460 1150
1580470 1154
1580480 1158
1580490 1158
1580500 1161
1580510 1165
1580520 1165
1580530 1170
1580540 1173
1580550 1173
1580560 1177
1580570 1181
1580580 1181
1580590 1185
1580600 1190
1580610 1190
1580620 1194
1580630 1199
1580640 1199
1580650 1203
1580660 1207
1580670 1207
1580680 1211
1580690 1216
1580700 1221
1580710 1221
1580720 1226
1580730 1230
1580740 1230
1580750 1234
1580760 1237
1580770 1237
1580780 1239
1580790 1241
1580800 1241
1580810 1242
1580820 1242
1580830 1242
1580840 1242
1580850 1242
1580860 1242
1580870 1241
1580880 1240
1580890 1240
1580900 1239
1580910 1238
1580920 1238
1580930 1237
1580940 1236
1580950 1236
1580960 1234
1580970 1232
1580980 1232
1580990 1230
1581000 1227
1581010 1227
1581020 1224
1581030 1221
1581040 1218
1581050 1218
1581060 1214
1581070 1211
1581080 1211
1581090 1208
1581100 1204
1581110 1204
1581120 1201
1581130 1198
1581140 1198
1581150 1196
1581160 1193
1581170 1193
1581180 1191
1581190 1188
1581200 1188
1581210 1186
1581220 1183
1581230 1186
1581240 1184
1581250 1181
1581260 1181
1581270 1178
1581280 1175
1581290 1175
1581300 1172
1581310 1169
1581320 1169
1581330 1168
1581340 1167
1581350 1167
1581360 1165
1581370 1165
1581380 1165
1581390 1165
1581400 1164
1581410 1164
1581420 1164
1581430 1163
1581440 1162
1581450 1162
1581460 1163
1581470 1165
1581480 1165
1581490 1167
1581500 1169
1581510 1169
1581520 1171
1581530 1173
1581540 1173
1581550 1175
1581560 1177
1581570 1177
1581580 1179
1581590 1179
1581600 1179
1581610 1179
1581620 1178
1581630 1178
1581640 1177
1581650 1176
1581660 1176
1581670 1176
1581680 1177
1581690 1177
1581700 1177
1581710 1177
1581720 1175
1581730 1175
1581740 1172
1581750 1169
1581760 1169
1581770 1166
1581780 1165
1581790 1165
1581800 1163
1581810 1162
1581820 1162
1581830 1163
1581840 1163
1581850 1163
1581860 1163
1581870 1164
1581880 1164
1581890 1166
1581900 1169
1581910 1169
1581920 1172
1581930 1174
1581940 1174
1581950 1176
1581960 1176
1581970 1176
1581980 1176
1581990 1175
1582000 1175
1582010 1174
1582020 1172
1582030 1172
1582040 1170
1582050 1166
1582060 1162
1582070 1162
1582080 1160
1582090 1158
1582100 1158
1582110 1157
1582120 1157
1582130 1157
1582140 1158
1582150 1160
1582160 1160
1582170 1161
1582180 1163
1582190 1163
1582200 1166
1582210 1170
1582220 1170
1582230 1175
1582240 1180
1582250 1180
1582260 1185
1582270 1191
1582280 1191
1582290 1197
1582300 1202
1582310 1202
1582320 1209
1582330 1216
1582340 1216
1582350 1223
1582360 1230
1582370 1230
1582380 1236
1582390 1242
1582400 1248
1582410 1248
1582420 1254
1582430 1261
1582440 1261
1582450 1267
1582460 1271
1582470 1271
1582480 1274
1582490 1276
1582500 1276
1582510 1277
1582520 1278
1582530 1278
1582540 1278
1582550 1283
1582560 1283
1582570 1282
1582580 1282
1582590 1282
1582600 1281
1582610 1278
1582620 1278
1582630 1275
1582640 1272
1582650 1272
1582660 1269
1582670 1267
1582680 1267
1582690 1265
1582700 1262
1582710 1262
1582720 1258
1582730 1255
1582740 1251
1582750 1251
1582760 1249
1582770 1248
1582780 1248
1582790 1248
1582800 1250
1582810 1250
1582820 1253
1582830 1256
1582840 1256
1582850 1262
1582860 1265
1582870 1265
1582880 1269
1582890 1273
1582900 1273
1582910 1278
1582920 1283
1582930 1283
1582940 1289
1582950 1293
1582960 1293
1582970 1299
1582980 1304
1582990 1304
1583000 1309
1583010 1313
1583020 1313
1583030 1317
1583040 1321
1583050 1321
1583060 1324
1583070 1327
1583080 1329
1583090 1329
1583100 1329
1583110 1330
1583120 1330
1583130 1330
1583140 1329
1583150 1329
1583160 1328
1583170 1328
1583180 1328
1583190 1326
1583200 1323
1583210 1323
1583220 1320
1583230 1316
1583240 1316
1583250 1311
1583260 1307
1583270 1307
1583280 1303
1583290 1300
1583300 1300
1583310 1297
1583320 1294
1583330 1294
1583340 1291
1583350 1289
1583360 1289
1583370 1287
1583380 1285
1583390 1285
1583400 1284
1583410 1282
1583420 1283
1583430 1283
1583440 1284
1583450 1287
1583460 1287
1583470 1289
1583480 1290
1583490 1290
1583500 1293
1583510 1295
1583520 1295
1583530 1297
1583540 1300
1583550 1300
1583560 1301
1583570 1303
1583580 1303
1583590 1304
1583600 1305
1583610 1305
1583620 1306
1583630 1307
1583640 1307
1583650 1308
1583660 1308
1583670 1308
1583680 1309
1583690 1309
1583700 1309
1583710 1309
1583720 1309
1583730 1309
1583740 1309
1583750 1309
1583760 1309
1583770 1309
1583780 1309
1583790 1308
1583800 1308
1583810 1306
1583820 1305
1583830 1305
1583840 1308
1583850 1306
1583860 1306
1583870 1305
1583880 1305
1583890 1305
1583900 1305
1583910 1306
1583920 1306
1583930 1307
1583940 1309
1583950 1309
1583960 1313
1583970 1317
1583980 1317
1583990 1322
1584000 1326
1584010 1326
1584020 1330
1584030 1334
1584040 1334
1584050 1338
1584060 1341
1584070 1341
1584080 1345
1584090 1348
1584100 1348
1584110 1352
1584120 1355
1584130 1358
1584140 1358
1584150 1362
1584160 1364
1584170 1364
1584180 1367
1584190 1370
1584200 1370
1584210 1372
1584220 1373
1584230 1373
1584240 1374
1584250 1375
1584260 1375
1584270 1375
1584280 1375
1584290 1375
1584300 1376
1584310 1376
1584320 1376
1584330 1376
1584340 1377
1584350 1377
1584360 1375
1584370 1375
1584380 1375
1584390 1376
1584400 1376
1584410 1376
1584420 1374
1584430 1373
1584440 1373
1584450 1372
1584460 1371
1584470 1370
1584480 1370
1584490 1372
1584500 1373
1584510 1373
1584520 1375
1584530 1377
1584540 1377
1584550 1378
1584560 1379
1584570 1379
1584580 1378
1584590 1377
1584600 1377
1584610 1377
1584620 1378
1584630 1378
1584640 1378
1584650 1377
1584660 1377
1584670 1375
1584680 1371
1584690 1371
1584700 1370
1584710 1370
1584720 1370
1584730 1369
1584740 1369
1584750 1369
1584760 1366
1584770 1363
1584780 1363
1584790 1362
1584800 1363
1584810 1367
1584820 1367
1584830 1371
1584840 1372
1584850 1372
1584860 1374
1584870 1374
1584880 1374
1584890 1373
1584900 1372
1584910 1372
1584920 1375
1584930 1382
1584940 1382
1584950 1393
1584960 1395
1584970 1395
1584980 1395
1584990 1393
1585000 1393
1585010 1392
1585020 1390
1585030 1390
1585040 1389
1585050 1388
1585060 1388
1585070 1388
1585080 1387
1585090 1387
1585100 1387
1585110 1386
1585120 1390
1585130 1388
1585140 1386
1585150 1384
1585160 1384
1585170 1381
1585180 1377
1585190 1377
1585200 1373
1585210 1369
1585220 1369
1585230 1364
1585240 1359
1585250 1359
1585260 1355
1585270 1350
1585280 1350
1585290 1345
1585300 1340
1585310 1340
1585320 1334
1585330 1330
1585340 1330
1585350 1325
1585360 1320
1585370 1320
1585380 1315
1585390 1310
1585400 1310
1585410 1306
1585420 1301
1585430 1301
1585440 1296
1585450 1291
1585460 1291
1585470 1286
1585480 1281
1585490 1277
1585500 1277
1585510 1273
1585520 1266
1585530 1266
1585540 1258
1585550 1252
1585560 1252
1585570 1248
1585580 1243
1585590 1243
1585600 1237
1585610 1233
1585620 1233
1585630 1228
1585640 1219
1585650 1219
1585660 1214
1585670 1208
1585680 1208
1585690 1205
1585700 1202
1585710 1202
1585720 1200
1585730 1198
1585740 1198
1585750 1195
1585760 1191
1585770 1191
1585780 1188
1585790 1182
1585800 1182
1585810 1181
1585820 1183
1585830 1182
1585840 1182
1585850 1180
1585860 1177
1585870 1177
1585880 1174
1585890 1171
1585900 1171
1585910 1168
1585920 1166
1585930 1166
1585940 1164
1585950 1163
1585960 1163
1585970 1162
1585980 1160
1585990 1160
1586000 1159
1586010 1158
1586020 1158
1586030 1155
1586040 1154
1586050 1154
1586060 1153
1586070 1153
1586080 1153
1586090 1153
1586100 1152
1586110 1152
1586120 1152
1586130 1151
1586140 1151
1586150 1152
1586160 1153
1586170 1152
1586180 1152
1586190 1150
1586200 1148
1586210 1148
1586220 1147
1586230 1144
1586240 1144
1586250 1144
1586260 1145
1586270 1145
1586280 1146
1586290 1146
1586300 1146
1586310 1147
1586320 1147
1586330 1147
1586340 1149
1586350 1152
1586360 1152
1586370 1153
1586380 1148
1586390 1148
1586400 1149
1586410 1148
1586420 1148
1586430 1149
1586440 1148
1586450 1148
1586460 1148
1586470 1148
1586480 1148
1586490 1148
1586500 1154
1586510 1160
1586520 1160
1586530 1166
1586540 1172
1586550 1172
1586560 1177
1586570 1182
1586580 1182
1586590 1186
1586600 1190
1586610 1190
1586620 1193
1586630 1196
1586640 1196
1586650 1198
1586660 1200
1586670 1200
1586680 1204
1586690 1207
1586700 1207
1586710 1209
1586720 1211
1586730 1211
1586740 1211
1586750 1211
1586760 1211
1586770 1211
1586780 1211
1586790 1211
1586800 1213
1586810 1214
1586820 1214
1586830 1214
1586840 1216
1586850 1218
1586860 1218
1586870 1217
1586880 1219
1586890 1219
1586900 1222
1586910 1225
1586920 1225
1586930 1230
1586940 1236
1586950 1236
1586960 1242
1586970 1248
1586980 1248
1586990 1252
1587000 1257
1587010 1257
1587020 1262
1587030 1266
1587040 1266
1587050 1270
1587060 1275
1587070 1275
1587080 1278
1587090 1282
1587100 1282
1587110 1287
1587120 1289
1587130 1289
1587140 1292
1587150 1295
1587160 1295
1587170 1298
1587180 1299
1587190 1299
1587200 1299
1587210 1299
1587220 1300
1587230 1300
1587240 1300
1587250 1298
1587260 1298
1587270 1294
1587280 1289
1587290 1289
1587300 1284
1587310 1280
1587320 1280
1587330 1276
1587340 1271
1587350 1271
1587360 1267
1587370 1263
1587380 1263
1587390 1260
1587400 1257
1587410 1257
1587420 1252
1587430 1249
1587440 1249
1587450 1246
1587460 1242
1587470 1242
1587480 1237
1587490 1232
1587500 1232
1587510 1227
1587520 1222
1587530 1218
1587540 1218
1587550 1214
1587560 1209
1587570 1209
1587580 1205
1587590 1199
1587600 1199
1587610 1193
1587620 1187
1587630 1183
1587640 1178
1587650 1173
1587660 1173
1587670 1171
1587680 1169
1587690 1169
1587700 1170
1587710 1171
1587720 1171
1587730 1172
1587740 1174
1587750 1174
1587760 1175
1587770 1177
1587780 1177
1587790 1178
1587800 1179
1587810 1179
1587820 1180
1587830 1181
1587840 1181
1587850 1181
1587860 1183
1587870 1183
1587880 1183
1587890 1184
1587900 1183
1587910 1183
1587920 1182
1587930 1181
1587940 1181
1587950 1180
1587960 1179
1587970 1179
1587980 1177
1587990 1174
1588000 1174
1588010 1168
1588020 1166
1588030 1166
1588040 1172
1588050 1176
1588060 1176
1588070 1175
1588080 1171
1588090 1171
1588100 1169
1588110 1168
1588120 1168
1588130 1169
1588140 1171
1588150 1171
1588160 1173
1588170 1175
1588180 1175
1588190 1177
1588200 1178
1588210 1178
1588220 1180
1588230 1181
1588240 1183
1588250 1183
1588260 1187
1588270 1192
1588280 1192
1588290 1198
1588300 1202
1588310 1202
1588320 1207
1588330 1212
1588340 1212
1588350 1217
1588360 1219
1588370 1219
1588380 1221
1588390 1221
1588400 1221
1588410 1221
1588420 1222
1588430 1222
1588440 1222
1588450 1222
1588460 1222
1588470 1222
1588480 1220
1588490 1220
1588500 1222
1588510 1225
1588520 1225
1588530 1227
1588540 1229
1588550 1229
1588560 1229
1588570 1225
1588580 1221
1588590 1221
1588600 1223
1588610 1230
1588620 1230
1588630 1238
1588640 1240
1588650 1240
1588660 1242
1588670 1242
1588680 1242
1588690 1243
1588700 1245
1588710 1245
1588720 1245
1588730 1249
1588740 1249
1588750 1252
1588760 1255
1588770 1255
1588780 1257
1588790 1260
1588800 1260
1588810 1260
1588820 1261
1588830 1261
1588840 1261
1588850 1261
1588860 1261
1588870 1253
1588880 1252
1588890 1252
1588900 1250
1588910 1249
1588920 1248
1588930 1248
1588940 1249
1588950 1250
1588960 1250
1588970 1252
1588980 1253
1588990 1253
1589000 1254
1589010 1256
1589020 1256
1589030 1258
1589040 1260
1589050 1260
1589060 1262
1589070 1262
1589080 1262
1589090 1261
1589100 1261
1589110 1261
1589120 1260
1589130 1264
1589140 1264
1589150 1268
1589160 1272
1589170 1272
1589180 1277
1589190 1283
1589200 1283
1589210 1289
1589220 1295
1589230 1295
1589240 1302
1589250 1309
1589260 1315
1589270 1315
1589280 1321
1589290 1326
1589300 1326
1589310 1332
1589320 1338
1589330 1338
1589340 1345
1589350 1351
1589360 1351
1589370 1358
1589380 1365
1589390 1365
1589400 1372
1589410 1379
1589420 1379
1589430 1385
1589440 1392
1589450 1392
1589460 1398
1589470 1404
1589480 1404
1589490 1410
1589500 1415
1589510 1415
1589520 1419
1589530 1423
1589540 1423
1589550 1426
1589560 1428
1589570 1428
1589580 1430
1589590 1431
1589600 1432
1589610 1432
1589620 1432
1589630 1432
1589640 1432
1589650 1432
1589660 1432
1589670 1432
1589680 1431
1589690 1431
1589700 1431
1589710 1431
1589720 1431
1589730 1431
1589740 1431
1589750 1432
1589760 1432
1589770 1431
1589780 1429
1589790 1429
1589800 1425
1589810 1420
1589820 1420
1589830 1415
1589840 1409
1589850 1409
1589860 1404
1589870 1398
1589880 1398
1589890 1393
1589900 1388
1589910 1388
1589920 1384
1589930 1379
1589940 1375
1589950 1375
1589960 1370
1589970 1367
1589980 1367
1589990 1363
1590000 1360
1590010 1360
1590020 1357
1590030 1355
1590040 1355
1590050 1352
1590060 1349
1590070 1349
1590080 1345
1590090 1338
1590100 1338
1590110 1334
1590120 1330
1590130 1330
1590140 1326
1590150 1321
1590160 1321
1590170 1318
1590180 1317
1590190 1317
1590200 1321
1590210 1327
1590220 1327
1590230 1332
1590240 1337
1590250 1337
1590260 1342
1590270 1348
1590280 1353
1590290 1353
1590300 1358
1590310 1363
1590320 1363
1590330 1367
1590340 1371
1590350 1371
1590360 1376
1590370 1380
1590380 1380
1590390 1385
1590400 1389
1590410 1389
1590420 1392
1590430 1395
1590440 1395
1590450 1398
1590460 1400
1590470 1400
1590480 1402
1590490 1404
1590500 1404
1590510 1405
1590520 1405
1590530 1405
1590540 1404
1590550 1404
1590560 1404
1590570 1404
1590580 1404
1590590 1404
1590600 1403
1590610 1401
1590620 1400
1590630 1400
1590640 1398
1590650 1394
1590660 1394
1590670 1391
1590680 1387
1590690 1387
1590700 1382
1590710 1378
1590720 1378
1590730 1374
1590740 1371
1590750 1371
1590760 1368
1590770 1366
1590780 1366
1590790 1363
1590800 1359
1590810 1359
1590820 1357
1590830 1354
1590840 1354
1590850 1351
1590860 1348
1590870 1348
1590880 1345
1590890 1341
1590900 1341
1590910 1337
1590920 1334
1590930 1334
1590940 1331
1590950 1329
1590960 1327
1590970 1327
1590980 1326
1590990 1326
1591000 1326
1591010 1327
1591020 1330
1591030 1330
1591040 1333
1591050 1338
1591060 1338
1591070 1343
1591080 1348
1591090 1348
1591100 1352
1591110 1357
1591120 1357
1591130 1362
1591140 1367
1591150 1367
1591160 1372
1591170 1376
1591180 1376
1591190 1380
1591200 1383
1591210 1383
1591220 1385
1591230 1387
1591240 1387
1591250 1389
1591260 1392
1591270 1392
1591280 1394
1591290 1393
1591300 1395
1591310 1395
1591320 1397
1591330 1400
1591340 1400
1591350 1403
1591360 1405
1591370 1405
1591380 1407
1591390 1410
1591400 1410
1591410 1412
1591420 1415
1591430 1415
1591440 1417
1591450 1420
1591460 1420
1591470 1421
1591480 1421
1591490 1421
1591500 1419
1591510 1416
1591520 1416
1591530 1411
1591540 1406
1591550 1406
1591560 1403
1591570 1398
1591580 1398
1591590 1392
1591600 1387
1591610 1387
1591620 1383
1591630 1378
1591640 1378
1591650 1372
1591660 1367
1591670 1361
1591680 1361
1591690 1355
1591700 1348
1591710 1348
1591720 1342
1591730 1336
1591740 1336
1591750 1330
1591760 1323
1591770 1323
1591780 1316
1591790 1310
1591800 1310
1591810 1305
1591820 1301
1591830 1301
1591840 1296
1591850 1288
1591860 1288
1591870 1281
1591880 1271
1591890 1271
1591900 1261
1591910 1252
1591920 1252
1591930 1244
1591940 1236
1591950 1236
1591960 1227
1591970 1218
1591980 1218
1591990 1207
1592000 1198
1592010 1190
1592020 1190
1592030 1182
1592040 1175
1592050 1175
1592060 1168
1592070 1161
1592080 1161
1592090 1155
1592100 1147
1592110 1147
1592120 1141
1592130 1134
1592140 1134
1592150 1127
1592160 1120
1592170 1120
1592180 1113
1592190 1107
1592200 1107
1592210 1100
1592220 1092
1592230 1092
1592240 1084
1592250 1078
1592260 1078
1592270 1073
1592280 1065
1592290 1065
1592300 1052
1592310 1044
1592320 1044
1592330 1038
1592340 1031
1592350 1026
1592360 1026
1592370 1019
1592380 1013
1592390 1013
1592400 1010
1592410 1009
1592420 1009
1592430 1004
1592440 999
1592450 999
1592460 994
1592470 987
1592480 990
1592490 984
1592500 977
1592510 977
1592520 972
1592530 970
1592540 970
1592550 965
1592560 956
1592570 956
1592580 946
1592590 936
1592600 936
1592610 925
1592620 912
1592630 912
1592640 900
1592650 891
1592660 891
1592670 891
1592680 894
1592690 895
1592700 895
1592710 892
1592720 886
1592730 886
1592740 879
1592750 873
1592760 873
1592770 869
1592780 866
1592790 866
1592800 860
1592810 851
1592820 851
1592830 844
1592840 840
1592850 840
1592860 836
1592870 832
1592880 832
1592890 827
1592900 824
1592910 824
1592920 823
1592930 825
1592940 825
1592950 830
1592960 833
1592970 833
1592980 835
1592990 839
1593000 839
1593010 844
1593020 850
1593030 853
1593040 853
1593050 855
1593060 855
1593070 855
1593080 854
1593090 855
1593100 855
1593110 856
1593120 859
1593130 859
1593140 860
1593150 860
1593160 860
1593170 858
1593180 856
1593190 856
1593200 853
1593210 850
1593220 850
1593230 846
1593240 841
1593250 841
1593260 838
1593270 835
1593280 835
1593290 832
1593300 830
1593310 830
1593320 826
1593330 823
1593340 823
1593350 815
1593360 809
1593370 804
1593380 804
1593390 796
1593400 781
1593410 781
1593420 771
1593430 768
1593440 768
1593450 775
1593460 783
1593470 783
1593480 793
1593490 804
1593500 804
1593510 814
1593520 823
1593530 823
1593540 830
1593550 837
1593560 837
1593570 844
1593580 851
1593590 851
1593600 858
1593610 864
1593620 864
1593630 872
1593640 879
1593650 879
1593660 882
1593670 888
1593680 888
1593690 894
1593700 901
1593710 907
1593720 907
1593730 913
1593740 919
1593750 919
1593760 925
1593770 930
1593780 930
1593790 936
1593800 941
1593810 941
1593820 945
1593830 951
1593840 951
1593850 958
1593860 965
1593870 965
1593880 969
1593890 973
1593900 973
1593910 977
1593920 980
1593930 980
1593940 979
1593950 981
1593960 981
1593970 982
1593980 984
1593990 984
1594000 987
1594010 992
1594020 992
1594030 997
1594040 1002
1594050 1006
1594060 1006
1594070 1011
1594080 1017
1594090 1017
1594100 1025
1594110 1034
1594120 1034
1594130 1039
1594140 1037
1594150 1037
1594160 1042
1594170 1048
1594180 1048
1594190 1054
1594200 1060
1594210 1060
1594220 1067
1594230 1072
1594240 1072
1594250 1075
1594260 1077
1594270 1077
1594280 1083
1594290 1089
1594300 1089
1594310 1097
1594320 1103
1594330 1103
1594340 1108
1594350 1118
1594360 1118
1594370 1123
1594380 1127
1594390 1132
1594400 1132
1594410 1134
1594420 1135
1594430 1135
1594440 1134
1594450 1133
1594460 1133
1594470 1137
1594480 1140
1594490 1140
1594500 1144
1594510 1148
1594520 1148
1594530 1151
1594540 1152
1594550 1152
1594560 1153
1594570 1155
1594580 1155
1594590 1157
1594600 1161
1594610 1161
1594620 1164
1594630 1167
1594640 1167
1594650 1170
1594660 1175
1594670 1175
1594680 1181
1594690 1186
1594700 1186
1594710 1191
1594720 1196
1594730 1200
1594740 1200
1594750 1203
1594760 1207
1594770 1207
1594780 1210
1594790 1214
1594800 1214
1594810 1218
1594820 1222
1594830 1214
1594840 1219
1594850 1223
1594860 1223
1594870 1226
1594880 1229
1594890 1229
1594900 1233
1594910 1237
1594920 1237
1594930 1240
1594940 1242
1594950 1242
1594960 1242
1594970 1245
1594980 1245
1594990 1248
1595000 1250
1595010 1250
1595020 1251
1595030 1253
1595040 1253
1595050 1256
1595060 1259
1595070 1260
1595080 1260
1595090 1260
1595100 1261
1595110 1261
1595120 1266
1595130 1262
1595140 1262
1595150 1254
1595160 1254
1595170 1254
1595180 1252
1595190 1250
1595200 1250
1595210 1248
1595220 1246
1595230 1246
1595240 1247
1595250 1248
1595260 1248
1595270 1251
1595280 1254
1595290 1254
1595300 1257
1595310 1260
1595320 1260
1595330 1263
1595340 1267
1595350 1267
1595360 1272
1595370 1277
1595380 1277
1595390 1282
1595400 1284
1595410 1283
1595420 1283
1595430 1278
1595440 1274
1595450 1274
1595460 1273
1595470 1272
1595480 1272
1595490 1269
1595500 1265
1595510 1265
1595520 1261
1595530 1256
1595540 1256
1595550 1247
1595560 1241
1595570 1241
1595580 1235
1595590 1232
1595600 1232
1595610 1229
1595620 1230
1595630 1230
1595640 1235
1595650 1240
1595660 1240
1595670 1245
1595680 1248
1595690 1248
1595700 1250
1595710 1250
1595720 1250
1595730 1249
1595740 1246
1595750 1246
1595760 1245
1595770 1246
1595780 1247
1595790 1247
1595800 1246
1595810 1245
1595820 1245
1595830 1244
1595840 1244
1595850 1244
1595860 1243
1595870 1240
1595880 1240
1595890 1236
1595900 1233
1595910 1233
1595920 1230
1595930 1227
1595940 1227
1595950 1226
1595960 1224
1595970 1224
1595980 1216
1595990 1214
1596000 1214
1596010 1210
1596020 1205
1596030 1205
1596040 1203
1596050 1201
1596060 1201
1596070 1202
1596080 1204
1596090 1204
1596100 1204
1596110 1204
1596120 1205
1596130 1205
1596140 1205
1596150 1205
1596160 1205
1596170 1205
1596180 1205
1596190 1205
1596200 1206
1596210 1206
1596220 1206
1596230 1206
1596240 1206
1596250 1206
1596260 1206
1596270 1205
1596280 1205
1596290 1204
1596300 1202
1596310 1202
1596320 1200
1596330 1198
1596340 1198
1596350 1194
1596360 1190
1596370 1190
1596380 1186
1596390 1182
1596400 1182
1596410 1177
1596420 1172
1596430 1172
1596440 1167
1596450 1163
1596460 1165
1596470 1165
1596480 1171
1596490 1176
1596500 1176
1596510 1181
1596520 1185
1596530 1185
1596540 1189
1596550 1193
1596560 1193
1596570 1195
1596580 1195
1596590 1195
1596600 1196
1596610 1196
1596620 1196
1596630 1197
1596640 1197
1596650 1197
1596660 1198
1596670 1199
1596680 1199
1596690 1200
1596700 1200
1596710 1200
1596720 1201
1596730 1202
1596740 1202
1596750 1203
1596760 1203
1596770 1203
1596780 1204
1596790 1205
1596800 1205
1596810 1205
1596820 1204
1596830 1203
1596840 1203
1596850 1199
1596860 1195
1596870 1195
1596880 1191
1596890 1190
1596900 1190
1596910 1193
1596920 1197
1596930 1197
1596940 1198
1596950 1196
1596960 1196
1596970 1193
1596980 1191
1596990 1191
1597000 1189
1597010 1187
1597020 1187
1597030 1183
1597040 1178
1597050 1178
1597060 1172
1597070 1165
1597080 1165
1597090 1160
1597100 1156
1597110 1156
1597120 1149
1597130 1146
1597140 1144
1597150 1144
1597160 1139
1597170 1131
1597180 1131
1597190 1124
1597200 1119
1597210 1119
1597220 1114
1597230 1108
1597240 1108
1597250 1101
1597260 1095
1597270 1095
1597280 1090
1597290 1085
1597300 1085
1597310 1080
1597320 1074
1597330 1074
1597340 1069
1597350 1064
1597360 1064
1597370 1060
1597380 1055
1597390 1055
1597400 1050
1597410 1043
1597420 1043
1597430 1039
1597440 1031
1597450 1031
1597460 1025
1597470 1023
1597480 1023
1597490 1023
1597500 1026
1597510 1030
1597520 1030
1597530 1034
1597540 1038
1597550 1038
1597560 1041
1597570 1042
1597580 1042
1597590 1042
1597600 1042
1597610 1042
1597620 1043
1597630 1043
1597640 1043
1597650 1044
1597660 1046
1597670 1046
1597680 1050
1597690 1053
1597700 1053
1597710 1055
1597720 1057
1597730 1057
1597740 1058
1597750 1057
1597760 1057
1597770 1056
1597780 1053
1597790 1053
1597800 1052
1597810 1049
1597820 1047
1597830 1047
1597840 1044
1597850 1040
1597860 1040
1597870 1037
1597880 1035
1597890 1035
1597900 1034
1597910 1034
1597920 1034
1597930 1032
1597940 1028
1597950 1028
1597960 1022
1597970 1017
1597980 1017
1597990 1012
1598000 1009
1598010 1009
1598020 1009
1598030 1009
1598040 1009
1598050 1006
1598060 1004
1598070 1004
1598080 1002
1598090 1001
1598100 1001
1598110 999
1598120 998
1598130 998
1598140 998
1598150 997
1598160 996
1598170 996
1598180 995
1598190 994
1598200 994
1598210 995
1598220 996
1598230 996
1598240 997
1598250 999
1598260 994
1598270 996
1598280 998
1598290 998
1598300 1000
1598310 1001
1598320 1001
1598330 1002
1598340 1004
1598350 1004
1598360 1009
1598370 1015
1598380 1015
1598390 1020
1598400 1026
1598410 1026
1598420 1032
1598430 1038
1598440 1038
1598450 1044
1598460 1051
1598470 1051
1598480 1057
1598490 1063
1598500 1068
1598510 1068
1598520 1069
1598530 1066
1598540 1066
1598550 1063
1598560 1061
1598570 1061
1598580 1060
1598590 1059
1598600 1059
1598610 1057
1598620 1056
1598630 1056
1598640 1055
1598650 1054
1598660 1054
1598670 1053
1598680 1050
1598690 1050
1598700 1047
1598710 1044
1598720 1044
1598730 1040
1598740 1034
1598750 1034
1598760 1027
1598770 1020
1598780 1020
1598790 1016
1598800 1010
1598810 1010
1598820 1005
1598830 1001
1598840 995
1598850 995
1598860 987
1598870 981
1598880 981
1598890 977
1598900 973
1598910 973
1598920 970
1598930 967
1598940 967
1598950 964
1598960 961
1598970 961
1598980 955
1598990 947
1599000 947
1599010 940
1599020 933
1599030 933
1599040 926
1599050 920
1599060 920
1599070 916
1599080 914
1599090 914
1599100 912
1599110 911
1599120 911
1599130 909
1599140 906
1599150 906
1599160 904
1599170 904
1599180 904
1599190 904
1599200 906
1599210 910
1599220 910
1599230 920
1599240 933
1599250 933
1599260 941
1599270 949
1599280 949
1599290 956
1599300 964
1599310 964
1599320 971
1599330 978
1599340 978
1599350 984
1599360 989
1599370 989
1599380 989
1599390 988
1599400 988
1599410 989
1599420 994
1599430 994
1599440 1000
1599450 1004
1599460 1004
1599470 1010
1599480 1015
1599490 1015
1599500 1021
1599510 1024
1599520 1024
1599530 1025
1599540 1025
1599550 1026
1599560 1026
1599570 1026
1599580 1026
1599590 1026
1599600 1023
1599610 1021
1599620 1021
1599630 1021
1599640 1022
1599650 1022
1599660 1019
1599670 1019
1599680 1019
1599690 1018
1599700 1016
1599710 1016
1599720 1011
1599730 1009
1599740 1009
1599750 1009
1599760 1010
1599770 1010
1599780 1012
1599790 1013
1599800 1013
1599810 1015
1599820 1015
1599830 1015
1599840 1016
1599850 1016
1599860 1016
1599870 1016
1599880 1014
1599890 1011
1599900 1011
1599910 1006
1599920 998
1599930 998
1599940 989
1599950 978
1599960 978
1599970 969
1599980 962
1599990 962
