1580000 635
1580010 635
1580020 634
1580030 634
1580040 633
1580050 633
1580060 633
1580070 633
1580080 633
1580090 633
1580100 633
1580110 633
1580120 633
1580130 634
1580140 635
1580150 635
1580160 636
1580170 635
1580180 635
1580190 635
1580200 635
1580210 634
1580220 634
1580230 634
1580240 634
1580250 634
1580260 634
1580270 634
1580280 634
1580290 634
1580300 634
1580310 634
1580320 634
1580330 634
1580340 634
1580350 634
1580360 634
1580370 634
1580380 634
1580390 634
1580400 634
1580410 634
1580420 634
1580430 634
1580440 634
1580450 634
1580460 634
1580470 634
1580480 634
1580490 634
1580500 634
1580510 634
1580520 634
1580530 634
1580540 634
1580550 634
1580560 634
1580570 634
1580580 634
1580590 634
1580600 634
1580610 634
1580620 634
1580630 634
1580640 634
1580650 634
1580660 634
1580670 634
1580680 634
1580690 634
1580700 634
1580710 634
1580720 634
1580730 634
1580740 634
1580750 634
1580760 634
1580770 634
1580780 634
1580790 634
1580800 634
1580810 634
1580820 634
1580830 634
1580840 634
1580850 634
1580860 634
1580870 634
1580880 634
1580890 634
1580900 634
1580910 634
1580920 634
1580930 634
1580940 634
1580950 634
1580960 634
1580970 634
1580980 634
1580990 634
1581000 634
1581010 634
1581020 634
1581030 634
1581040 634
1581050 634
1581060 634
1581070 635
1581080 635
1581090 634
1581100 635
1581110 635
1581120 635
1581130 635
1581140 635
1581150 635
1581160 635
1581170 635
1581180 635
1581190 636
1581200 636
1581210 636
1581220 636
1581230 636
1581240 636
1581250 635
1581260 635
1581270 635
1581280 635
1581290 635
1581300 635
1581310 635
1581320 635
1581330 635
1581340 636
1581350 636
1581360 636
1581370 636
1581380 636
1581390 636
1581400 636
1581410 636
1581420 636
1581430 637
1581440 637
1581450 637
1581460 637
1581470 637
1581480 637
1581490 637
1581500 637
1581510 637
1581520 637
1581530 637
1581540 637
1581550 637
1581560 637
1581570 637
1581580 638
1581590 638
1581600 638
1581610 639
1581620 639
1581630 639
1581640 639
1581650 640
1581660 641
1581670 641
1581680 641
1581690 643
1581700 643
1581710 644
1581720 645
1581730 645
1581740 646
1581750 647
1581760 647
1581770 648
1581780 649
1581790 649
1581800 651
1581810 652
1581820 652
1581830 653
1581840 655
1581850 655
1581860 657
1581870 659
1581880 659
1581890 663
1581900 669
1581910 669
1581920 674
1581930 679
1581940 679
1581950 685
1581960 691
1581970 691
1581980 696
1581990 701
1582000 705
1582010 705
1582020 709
1582030 712
1582040 712
1582050 717
1582060 722
1582070 722
1582080 727
1582090 731
1582100 731
1582110 736
1582120 739
1582130 739
1582140 743
1582150 746
1582160 746
1582170 749
1582180 752
1582190 752
1582200 756
1582210 759
1582220 759
1582230 762
1582240 763
1582250 763
1582260 766
1582270 768
1582280 768
1582290 771
1582300 773
1582310 773
1582320 774
1582330 776
1582340 777
1582350 777
1582360 778
1582370 780
1582380 780
1582390 781
1582400 782
1582410 782
1582420 783
1582430 784
1582440 784
1582450 785
1582460 785
1582470 785
1582480 785
1582490 785
1582500 785
1582510 785
1582520 785
1582530 785
1582540 786
1582550 786
1582560 786
1582570 788
1582580 789
1582590 789
1582600 790
1582610 789
1582620 789
1582630 787
1582640 786
1582650 786
1582660 785
1582670 786
1582680 786
1582690 787
1582700 787
1582710 788
1582720 788
1582730 788
1582740 787
1582750 787
1582760 786
1582770 785
1582780 785
1582790 784
1582800 783
1582810 783
1582820 783
1582830 782
1582840 782
1582850 782
1582860 782
1582870 782
1582880 783
1582890 784
1582900 784
1582910 786
1582920 788
1582930 788
1582940 789
1582950 790
1582960 790
1582970 790
1582980 791
1582990 791
1583000 793
1583010 794
1583020 794
1583030 792
1583040 790
1583050 790
1583060 790
1583070 790
1583080 788
1583090 788
1583100 787
1583110 786
1583120 786
1583130 785
1583140 784
1583150 784
1583160 783
1583170 782
1583180 782
1583190 782
1583200 782
1583210 782
1583220 777
1583230 777
1583240 777
1583250 773
1583260 771
1583270 771
1583280 771
1583290 771
1583300 771
1583310 770
1583320 766
1583330 766
1583340 761
1583350 761
1583360 761
1583370 764
1583380 765
1583390 765
1583400 763
1583410 764
1583420 767
1583430 767
1583440 773
1583450 779
1583460 779
1583470 782
1583480 781
1583490 781
1583500 779
1583510 777
1583520 777
1583530 775
1583540 775
1583550 775
1583560 777
1583570 782
1583580 782
1583590 787
1583600 792
1583610 792
1583620 798
1583630 804
1583640 804
1583650 808
1583660 809
1583670 809
1583680 808
1583690 806
1583700 806
1583710 803
1583720 801
1583730 801
1583740 800
1583750 802
1583760 802
1583770 804
1583780 805
1583790 807
1583800 807
1583810 807
1583820 807
1583830 807
1583840 805
1583850 800
1583860 800
1583870 796
1583880 791
1583890 791
1583900 787
1583910 783
1583920 783
1583930 780
1583940 776
1583950 776
1583960 773
1583970 771
1583980 771
1583990 770
1584000 770
1584010 770
1584020 768
1584030 765
1584040 765
1584050 763
1584060 761
1584070 761
1584080 760
1584090 758
1584100 758
1584110 756
1584120 754
1584130 754
1584140 752
1584150 750
1584160 747
1584170 747
1584180 745
1584190 743
1584200 743
1584210 741
1584220 739
1584230 739
1584240 737
1584250 736
1584260 736
1584270 734
1584280 732
1584290 732
1584300 730
1584310 729
1584320 729
1584330 727
1584340 725
1584350 725
1584360 724
1584370 722
1584380 722
1584390 720
1584400 719
1584410 719
1584420 717
1584430 716
1584440 716
1584450 715
1584460 713
1584470 713
1584480 711
1584490 710
1584500 710
1584510 703
1584520 703
1584530 702
1584540 702
1584550 701
1584560 699
1584570 699
1584580 697
1584590 694
1584600 694
1584610 696
1584620 696
1584630 696
1584640 696
1584650 696
1584660 696
1584670 695
1584680 695
1584690 695
1584700 695
1584710 695
1584720 695
1584730 693
1584740 691
1584750 691
1584760 691
1584770 690
1584780 690
1584790 688
1584800 687
1584810 687
1584820 687
1584830 686
1584840 686
1584850 686
1584860 684
1584870 683
1584880 683
1584890 681
1584900 680
1584910 680
1584920 678
1584930 678
1584940 678
1584950 677
1584960 677
1584970 677
1584980 676
1584990 675
1585000 675
1585010 675
1585020 676
1585030 676
1585040 676
1585050 677
1585060 677
1585070 676
1585080 676
1585090 676
1585100 677
1585110 677
1585120 677
1585130 676
1585140 674
1585150 674
1585160 669
1585170 665
1585180 665
1585190 663
1585200 661
1585210 661
1585220 664
1585230 666
1585240 667
1585250 667
1585260 666
1585270 665
1585280 665
1585290 666
1585300 665
1585310 665
1585320 664
1585330 665
1585340 665
1585350 665
1585360 665
1585370 665
1585380 663
1585390 662
1585400 662
1585410 661
1585420 660
1585430 660
1585440 658
1585450 658
1585460 658
1585470 657
1585480 658
1585490 658
1585500 661
1585510 663
1585520 663
1585530 662
1585540 661
1585550 661
1585560 661
1585570 660
1585580 660
1585590 659
1585600 656
1585610 653
1585620 653
1585630 653
1585640 653
1585650 653
1585660 653
1585670 653
1585680 653
1585690 653
1585700 653
1585710 653
1585720 653
1585730 653
1585740 653
1585750 654
1585760 655
1585770 655
1585780 652
1585790 653
1585800 653
1585810 653
1585820 653
1585830 653
1585840 654
1585850 654
1585860 654
1585870 654
1585880 654
1585890 654
1585900 653
1585910 652
1585920 652
1585930 652
1585940 652
1585950 653
1585960 653
1585970 655
1585980 656
1585990 656
1586000 656
1586010 656
1586020 656
1586030 656
1586040 657
1586050 657
1586060 658
1586070 657
1586080 657
1586090 657
1586100 657
1586110 657
1586120 656
1586130 655
1586140 655
1586150 654
1586160 653
1586170 653
1586180 653
1586190 656
1586200 656
1586210 659
1586220 660
1586230 660
1586240 662
1586250 663
1586260 663
1586270 664
1586280 666
1586290 666
1586300 666
1586310 664
1586320 664
1586330 664
1586340 664
1586350 664
1586360 664
1586370 665
1586380 665
1586390 665
1586400 665
1586410 665
1586420 665
1586430 664
1586440 664
1586450 664
1586460 664
1586470 666
1586480 666
1586490 667
1586500 668
1586510 668
1586520 667
1586530 668
1586540 668
1586550 668
1586560 667
1586570 667
1586580 665
1586590 662
1586600 662
1586610 659
1586620 655
1586630 655
1586640 652
1586650 651
1586660 651
1586670 650
1586680 649
1586690 648
1586700 648
1586710 647
1586720 646
1586730 646
1586740 646
1586750 645
1586760 645
1586770 645
1586780 645
1586790 645
1586800 646
1586810 646
1586820 646
1586830 647
1586840 647
1586850 647
1586860 648
1586870 649
1586880 649
1586890 650
1586900 651
1586910 651
1586920 652
1586930 653
1586940 653
1586950 654
1586960 654
1586970 654
1586980 655
1586990 656
1587000 656
1587010 656
1587020 656
1587030 656
1587040 654
1587050 653
1587060 653
1587070 653
1587080 652
1587090 652
1587100 652
1587110 652
1587120 652
1587130 652
1587140 651
1587150 651
1587160 651
1587170 651
1587180 651
1587190 651
1587200 651
1587210 650
1587220 650
1587230 650
1587240 649
1587250 649
1587260 649
1587270 648
1587280 648
1587290 646
1587300 644
1587310 644
1587320 643
1587330 642
1587340 642
1587350 640
1587360 638
1587370 638
1587380 637
1587390 635
1587400 634
1587410 634
1587420 634
1587430 633
1587440 633
1587450 632
1587460 632
1587470 632
1587480 631
1587490 631
1587500 631
1587510 631
1587520 632
1587530 632
1587540 632
1587550 632
1587560 632
1587570 632
1587580 632
1587590 632
1587600 633
1587610 633
1587620 633
1587630 633
1587640 633
1587650 633
1587660 633
1587670 633
1587680 633
1587690 632
1587700 632
1587710 632
1587720 631
1587730 631
1587740 631
1587750 631
1587760 630
1587770 631
1587780 631
1587790 631
1587800 631
1587810 631
1587820 631
1587830 631
1587840 631
1587850 631
1587860 631
1587870 631
1587880 630
1587890 630
1587900 630
1587910 630
1587920 630
1587930 630
1587940 629
1587950 629
1587960 629
1587970 629
1587980 629
1587990 629
1588000 629
1588010 630
1588020 630
1588030 630
1588040 629
1588050 629
1588060 629
1588070 629
1588080 629
1588090 629
1588100 629
1588110 629
1588120 629
1588130 630
1588140 629
1588150 629
1588160 629
1588170 629
1588180 629
1588190 629
1588200 629
1588210 629
1588220 630
1588230 630
1588240 630
1588250 630
1588260 629
1588270 629
1588280 630
1588290 631
1588300 631
1588310 631
1588320 631
1588330 631
1588340 631
1588350 631
1588360 631
1588370 631
1588380 630
1588390 630
1588400 630
1588410 631
1588420 631
1588430 631
1588440 631
1588450 631
1588460 630
1588470 630
1588480 630
1588490 630
1588500 630
1588510 630
1588520 630
1588530 630
1588540 630
1588550 630
1588560 630
1588570 631
1588580 631
1588590 631
1588600 630
1588610 630
1588620 630
1588630 630
1588640 630
1588650 630
1588660 630
1588670 630
1588680 630
1588690 630
1588700 630
1588710 630
1588720 630
1588730 630
1588740 630
1588750 630
1588760 630
1588770 630
1588780 631
1588790 631
1588800 631
1588810 631
1588820 631
1588830 631
1588840 631
1588850 631
1588860 631
1588870 631
1588880 631
1588890 631
1588900 631
1588910 631
1588920 631
1588930 631
1588940 631
1588950 631
1588960 631
1588970 631
1588980 631
1588990 630
1589000 630
1589010 630
1589020 630
1589030 630
1589040 630
1589050 630
1589060 630
1589070 630
1589080 630
1589090 630
1589100 630
1589110 630
1589120 630
1589130 630
1589140 630
1589150 630
1589160 630
1589170 630
1589180 630
1589190 630
1589200 630
1589210 630
1589220 630
1589230 630
1589240 630
1589250 630
1589260 630
1589270 630
1589280 630
1589290 630
1589300 630
1589310 630
1589320 630
1589330 630
1589340 630
1589350 630
1589360 630
1589370 630
1589380 630
1589390 630
1589400 630
1589410 630
1589420 631
1589430 631
1589440 631
1589450 631
1589460 631
1589470 631
1589480 631
1589490 631
1589500 631
1589510 631
1589520 631
1589530 631
1589540 631
1589550 631
1589560 632
1589570 632
1589580 632
1589590 631
1589600 631
1589610 631
1589620 631
1589630 631
1589640 631
1589650 631
1589660 631
1589670 631
1589680 631
1589690 631
1589700 631
1589710 631
1589720 631
1589730 631
1589740 631
1589750 631
1589760 631
1589770 631
1589780 631
1589790 631
1589800 631
1589810 631
1589820 631
1589830 631
1589840 631
1589850 632
1589860 632
1589870 632
1589880 633
1589890 633
1589900 633
1589910 633
1589920 633
1589930 633
1589940 633
1589950 633
1589960 632
1589970 632
1589980 633
1589990 633
1590000 633
1590010 633
1590020 633
1590030 633
1590040 633
1590050 633
1590060 633
1590070 633
1590080 633
1590090 633
1590100 633
1590110 633
1590120 633
1590130 633
1590140 633
1590150 633
1590160 633
1590170 633
1590180 633
1590190 633
1590200 633
1590210 633
1590220 633
1590230 632
1590240 632
1590250 632
1590260 633
1590270 633
1590280 633
1590290 633
1590300 633
1590310 633
1590320 632
1590330 632
1590340 632
1590350 632
1590360 632
1590370 632
1590380 632
1590390 632
1590400 632
1590410 631
1590420 632
1590430 632
1590440 633
1590450 632
1590460 632
1590470 631
1590480 631
1590490 631
1590500 631
1590510 632
1590520 632
1590530 630
1590540 631
1590550 631
1590560 631
1590570 632
1590580 632
1590590 633
1590600 633
1590610 633
1590620 632
1590630 631
1590640 631
1590650 631
1590660 632
1590670 632
1590680 632
1590690 632
1590700 631
1590710 631
1590720 631
1590730 632
1590740 632
1590750 633
1590760 632
1590770 632
1590780 631
1590790 631
1590800 631
1590810 631
1590820 631
1590830 631
1590840 631
1590850 631
1590860 631
1590870 631
1590880 631
1590890 631
1590900 632
1590910 633
1590920 633
1590930 631
1590940 630
1590950 630
1590960 630
1590970 630
1590980 630
1590990 631
1591000 630
1591010 631
1591020 631
1591030 631
1591040 632
1591050 632
1591060 633
1591070 632
1591080 632
1591090 631
1591100 630
1591110 630
1591120 630
1591130 630
1591140 630
1591150 630
1591160 631
1591170 631
1591180 632
1591190 632
1591200 632
1591210 631
1591220 631
1591230 631
1591240 631
1591250 631
1591260 631
1591270 631
1591280 632
1591290 632
1591300 631
1591310 630
1591320 630
1591330 630
1591340 630
1591350 630
1591360 632
1591370 633
1591380 634
1591390 634
1591400 634
1591410 634
1591420 634
1591430 634
1591440 633
1591450 633
1591460 633
1591470 630
1591480 630
1591490 630
1591500 630
1591510 630
1591520 630
1591530 631
1591540 631
1591550 632
1591560 631
1591570 631
1591580 631
1591590 630
1591600 630
1591610 630
1591620 630
1591630 630
1591640 631
1591650 632
1591660 632
1591670 632
1591680 630
1591690 630
1591700 630
1591710 630
1591720 630
1591730 630
1591740 630
1591750 630
1591760 630
1591770 631
1591780 632
1591790 632
1591800 631
1591810 630
1591820 630
1591830 630
1591840 629
1591850 629
1591860 630
1591870 630
1591880 630
1591890 630
1591900 631
1591910 631
1591920 631
1591930 630
1591940 630
1591950 630
1591960 630
1591970 630
1591980 630
1591990 630
1592000 630
1592010 631
1592020 632
1592030 632
1592040 632
1592050 633
1592060 633
1592070 633
1592080 633
1592090 633
1592100 633
1592110 633
1592120 633
1592130 633
1592140 632
1592150 632
1592160 632
1592170 632
1592180 632
1592190 632
1592200 632
1592210 632
1592220 632
1592230 632
1592240 632
1592250 632
1592260 632
1592270 632
1592280 632
1592290 632
1592300 632
1592310 632
1592320 632
1592330 632
1592340 632
1592350 632
1592360 632
1592370 632
1592380 632
1592390 632
1592400 632
1592410 633
1592420 632
1592430 632
1592440 632
1592450 632
1592460 632
1592470 632
1592480 632
1592490 632
1592500 632
1592510 632
1592520 632
1592530 632
1592540 632
1592550 632
1592560 632
1592570 632
1592580 632
1592590 632
1592600 632
1592610 632
1592620 632
1592630 632
1592640 632
1592650 632
1592660 632
1592670 632
1592680 632
1592690 632
1592700 632
1592710 632
1592720 632
1592730 632
1592740 632
1592750 632
1592760 632
1592770 632
1592780 632
1592790 632
1592800 632
1592810 632
1592820 633
1592830 632
1592840 632
1592850 632
1592860 632
1592870 632
1592880 632
1592890 632
1592900 632
1592910 633
1592920 633
1592930 633
1592940 633
1592950 633
1592960 633
1592970 633
1592980 633
1592990 633
1593000 633
1593010 633
1593020 633
1593030 633
1593040 633
1593050 633
1593060 633
1593070 633
1593080 633
1593090 633
1593100 633
1593110 633
1593120 633
1593130 633
1593140 633
1593150 633
1593160 633
1593170 633
1593180 633
1593190 633
1593200 634
1593210 634
1593220 634
1593230 634
1593240 634
1593250 634
1593260 634
1593270 634
1593280 634
1593290 634
1593300 634
1593310 634
1593320 634
1593330 634
1593340 634
1593350 634
1593360 634
1593370 634
1593380 634
1593390 634
1593400 634
1593410 634
1593420 634
1593430 634
1593440 634
1593450 634
1593460 634
1593470 634
1593480 634
1593490 635
1593500 635
1593510 635
1593520 634
1593530 634
1593540 634
1593550 634
1593560 634
1593570 634
1593580 634
1593590 633
1593600 633
1593610 633
1593620 633
1593630 634
1593640 634
1593650 634
1593660 633
1593670 633
1593680 633
1593690 633
1593700 633
1593710 633
1593720 633
1593730 633
1593740 633
1593750 633
1593760 633
1593770 633
1593780 633
1593790 633
1593800 633
1593810 634
1593820 634
1593830 633
1593840 633
1593850 633
1593860 633
1593870 633
1593880 633
1593890 633
1593900 633
1593910 633
1593920 633
1593930 634
1593940 635
1593950 635
1593960 638
1593970 641
1593980 641
1593990 646
1594000 651
1594010 651
1594020 657
1594030 664
1594040 664
1594050 670
1594060 674
1594070 674
1594080 674
1594090 673
1594100 673
1594110 673
1594120 674
1594130 674
1594140 676
1594150 681
1594160 681
1594170 686
1594180 691
1594190 691
1594200 692
1594210 692
1594220 692
1594230 691
1594240 690
1594250 692
1594260 692
1594270 695
1594280 699
1594290 699
1594300 704
1594310 710
1594320 710
1594330 718
1594340 723
1594350 723
1594360 726
1594370 729
1594380 729
1594390 730
1594400 734
1594410 734
1594420 739
1594430 745
1594440 745
1594450 752
1594460 759
1594470 759
1594480 766
1594490 774
1594500 774
1594510 782
1594520 789
1594530 789
1594540 796
1594550 801
1594560 801
1594570 807
1594580 812
1594590 812
1594600 816
1594610 820
1594620 824
1594630 824
1594640 828
1594650 832
1594660 832
1594670 835
1594680 838
1594690 838
1594700 841
1594710 844
1594720 844
1594730 846
1594740 848
1594750 848
1594760 852
1594770 855
1594780 855
1594790 858
1594800 860
1594810 860
1594820 863
1594830 866
1594840 866
1594850 869
1594860 872
1594870 872
1594880 875
1594890 877
1594900 877
1594910 880
1594920 884
1594930 884
1594940 887
1594950 890
1594960 890
1594970 893
1594980 896
1594990 900
1595000 900
1595010 903
1595020 906
1595030 906
1595040 909
1595050 912
1595060 912
1595070 915
1595080 918
1595090 918
1595100 919
1595110 921
1595120 921
1595130 923
1595140 925
1595150 925
1595160 927
1595170 928
1595180 928
1595190 930
1595200 931
1595210 931
1595220 933
1595230 934
1595240 934
1595250 935
1595260 936
1595270 936
1595280 938
1595290 939
1595300 939
1595310 940
1595320 940
1595330 940
1595340 941
1595350 941
1595360 942
1595370 942
1595380 942
1595390 942
1595400 942
1595410 942
1595420 942
1595430 942
1595440 938
1595450 939
1595460 939
1595470 940
1595480 940
1595490 940
1595500 941
1595510 940
1595520 940
1595530 940
1595540 941
1595550 941
1595560 942
1595570 942
1595580 942
1595590 939
1595600 935
1595610 935
1595620 930
1595630 923
1595640 923
1595650 920
1595660 924
1595670 924
1595680 932
1595690 941
1595700 948
1595710 948
1595720 956
1595730 963
1595740 963
1595750 971
1595760 979
1595770 979
1595780 986
1595790 992
1595800 992
1595810 997
1595820 1003
1595830 1003
1595840 1008
1595850 1014
1595860 1014
1595870 1021
1595880 1028
1595890 1028
1595900 1034
1595910 1039
1595920 1039
1595930 1044
1595940 1050
1595950 1050
1595960 1055
1595970 1060
1595980 1060
1595990 1064
1596000 1069
1596010 1069
1596020 1074
1596030 1078
1596040 1078
1596050 1081
1596060 1086
1596070 1090
1596080 1090
1596090 1094
1596100 1098
1596110 1098
1596120 1102
1596130 1106
1596140 1106
1596150 1110
1596160 1114
1596170 1114
1596180 1117
1596190 1120
1596200 1120
1596210 1123
1596220 1125
1596230 1125
1596240 1127
1596250 1130
1596260 1130
1596270 1133
1596280 1136
1596290 1136
1596300 1138
1596310 1142
1596320 1142
1596330 1145
1596340 1147
1596350 1147
1596360 1149
1596370 1151
1596380 1151
1596390 1153
1596400 1156
1596410 1156
1596420 1158
1596430 1160
1596440 1163
1596450 1163
1596460 1165
1596470 1166
1596480 1166
1596490 1167
1596500 1168
1596510 1168
1596520 1168
1596530 1169
1596540 1169
1596550 1169
1596560 1168
1596570 1168
1596580 1166
1596590 1155
1596600 1155
1596610 1155
1596620 1154
1596630 1154
1596640 1154
1596650 1153
1596660 1153
1596670 1152
1596680 1150
1596690 1150
1596700 1148
1596710 1147
1596720 1147
1596730 1147
1596740 1146
1596750 1146
1596760 1148
1596770 1148
1596780 1148
1596790 1147
1596800 1146
1596810 1146
1596820 1146
1596830 1146
1596840 1145
1596850 1145
1596860 1146
1596870 1145
1596880 1145
1596890 1145
1596900 1144
1596910 1144
1596920 1143
1596930 1142
1596940 1142
1596950 1140
1596960 1139
1596970 1139
1596980 1138
1596990 1136
1597000 1136
1597010 1135
1597020 1134
1597030 1134
1597040 1133
1597050 1130
1597060 1130
1597070 1125
1597080 1121
1597090 1121
1597100 1120
1597110 1124
1597120 1124
1597130 1129
1597140 1136
1597150 1142
1597160 1142
1597170 1147
1597180 1151
1597190 1151
1597200 1154
1597210 1157
1597220 1157
1597230 1158
1597240 1162
1597250 1162
1597260 1168
1597270 1174
1597280 1174
1597290 1178
1597300 1182
1597310 1182
1597320 1185
1597330 1189
1597340 1189
1597350 1192
1597360 1195
1597370 1195
1597380 1197
1597390 1198
1597400 1198
1597410 1198
1597420 1201
1597430 1201
1597440 1203
1597450 1203
1597460 1203
1597470 1204
1597480 1208
1597490 1208
1597500 1211
1597510 1216
1597520 1221
1597530 1221
1597540 1224
1597550 1231
1597560 1231
1597570 1236
1597580 1240
1597590 1240
1597600 1242
1597610 1244
1597620 1244
1597630 1245
1597640 1253
1597650 1253
1597660 1259
1597670 1267
1597680 1267
1597690 1273
1597700 1277
1597710 1277
1597720 1276
1597730 1282
1597740 1282
1597750 1287
1597760 1291
1597770 1291
1597780 1293
1597790 1296
1597800 1296
1597810 1301
1597820 1308
1597830 1308
1597840 1312
1597850 1317
1597860 1317
1597870 1322
1597880 1325
1597890 1329
1597900 1329
1597910 1333
1597920 1334
1597930 1334
1597940 1334
1597950 1332
1597960 1332
1597970 1334
1597980 1335
1597990 1335
1598000 1338
1598010 1340
1598020 1340
1598030 1343
1598040 1346
1598050 1346
1598060 1349
1598070 1352
1598080 1352
1598090 1356
1598100 1362
1598110 1362
1598120 1367
1598130 1370
1598140 1370
1598150 1376
1598160 1381
1598170 1381
1598180 1384
1598190 1388
1598200 1388
1598210 1395
1598220 1403
1598230 1403
1598240 1411
1598250 1419
1598260 1425
1598270 1425
1598280 1429
1598290 1434
1598300 1434
1598310 1441
1598320 1446
1598330 1446
1598340 1451
1598350 1457
1598360 1457
1598370 1460
1598380 1466
1598390 1466
1598400 1473
1598410 1479
1598420 1479
1598430 1484
1598440 1488
1598450 1488
1598460 1490
1598470 1495
1598480 1495
1598490 1499
1598500 1505
1598510 1505
1598520 1509
1598530 1514
1598540 1514
1598550 1519
1598560 1524
1598570 1524
1598580 1528
1598590 1532
1598600 1538
1598610 1538
1598620 1546
1598630 1553
1598640 1553
1598650 1560
1598660 1564
1598670 1564
1598680 1568
1598690 1575
1598700 1575
1598710 1579
1598720 1586
1598730 1586
1598740 1591
1598750 1595
1598760 1595
1598770 1599
1598780 1604
1598790 1604
1598800 1611
1598810 1614
1598820 1614
1598830 1615
1598840 1618
1598850 1618
1598860 1623
1598870 1626
1598880 1626
1598890 1629
1598900 1633
1598910 1633
1598920 1638
1598930 1645
1598940 1645
1598950 1648
1598960 1650
1598970 1652
1598980 1652
1598990 1653
1599000 1654
1599010 1654
1599020 1655
1599030 1655
1599040 1655
1599050 1655
1599060 1655
1599070 1655
1599080 1654
1599090 1654
1599100 1654
1599110 1654
1599120 1654
1599130 1654
1599140 1653
1599150 1651
1599160 1651
1599170 1651
1599180 1650
1599190 1650
1599200 1649
1599210 1647
1599220 1647
1599230 1646
1599240 1646
1599250 1646
1599260 1645
1599270 1645
1599280 1645
1599290 1645
1599300 1646
1599310 1646
1599320 1646
1599330 1647
1599340 1646
1599350 1646
1599360 1646
1599370 1646
1599380 1646
1599390 1646
1599400 1646
1599410 1646
1599420 1646
1599430 1646
1599440 1646
1599450 1645
1599460 1645
1599470 1645
1599480 1646
1599490 1646
1599500 1646
1599510 1646
1599520 1647
1599530 1647
1599540 1648
1599550 1649
1599560 1649
1599570 1650
1599580 1651
1599590 1651
1599600 1652
1599610 1652
1599620 1652
1599630 1653
1599640 1653
1599650 1653
1599660 1654
1599670 1655
1599680 1655
1599690 1655
1599700 1656
1599710 1657
1599720 1657
1599730 1658
1599740 1659
1599750 1659
1599760 1661
1599770 1662
1599780 1662
1599790 1664
1599800 1666
1599810 1666
1599820 1666
1599830 1667
1599840 1667
1599850 1668
1599860 1669
1599870 1669
1599880 1671
1599890 1671
1599900 1671
1599910 1671
1599920 1671
1599930 1671
1599940 1672
1599950 1673
1599960 1676
1599970 1676
1599980 1676
1599990 1676
