1580000 634
1580010 634
1580020 634
1580030 634
1580040 634
1580050 634
1580060 634
1580070 634
1580080 634
1580090 634
1580100 634
1580110 634
1580120 634
1580130 634
1580140 634
1580150 634
1580160 634
1580170 634
1580180 634
1580190 634
1580200 634
1580210 634
1580220 634
1580230 634
1580240 634
1580250 634
1580260 634
1580270 634
1580280 634
1580290 634
1580300 634
1580310 634
1580320 634
1580330 634
1580340 634
1580350 634
1580360 634
1580370 634
1580380 634
1580390 634
1580400 634
1580410 634
1580420 635
1580430 635
1580440 635
1580450 635
1580460 635
1580470 635
1580480 634
1580490 634
1580500 634
1580510 634
1580520 634
1580530 634
1580540 634
1580550 634
1580560 634
1580570 634
1580580 634
1580590 634
1580600 634
1580610 634
1580620 634
1580630 634
1580640 634
1580650 634
1580660 634
1580670 634
1580680 634
1580690 634
1580700 634
1580710 634
1580720 634
1580730 634
1580740 634
1580750 634
1580760 634
1580770 634
1580780 634
1580790 634
1580800 634
1580810 634
1580820 634
1580830 634
1580840 634
1580850 634
1580860 634
1580870 634
1580880 634
1580890 634
1580900 634
1580910 634
1580920 634
1580930 634
1580940 634
1580950 634
1580960 635
1580970 635
1580980 634
1580990 634
1581000 634
1581010 632
1581020 632
1581030 632
1581040 632
1581050 632
1581060 632
1581070 632
1581080 632
1581090 632
1581100 633
1581110 634
1581120 634
1581130 635
1581140 634
1581150 634
1581160 634
1581170 634
1581180 634
1581190 634
1581200 634
1581210 634
1581220 634
1581230 634
1581240 634
1581250 634
1581260 634
1581270 634
1581280 634
1581290 634
1581300 634
1581310 634
1581320 634
1581330 633
1581340 633
1581350 633
1581360 633
1581370 633
1581380 633
1581390 633
1581400 633
1581410 633
1581420 633
1581430 633
1581440 634
1581450 634
1581460 634
1581470 632
1581480 632
1581490 632
1581500 634
1581510 635
1581520 635
1581530 634
1581540 634
1581550 634
1581560 633
1581570 633
1581580 633
1581590 633
1581600 633
1581610 633
1581620 634
1581630 634
1581640 634
1581650 634
1581660 634
1581670 634
1581680 634
1581690 634
1581700 634
1581710 634
1581720 634
1581730 634
1581740 634
1581750 634
1581760 634
1581770 634
1581780 634
1581790 634
1581800 634
1581810 634
1581820 634
1581830 634
1581840 633
1581850 633
1581860 633
1581870 633
1581880 633
1581890 633
1581900 633
1581910 633
1581920 633
1581930 633
1581940 633
1581950 633
1581960 633
1581970 633
1581980 633
1581990 633
1582000 633
1582010 633
1582020 633
1582030 633
1582040 633
1582050 633
1582060 633
1582070 633
1582080 633
1582090 633
1582100 633
1582110 633
1582120 633
1582130 633
1582140 633
1582150 633
1582160 633
1582170 633
1582180 633
1582190 634
1582200 634
1582210 634
1582220 633
1582230 633
1582240 633
1582250 633
1582260 633
1582270 634
1582280 634
1582290 634
1582300 633
1582310 633
1582320 633
1582330 633
1582340 633
1582350 633
1582360 633
1582370 633
1582380 633
1582390 633
1582400 634
1582410 634
1582420 634
1582430 634
1582440 634
1582450 634
1582460 634
1582470 634
1582480 634
1582490 634
1582500 633
1582510 633
1582520 633
1582530 633
1582540 633
1582550 633
1582560 633
1582570 633
1582580 633
1582590 633
1582600 633
1582610 633
1582620 632
1582630 632
1582640 631
1582650 631
1582660 631
1582670 631
1582680 631
1582690 631
1582700 631
1582710 632
1582720 632
1582730 632
1582740 631
1582750 631
1582760 631
1582770 633
1582780 634
1582790 634
1582800 634
1582810 634
1582820 634
1582830 634
1582840 634
1582850 634
1582860 634
1582870 634
1582880 634
1582890 633
1582900 635
1582910 635
1582920 636
1582930 632
1582940 632
1582950 631
1582960 632
1582970 632
1582980 634
1582990 635
1583000 635
1583010 634
1583020 634
1583030 634
1583040 633
1583050 633
1583060 633
1583070 633
1583080 633
1583090 633
1583100 633
1583110 633
1583120 633
1583130 633
1583140 633
1583150 633
1583160 633
1583170 633
1583180 632
1583190 632
1583200 633
1583210 633
1583220 633
1583230 633
1583240 633
1583250 633
1583260 633
1583270 633
1583280 633
1583290 633
1583300 633
1583310 633
1583320 633
1583330 633
1583340 633
1583350 633
1583360 633
1583370 633
1583380 632
1583390 632
1583400 632
1583410 633
1583420 633
1583430 633
1583440 633
1583450 633
1583460 633
1583470 633
1583480 633
1583490 633
1583500 633
1583510 633
1583520 633
1583530 633
1583540 633
1583550 633
1583560 633
1583570 633
1583580 633
1583590 633
1583600 633
1583610 633
1583620 633
1583630 633
1583640 633
1583650 633
1583660 633
1583670 633
1583680 633
1583690 633
1583700 633
1583710 633
1583720 633
1583730 633
1583740 633
1583750 633
1583760 633
1583770 633
1583780 633
1583790 633
1583800 633
1583810 633
1583820 633
1583830 633
1583840 634
1583850 633
1583860 633
1583870 633
1583880 633
1583890 633
1583900 633
1583910 633
1583920 633
1583930 633
1583940 633
1583950 633
1583960 633
1583970 633
1583980 633
1583990 633
1584000 633
1584010 633
1584020 633
1584030 633
1584040 633
1584050 633
1584060 633
1584070 633
1584080 633
1584090 633
1584100 633
1584110 633
1584120 633
1584130 632
1584140 632
1584150 632
1584160 632
1584170 632
1584180 632
1584190 632
1584200 632
1584210 632
1584220 632
1584230 632
1584240 632
1584250 632
1584260 632
1584270 632
1584280 633
1584290 633
1584300 633
1584310 632
1584320 631
1584330 631
1584340 631
1584350 631
1584360 631
1584370 631
1584380 631
1584390 631
1584400 631
1584410 632
1584420 632
1584430 632
1584440 632
1584450 632
1584460 632
1584470 632
1584480 632
1584490 632
1584500 633
1584510 633
1584520 633
1584530 633
1584540 633
1584550 633
1584560 633
1584570 633
1584580 633
1584590 633
1584600 633
1584610 633
1584620 633
1584630 633
1584640 633
1584650 633
1584660 633
1584670 633
1584680 633
1584690 633
1584700 633
1584710 633
1584720 633
1584730 633
1584740 633
1584750 633
1584760 633
1584770 633
1584780 633
1584790 633
1584800 633
1584810 633
1584820 633
1584830 633
1584840 633
1584850 633
1584860 633
1584870 633
1584880 633
1584890 633
1584900 633
1584910 633
1584920 633
1584930 633
1584940 633
1584950 633
1584960 633
1584970 634
1584980 634
1584990 634
1585000 634
1585010 634
1585020 634
1585030 634
1585040 634
1585050 634
1585060 634
1585070 634
1585080 634
1585090 634
1585100 634
1585110 634
1585120 634
1585130 634
1585140 634
1585150 634
1585160 634
1585170 634
1585180 634
1585190 634
1585200 634
1585210 634
1585220 634
1585230 634
1585240 634
1585250 634
1585260 634
1585270 634
1585280 634
1585290 634
1585300 634
1585310 634
1585320 634
1585330 634
1585340 634
1585350 634
1585360 634
1585370 634
1585380 634
1585390 634
1585400 634
1585410 634
1585420 634
1585430 634
1585440 634
1585450 634
1585460 634
1585470 634
1585480 634
1585490 634
1585500 634
1585510 634
1585520 634
1585530 634
1585540 634
1585550 634
1585560 634
1585570 635
1585580 635
1585590 635
1585600 635
1585610 635
1585620 635
1585630 635
1585640 635
1585650 635
1585660 635
1585670 635
1585680 635
1585690 635
1585700 636
1585710 636
1585720 636
1585730 636
1585740 636
1585750 636
1585760 636
1585770 636
1585780 636
1585790 636
1585800 636
1585810 636
1585820 635
1585830 635
1585840 635
1585850 635
1585860 635
1585870 635
1585880 635
1585890 635
1585900 635
1585910 634
1585920 634
1585930 634
1585940 634
1585950 634
1585960 634
1585970 634
1585980 634
1585990 634
1586000 634
1586010 634
1586020 634
1586030 634
1586040 634
1586050 634
1586060 634
1586070 634
1586080 634
1586090 634
1586100 634
1586110 634
1586120 634
1586130 634
1586140 634
1586150 634
1586160 634
1586170 634
1586180 634
1586190 634
1586200 634
1586210 634
1586220 634
1586230 634
1586240 634
1586250 634
1586260 633
1586270 633
1586280 633
1586290 633
1586300 633
1586310 633
1586320 633
1586330 633
1586340 633
1586350 633
1586360 633
1586370 633
1586380 633
1586390 633
1586400 634
1586410 634
1586420 633
1586430 633
1586440 633
1586450 633
1586460 633
1586470 633
1586480 633
1586490 633
1586500 633
1586510 633
1586520 633
1586530 633
1586540 633
1586550 633
1586560 633
1586570 633
1586580 633
1586590 633
1586600 633
1586610 633
1586620 633
1586630 633
1586640 633
1586650 634
1586660 634
1586670 634
1586680 634
1586690 634
1586700 634
1586710 635
1586720 635
1586730 635
1586740 635
1586750 635
1586760 635
1586770 634
1586780 633
1586790 633
1586800 633
1586810 633
1586820 633
1586830 633
1586840 633
1586850 633
1586860 633
1586870 633
1586880 633
1586890 633
1586900 633
1586910 633
1586920 633
1586930 633
1586940 633
1586950 633
1586960 633
1586970 632
1586980 632
1586990 632
1587000 632
1587010 632
1587020 632
1587030 632
1587040 632
1587050 632
1587060 632
1587070 632
1587080 632
1587090 632
1587100 632
1587110 632
1587120 632
1587130 632
1587140 632
1587150 632
1587160 632
1587170 632
1587180 632
1587190 632
1587200 632
1587210 632
1587220 631
1587230 631
1587240 631
1587250 630
1587260 630
1587270 630
1587280 630
1587290 630
1587300 630
1587310 630
1587320 630
1587330 630
1587340 630
1587350 630
1587360 631
1587370 631
1587380 631
1587390 631
1587400 631
1587410 631
1587420 631
1587430 631
1587440 631
1587450 631
1587460 631
1587470 631
1587480 631
1587490 631
1587500 631
1587510 631
1587520 631
1587530 632
1587540 632
1587550 633
1587560 633
1587570 633
1587580 633
1587590 632
1587600 632
1587610 633
1587620 633
1587630 633
1587640 632
1587650 631
1587660 631
1587670 631
1587680 631
1587690 631
1587700 631
1587710 631
1587720 631
1587730 631
1587740 631
1587750 631
1587760 631
1587770 631
1587780 631
1587790 631
1587800 631
1587810 631
1587820 631
1587830 631
1587840 631
1587850 631
1587860 631
1587870 631
1587880 631
1587890 631
1587900 631
1587910 631
1587920 631
1587930 631
1587940 631
1587950 631
1587960 631
1587970 631
1587980 631
1587990 631
1588000 631
1588010 631
1588020 631
1588030 631
1588040 631
1588050 631
1588060 631
1588070 631
1588080 631
1588090 631
1588100 631
1588110 631
1588120 631
1588130 631
1588140 631
1588150 631
1588160 631
1588170 630
1588180 630
1588190 630
1588200 630
1588210 630
1588220 630
1588230 630
1588240 630
1588250 630
1588260 630
1588270 630
1588280 630
1588290 630
1588300 630
1588310 630
1588320 630
1588330 630
1588340 630
1588350 630
1588360 630
1588370 630
1588380 631
1588390 630
1588400 630
1588410 630
1588420 630
1588430 630
1588440 630
1588450 630
1588460 630
1588470 630
1588480 631
1588490 631
1588500 631
1588510 631
1588520 631
1588530 631
1588540 630
1588550 630
1588560 630
1588570 630
1588580 630
1588590 631
1588600 631
1588610 631
1588620 631
1588630 631
1588640 631
1588650 631
1588660 631
1588670 631
1588680 631
1588690 630
1588700 631
1588710 631
1588720 631
1588730 631
1588740 631
1588750 632
1588760 631
1588770 631
1588780 629
1588790 629
1588800 629
1588810 629
1588820 629
1588830 629
1588840 629
1588850 629
1588860 629
1588870 629
1588880 630
1588890 630
1588900 631
1588910 631
1588920 631
1588930 631
1588940 631
1588950 631
1588960 631
1588970 631
1588980 631
1588990 631
1589000 631
1589010 632
1589020 632
1589030 634
1589040 634
1589050 634
1589060 634
1589070 635
1589080 635
1589090 635
1589100 635
1589110 635
1589120 635
1589130 635
1589140 635
1589150 635
1589160 635
1589170 635
1589180 635
1589190 635
1589200 635
1589210 634
1589220 634
1589230 634
1589240 634
1589250 634
1589260 634
1589270 634
1589280 634
1589290 634
1589300 634
1589310 634
1589320 634
1589330 633
1589340 633
1589350 633
1589360 633
1589370 632
1589380 632
1589390 632
1589400 632
1589410 631
1589420 631
1589430 631
1589440 631
1589450 631
1589460 630
1589470 630
1589480 630
1589490 630
1589500 630
1589510 630
1589520 630
1589530 629
1589540 629
1589550 630
1589560 630
1589570 630
1589580 630
1589590 630
1589600 630
1589610 630
1589620 630
1589630 630
1589640 630
1589650 630
1589660 630
1589670 630
1589680 630
1589690 630
1589700 630
1589710 630
1589720 630
1589730 630
1589740 630
1589750 630
1589760 630
1589770 631
1589780 631
1589790 631
1589800 631
1589810 631
1589820 631
1589830 631
1589840 631
1589850 631
1589860 631
1589870 631
1589880 631
1589890 631
1589900 631
1589910 631
1589920 631
1589930 631
1589940 631
1589950 631
1589960 631
1589970 631
1589980 631
1589990 631
1590000 631
1590010 631
1590020 631
1590030 631
1590040 631
1590050 631
1590060 631
1590070 631
1590080 631
1590090 631
1590100 631
1590110 631
1590120 631
1590130 631
1590140 631
1590150 629
1590160 629
1590170 629
1590180 629
1590190 629
1590200 629
1590210 629
1590220 629
1590230 630
1590240 630
1590250 630
1590260 629
1590270 629
1590280 629
1590290 629
1590300 629
1590310 629
1590320 629
1590330 629
1590340 629
1590350 629
1590360 629
1590370 629
1590380 630
1590390 629
1590400 629
1590410 629
1590420 629
1590430 629
1590440 629
1590450 630
1590460 630
1590470 630
1590480 630
1590490 630
1590500 630
1590510 630
1590520 630
1590530 630
1590540 630
1590550 630
1590560 630
1590570 630
1590580 630
1590590 630
1590600 630
1590610 630
1590620 630
1590630 629
1590640 629
1590650 629
1590660 628
1590670 629
1590680 629
1590690 629
1590700 629
1590710 629
1590720 629
1590730 629
1590740 629
1590750 629
1590760 629
1590770 629
1590780 629
1590790 629
1590800 629
1590810 629
1590820 629
1590830 629
1590840 629
1590850 629
1590860 629
1590870 629
1590880 629
1590890 629
1590900 629
1590910 629
1590920 629
1590930 629
1590940 629
1590950 629
1590960 629
1590970 629
1590980 629
1590990 629
1591000 628
1591010 628
1591020 628
1591030 628
1591040 628
1591050 628
1591060 629
1591070 628
1591080 628
1591090 628
1591100 629
1591110 629
1591120 629
1591130 629
1591140 629
1591150 629
1591160 629
1591170 629
1591180 629
1591190 629
1591200 629
1591210 629
1591220 629
1591230 629
1591240 629
1591250 629
1591260 629
1591270 629
1591280 629
1591290 629
1591300 629
1591310 630
1591320 631
1591330 631
1591340 632
1591350 633
1591360 633
1591370 633
1591380 633
1591390 633
1591400 633
1591410 633
1591420 633
1591430 632
1591440 631
1591450 631
1591460 631
1591470 631
1591480 631
1591490 630
1591500 631
1591510 632
1591520 632
1591530 633
1591540 633
1591550 633
1591560 632
1591570 631
1591580 631
1591590 630
1591600 630
1591610 630
1591620 629
1591630 629
1591640 629
1591650 629
1591660 630
1591670 630
1591680 630
1591690 630
1591700 630
1591710 630
1591720 630
1591730 630
1591740 631
1591750 631
1591760 631
1591770 631
1591780 630
1591790 630
1591800 630
1591810 630
1591820 630
1591830 629
1591840 629
1591850 629
1591860 629
1591870 630
1591880 629
1591890 629
1591900 629
1591910 629
1591920 629
1591930 629
1591940 630
1591950 630
1591960 630
1591970 631
1591980 631
1591990 631
1592000 632
1592010 632
1592020 632
1592030 632
1592040 632
1592050 631
1592060 631
1592070 631
1592080 631
1592090 631
1592100 631
1592110 631
1592120 631
1592130 631
1592140 631
1592150 631
1592160 631
1592170 631
1592180 631
1592190 631
1592200 631
1592210 631
1592220 631
1592230 631
1592240 631
1592250 631
1592260 631
1592270 631
1592280 632
1592290 632
1592300 632
1592310 631
1592320 631
1592330 631
1592340 631
1592350 631
1592360 631
1592370 631
1592380 631
1592390 630
1592400 630
1592410 630
1592420 629
1592430 629
1592440 629
1592450 629
1592460 629
1592470 629
1592480 629
1592490 628
1592500 628
1592510 629
1592520 629
1592530 629
1592540 629
1592550 629
1592560 629
1592570 629
1592580 629
1592590 629
1592600 629
1592610 629
1592620 629
1592630 629
1592640 629
1592650 630
1592660 630
1592670 629
1592680 629
1592690 629
1592700 629
1592710 629
1592720 629
1592730 629
1592740 629
1592750 629
1592760 629
1592770 629
1592780 629
1592790 629
1592800 629
1592810 629
1592820 629
1592830 629
1592840 629
1592850 629
1592860 629
1592870 629
1592880 629
1592890 629
1592900 629
1592910 629
1592920 629
1592930 629
1592940 629
1592950 629
1592960 629
1592970 629
1592980 629
1592990 629
1593000 629
1593010 630
1593020 630
1593030 630
1593040 630
1593050 630
1593060 630
1593070 630
1593080 630
1593090 630
1593100 630
1593110 630
1593120 630
1593130 630
1593140 629
1593150 629
1593160 630
1593170 630
1593180 630
1593190 629
1593200 629
1593210 629
1593220 629
1593230 629
1593240 629
1593250 630
1593260 630
1593270 630
1593280 630
1593290 629
1593300 629
1593310 629
1593320 630
1593330 630
1593340 630
1593350 630
1593360 630
1593370 630
1593380 630
1593390 630
1593400 630
1593410 629
1593420 629
1593430 629
1593440 630
1593450 630
1593460 630
1593470 630
1593480 630
1593490 630
1593500 630
1593510 630
1593520 630
1593530 631
1593540 631
1593550 631
1593560 631
1593570 631
1593580 631
1593590 631
1593600 631
1593610 631
1593620 631
1593630 631
1593640 631
1593650 631
1593660 631
1593670 631
1593680 630
1593690 630
1593700 631
1593710 631
1593720 631
1593730 631
1593740 631
1593750 631
1593760 631
1593770 631
1593780 631
1593790 631
1593800 631
1593810 631
1593820 631
1593830 631
1593840 631
1593850 631
1593860 631
1593870 631
1593880 631
1593890 631
1593900 630
1593910 631
1593920 631
1593930 631
1593940 631
1593950 631
1593960 631
1593970 631
1593980 631
1593990 632
1594000 632
1594010 632
1594020 632
1594030 632
1594040 632
1594050 632
1594060 632
1594070 632
1594080 632
1594090 631
1594100 632
1594110 632
1594120 633
1594130 633
1594140 633
1594150 633
1594160 633
1594170 633
1594180 633
1594190 633
1594200 633
1594210 633
1594220 633
1594230 633
1594240 633
1594250 633
1594260 633
1594270 633
1594280 633
1594290 633
1594300 635
1594310 638
1594320 638
1594330 640
1594340 640
1594350 640
1594360 641
1594370 642
1594380 642
1594390 643
1594400 644
1594410 644
1594420 644
1594430 645
1594440 647
1594450 647
1594460 648
1594470 649
1594480 649
1594490 650
1594500 651
1594510 651
1594520 651
1594530 653
1594540 653
1594550 653
1594560 654
1594570 654
1594580 654
1594590 656
1594600 656
1594610 656
1594620 658
1594630 658
1594640 659
1594650 660
1594660 660
1594670 661
1594680 662
1594690 662
1594700 663
1594710 664
1594720 664
1594730 665
1594740 665
1594750 665
1594760 666
1594770 667
1594780 667
1594790 669
1594800 670
1594810 671
1594820 671
1594830 673
1594840 675
1594850 675
1594860 678
1594870 683
1594880 683
1594890 687
1594900 691
1594910 691
1594920 697
1594930 703
1594940 703
1594950 708
1594960 714
1594970 714
1594980 720
1594990 723
1595000 723
1595010 724
1595020 722
1595030 722
1595040 720
1595050 718
1595060 718
1595070 716
1595080 726
1595090 726
1595100 729
1595110 719
1595120 719
1595130 710
1595140 712
1595150 714
1595160 714
1595170 717
1595180 719
1595190 719
1595200 721
1595210 723
1595220 723
1595230 726
1595240 731
1595250 731
1595260 734
1595270 739
1595280 739
1595290 744
1595300 749
1595310 749
1595320 755
1595330 762
1595340 762
1595350 767
1595360 772
1595370 772
1595380 777
1595390 784
1595400 784
1595410 790
1595420 794
1595430 794
1595440 801
1595450 806
1595460 806
1595470 808
1595480 815
1595490 815
1595500 825
1595510 837
1595520 847
1595530 847
1595540 851
1595550 858
1595560 858
1595570 862
1595580 864
1595590 864
1595600 867
1595610 873
1595620 873
1595630 877
1595640 882
1595650 882
1595660 887
1595670 893
1595680 893
1595690 897
1595700 901
1595710 901
1595720 906
1595730 909
1595740 909
1595750 912
1595760 915
1595770 915
1595780 918
1595790 921
1595800 921
1595810 927
1595820 931
1595830 931
1595840 934
1595850 936
1595860 936
1595870 939
1595880 941
1595890 944
1595900 944
1595910 947
1595920 950
1595930 950
1595940 953
1595950 956
1595960 956
1595970 958
1595980 960
1595990 960
1596000 963
1596010 969
1596020 969
1596030 973
1596040 975
1596050 975
1596060 978
1596070 981
1596080 981
1596090 986
1596100 989
1596110 989
1596120 992
1596130 994
1596140 994
1596150 997
1596160 1001
1596170 1001
1596180 1005
1596190 1009
1596200 1009
1596210 1014
1596220 1020
1596230 1020
1596240 1025
1596250 1030
1596260 1035
1596270 1035
1596280 1040
1596290 1044
1596300 1044
1596310 1047
1596320 1050
1596330 1050
1596340 1054
1596350 1058
1596360 1058
1596370 1062
1596380 1065
1596390 1065
1596400 1068
1596410 1071
1596420 1071
1596430 1074
1596440 1076
1596450 1076
1596460 1078
1596470 1081
1596480 1081
1596490 1084
1596500 1086
1596510 1086
1596520 1089
1596530 1091
1596540 1091
1596550 1094
1596560 1097
1596570 1097
1596580 1100
1596590 1102
1596600 1102
1596610 1104
1596620 1105
1596630 1108
1596640 1108
1596650 1111
1596660 1114
1596670 1114
1596680 1115
1596690 1118
1596700 1118
1596710 1121
1596720 1124
1596730 1124
1596740 1126
1596750 1128
1596760 1128
1596770 1132
1596780 1134
1596790 1134
1596800 1137
1596810 1138
1596820 1138
1596830 1141
1596840 1143
1596850 1143
1596860 1145
1596870 1148
1596880 1148
1596890 1149
1596900 1149
1596910 1149
1596920 1150
1596930 1151
1596940 1151
1596950 1155
1596960 1158
1596970 1158
1596980 1162
1596990 1167
1597000 1171
1597010 1171
1597020 1173
1597030 1172
1597040 1172
1597050 1172
1597060 1174
1597070 1174
1597080 1178
1597090 1182
1597100 1182
1597110 1188
1597120 1191
1597130 1191
1597140 1192
1597150 1192
1597160 1192
1597170 1193
1597180 1194
1597190 1194
1597200 1196
1597210 1198
1597220 1198
1597230 1200
1597240 1202
1597250 1202
1597260 1203
1597270 1206
1597280 1206
1597290 1207
1597300 1210
1597310 1210
1597320 1213
1597330 1215
1597340 1216
1597350 1216
1597360 1218
1597370 1219
1597380 1219
1597390 1220
1597400 1227
1597410 1227
1597420 1234
1597430 1239
1597440 1239
1597450 1244
1597460 1250
1597470 1250
1597480 1253
1597490 1255
1597500 1255
1597510 1257
1597520 1259
1597530 1259
1597540 1262
1597550 1265
1597560 1265
1597570 1269
1597580 1274
1597590 1274
1597600 1277
1597610 1281
1597620 1281
1597630 1284
1597640 1288
1597650 1288
1597660 1294
1597670 1301
1597680 1301
1597690 1308
1597700 1315
1597710 1323
1597720 1323
1597730 1329
1597740 1334
1597750 1334
1597760 1339
1597770 1343
1597780 1343
1597790 1348
1597800 1354
1597810 1354
1597820 1358
1597830 1361
1597840 1361
1597850 1363
1597860 1365
1597870 1365
1597880 1368
1597890 1372
1597900 1372
1597910 1378
1597920 1384
1597930 1384
1597940 1390
1597950 1396
1597960 1396
1597970 1404
1597980 1411
1597990 1411
1598000 1416
1598010 1422
1598020 1422
1598030 1427
1598040 1431
1598050 1431
1598060 1435
1598070 1440
1598080 1447
1598090 1447
1598100 1452
1598110 1457
1598120 1457
1598130 1462
1598140 1467
1598150 1467
1598160 1473
1598170 1479
1598180 1479
1598190 1485
1598200 1490
1598210 1490
1598220 1494
1598230 1498
1598240 1498
1598250 1503
1598260 1508
1598270 1508
1598280 1512
1598290 1517
1598300 1517
1598310 1523
1598320 1529
1598330 1529
1598340 1534
1598350 1537
1598360 1537
1598370 1543
1598380 1548
1598390 1548
1598400 1551
1598410 1555
1598420 1555
1598430 1558
1598440 1561
1598450 1564
1598460 1564
1598470 1569
1598480 1575
1598490 1575
1598500 1581
1598510 1587
1598520 1587
1598530 1592
1598540 1596
1598550 1596
1598560 1601
1598570 1606
1598580 1606
1598590 1611
1598600 1613
1598610 1613
1598620 1615
1598630 1617
1598640 1617
1598650 1619
1598660 1622
1598670 1622
1598680 1625
1598690 1628
1598700 1628
1598710 1631
1598720 1633
1598730 1633
1598740 1636
1598750 1637
1598760 1637
1598770 1639
1598780 1641
1598790 1641
1598800 1643
1598810 1645
1598820 1647
1598830 1647
1598840 1649
1598850 1650
1598860 1650
1598870 1651
1598880 1654
1598890 1654
1598900 1652
1598910 1649
1598920 1649
1598930 1641
1598940 1635
1598950 1635
1598960 1628
1598970 1623
1598980 1623
1598990 1617
1599000 1612
1599010 1612
1599020 1606
1599030 1601
1599040 1601
1599050 1595
1599060 1588
1599070 1588
1599080 1581
1599090 1573
1599100 1573
1599110 1565
1599120 1558
1599130 1558
1599140 1551
1599150 1543
1599160 1543
1599170 1535
1599180 1527
1599190 1521
1599200 1522
1599210 1516
1599220 1510
1599230 1510
1599240 1505
1599250 1501
1599260 1501
1599270 1498
1599280 1496
1599290 1496
1599300 1495
1599310 1493
1599320 1493
1599330 1491
1599340 1490
1599350 1490
1599360 1490
1599370 1489
1599380 1489
1599390 1488
1599400 1488
1599410 1488
1599420 1489
1599430 1491
1599440 1491
1599450 1492
1599460 1493
1599470 1493
1599480 1493
1599490 1494
1599500 1494
1599510 1494
1599520 1494
1599530 1493
1599540 1493
1599550 1491
1599560 1489
1599570 1489
1599580 1486
1599590 1483
1599600 1483
1599610 1478
1599620 1473
1599630 1473
1599640 1468
1599650 1465
1599660 1465
1599670 1465
1599680 1465
1599690 1465
1599700 1464
1599710 1461
1599720 1461
1599730 1459
1599740 1457
1599750 1457
1599760 1457
1599770 1458
1599780 1458
1599790 1457
1599800 1454
1599810 1454
1599820 1450
1599830 1447
1599840 1447
1599850 1444
1599860 1439
1599870 1439
1599880 1435
1599890 1439
1599900 1442
1599910 1442
1599920 1445
1599930 1450
1599940 1450
1599950 1452
1599960 1452
1599970 1452
1599980 1454
1599990 1456
