1580000 819
1580010 815
1580020 811
1580030 811
1580040 807
1580050 806
1580060 806
1580070 804
1580080 795
1580090 788
1580100 788
1580110 782
1580120 775
1580130 775
1580140 772
1580150 770
1580160 770
1580170 767
1580180 765
1580190 765
1580200 763
1580210 761
1580220 761
1580230 759
1580240 757
1580250 757
1580260 755
1580270 752
1580280 752
1580290 750
1580300 749
1580310 749
1580320 748
1580330 747
1580340 747
1580350 745
1580360 743
1580370 743
1580380 742
1580390 740
1580400 740
1580410 739
1580420 738
1580430 738
1580440 737
1580450 736
1580460 733
1580470 733
1580480 733
1580490 731
1580500 731
1580510 729
1580520 728
1580530 728
1580540 727
1580550 726
1580560 726
1580570 725
1580580 724
1580590 725
1580600 724
1580610 723
1580620 723
1580630 722
1580640 720
1580650 720
1580660 719
1580670 718
1580680 718
1580690 717
1580700 716
1580710 716
1580720 714
1580730 712
1580740 712
1580750 711
1580760 710
1580770 710
1580780 709
1580790 707
1580800 707
1580810 707
1580820 706
1580830 706
1580840 706
1580850 704
1580860 703
1580870 703
1580880 702
1580890 700
1580900 700
1580910 699
1580920 697
1580930 697
1580940 696
1580950 697
1580960 697
1580970 697
1580980 696
1580990 696
1581000 695
1581010 694
1581020 694
1581030 692
1581040 692
1581050 692
1581060 691
1581070 690
1581080 690
1581090 688
1581100 687
1581110 687
1581120 686
1581130 685
1581140 685
1581150 682
1581160 681
1581170 681
1581180 679
1581190 678
1581200 678
1581210 680
1581220 680
1581230 680
1581240 680
1581250 680
1581260 680
1581270 680
1581280 680
1581290 681
1581300 681
1581310 683
1581320 687
1581330 687
1581340 694
1581350 700
1581360 700
1581370 705
1581380 711
1581390 711
1581400 714
1581410 717
1581420 717
1581430 719
1581440 722
1581450 722
1581460 725
1581470 728
1581480 728
1581490 730
1581500 733
1581510 733
1581520 737
1581530 739
1581540 739
1581550 742
1581560 745
1581570 745
1581580 749
1581590 753
1581600 757
1581610 757
1581620 760
1581630 764
1581640 764
1581650 769
1581660 774
1581670 774
1581680 779
1581690 783
1581700 783
1581710 788
1581720 793
1581730 793
1581740 798
1581750 803
1581760 803
1581770 809
1581780 815
1581790 815
1581800 819
1581810 826
1581820 826
1581830 831
1581840 836
1581850 836
1581860 840
1581870 845
1581880 845
1581890 849
1581900 854
1581910 854
1581920 855
1581930 858
1581940 858
1581950 863
1581960 867
1581970 870
1581980 870
1581990 874
1582000 880
1582010 880
1582020 887
1582030 892
1582040 892
1582050 898
1582060 903
1582070 903
1582080 909
1582090 914
1582100 914
1582110 920
1582120 925
1582130 925
1582140 928
1582150 931
1582160 931
1582170 936
1582180 941
1582190 941
1582200 946
1582210 952
1582220 952
1582230 956
1582240 962
1582250 962
1582260 969
1582270 975
1582280 975
1582290 981
1582300 986
1582310 986
1582320 991
1582330 995
1582340 995
1582350 998
1582360 1002
1582370 1004
1582380 1004
1582390 1006
1582400 1010
1582410 1010
1582420 1013
1582430 1017
1582440 1017
1582450 1021
1582460 1025
1582470 1025
1582480 1030
1582490 1037
1582500 1037
1582510 1042
1582520 1046
1582530 1046
1582540 1048
1582550 1051
1582560 1051
1582570 1054
1582580 1058
1582590 1058
1582600 1061
1582610 1063
1582620 1063
1582630 1067
1582640 1071
1582650 1071
1582660 1075
1582670 1080
1582680 1080
1582690 1084
1582700 1089
1582710 1089
1582720 1094
1582730 1099
1582740 1104
1582750 1104
1582760 1108
1582770 1112
1582780 1112
1582790 1116
1582800 1118
1582810 1118
1582820 1121
1582830 1125
1582840 1125
1582850 1129
1582860 1133
1582870 1133
1582880 1138
1582890 1143
1582900 1143
1582910 1147
1582920 1150
1582930 1150
1582940 1153
1582950 1156
1582960 1156
1582970 1159
1582980 1161
1582990 1161
1583000 1160
1583010 1150
1583020 1150
1583030 1142
1583040 1135
1583050 1135
1583060 1131
1583070 1128
1583080 1128
1583090 1124
1583100 1121
1583110 1118
1583120 1118
1583130 1116
1583140 1114
1583150 1114
1583160 1112
1583170 1109
1583180 1109
1583190 1106
1583200 1105
1583210 1105
1583220 1108
1583230 1105
1583240 1105
1583250 1102
1583260 1098
1583270 1098
1583280 1094
1583290 1090
1583300 1090
1583310 1090
1583320 1090
1583330 1090
1583340 1092
1583350 1092
1583360 1092
1583370 1093
1583380 1093
1583390 1093
1583400 1093
1583410 1093
1583420 1093
1583430 1094
1583440 1097
1583450 1097
1583460 1098
1583470 1099
1583480 1099
1583490 1098
1583500 1098
1583510 1099
1583520 1099
1583530 1099
1583540 1100
1583550 1100
1583560 1101
1583570 1102
1583580 1102
1583590 1103
1583600 1104
1583610 1104
1583620 1104
1583630 1105
1583640 1105
1583650 1105
1583660 1105
1583670 1105
1583680 1105
1583690 1104
1583700 1104
1583710 1104
1583720 1104
1583730 1104
1583740 1103
1583750 1103
1583760 1103
1583770 1103
1583780 1103
1583790 1103
1583800 1102
1583810 1102
1583820 1102
1583830 1101
1583840 1101
1583850 1101
1583860 1100
1583870 1099
1583880 1098
1583890 1098
1583900 1097
1583910 1096
1583920 1096
1583930 1096
1583940 1095
1583950 1095
1583960 1093
1583970 1092
1583980 1092
1583990 1092
1584000 1092
1584010 1092
1584020 1091
1584030 1090
1584040 1090
1584050 1089
1584060 1088
1584070 1088
1584080 1088
1584090 1088
1584100 1088
1584110 1087
1584120 1087
1584130 1087
1584140 1086
1584150 1085
1584160 1085
1584170 1084
1584180 1083
1584190 1083
1584200 1082
1584210 1082
1584220 1082
1584230 1081
1584240 1081
1584250 1080
1584260 1080
1584270 1080
1584280 1079
1584290 1079
1584300 1079
1584310 1078
1584320 1078
1584330 1077
1584340 1076
1584350 1076
1584360 1075
1584370 1073
1584380 1073
1584390 1071
1584400 1069
1584410 1069
1584420 1067
1584430 1065
1584440 1065
1584450 1062
1584460 1059
1584470 1059
1584480 1054
1584490 1051
1584500 1051
1584510 1045
1584520 1042
1584530 1042
1584540 1037
1584550 1033
1584560 1033
1584570 1030
1584580 1026
1584590 1026
1584600 1021
1584610 1015
1584620 1012
1584630 1012
1584640 1006
1584650 1000
1584660 1000
1584670 994
1584680 987
1584690 987
1584700 978
1584710 971
1584720 971
1584730 962
1584740 953
1584750 953
1584760 944
1584770 935
1584780 935
1584790 927
1584800 919
1584810 919
1584820 912
1584830 907
1584840 907
1584850 907
1584860 907
1584870 907
1584880 908
1584890 907
1584900 907
1584910 907
1584920 906
1584930 906
1584940 904
1584950 902
1584960 902
1584970 900
1584980 897
1584990 897
1585000 895
1585010 893
1585020 892
1585030 892
1585040 890
1585050 891
1585060 891
1585070 890
1585080 890
1585090 890
1585100 893
1585110 892
1585120 892
1585130 891
1585140 896
1585150 896
1585160 904
1585170 913
1585180 913
1585190 922
1585200 934
1585210 934
1585220 942
1585230 948
1585240 948
1585250 952
1585260 953
1585270 953
1585280 953
1585290 953
1585300 953
1585310 959
1585320 965
1585330 965
1585340 969
1585350 970
1585360 970
1585370 966
1585380 961
1585390 956
1585400 956
1585410 951
1585420 946
1585430 946
1585440 948
1585450 952
1585460 952
1585470 953
1585480 950
1585490 950
1585500 945
1585510 939
1585520 939
1585530 935
1585540 930
1585550 930
1585560 924
1585570 919
1585580 919
1585590 915
1585600 913
1585610 913
1585620 911
1585630 911
1585640 911
1585650 913
1585660 915
1585670 915
1585680 920
1585690 927
1585700 927
1585710 931
1585720 934
1585730 934
1585740 941
1585750 948
1585760 956
1585770 956
1585780 966
1585790 974
1585800 974
1585810 980
1585820 981
1585830 981
1585840 980
1585850 978
1585860 978
1585870 976
1585880 974
1585890 974
1585900 972
1585910 968
1585920 968
1585930 964
1585940 963
1585950 963
1585960 962
1585970 960
1585980 960
1585990 959
1586000 958
1586010 958
1586020 957
1586030 955
1586040 955
1586050 954
1586060 954
1586070 954
1586080 952
1586090 947
1586100 947
1586110 944
1586120 941
1586130 938
1586140 938
1586150 933
1586160 930
1586170 930
1586180 932
1586190 936
1586200 936
1586210 941
1586220 944
1586230 944
1586240 943
1586250 940
1586260 940
1586270 934
1586280 925
1586290 925
1586300 914
1586310 909
1586320 909
1586330 913
1586340 915
1586350 915
1586360 911
1586370 900
1586380 900
1586390 894
1586400 901
1586410 901
1586420 907
1586430 911
1586440 911
1586450 915
1586460 922
1586470 922
1586480 924
1586490 927
1586500 927
1586510 929
1586520 930
1586530 930
1586540 930
1586550 931
1586560 932
1586570 932
1586580 933
1586590 936
1586600 936
1586610 937
1586620 937
1586630 937
1586640 938
1586650 941
1586660 941
1586670 942
1586680 941
1586690 941
1586700 939
1586710 936
1586720 936
1586730 934
1586740 932
1586750 932
1586760 928
1586770 925
1586780 925
1586790 923
1586800 920
1586810 920
1586820 919
1586830 916
1586840 916
1586850 915
1586860 913
1586870 913
1586880 910
1586890 908
1586900 906
1586910 906
1586920 903
1586930 898
1586940 898
1586950 889
1586960 881
1586970 881
1586980 884
1586990 884
1587000 884
1587010 883
1587020 884
1587030 884
1587040 887
1587050 885
1587060 885
1587070 882
1587080 878
1587090 878
1587100 875
1587110 873
1587120 873
1587130 870
1587140 866
1587150 866
1587160 864
1587170 869
1587180 869
1587190 871
1587200 869
1587210 869
1587220 868
1587230 867
1587240 867
1587250 865
1587260 863
1587270 863
1587280 863
1587290 862
1587300 862
1587310 862
1587320 857
1587330 853
1587340 853
1587350 851
1587360 849
1587370 849
1587380 847
1587390 851
1587400 851
1587410 852
1587420 850
1587430 850
1587440 849
1587450 847
1587460 847
1587470 845
1587480 843
1587490 843
1587500 841
1587510 842
1587520 842
1587530 843
1587540 842
1587550 842
1587560 841
1587570 842
1587580 842
1587590 842
1587600 842
1587610 842
1587620 839
1587630 836
1587640 835
1587650 835
1587660 834
1587670 834
1587680 834
1587690 835
1587700 834
1587710 834
1587720 831
1587730 825
1587740 825
1587750 823
1587760 823
1587770 823
1587780 826
1587790 832
1587800 832
1587810 837
1587820 839
1587830 839
1587840 838
1587850 836
1587860 836
1587870 834
1587880 828
1587890 828
1587900 820
1587910 812
1587920 812
1587930 805
1587940 801
1587950 801
1587960 799
1587970 798
1587980 798
1587990 797
1588000 794
1588010 794
1588020 792
1588030 792
1588040 794
1588050 794
1588060 795
1588070 796
1588080 796
1588090 794
1588100 789
1588110 789
1588120 783
1588130 778
1588140 778
1588150 773
1588160 769
1588170 769
1588180 766
1588190 763
1588200 763
1588210 760
1588220 758
1588230 758
1588240 756
1588250 755
1588260 755
1588270 755
1588280 757
1588290 757
1588300 756
1588310 755
1588320 755
1588330 754
1588340 754
1588350 754
1588360 755
1588370 755
1588380 755
1588390 756
1588400 756
1588410 756
1588420 756
1588430 756
1588440 757
1588450 757
1588460 758
1588470 760
1588480 760
1588490 760
1588500 761
1588510 761
1588520 762
1588530 762
1588540 762
1588550 763
1588560 761
1588570 761
1588580 761
1588590 759
1588600 759
1588610 760
1588620 761
1588630 761
1588640 761
1588650 761
1588660 761
1588670 761
1588680 760
1588690 760
1588700 760
1588710 761
1588720 761
1588730 761
1588740 760
1588750 760
1588760 759
1588770 759
1588780 757
1588790 757
1588800 753
1588810 749
1588820 749
1588830 749
1588840 754
1588850 754
1588860 764
1588870 772
1588880 772
1588890 774
1588900 778
1588910 778
1588920 779
1588930 778
1588940 778
1588950 782
1588960 789
1588970 789
1588980 795
1588990 797
1589000 797
1589010 799
1589020 803
1589030 803
1589040 803
1589050 804
1589060 804
1589070 809
1589080 814
1589090 814
1589100 816
1589110 819
1589120 819
1589130 821
1589140 824
1589150 828
1589160 828
1589170 830
1589180 833
1589190 833
1589200 835
1589210 837
1589220 837
1589230 838
1589240 839
1589250 839
1589260 842
1589270 846
1589280 846
1589290 849
1589300 851
1589310 851
1589320 853
1589330 855
1589340 855
1589350 858
1589360 861
1589370 861
1589380 864
1589390 866
1589400 866
1589410 868
1589420 870
1589430 870
1589440 872
1589450 874
1589460 874
1589470 875
1589480 876
1589490 876
1589500 877
1589510 876
1589520 876
1589530 879
1589540 882
1589550 885
1589560 885
1589570 888
1589580 889
1589590 889
1589600 889
1589610 890
1589620 890
1589630 893
1589640 895
1589650 895
1589660 897
1589670 898
1589680 898
1589690 900
1589700 902
1589710 902
1589720 906
1589730 910
1589740 910
1589750 913
1589760 917
1589770 917
1589780 920
1589790 922
1589800 922
1589810 924
1589820 926
1589830 926
1589840 927
1589850 929
1589860 929
1589870 930
1589880 930
1589890 930
1589900 930
1589910 930
1589920 931
1589930 931
1589940 932
1589950 933
1589960 933
1589970 935
1589980 937
1589990 937
1590000 938
1590010 939
1590020 939
1590030 940
1590040 940
1590050 940
1590060 941
1590070 941
1590080 941
1590090 940
1590100 940
1590110 940
1590120 942
1590130 945
1590140 945
1590150 950
1590160 954
1590170 954
1590180 958
1590190 962
1590200 962
1590210 965
1590220 970
1590230 970
1590240 974
1590250 978
1590260 978
1590270 981
1590280 983
1590290 985
1590300 985
1590310 987
1590320 989
1590330 989
1590340 990
1590350 992
1590360 992
1590370 993
1590380 995
1590390 995
1590400 996
1590410 997
1590420 997
1590430 998
1590440 999
1590450 999
1590460 1000
1590470 1001
1590480 1001
1590490 1002
1590500 1002
1590510 1002
1590520 1001
1590530 999
1590540 999
1590550 996
1590560 993
1590570 993
1590580 991
1590590 993
1590600 993
1590610 995
1590620 996
1590630 996
1590640 994
1590650 1002
1590660 1002
1590670 1008
1590680 1012
1590690 1015
1590700 1015
1590710 1018
1590720 1020
1590730 1020
1590740 1022
1590750 1025
1590760 1025
1590770 1028
1590780 1031
1590790 1031
1590800 1034
1590810 1037
1590820 1037
1590830 1040
1590840 1042
1590850 1042
1590860 1045
1590870 1048
1590880 1048
1590890 1049
1590900 1052
1590910 1052
1590920 1053
1590930 1056
1590940 1056
1590950 1058
1590960 1059
1590970 1059
1590980 1060
1590990 1062
1591000 1062
1591010 1063
1591020 1065
1591030 1065
1591040 1067
1591050 1068
1591060 1069
1591070 1069
1591080 1071
1591090 1073
1591100 1073
1591110 1075
1591120 1076
1591130 1076
1591140 1078
1591150 1080
1591160 1080
1591170 1082
1591180 1084
1591190 1084
1591200 1086
1591210 1088
1591220 1088
1591230 1090
1591240 1091
1591250 1091
1591260 1093
1591270 1094
1591280 1094
1591290 1096
1591300 1098
1591310 1098
1591320 1101
1591330 1104
1591340 1104
1591350 1106
1591360 1108
1591370 1108
1591380 1111
1591390 1114
1591400 1114
1591410 1114
1591420 1114
1591430 1113
1591440 1113
1591450 1113
1591460 1112
1591470 1112
1591480 1112
1591490 1111
1591500 1111
1591510 1110
1591520 1109
1591530 1109
1591540 1108
1591550 1108
1591560 1108
1591570 1107
1591580 1107
1591590 1107
1591600 1108
1591610 1108
1591620 1108
1591630 1107
1591640 1106
1591650 1106
1591660 1104
1591670 1102
1591680 1102
1591690 1101
1591700 1101
1591710 1101
1591720 1100
1591730 1099
1591740 1099
1591750 1098
1591760 1098
1591770 1098
1591780 1097
1591790 1096
1591800 1095
1591810 1095
1591820 1093
1591830 1089
1591840 1089
1591850 1086
1591860 1083
1591870 1083
1591880 1081
1591890 1077
1591900 1077
1591910 1073
1591920 1073
1591930 1073
1591940 1070
1591950 1067
1591960 1067
1591970 1064
1591980 1061
1591990 1061
1592000 1058
1592010 1054
1592020 1054
1592030 1050
1592040 1048
1592050 1048
1592060 1045
1592070 1040
1592080 1040
1592090 1035
1592100 1032
1592110 1032
1592120 1027
1592130 1023
1592140 1023
1592150 1018
1592160 1014
1592170 1014
1592180 1010
1592190 1007
1592200 1004
1592210 1004
1592220 1001
1592230 997
1592240 997
1592250 993
1592260 989
1592270 989
1592280 985
1592290 980
1592300 980
1592310 976
1592320 971
1592330 971
1592340 966
1592350 961
1592360 961
1592370 956
1592380 951
1592390 951
1592400 947
1592410 941
1592420 941
1592430 937
1592440 933
1592450 933
1592460 929
1592470 924
1592480 924
1592490 919
1592500 914
1592510 914
1592520 908
1592530 903
1592540 903
1592550 898
1592560 893
1592570 889
1592580 889
1592590 885
1592600 882
1592610 882
1592620 879
1592630 874
1592640 874
1592650 875
1592660 876
1592670 876
1592680 877
1592690 879
1592700 879
1592710 882
1592720 884
1592730 884
1592740 884
1592750 884
1592760 884
1592770 883
1592780 882
1592790 882
1592800 881
1592810 880
1592820 880
1592830 880
1592840 878
1592850 878
1592860 877
1592870 876
1592880 876
1592890 876
1592900 876
1592910 876
1592920 875
1592930 874
1592940 873
1592950 873
1592960 872
1592970 869
1592980 869
1592990 864
1593000 858
1593010 858
1593020 853
1593030 852
1593040 852
1593050 853
1593060 852
1593070 852
1593080 851
1593090 852
1593100 852
1593110 860
1593120 865
1593130 865
1593140 870
1593150 874
1593160 874
1593170 878
1593180 883
1593190 883
1593200 887
1593210 891
1593220 891
1593230 895
1593240 898
1593250 898
1593260 899
1593270 899
1593280 899
1593290 897
1593300 893
1593310 888
1593320 888
1593330 883
1593340 878
1593350 878
1593360 873
1593370 872
1593380 872
1593390 870
1593400 867
1593410 867
1593420 866
1593430 865
1593440 865
1593450 863
1593460 861
1593470 861
1593480 859
1593490 857
1593500 857
1593510 853
1593520 850
1593530 850
1593540 848
1593550 846
1593560 846
1593570 844
1593580 841
1593590 841
1593600 837
1593610 833
1593620 833
1593630 833
1593640 830
1593650 830
1593660 828
1593670 826
1593680 826
1593690 823
1593700 821
1593710 818
1593720 818
1593730 813
1593740 807
1593750 807
1593760 801
1593770 796
1593780 796
1593790 792
1593800 791
1593810 791
1593820 789
1593830 788
1593840 788
1593850 786
1593860 786
1593870 786
1593880 782
1593890 782
1593900 782
1593910 782
1593920 783
1593930 783
1593940 785
1593950 785
1593960 785
1593970 782
1593980 780
1593990 780
1594000 776
1594010 772
1594020 772
1594030 770
1594040 765
1594050 765
1594060 761
1594070 759
1594080 754
1594090 754
1594100 752
1594110 747
1594120 747
1594130 742
1594140 739
1594150 739
1594160 737
1594170 736
1594180 736
1594190 734
1594200 731
1594210 731
1594220 729
1594230 727
1594240 727
1594250 725
1594260 723
1594270 723
1594280 723
1594290 723
1594300 723
1594310 725
1594320 727
1594330 727
1594340 729
1594350 732
1594360 732
1594370 734
1594380 737
1594390 737
1594400 738
1594410 740
1594420 740
1594430 739
1594440 739
1594450 737
1594460 737
1594470 734
1594480 731
1594490 731
1594500 728
1594510 725
1594520 725
1594530 723
1594540 720
1594550 720
1594560 718
1594570 714
1594580 714
1594590 710
1594600 702
1594610 702
1594620 701
1594630 701
1594640 701
1594650 699
1594660 696
1594670 696
1594680 692
1594690 688
1594700 688
1594710 685
1594720 682
1594730 682
1594740 677
1594750 673
1594760 673
1594770 672
1594780 673
1594790 673
1594800 673
1594810 673
1594820 673
1594830 673
1594840 671
1594850 669
1594860 669
1594870 666
1594880 663
1594890 663
1594900 660
1594910 657
1594920 657
1594930 655
1594940 653
1594950 653
1594960 653
1594970 653
1594980 653
1594990 654
1595000 655
1595010 655
1595020 655
1595030 656
1595040 656
1595050 657
1595060 657
1595070 657
1595080 658
1595090 659
1595100 659
1595110 659
1595120 660
1595130 660
1595140 660
1595150 660
1595160 660
1595170 661
1595180 661
1595190 661
1595200 661
1595210 661
1595220 662
1595230 662
1595240 662
1595250 662
1595260 662
1595270 662
1595280 663
1595290 663
1595300 662
1595310 662
1595320 662
1595330 663
1595340 663
1595350 663
1595360 662
1595370 661
1595380 661
1595390 661
1595400 660
1595410 660
1595420 659
1595430 658
1595440 660
1595450 659
1595460 659
1595470 659
1595480 658
1595490 657
1595500 657
1595510 656
1595520 656
1595530 656
1595540 656
1595550 656
1595560 656
1595570 655
1595580 654
1595590 654
1595600 654
1595610 654
1595620 653
1595630 653
1595640 653
1595650 653
1595660 653
1595670 653
1595680 651
1595690 651
1595700 650
1595710 649
1595720 649
1595730 649
1595740 648
1595750 648
1595760 646
1595770 646
1595780 646
1595790 645
1595800 644
1595810 644
1595820 644
1595830 643
1595840 643
1595850 640
1595860 639
1595870 639
1595880 638
1595890 638
1595900 638
1595910 637
1595920 635
1595930 635
1595940 634
1595950 633
1595960 632
1595970 632
1595980 631
1595990 630
1596000 630
1596010 628
1596020 628
1596030 628
1596040 628
1596050 628
1596060 628
1596070 628
1596080 627
1596090 627
1596100 628
1596110 628
1596120 628
1596130 628
1596140 628
1596150 628
1596160 628
1596170 629
1596180 629
1596190 629
1596200 629
1596210 629
1596220 629
1596230 629
1596240 629
1596250 629
1596260 630
1596270 630
1596280 630
1596290 630
1596300 630
1596310 630
1596320 630
1596330 630
1596340 630
1596350 631
1596360 631
1596370 631
1596380 631
1596390 631
1596400 631
1596410 631
1596420 632
1596430 632
1596440 632
1596450 632
1596460 632
1596470 632
1596480 632
1596490 632
1596500 632
1596510 632
1596520 632
1596530 632
1596540 632
1596550 632
1596560 632
1596570 632
1596580 632
1596590 632
1596600 632
1596610 632
1596620 632
1596630 632
1596640 632
1596650 632
1596660 632
1596670 632
1596680 632
1596690 632
1596700 632
1596710 632
1596720 632
1596730 632
1596740 632
1596750 632
1596760 632
1596770 632
1596780 632
1596790 632
1596800 632
1596810 632
1596820 632
1596830 632
1596840 632
1596850 632
1596860 632
1596870 632
1596880 632
1596890 632
1596900 632
1596910 632
1596920 632
1596930 632
1596940 632
1596950 632
1596960 632
1596970 632
1596980 632
1596990 632
1597000 632
1597010 632
1597020 632
1597030 632
1597040 632
1597050 632
1597060 632
1597070 632
1597080 632
1597090 632
1597100 632
1597110 632
1597120 632
1597130 632
1597140 632
1597150 632
1597160 632
1597170 632
1597180 632
1597190 632
1597200 632
1597210 632
1597220 632
1597230 632
1597240 632
1597250 632
1597260 632
1597270 632
1597280 632
1597290 632
1597300 632
1597310 632
1597320 632
1597330 632
1597340 632
1597350 632
1597360 632
1597370 632
1597380 632
1597390 632
1597400 632
1597410 632
1597420 632
1597430 632
1597440 632
1597450 632
1597460 632
1597470 632
1597480 632
1597490 632
1597500 632
1597510 632
1597520 632
1597530 632
1597540 632
1597550 632
1597560 632
1597570 632
1597580 632
1597590 632
1597600 632
1597610 632
1597620 632
1597630 632
1597640 632
1597650 632
1597660 632
1597670 632
1597680 632
1597690 632
1597700 632
1597710 632
1597720 632
1597730 632
1597740 631
1597750 631
1597760 631
1597770 631
1597780 631
1597790 630
1597800 630
1597810 630
1597820 630
1597830 630
1597840 630
1597850 630
1597860 630
1597870 630
1597880 630
1597890 630
1597900 630
1597910 630
1597920 630
1597930 630
1597940 630
1597950 629
1597960 629
1597970 629
1597980 629
1597990 629
1598000 629
1598010 629
1598020 629
1598030 629
1598040 629
1598050 629
1598060 629
1598070 629
1598080 629
1598090 629
1598100 629
1598110 629
1598120 629
1598130 629
1598140 629
1598150 629
1598160 629
1598170 629
1598180 629
1598190 629
1598200 629
1598210 629
1598220 629
1598230 629
1598240 629
1598250 629
1598260 629
1598270 629
1598280 629
1598290 629
1598300 628
1598310 628
1598320 628
1598330 628
1598340 628
1598350 628
1598360 628
1598370 628
1598380 628
1598390 628
1598400 628
1598410 628
1598420 628
1598430 628
1598440 628
1598450 628
1598460 628
1598470 628
1598480 628
1598490 628
1598500 628
1598510 628
1598520 628
1598530 628
1598540 628
1598550 628
1598560 628
1598570 628
1598580 628
1598590 628
1598600 628
1598610 628
1598620 628
1598630 628
1598640 628
1598650 628
1598660 628
1598670 628
1598680 628
1598690 628
1598700 628
1598710 628
1598720 628
1598730 628
1598740 628
1598750 629
1598760 629
1598770 629
1598780 628
1598790 628
1598800 628
1598810 629
1598820 629
1598830 629
1598840 630
1598850 630
1598860 630
1598870 630
1598880 630
1598890 630
1598900 630
1598910 630
1598920 630
1598930 630
1598940 630
1598950 630
1598960 630
1598970 631
1598980 631
1598990 631
1599000 631
1599010 630
1599020 630
1599030 630
1599040 630
1599050 630
1599060 630
1599070 630
1599080 630
1599090 630
1599100 630
1599110 630
1599120 630
1599130 630
1599140 630
1599150 630
1599160 630
1599170 630
1599180 630
1599190 630
1599200 630
1599210 630
1599220 630
1599230 630
1599240 630
1599250 630
1599260 630
1599270 630
1599280 630
1599290 630
1599300 630
1599310 630
1599320 630
1599330 630
1599340 630
1599350 630
1599360 630
1599370 630
1599380 630
1599390 630
1599400 630
1599410 630
1599420 630
1599430 630
1599440 630
1599450 630
1599460 630
1599470 630
1599480 630
1599490 630
1599500 631
1599510 631
1599520 631
1599530 631
1599540 631
1599550 631
1599560 632
1599570 632
1599580 632
1599590 632
1599600 632
1599610 633
1599620 632
1599630 632
1599640 633
1599650 633
1599660 633
1599670 633
1599680 633
1599690 633
1599700 634
1599710 634
1599720 634
1599730 634
1599740 633
1599750 633
1599760 633
1599770 633
1599780 632
1599790 632
1599800 631
1599810 630
1599820 630
1599830 630
1599840 630
1599850 630
1599860 630
1599870 630
1599880 630
1599890 629
1599900 629
1599910 629
1599920 629
1599930 629
1599940 629
1599950 629
1599960 628
1599970 628
1599980 628
1599990 628
