1580000 1433
1580010 1424
1580020 1424
1580030 1416
1580040 1408
1580050 1401
1580060 1401
1580070 1394
1580080 1387
1580090 1392
1580100 1385
1580110 1385
1580120 1385
1580130 1390
1580140 1398
1580150 1398
1580160 1406
1580170 1412
1580180 1412
1580190 1418
1580200 1424
1580210 1424
1580220 1433
1580230 1438
1580240 1438
1580250 1428
1580260 1418
1580270 1418
1580280 1407
1580290 1395
1580300 1395
1580310 1390
1580320 1387
1580330 1387
1580340 1385
1580350 1380
1580360 1380
1580370 1371
1580380 1364
1580390 1364
1580400 1356
1580410 1349
1580420 1342
1580430 1342
1580440 1334
1580450 1323
1580460 1323
1580470 1311
1580480 1302
1580490 1302
1580500 1294
1580510 1286
1580520 1286
1580530 1278
1580540 1267
1580550 1267
1580560 1257
1580570 1246
1580580 1246
1580590 1238
1580600 1231
1580610 1231
1580620 1219
1580630 1197
1580640 1197
1580650 1183
1580660 1174
1580670 1174
1580680 1167
1580690 1147
1580700 1147
1580710 1056
1580720 1047
1580730 1047
1580740 1045
1580750 1040
1580760 1040
1580770 1034
1580780 1040
1580790 1040
1580800 1050
1580810 1053
1580820 1057
1580830 1057
1580840 1059
1580850 1057
1580860 1057
1580870 1054
1580880 1049
1580890 1049
1580900 1040
1580910 1030
1580920 1030
1580930 1017
1580940 982
1580950 982
1580960 994
1580970 989
1580980 989
1580990 975
1581000 963
1581010 963
1581020 953
1581030 945
1581040 945
1581050 941
1581060 941
1581070 941
1581080 938
1581090 935
1581100 935
1581110 930
1581120 926
1581130 926
1581140 923
1581150 923
1581160 923
1581170 923
1581180 924
1581190 924
1581200 925
1581210 926
1581220 926
1581230 926
1581240 926
1581250 927
1581260 927
1581270 927
1581280 930
1581290 930
1581300 933
1581310 935
1581320 935
1581330 936
1581340 937
1581350 937
1581360 937
1581370 935
1581380 935
1581390 936
1581400 941
1581410 941
1581420 951
1581430 958
1581440 958
1581450 962
1581460 965
1581470 965
1581480 966
1581490 968
1581500 968
1581510 971
1581520 974
1581530 974
1581540 980
1581550 993
1581560 993
1581570 1004
1581580 1013
1581590 1022
1581600 1022
1581610 1027
1581620 1036
1581630 1036
1581640 1045
1581650 1057
1581660 1057
1581670 1066
1581680 1070
1581690 1070
1581700 1084
1581710 1087
1581720 1087
1581730 1083
1581740 1075
1581750 1075
1581760 1067
1581770 1065
1581780 1065
1581790 1053
1581800 1044
1581810 1044
1581820 1049
1581830 1045
1581840 1045
1581850 1036
1581860 1032
1581870 1032
1581880 1027
1581890 1027
1581900 1027
1581910 1029
1581920 1029
1581930 1029
1581940 1029
1581950 1029
1581960 1029
1581970 1028
1581980 1020
1581990 1019
1582000 1019
1582010 1016
1582020 1016
1582030 1016
1582040 1022
1582050 1027
1582060 1027
1582070 1030
1582080 1038
1582090 1038
1582100 1046
1582110 1053
1582120 1053
1582130 1062
1582140 1070
1582150 1070
1582160 1075
1582170 1084
1582180 1084
1582190 1090
1582200 1097
1582210 1097
1582220 1104
1582230 1110
1582240 1110
1582250 1109
1582260 1109
1582270 1109
1582280 1109
1582290 1108
1582300 1108
1582310 1108
1582320 1108
1582330 1108
1582340 1108
1582350 1108
1582360 1108
1582370 1109
1582380 1111
1582390 1114
1582400 1114
1582410 1117
1582420 1120
1582430 1120
1582440 1124
1582450 1127
1582460 1127
1582470 1130
1582480 1132
1582490 1132
1582500 1135
1582510 1138
1582520 1138
1582530 1141
1582540 1142
1582550 1142
1582560 1142
1582570 1143
1582580 1143
1582590 1144
1582600 1147
1582610 1147
1582620 1150
1582630 1153
1582640 1153
1582650 1156
1582660 1155
1582670 1155
1582680 1152
1582690 1153
1582700 1153
1582710 1155
1582720 1156
1582730 1156
1582740 1161
1582750 1159
1582760 1159
1582770 1159
1582780 1157
1582790 1156
1582800 1156
1582810 1155
1582820 1154
1582830 1154
1582840 1153
1582850 1153
1582860 1153
1582870 1154
1582880 1158
1582890 1158
1582900 1162
1582910 1165
1582920 1165
1582930 1165
1582940 1163
1582950 1163
1582960 1163
1582970 1163
1582980 1163
1582990 1162
1583000 1164
1583010 1164
1583020 1167
1583030 1170
1583040 1170
1583050 1173
1583060 1174
1583070 1174
1583080 1175
1583090 1178
1583100 1178
1583110 1182
1583120 1185
1583130 1185
1583140 1188
1583150 1191
1583160 1194
1583170 1194
1583180 1196
1583190 1199
1583200 1199
1583210 1202
1583220 1205
1583230 1205
1583240 1208
1583250 1211
1583260 1211
1583270 1213
1583280 1216
1583290 1216
1583300 1220
1583310 1224
1583320 1224
1583330 1227
1583340 1230
1583350 1230
1583360 1234
1583370 1238
1583380 1238
1583390 1243
1583400 1249
1583410 1249
1583420 1253
1583430 1258
1583440 1258
1583450 1262
1583460 1266
1583470 1266
1583480 1269
1583490 1272
1583500 1272
1583510 1275
1583520 1279
1583530 1282
1583540 1282
1583550 1286
1583560 1290
1583570 1290
1583580 1293
1583590 1297
1583600 1297
1583610 1300
1583620 1303
1583630 1303
1583640 1308
1583650 1310
1583660 1310
1583670 1310
1583680 1308
1583690 1308
1583700 1307
1583710 1305
1583720 1305
1583730 1303
1583740 1300
1583750 1300
1583760 1295
1583770 1290
1583780 1290
1583790 1287
1583800 1287
1583810 1287
1583820 1287
1583830 1287
1583840 1287
1583850 1288
1583860 1289
1583870 1289
1583880 1285
1583890 1284
1583900 1284
1583910 1284
1583920 1283
1583930 1283
1583940 1283
1583950 1282
1583960 1282
1583970 1282
1583980 1282
1583990 1281
1584000 1281
1584010 1281
1584020 1281
1584030 1284
1584040 1282
1584050 1279
1584060 1279
1584070 1275
1584080 1273
1584090 1273
1584100 1273
1584110 1273
1584120 1273
1584130 1272
1584140 1273
1584150 1273
1584160 1274
1584170 1275
1584180 1275
1584190 1276
1584200 1276
1584210 1276
1584220 1277
1584230 1277
1584240 1277
1584250 1277
1584260 1277
1584270 1277
1584280 1278
1584290 1277
1584300 1277
1584310 1276
1584320 1275
1584330 1274
1584340 1274
1584350 1274
1584360 1273
1584370 1273
1584380 1271
1584390 1269
1584400 1269
1584410 1266
1584420 1263
1584430 1263
1584440 1261
1584450 1260
1584460 1260
1584470 1259
1584480 1259
1584490 1259
1584500 1259
1584510 1258
1584520 1258
1584530 1258
1584540 1257
1584550 1257
1584560 1255
1584570 1253
1584580 1253
1584590 1251
1584600 1250
1584610 1250
1584620 1248
1584630 1245
1584640 1245
1584650 1243
1584660 1241
1584670 1241
1584680 1238
1584690 1236
1584700 1234
1584710 1234
1584720 1232
1584730 1232
1584740 1232
1584750 1231
1584760 1230
1584770 1230
1584780 1231
1584790 1231
1584800 1231
1584810 1232
1584820 1232
1584830 1232
1584840 1231
1584850 1231
1584860 1231
1584870 1231
1584880 1231
1584890 1231
1584900 1231
1584910 1231
1584920 1231
1584930 1231
1584940 1231
1584950 1231
1584960 1231
1584970 1232
1584980 1232
1584990 1231
1585000 1232
1585010 1232
1585020 1232
1585030 1232
1585040 1232
1585050 1234
1585060 1234
1585070 1234
1585080 1234
1585090 1234
1585100 1234
1585110 1234
1585120 1234
1585130 1234
1585140 1234
1585150 1235
1585160 1235
1585170 1235
1585180 1236
1585190 1237
1585200 1237
1585210 1238
1585220 1239
1585230 1239
1585240 1240
1585250 1240
1585260 1240
1585270 1241
1585280 1245
1585290 1245
1585300 1247
1585310 1251
1585320 1251
1585330 1253
1585340 1254
1585350 1254
1585360 1256
1585370 1256
1585380 1256
1585390 1257
1585400 1257
1585410 1257
1585420 1258
1585430 1258
1585440 1258
1585450 1258
1585460 1258
1585470 1257
1585480 1257
1585490 1257
1585500 1257
1585510 1257
1585520 1257
1585530 1257
1585540 1257
1585550 1257
1585560 1258
1585570 1258
1585580 1258
1585590 1259
1585600 1259
1585610 1260
1585620 1260
1585630 1260
1585640 1261
1585650 1261
1585660 1261
1585670 1261
1585680 1262
1585690 1262
1585700 1262
1585710 1263
1585720 1263
1585730 1263
1585740 1263
1585750 1263
1585760 1264
1585770 1264
1585780 1264
1585790 1265
1585800 1266
1585810 1266
1585820 1267
1585830 1268
1585840 1268
1585850 1268
1585860 1269
1585870 1270
1585880 1270
1585890 1271
1585900 1271
1585910 1271
1585920 1272
1585930 1273
1585940 1273
1585950 1274
1585960 1275
1585970 1275
1585980 1276
1585990 1276
1586000 1276
1586010 1277
1586020 1278
1586030 1278
1586040 1279
1586050 1279
1586060 1279
1586070 1280
1586080 1281
1586090 1281
1586100 1281
1586110 1282
1586120 1282
1586130 1283
1586140 1284
1586150 1284
1586160 1284
1586170 1283
1586180 1283
1586190 1280
1586200 1276
1586210 1276
1586220 1273
1586230 1270
1586240 1270
1586250 1267
1586260 1264
1586270 1262
1586280 1262
1586290 1260
1586300 1257
1586310 1257
1586320 1255
1586330 1253
1586340 1253
1586350 1251
1586360 1249
1586370 1249
1586380 1246
1586390 1242
1586400 1242
1586410 1236
1586420 1230
1586430 1230
1586440 1225
1586450 1223
1586460 1223
1586470 1223
1586480 1225
1586490 1225
1586500 1228
1586510 1230
1586520 1230
1586530 1232
1586540 1232
1586550 1232
1586560 1231
1586570 1232
1586580 1232
1586590 1230
1586600 1229
1586610 1229
1586620 1229
1586630 1228
1586640 1226
1586650 1226
1586660 1224
1586670 1221
1586680 1221
1586690 1219
1586700 1216
1586710 1216
1586720 1214
1586730 1212
1586740 1212
1586750 1211
1586760 1209
1586770 1209
1586780 1207
1586790 1205
1586800 1205
1586810 1203
1586820 1201
1586830 1201
1586840 1199
1586850 1197
1586860 1197
1586870 1196
1586880 1195
1586890 1195
1586900 1195
1586910 1195
1586920 1195
1586930 1194
1586940 1194
1586950 1194
1586960 1194
1586970 1193
1586980 1193
1586990 1193
1587000 1193
1587010 1193
1587020 1192
1587030 1192
1587040 1191
1587050 1191
1587060 1191
1587070 1192
1587080 1192
1587090 1192
1587100 1193
1587110 1193
1587120 1193
1587130 1193
1587140 1193
1587150 1193
1587160 1192
1587170 1192
1587180 1192
1587190 1191
1587200 1191
1587210 1191
1587220 1190
1587230 1190
1587240 1189
1587250 1188
1587260 1188
1587270 1187
1587280 1187
1587290 1187
1587300 1186
1587310 1185
1587320 1185
1587330 1184
1587340 1184
1587350 1184
1587360 1183
1587370 1180
1587380 1180
1587390 1179
1587400 1179
1587410 1177
1587420 1177
1587430 1176
1587440 1175
1587450 1175
1587460 1174
1587470 1173
1587480 1173
1587490 1173
1587500 1172
1587510 1172
1587520 1173
1587530 1174
1587540 1174
1587550 1174
1587560 1175
1587570 1175
1587580 1176
1587590 1176
1587600 1176
1587610 1177
1587620 1178
1587630 1178
1587640 1179
1587650 1180
1587660 1180
1587670 1181
1587680 1182
1587690 1182
1587700 1183
1587710 1184
1587720 1184
1587730 1185
1587740 1186
1587750 1186
1587760 1187
1587770 1188
1587780 1188
1587790 1189
1587800 1190
1587810 1191
1587820 1188
1587830 1189
1587840 1189
1587850 1189
1587860 1190
1587870 1191
1587880 1191
1587890 1192
1587900 1194
1587910 1194
1587920 1195
1587930 1195
1587940 1195
1587950 1196
1587960 1196
1587970 1196
1587980 1196
1587990 1196
1588000 1196
1588010 1196
1588020 1196
1588030 1196
1588040 1196
1588050 1196
1588060 1196
1588070 1197
1588080 1197
1588090 1197
1588100 1198
1588110 1198
1588120 1198
1588130 1200
1588140 1201
1588150 1201
1588160 1200
1588170 1198
1588180 1198
1588190 1198
1588200 1200
1588210 1204
1588220 1204
1588230 1209
1588240 1215
1588250 1215
1588260 1218
1588270 1218
1588280 1218
1588290 1217
1588300 1216
1588310 1216
1588320 1216
1588330 1216
1588340 1216
1588350 1215
1588360 1214
1588370 1214
1588380 1214
1588390 1213
1588400 1213
1588410 1212
1588420 1211
1588430 1211
1588440 1210
1588450 1209
1588460 1209
1588470 1208
1588480 1208
1588490 1208
1588500 1207
1588510 1206
1588520 1206
1588530 1205
1588540 1203
1588550 1203
1588560 1201
1588570 1200
1588580 1198
1588590 1198
1588600 1196
1588610 1194
1588620 1194
1588630 1193
1588640 1191
1588650 1191
1588660 1188
1588670 1187
1588680 1187
1588690 1185
1588700 1182
1588710 1182
1588720 1178
1588730 1175
1588740 1175
1588750 1173
1588760 1170
1588770 1170
1588780 1167
1588790 1163
1588800 1163
1588810 1159
1588820 1155
1588830 1155
1588840 1150
1588850 1144
1588860 1144
1588870 1138
1588880 1129
1588890 1129
1588900 1120
1588910 1113
1588920 1113
1588930 1107
1588940 1101
1588950 1101
1588960 1092
1588970 1085
1588980 1077
1588990 1077
1589000 1066
1589010 1057
1589020 1057
1589030 1045
1589040 1033
1589050 1036
1589060 1029
1589070 1022
1589080 1022
1589090 1014
1589100 1002
1589110 1002
1589120 992
1589130 983
1589140 983
1589150 973
1589160 965
1589170 965
1589180 960
1589190 953
1589200 953
1589210 950
1589220 945
1589230 945
1589240 941
1589250 935
1589260 935
1589270 930
1589280 923
1589290 923
1589300 917
1589310 910
1589320 910
1589330 904
1589340 899
1589350 899
1589360 893
1589370 886
1589380 880
1589390 880
1589400 875
1589410 870
1589420 870
1589430 865
1589440 860
1589450 860
1589460 855
1589470 851
1589480 851
1589490 847
1589500 844
1589510 844
1589520 841
1589530 838
1589540 838
1589550 835
1589560 831
1589570 831
1589580 828
1589590 825
1589600 825
1589610 822
1589620 818
1589630 818
1589640 816
1589650 814
1589660 814
1589670 813
1589680 812
1589690 812
1589700 812
1589710 812
1589720 812
1589730 811
1589740 811
1589750 811
1589760 811
1589770 811
1589780 811
1589790 811
1589800 812
1589810 813
1589820 813
1589830 813
1589840 813
1589850 813
1589860 810
1589870 810
1589880 810
1589890 811
1589900 811
1589910 811
1589920 810
1589930 811
1589940 811
1589950 811
1589960 812
1589970 812
1589980 812
1589990 812
1590000 812
1590010 812
1590020 812
1590030 812
1590040 813
1590050 812
1590060 812
1590070 812
1590080 812
1590090 812
1590100 813
1590110 813
1590120 813
1590130 813
1590140 813
1590150 813
1590160 813
1590170 814
1590180 815
1590190 815
1590200 815
1590210 815
1590220 815
1590230 816
1590240 816
1590250 816
1590260 816
1590270 817
1590280 817
1590290 817
1590300 817
1590310 817
1590320 818
1590330 818
1590340 818
1590350 818
1590360 818
1590370 818
1590380 819
1590390 819
1590400 819
1590410 819
1590420 819
1590430 819
1590440 819
1590450 820
1590460 820
1590470 820
1590480 820
1590490 820
1590500 821
1590510 821
1590520 821
1590530 821
1590540 822
1590550 823
1590560 823
1590570 824
1590580 826
1590590 826
1590600 828
1590610 831
1590620 831
1590630 833
1590640 835
1590650 835
1590660 838
1590670 840
1590680 840
1590690 843
1590700 850
1590710 850
1590720 856
1590730 861
1590740 861
1590750 865
1590760 869
1590770 869
1590780 871
1590790 874
1590800 874
1590810 876
1590820 878
1590830 878
1590840 879
1590850 881
1590860 881
1590870 884
1590880 887
1590890 887
1590900 891
1590910 895
1590920 900
1590930 900
1590940 906
1590950 913
1590960 913
1590970 920
1590980 927
1590990 927
1591000 935
1591010 941
1591020 941
1591030 947
1591040 953
1591050 953
1591060 956
1591070 962
1591080 962
1591090 968
1591100 974
1591110 974
1591120 980
1591130 986
1591140 986
1591150 993
1591160 1000
1591170 1000
1591180 1006
1591190 1013
1591200 1013
1591210 1018
1591220 1025
1591230 1025
1591240 1032
1591250 1038
1591260 1038
1591270 1043
1591280 1049
1591290 1049
1591300 1054
1591310 1061
1591320 1065
1591330 1065
1591340 1068
1591350 1072
1591360 1072
1591370 1078
1591380 1083
1591390 1083
1591400 1090
1591410 1095
1591420 1095
1591430 1101
1591440 1105
1591450 1105
1591460 1109
1591470 1110
1591480 1110
1591490 1116
1591500 1123
1591510 1123
1591520 1128
1591530 1134
1591540 1134
1591550 1139
1591560 1143
1591570 1143
1591580 1145
1591590 1144
1591600 1144
1591610 1142
1591620 1139
1591630 1139
1591640 1136
1591650 1133
1591660 1133
1591670 1128
1591680 1123
1591690 1118
1591700 1118
1591710 1114
1591720 1109
1591730 1109
1591740 1106
1591750 1102
1591760 1102
1591770 1094
1591780 1084
1591790 1084
1591800 1076
1591810 1070
1591820 1070
1591830 1070
1591840 1076
1591850 1076
1591860 1084
1591870 1090
1591880 1090
1591890 1093
1591900 1097
1591910 1097
1591920 1100
1591930 1105
1591940 1105
1591950 1112
1591960 1118
1591970 1118
1591980 1124
1591990 1130
1592000 1130
1592010 1137
1592020 1143
1592030 1143
1592040 1150
1592050 1156
1592060 1156
1592070 1162
1592080 1168
1592090 1174
1592100 1174
1592110 1180
1592120 1185
1592130 1185
1592140 1191
1592150 1197
1592160 1197
1592170 1203
1592180 1209
1592190 1209
1592200 1214
1592210 1218
1592220 1218
1592230 1221
1592240 1224
1592250 1224
1592260 1227
1592270 1230
1592280 1230
1592290 1233
1592300 1237
1592310 1237
1592320 1240
1592330 1242
1592340 1242
1592350 1245
1592360 1248
1592370 1248
1592380 1253
1592390 1262
1592400 1262
1592410 1268
1592420 1274
1592430 1274
1592440 1282
1592450 1289
1592460 1289
1592470 1297
1592480 1305
1592490 1311
1592500 1311
1592510 1319
1592520 1326
1592530 1326
1592540 1333
1592550 1340
1592560 1340
1592570 1346
1592580 1350
1592590 1350
1592600 1351
1592610 1349
1592620 1349
1592630 1345
1592640 1340
1592650 1340
1592660 1334
1592670 1325
1592680 1325
1592690 1318
1592700 1311
1592710 1311
1592720 1304
1592730 1297
1592740 1297
1592750 1289
1592760 1282
1592770 1282
1592780 1279
1592790 1279
1592800 1279
1592810 1280
1592820 1282
1592830 1282
1592840 1281
1592850 1283
1592860 1282
1592870 1282
1592880 1288
1592890 1291
1592900 1291
1592910 1294
1592920 1295
1592930 1295
1592940 1294
1592950 1294
1592960 1294
1592970 1295
1592980 1297
1592990 1297
1593000 1297
1593010 1296
1593020 1296
1593030 1294
1593040 1291
1593050 1291
1593060 1287
1593070 1283
1593080 1283
1593090 1281
1593100 1283
1593110 1283
1593120 1284
1593130 1283
1593140 1283
1593150 1279
1593160 1272
1593170 1272
1593180 1264
1593190 1258
1593200 1258
1593210 1255
1593220 1254
1593230 1254
1593240 1253
1593250 1249
1593260 1244
1593270 1244
1593280 1238
1593290 1233
1593300 1233
1593310 1228
1593320 1225
1593330 1225
1593340 1223
1593350 1224
1593360 1224
1593370 1228
1593380 1233
1593390 1233
1593400 1237
1593410 1240
1593420 1240
1593430 1243
1593440 1245
1593450 1245
1593460 1246
1593470 1246
1593480 1246
1593490 1245
1593500 1242
1593510 1242
1593520 1240
1593530 1237
1593540 1237
1593550 1233
1593560 1229
1593570 1229
1593580 1225
1593590 1222
1593600 1222
1593610 1218
1593620 1214
1593630 1210
1593640 1210
1593650 1204
1593660 1198
1593670 1198
1593680 1191
1593690 1187
1593700 1187
1593710 1188
1593720 1189
1593730 1189
1593740 1193
1593750 1198
1593760 1198
1593770 1201
1593780 1203
1593790 1203
1593800 1204
1593810 1204
1593820 1204
1593830 1205
1593840 1202
1593850 1202
1593860 1204
1593870 1205
1593880 1205
1593890 1208
1593900 1213
1593910 1213
1593920 1218
1593930 1223
1593940 1223
1593950 1229
1593960 1234
1593970 1234
1593980 1240
1593990 1245
1594000 1245
1594010 1251
1594020 1256
1594030 1261
1594040 1261
1594050 1268
1594060 1274
1594070 1274
1594080 1280
1594090 1284
1594100 1284
1594110 1288
1594120 1293
1594130 1293
1594140 1298
1594150 1302
1594160 1302
1594170 1308
1594180 1313
1594190 1313
1594200 1318
1594210 1322
1594220 1322
1594230 1325
1594240 1328
1594250 1328
1594260 1329
1594270 1330
1594280 1330
1594290 1331
1594300 1332
1594310 1332
1594320 1332
1594330 1334
1594340 1334
1594350 1339
1594360 1342
1594370 1342
1594380 1345
1594390 1347
1594400 1347
1594410 1350
1594420 1352
1594430 1354
1594440 1354
1594450 1355
1594460 1357
1594470 1357
1594480 1358
1594490 1359
1594500 1359
1594510 1359
1594520 1359
1594530 1359
1594540 1362
1594550 1365
1594560 1365
1594570 1369
1594580 1372
1594590 1372
1594600 1375
1594610 1378
1594620 1378
1594630 1381
1594640 1384
1594650 1384
1594660 1386
1594670 1389
1594680 1389
1594690 1392
1594700 1395
1594710 1395
1594720 1398
1594730 1400
1594740 1400
1594750 1403
1594760 1405
1594770 1405
1594780 1407
1594790 1408
1594800 1408
1594810 1408
1594820 1408
1594830 1410
1594840 1410
1594850 1411
1594860 1413
1594870 1413
1594880 1415
1594890 1417
1594900 1417
1594910 1419
1594920 1420
1594930 1420
1594940 1421
1594950 1422
1594960 1422
1594970 1423
1594980 1424
1594990 1424
1595000 1424
1595010 1425
1595020 1425
1595030 1422
1595040 1415
1595050 1415
1595060 1408
1595070 1401
1595080 1401
1595090 1396
1595100 1390
1595110 1390
1595120 1385
1595130 1381
1595140 1381
1595150 1377
1595160 1374
1595170 1374
1595180 1371
1595190 1368
1595200 1366
1595210 1366
1595220 1364
1595230 1362
1595240 1362
1595250 1360
1595260 1358
1595270 1358
1595280 1356
1595290 1354
1595300 1354
1595310 1352
1595320 1350
1595330 1350
1595340 1348
1595350 1345
1595360 1345
1595370 1342
1595380 1340
1595390 1340
1595400 1335
1595410 1331
1595420 1331
1595430 1326
1595440 1322
1595450 1322
1595460 1318
1595470 1313
1595480 1313
1595490 1309
1595500 1304
1595510 1304
1595520 1299
1595530 1294
1595540 1294
1595550 1290
1595560 1285
1595570 1285
1595580 1280
1595590 1275
1595600 1269
1595610 1269
1595620 1264
1595630 1259
1595640 1259
1595650 1253
1595660 1248
1595670 1248
1595680 1242
1595690 1238
1595700 1238
1595710 1232
1595720 1227
1595730 1227
1595740 1222
1595750 1216
1595760 1216
1595770 1212
1595780 1207
1595790 1207
1595800 1202
1595810 1197
1595820 1197
1595830 1192
1595840 1188
1595850 1188
1595860 1184
1595870 1179
1595880 1179
1595890 1174
1595900 1169
1595910 1169
1595920 1165
1595930 1160
1595940 1160
1595950 1155
1595960 1150
1595970 1145
1595980 1145
1595990 1140
1596000 1135
1596010 1135
1596020 1131
1596030 1125
1596040 1125
1596050 1121
1596060 1116
1596070 1116
1596080 1111
1596090 1107
1596100 1107
1596110 1102
1596120 1098
1596130 1098
1596140 1093
1596150 1088
1596160 1088
1596170 1083
1596180 1080
1596190 1080
1596200 1076
1596210 1073
1596220 1073
1596230 1069
1596240 1066
1596250 1066
1596260 1064
1596270 1061
1596280 1061
1596290 1056
1596300 1049
1596310 1049
1596320 1044
1596330 1044
1596340 1044
1596350 1042
1596360 1038
1596370 1032
1596380 1032
1596390 1024
1596400 1016
1596410 1016
1596420 1015
1596430 1015
1596440 1015
1596450 1013
1596460 1009
1596470 1009
1596480 1004
1596490 998
1596500 998
1596510 992
1596520 985
1596530 985
1596540 977
1596550 967
1596560 967
1596570 956
1596580 951
1596590 951
1596600 951
1596610 948
1596620 948
1596630 942
1596640 936
1596650 936
1596660 929
1596670 923
1596680 923
1596690 919
1596700 912
1596710 912
1596720 904
1596730 896
1596740 893
1596750 893
1596760 894
1596770 894
1596780 894
1596790 894
1596800 896
1596810 896
1596820 900
1596830 904
1596840 904
1596850 906
1596860 909
1596870 909
1596880 911
1596890 912
1596900 912
1596910 914
1596920 914
1596930 914
1596940 916
1596950 916
1596960 916
1596970 916
1596980 917
1596990 917
1597000 917
1597010 918
1597020 918
1597030 919
1597040 919
1597050 919
1597060 918
1597070 917
1597080 917
1597090 915
1597100 910
1597110 910
1597120 905
1597130 903
1597140 907
1597150 907
1597160 906
1597170 906
1597180 906
1597190 908
1597200 915
1597210 915
1597220 919
1597230 920
1597240 920
1597250 921
1597260 921
1597270 921
1597280 926
1597290 931
1597300 931
1597310 942
1597320 945
1597330 945
1597340 948
1597350 951
1597360 951
1597370 955
1597380 958
1597390 958
1597400 961
1597410 963
1597420 963
1597430 961
1597440 957
1597450 957
1597460 951
1597470 945
1597480 945
1597490 938
1597500 930
1597510 930
1597520 922
1597530 916
1597540 910
1597550 910
1597560 907
1597570 910
1597580 910
1597590 914
1597600 918
1597610 918
1597620 920
1597630 922
1597640 922
1597650 924
1597660 926
1597670 926
1597680 927
1597690 931
1597700 931
1597710 937
1597720 941
1597730 941
1597740 946
1597750 950
1597760 950
1597770 954
1597780 955
1597790 955
1597800 955
1597810 954
1597820 954
1597830 955
1597840 955
1597850 955
1597860 955
1597870 954
1597880 954
1597890 953
1597900 952
1597910 952
1597920 952
1597930 951
1597940 950
1597950 950
1597960 950
1597970 949
1597980 949
1597990 949
1598000 950
1598010 950
1598020 950
1598030 949
1598040 949
1598050 947
1598060 946
1598070 946
1598080 945
1598090 945
1598100 945
1598110 943
1598120 942
1598130 942
1598140 941
1598150 939
1598160 939
1598170 937
1598180 935
1598190 935
1598200 932
1598210 930
1598220 930
1598230 926
1598240 924
1598250 924
1598260 920
1598270 917
1598280 917
1598290 914
1598300 910
1598310 905
1598320 905
1598330 902
1598340 898
1598350 898
1598360 894
1598370 891
1598380 891
1598390 887
1598400 883
1598410 883
1598420 879
1598430 876
1598440 875
1598450 870
1598460 865
1598470 865
1598480 860
1598490 855
1598500 855
1598510 851
1598520 846
1598530 846
1598540 842
1598550 838
1598560 838
1598570 833
1598580 828
1598590 828
1598600 822
1598610 819
1598620 819
1598630 815
1598640 813
1598650 813
1598660 812
1598670 811
1598680 811
1598690 810
1598700 809
1598710 808
1598720 808
1598730 807
1598740 806
1598750 806
1598760 805
1598770 805
1598780 805
1598790 804
1598800 803
1598810 803
1598820 801
1598830 798
1598840 798
1598850 793
1598860 785
1598870 785
1598880 781
1598890 776
1598900 776
1598910 771
1598920 765
1598930 765
1598940 759
1598950 753
1598960 753
1598970 748
1598980 742
1598990 742
1599000 734
1599010 726
1599020 726
1599030 717
1599040 711
1599050 711
1599060 710
1599070 704
1599080 701
1599090 701
1599100 700
1599110 701
1599120 701
1599130 703
1599140 713
1599150 713
1599160 723
1599170 737
1599180 737
1599190 749
1599200 758
1599210 758
1599220 765
1599230 776
1599240 776
1599250 784
1599260 789
1599270 789
1599280 794
1599290 800
1599300 800
1599310 807
1599320 812
1599330 812
1599340 817
1599350 824
1599360 824
1599370 829
1599380 833
1599390 833
1599400 837
1599410 842
1599420 842
1599430 846
1599440 851
1599450 851
1599460 857
1599470 862
1599480 866
1599490 866
1599500 871
1599510 876
1599520 876
1599530 882
1599540 887
1599550 887
1599560 897
1599570 903
1599580 903
1599590 909
1599600 915
1599610 915
1599620 921
1599630 927
1599640 927
1599650 933
1599660 939
1599670 939
1599680 944
1599690 948
1599700 948
1599710 953
1599720 957
1599730 957
1599740 961
1599750 964
1599760 964
1599770 966
1599780 969
1599790 969
1599800 971
1599810 972
1599820 972
1599830 975
1599840 978
1599850 978
1599860 981
1599870 985
1599880 989
1599890 989
1599900 992
1599910 994
1599920 994
1599930 997
1599940 999
1599950 999
1599960 1003
1599970 1006
1599980 1006
1599990 1010
