1580000 1687
1580010 1686
1580020 1686
1580030 1683
1580040 1684
1580050 1684
1580060 1682
1580070 1681
1580080 1681
1580090 1679
1580100 1678
1580110 1678
1580120 1678
1580130 1675
1580140 1675
1580150 1676
1580160 1678
1580170 1678
1580180 1676
1580190 1678
1580200 1678
1580210 1680
1580220 1681
1580230 1681
1580240 1684
1580250 1689
1580260 1692
1580270 1692
1580280 1693
1580290 1694
1580300 1694
1580310 1697
1580320 1693
1580330 1693
1580340 1684
1580350 1679
1580360 1679
1580370 1680
1580380 1685
1580390 1685
1580400 1689
1580410 1693
1580420 1693
1580430 1698
1580440 1700
1580450 1700
1580460 1699
1580470 1697
1580480 1697
1580490 1695
1580500 1692
1580510 1692
1580520 1692
1580530 1692
1580540 1692
1580550 1690
1580560 1688
1580570 1688
1580580 1688
1580590 1688
1580600 1688
1580610 1689
1580620 1687
1580630 1687
1580640 1687
1580650 1688
1580660 1687
1580670 1687
1580680 1685
1580690 1684
1580700 1684
1580710 1682
1580720 1683
1580730 1683
1580740 1682
1580750 1681
1580760 1681
1580770 1680
1580780 1680
1580790 1680
1580800 1683
1580810 1688
1580820 1688
1580830 1686
1580840 1683
1580850 1683
1580860 1684
1580870 1684
1580880 1684
1580890 1685
1580900 1685
1580910 1685
1580920 1689
1580930 1687
1580940 1687
1580950 1688
1580960 1692
1580970 1692
1580980 1695
1580990 1696
1581000 1696
1581010 1691
1581020 1691
1581030 1691
1581040 1691
1581050 1693
1581060 1697
1581070 1697
1581080 1698
1581090 1696
1581100 1696
1581110 1698
1581120 1696
1581130 1696
1581140 1692
1581150 1689
1581160 1689
1581170 1687
1581180 1684
1581190 1684
1581200 1683
1581210 1684
1581220 1684
1581230 1684
1581240 1685
1581250 1685
1581260 1685
1581270 1682
1581280 1682
1581290 1685
1581300 1688
1581310 1688
1581320 1686
1581330 1685
1581340 1685
1581350 1685
1581360 1692
1581370 1692
1581380 1699
1581390 1706
1581400 1706
1581410 1713
1581420 1717
1581430 1718
1581440 1718
1581450 1723
1581460 1726
1581470 1726
1581480 1728
1581490 1727
1581500 1727
1581510 1723
1581520 1720
1581530 1720
1581540 1722
1581550 1726
1581560 1726
1581570 1732
1581580 1740
1581590 1740
1581600 1748
1581610 1763
1581620 1763
1581630 1780
1581640 1796
1581650 1796
1581660 1816
1581670 1826
1581680 1826
1581690 1834
1581700 1840
1581710 1840
1581720 1850
1581730 1859
1581740 1859
1581750 1868
1581760 1875
1581770 1875
1581780 1883
1581790 1892
1581800 1892
1581810 1900
1581820 1908
1581830 1916
1581840 1916
1581850 1923
1581860 1925
1581870 1925
1581880 1926
1581890 1925
1581900 1925
1581910 1923
1581920 1922
1581930 1922
1581940 1920
1581950 1918
1581960 1918
1581970 1918
1581980 1918
1581990 1918
1582000 1919
1582010 1919
1582020 1919
1582030 1920
1582040 1922
1582050 1922
1582060 1923
1582070 1926
1582080 1926
1582090 1927
1582100 1929
1582110 1929
1582120 1930
1582130 1932
1582140 1932
1582150 1933
1582160 1934
1582170 1934
1582180 1934
1582190 1935
1582200 1935
1582210 1937
1582220 1938
1582230 1939
1582240 1939
1582250 1939
1582260 1940
1582270 1939
1582280 1941
1582290 1944
1582300 1944
1582310 1947
1582320 1950
1582330 1950
1582340 1953
1582350 1956
1582360 1956
1582370 1959
1582380 1963
1582390 1963
1582400 1967
1582410 1971
1582420 1971
1582430 1975
1582440 1979
1582450 1979
1582460 1983
1582470 1987
1582480 1987
1582490 1990
1582500 1995
1582510 1995
1582520 1999
1582530 2002
1582540 2002
1582550 2005
1582560 2008
1582570 2008
1582580 2012
1582590 2015
1582600 2015
1582610 2017
1582620 2019
1582630 2020
1582640 2020
1582650 2019
1582660 2019
1582670 2019
1582680 2019
1582690 2018
1582700 2018
1582710 2018
1582720 2017
1582730 2017
1582740 2016
1582750 2014
1582760 2014
1582770 2011
1582780 2007
1582790 2007
1582800 2002
1582810 1998
1582820 1998
1582830 1994
1582840 1993
1582850 1993
1582860 1990
1582870 1988
1582880 1988
1582890 1986
1582900 1983
1582910 1983
1582920 1982
1582930 1983
1582940 1983
1582950 1983
1582960 1984
1582970 1984
1582980 1982
1582990 1981
1583000 1981
1583010 1981
1583020 1979
1583030 1977
1583040 1977
1583050 1977
1583060 1974
1583070 1974
1583080 1977
1583090 1978
1583100 1978
1583110 1977
1583120 1978
1583130 1978
1583140 1977
1583150 1978
1583160 1978
1583170 1981
1583180 1984
1583190 1984
1583200 1985
1583210 1988
1583220 1988
1583230 1992
1583240 1995
1583250 1995
1583260 1996
1583270 1997
1583280 1997
1583290 1999
1583300 2000
1583310 2000
1583320 2002
1583330 2001
1583340 2001
1583350 2001
1583360 2001
1583370 2001
1583380 2000
1583390 1998
1583400 1996
1583410 1996
1583420 1995
1583430 1993
1583440 1993
1583450 1990
1583460 1988
1583470 1988
1583480 1984
1583490 1982
1583500 1982
1583510 1980
1583520 1980
1583530 1980
1583540 1980
1583550 1980
1583560 1980
1583570 1980
1583580 1979
1583590 1979
1583600 1977
1583610 1975
1583620 1975
1583630 1974
1583640 1974
1583650 1974
1583660 1978
1583670 1983
1583680 1983
1583690 1988
1583700 1992
1583710 1992
1583720 1997
1583730 2000
1583740 2000
1583750 2005
1583760 2009
1583770 2009
1583780 2013
1583790 2018
1583800 2020
1583810 2020
1583820 2024
1583830 2026
1583840 2026
1583850 2024
1583860 2022
1583870 2022
1583880 2023
1583890 2025
1583900 2025
1583910 2026
1583920 2030
1583930 2030
1583940 2034
1583950 2036
1583960 2036
1583970 2037
1583980 2037
1583990 2037
1584000 2037
1584010 2038
1584020 2038
1584030 2039
1584040 2038
1584050 2038
1584060 2031
1584070 2021
1584080 2021
1584090 2012
1584100 2003
1584110 2003
1584120 1992
1584130 1980
1584140 1980
1584150 1972
1584160 1966
1584170 1966
1584180 1961
1584190 1954
1584200 1946
1584210 1946
1584220 1939
1584230 1933
1584240 1933
1584250 1928
1584260 1922
1584270 1922
1584280 1919
1584290 1917
1584300 1917
1584310 1914
1584320 1912
1584330 1912
1584340 1911
1584350 1908
1584360 1908
1584370 1911
1584380 1908
1584390 1908
1584400 1903
1584410 1902
1584420 1902
1584430 1898
1584440 1891
1584450 1891
1584460 1889
1584470 1894
1584480 1894
1584490 1898
1584500 1897
1584510 1897
1584520 1892
1584530 1887
1584540 1887
1584550 1882
1584560 1879
1584570 1875
1584580 1875
1584590 1870
1584600 1862
1584610 1862
1584620 1859
1584630 1857
1584640 1857
1584650 1855
1584660 1853
1584670 1853
1584680 1849
1584690 1846
1584700 1846
1584710 1843
1584720 1843
1584730 1843
1584740 1842
1584750 1841
1584760 1841
1584770 1841
1584780 1839
1584790 1839
1584800 1837
1584810 1835
1584820 1835
1584830 1835
1584840 1832
1584850 1832
1584860 1835
1584870 1834
1584880 1834
1584890 1832
1584900 1829
1584910 1829
1584920 1825
1584930 1821
1584940 1821
1584950 1818
1584960 1815
1584970 1812
1584980 1812
1584990 1803
1585000 1806
1585010 1806
1585020 1804
1585030 1799
1585040 1799
1585050 1791
1585060 1785
1585070 1785
1585080 1781
1585090 1777
1585100 1777
1585110 1773
1585120 1768
1585130 1768
1585140 1762
1585150 1760
1585160 1760
1585170 1758
1585180 1754
1585190 1754
1585200 1752
1585210 1752
1585220 1752
1585230 1749
1585240 1741
1585250 1741
1585260 1732
1585270 1731
1585280 1731
1585290 1730
1585300 1733
1585310 1733
1585320 1729
1585330 1723
1585340 1723
1585350 1719
1585360 1715
1585370 1712
1585380 1712
1585390 1707
1585400 1701
1585410 1701
1585420 1694
1585430 1687
1585440 1687
1585450 1680
1585460 1673
1585470 1673
1585480 1666
1585490 1660
1585500 1660
1585510 1652
1585520 1648
1585530 1648
1585540 1643
1585550 1637
1585560 1637
1585570 1632
1585580 1624
1585590 1624
1585600 1613
1585610 1607
1585620 1607
1585630 1602
1585640 1596
1585650 1596
1585660 1589
1585670 1586
1585680 1586
1585690 1586
1585700 1585
1585710 1585
1585720 1582
1585730 1580
1585740 1580
1585750 1578
1585760 1577
1585770 1575
1585780 1575
1585790 1574
1585800 1572
1585810 1572
1585820 1571
1585830 1569
1585840 1569
1585850 1567
1585860 1566
1585870 1566
1585880 1565
1585890 1564
1585900 1564
1585910 1565
1585920 1568
1585930 1568
1585940 1570
1585950 1572
1585960 1572
1585970 1574
1585980 1575
1585990 1575
1586000 1575
1586010 1574
1586020 1574
1586030 1578
1586040 1583
1586050 1583
1586060 1589
1586070 1595
1586080 1595
1586090 1600
1586100 1603
1586110 1603
1586120 1606
1586130 1615
1586140 1615
1586150 1617
1586160 1615
1586170 1613
1586180 1613
1586190 1609
1586200 1604
1586210 1604
1586220 1600
1586230 1595
1586240 1595
1586250 1588
1586260 1580
1586270 1580
1586280 1574
1586290 1568
1586300 1568
1586310 1564
1586320 1561
1586330 1561
1586340 1558
1586350 1555
1586360 1555
1586370 1550
1586380 1551
1586390 1551
1586400 1555
1586410 1566
1586420 1566
1586430 1569
1586440 1573
1586450 1573
1586460 1572
1586470 1567
1586480 1567
1586490 1565
1586500 1564
1586510 1564
1586520 1563
1586530 1563
1586540 1562
1586550 1562
1586560 1566
1586570 1571
1586580 1571
1586590 1576
1586600 1583
1586610 1583
1586620 1591
1586630 1602
1586640 1602
1586650 1611
1586660 1620
1586670 1620
1586680 1627
1586690 1632
1586700 1632
1586710 1635
1586720 1637
1586730 1637
1586740 1639
1586750 1643
1586760 1643
1586770 1648
1586780 1654
1586790 1654
1586800 1660
1586810 1666
1586820 1666
1586830 1669
1586840 1671
1586850 1671
1586860 1672
1586870 1673
1586880 1673
1586890 1672
1586900 1671
1586910 1671
1586920 1669
1586930 1667
1586940 1665
1586950 1665
1586960 1664
1586970 1662
1586980 1662
1586990 1661
1587000 1659
1587010 1659
1587020 1657
1587030 1654
1587040 1654
1587050 1650
1587060 1646
1587070 1646
1587080 1642
1587090 1640
1587100 1640
1587110 1636
1587120 1631
1587130 1631
1587140 1626
1587150 1620
1587160 1620
1587170 1615
1587180 1611
1587190 1611
1587200 1606
1587210 1599
1587220 1599
1587230 1593
1587240 1587
1587250 1587
1587260 1581
1587270 1577
1587280 1577
1587290 1573
1587300 1568
1587310 1568
1587320 1561
1587330 1556
1587340 1550
1587350 1550
1587360 1544
1587370 1538
1587380 1540
1587390 1534
1587400 1527
1587410 1527
1587420 1521
1587430 1516
1587440 1516
1587450 1512
1587460 1507
1587470 1507
1587480 1502
1587490 1498
1587500 1498
1587510 1494
1587520 1491
1587530 1491
1587540 1487
1587550 1484
1587560 1484
1587570 1481
1587580 1477
1587590 1477
1587600 1474
1587610 1470
1587620 1470
1587630 1468
1587640 1467
1587650 1467
1587660 1465
1587670 1464
1587680 1464
1587690 1463
1587700 1462
1587710 1462
1587720 1461
1587730 1462
1587740 1462
1587750 1462
1587760 1463
1587770 1464
1587780 1464
1587790 1465
1587800 1465
1587810 1465
1587820 1464
1587830 1464
1587840 1464
1587850 1465
1587860 1466
1587870 1466
1587880 1468
1587890 1469
1587900 1469
1587910 1470
1587920 1471
1587930 1471
1587940 1472
1587950 1472
1587960 1472
1587970 1469
1587980 1466
1587990 1466
1588000 1461
1588010 1457
1588020 1457
1588030 1452
1588040 1447
1588050 1447
1588060 1442
1588070 1437
1588080 1437
1588090 1433
1588100 1430
1588110 1430
1588120 1428
1588130 1427
1588140 1427
1588150 1427
1588160 1424
1588170 1421
1588180 1421
1588190 1418
1588200 1415
1588210 1415
1588220 1412
1588230 1410
1588240 1410
1588250 1407
1588260 1406
1588270 1406
1588280 1405
1588290 1404
1588300 1404
1588310 1402
1588320 1400
1588330 1400
1588340 1397
1588350 1395
1588360 1395
1588370 1391
1588380 1388
1588390 1388
1588400 1384
1588410 1381
1588420 1381
1588430 1377
1588440 1373
1588450 1373
1588460 1369
1588470 1367
1588480 1367
1588490 1365
1588500 1364
1588510 1364
1588520 1364
1588530 1365
1588540 1367
1588550 1367
1588560 1368
1588570 1368
1588580 1368
1588590 1367
1588600 1366
1588610 1371
1588620 1370
1588630 1366
1588640 1366
1588650 1361
1588660 1357
1588670 1357
1588680 1353
1588690 1351
1588700 1351
1588710 1348
1588720 1344
1588730 1344
1588740 1339
1588750 1334
1588760 1334
1588770 1330
1588780 1325
1588790 1325
1588800 1319
1588810 1313
1588820 1313
1588830 1304
1588840 1295
1588850 1295
1588860 1289
1588870 1282
1588880 1282
1588890 1273
1588900 1265
1588910 1256
1588920 1256
1588930 1243
1588940 1232
1588950 1232
1588960 1223
1588970 1216
1588980 1216
1588990 1210
1589000 1203
1589010 1203
1589020 1195
1589030 1187
1589040 1187
1589050 1184
1589060 1177
1589070 1177
1589080 1172
1589090 1166
1589100 1166
1589110 1159
1589120 1153
1589130 1153
1589140 1147
1589150 1141
1589160 1141
1589170 1136
1589180 1131
1589190 1131
1589200 1127
1589210 1124
1589220 1124
1589230 1121
1589240 1118
1589250 1118
1589260 1115
1589270 1111
1589280 1111
1589290 1106
1589300 1100
1589310 1096
1589320 1096
1589330 1091
1589340 1088
1589350 1088
1589360 1085
1589370 1082
1589380 1082
1589390 1080
1589400 1076
1589410 1076
1589420 1073
1589430 1069
1589440 1069
1589450 1065
1589460 1061
1589470 1061
1589480 1056
1589490 1052
1589500 1052
1589510 1047
1589520 1043
1589530 1043
1589540 1040
1589550 1036
1589560 1036
1589570 1031
1589580 1027
1589590 1027
1589600 1022
1589610 1017
1589620 1017
1589630 1012
1589640 1007
1589650 1007
1589660 1002
1589670 996
1589680 996
1589690 991
1589700 987
1589710 983
1589720 983
1589730 978
1589740 974
1589750 974
1589760 968
1589770 965
1589780 965
1589790 961
1589800 956
1589810 956
1589820 952
1589830 947
1589840 947
1589850 943
1589860 938
1589870 938
1589880 934
1589890 926
1589900 926
1589910 921
1589920 917
1589930 917
1589940 911
1589950 904
1589960 904
1589970 901
1589980 898
1589990 898
1590000 896
1590010 894
1590020 894
1590030 892
1590040 890
1590050 890
1590060 888
1590070 885
1590080 885
1590090 881
1590100 878
1590110 875
1590120 875
1590130 870
1590140 864
1590150 864
1590160 864
1590170 869
1590180 869
1590190 876
1590200 881
1590210 881
1590220 884
1590230 887
1590240 887
1590250 888
1590260 888
1590270 888
1590280 889
1590290 892
1590300 892
1590310 897
1590320 901
1590330 901
1590340 904
1590350 908
1590360 908
1590370 911
1590380 913
1590390 913
1590400 912
1590410 911
1590420 911
1590430 911
1590440 910
1590450 910
1590460 909
1590470 908
1590480 908
1590490 906
1590500 905
1590510 903
1590520 903
1590530 901
1590540 900
1590550 900
1590560 899
1590570 898
1590580 898
1590590 897
1590600 897
1590610 897
1590620 897
1590630 897
1590640 897
1590650 896
1590660 897
1590670 897
1590680 898
1590690 899
1590700 899
1590710 900
1590720 901
1590730 901
1590740 902
1590750 903
1590760 903
1590770 903
1590780 903
1590790 903
1590800 903
1590810 903
1590820 903
1590830 902
1590840 902
1590850 902
1590860 902
1590870 902
1590880 902
1590890 902
1590900 902
1590910 902
1590920 902
1590930 903
1590940 904
1590950 904
1590960 905
1590970 907
1590980 907
1590990 909
1591000 909
1591010 909
1591020 909
1591030 909
1591040 909
1591050 910
1591060 912
1591070 912
1591080 915
1591090 918
1591100 918
1591110 920
1591120 922
1591130 922
1591140 924
1591150 927
1591160 927
1591170 930
1591180 933
1591190 933
1591200 935
1591210 938
1591220 938
1591230 939
1591240 941
1591250 941
1591260 944
1591270 946
1591280 949
1591290 949
1591300 953
1591310 957
1591320 957
1591330 961
1591340 965
1591350 965
1591360 968
1591370 970
1591380 970
1591390 972
1591400 973
1591410 973
1591420 974
1591430 976
1591440 976
1591450 979
1591460 983
1591470 983
1591480 987
1591490 990
1591500 990
1591510 993
1591520 994
1591530 994
1591540 994
1591550 994
1591560 994
1591570 995
1591580 997
1591590 997
1591600 999
1591610 1001
1591620 1001
1591630 1002
1591640 1004
1591650 1004
1591660 1005
1591670 1006
1591680 1006
1591690 1006
1591700 1007
1591710 1008
1591720 1008
1591730 1008
1591740 1009
1591750 1009
1591760 1009
1591770 1009
1591780 1009
1591790 1010
1591800 1011
1591810 1011
1591820 1014
1591830 1018
1591840 1018
1591850 1022
1591860 1024
1591870 1024
1591880 1026
1591890 1028
1591900 1028
1591910 1030
1591920 1032
1591930 1032
1591940 1032
1591950 1030
1591960 1030
1591970 1029
1591980 1027
1591990 1027
1592000 1022
1592010 1020
1592020 1020
1592030 1021
1592040 1022
1592050 1022
1592060 1021
1592070 1020
1592080 1019
1592090 1019
1592100 1017
1592110 1016
1592120 1016
1592130 1014
1592140 1012
1592150 1012
1592160 1010
1592170 1008
1592180 1008
1592190 1007
1592200 1006
1592210 1006
1592220 1005
1592230 1005
1592240 1005
1592250 1008
1592260 1007
1592270 1007
1592280 1006
1592290 1006
1592300 1006
1592310 1005
1592320 1004
1592330 1004
1592340 1003
1592350 1001
1592360 1001
1592370 1000
1592380 999
1592390 999
1592400 1001
1592410 1003
1592420 1003
1592430 1004
1592440 1006
1592450 1006
1592460 1007
1592470 1008
1592480 1010
1592490 1010
1592500 1011
1592510 1012
1592520 1012
1592530 1014
1592540 1015
1592550 1015
1592560 1016
1592570 1017
1592580 1017
1592590 1018
1592600 1020
1592610 1020
1592620 1022
1592630 1023
1592640 1023
1592650 1025
1592660 1026
1592670 1026
1592680 1027
1592690 1028
1592700 1028
1592710 1030
1592720 1031
1592730 1031
1592740 1033
1592750 1034
1592760 1034
1592770 1037
1592780 1041
1592790 1041
1592800 1045
1592810 1050
1592820 1050
1592830 1055
1592840 1060
1592850 1065
1592860 1065
1592870 1070
1592880 1075
1592890 1075
1592900 1080
1592910 1085
1592920 1085
1592930 1089
1592940 1093
1592950 1093
1592960 1097
1592970 1101
1592980 1101
1592990 1105
1593000 1109
1593010 1109
1593020 1113
1593030 1118
1593040 1118
1593050 1121
1593060 1125
1593070 1125
1593080 1127
1593090 1129
1593100 1129
1593110 1129
1593120 1129
1593130 1129
1593140 1129
1593150 1129
1593160 1129
1593170 1129
1593180 1130
1593190 1130
1593200 1131
1593210 1131
1593220 1131
1593230 1133
1593240 1136
1593250 1138
1593260 1138
1593270 1141
1593280 1143
1593290 1143
1593300 1149
1593310 1155
1593320 1155
1593330 1162
1593340 1169
1593350 1169
1593360 1174
1593370 1178
1593380 1178
1593390 1182
1593400 1186
1593410 1186
1593420 1190
1593430 1192
1593440 1192
1593450 1195
1593460 1197
1593470 1197
1593480 1201
1593490 1204
1593500 1204
1593510 1207
1593520 1212
1593530 1212
1593540 1216
1593550 1220
1593560 1220
1593570 1223
1593580 1225
1593590 1225
1593600 1227
1593610 1229
1593620 1229
1593630 1232
1593640 1235
1593650 1238
1593660 1238
1593670 1241
1593680 1244
1593690 1244
1593700 1247
1593710 1250
1593720 1250
1593730 1253
1593740 1256
1593750 1256
1593760 1259
1593770 1262
1593780 1262
1593790 1265
1593800 1268
1593810 1268
1593820 1272
1593830 1274
1593840 1274
1593850 1277
1593860 1282
1593870 1282
1593880 1287
1593890 1291
1593900 1291
1593910 1294
1593920 1297
1593930 1297
1593940 1299
1593950 1299
1593960 1299
1593970 1299
1593980 1298
1593990 1298
1594000 1298
1594010 1298
1594020 1298
1594030 1299
1594040 1300
1594050 1303
1594060 1303
1594070 1306
1594080 1309
1594090 1309
1594100 1312
1594110 1314
1594120 1314
1594130 1316
1594140 1316
1594150 1316
1594160 1314
1594170 1313
1594180 1313
1594190 1313
1594200 1314
1594210 1314
1594220 1315
1594230 1316
1594240 1316
1594250 1317
1594260 1317
1594270 1317
1594280 1316
1594290 1314
1594300 1314
1594310 1311
1594320 1307
1594330 1307
1594340 1303
1594350 1299
1594360 1299
1594370 1293
1594380 1287
1594390 1287
1594400 1281
1594410 1276
1594420 1276
1594430 1270
1594440 1263
1594450 1254
1594460 1254
1594470 1245
1594480 1240
1594490 1240
1594500 1245
1594510 1253
1594520 1253
1594530 1253
1594540 1249
1594550 1249
1594560 1245
1594570 1243
1594580 1243
1594590 1244
1594600 1251
1594610 1251
1594620 1258
1594630 1265
1594640 1265
1594650 1272
1594660 1278
1594670 1278
1594680 1286
1594690 1295
1594700 1295
1594710 1302
1594720 1307
1594730 1307
1594740 1312
1594750 1317
1594760 1317
1594770 1323
1594780 1328
1594790 1328
1594800 1333
1594810 1338
1594820 1342
1594830 1342
1594840 1347
1594850 1351
1594860 1351
1594870 1355
1594880 1360
1594890 1360
1594900 1363
1594910 1365
1594920 1365
1594930 1366
1594940 1368
1594950 1368
1594960 1370
1594970 1373
1594980 1373
1594990 1376
1595000 1380
1595010 1380
1595020 1384
1595030 1388
1595040 1388
1595050 1392
1595060 1395
1595070 1395
1595080 1398
1595090 1401
1595100 1401
1595110 1404
1595120 1406
1595130 1406
1595140 1407
1595150 1407
1595160 1407
1595170 1407
1595180 1406
1595190 1406
1595200 1404
1595210 1402
1595220 1400
1595230 1400
1595240 1396
1595250 1393
1595260 1393
1595270 1388
1595280 1383
1595290 1383
1595300 1379
1595310 1374
1595320 1374
1595330 1370
1595340 1367
1595350 1367
1595360 1362
1595370 1364
1595380 1364
1595390 1366
1595400 1364
1595410 1364
1595420 1362
1595430 1359
1595440 1359
1595450 1356
1595460 1364
1595470 1364
1595480 1371
1595490 1375
1595500 1375
1595510 1378
1595520 1381
1595530 1381
1595540 1384
1595550 1386
1595560 1386
1595570 1389
1595580 1390
1595590 1390
1595600 1391
1595610 1391
1595620 1390
1595630 1390
1595640 1389
1595650 1388
1595660 1388
1595670 1389
1595680 1391
1595690 1391
1595700 1392
1595710 1393
1595720 1393
1595730 1394
1595740 1395
1595750 1395
1595760 1402
1595770 1400
1595780 1400
1595790 1397
1595800 1393
1595810 1393
1595820 1389
1595830 1387
1595840 1387
1595850 1383
1595860 1378
1595870 1378
1595880 1374
1595890 1370
1595900 1370
1595910 1366
1595920 1362
1595930 1362
1595940 1359
1595950 1357
1595960 1357
1595970 1354
1595980 1349
1595990 1349
1596000 1343
1596010 1335
1596020 1327
1596030 1327
1596040 1317
1596050 1303
1596060 1303
1596070 1293
1596080 1283
1596090 1283
1596100 1280
1596110 1285
1596120 1285
1596130 1289
1596140 1293
1596150 1293
1596160 1298
1596170 1302
1596180 1302
1596190 1304
1596200 1305
1596210 1305
1596220 1308
1596230 1311
1596240 1311
1596250 1315
1596260 1320
1596270 1320
1596280 1325
1596290 1330
1596300 1330
1596310 1335
1596320 1339
1596330 1339
1596340 1344
1596350 1346
1596360 1346
1596370 1349
1596380 1353
1596390 1353
1596400 1356
1596410 1357
1596420 1358
1596430 1358
1596440 1359
1596450 1359
1596460 1359
1596470 1360
1596480 1362
1596490 1362
1596500 1364
1596510 1364
1596520 1364
1596530 1365
1596540 1367
1596550 1367
1596560 1369
1596570 1371
1596580 1371
1596590 1373
1596600 1375
1596610 1375
1596620 1377
1596630 1380
1596640 1380
1596650 1383
1596660 1386
1596670 1386
1596680 1389
1596690 1392
1596700 1392
1596710 1394
1596720 1396
1596730 1396
1596740 1399
1596750 1402
1596760 1402
1596770 1406
1596780 1409
1596790 1409
1596800 1409
1596810 1409
1596820 1409
1596830 1409
1596840 1408
1596850 1406
1596860 1406
1596870 1404
1596880 1402
1596890 1402
1596900 1399
1596910 1395
1596920 1395
1596930 1390
1596940 1385
1596950 1385
1596960 1379
1596970 1374
1596980 1374
1596990 1369
1597000 1364
1597010 1364
1597020 1359
1597030 1353
1597040 1353
1597050 1348
1597060 1343
1597070 1343
1597080 1338
1597090 1332
1597100 1332
1597110 1328
1597120 1323
1597130 1323
1597140 1318
1597150 1313
1597160 1313
1597170 1308
1597180 1303
1597190 1298
1597200 1298
1597210 1293
1597220 1288
1597230 1288
1597240 1282
1597250 1277
1597260 1277
1597270 1273
1597280 1269
1597290 1269
1597300 1265
1597310 1261
1597320 1261
1597330 1258
1597340 1256
1597350 1256
1597360 1253
1597370 1250
1597380 1250
1597390 1248
1597400 1245
1597410 1245
1597420 1244
1597430 1241
1597440 1241
1597450 1240
1597460 1241
1597470 1241
1597480 1240
1597490 1238
1597500 1238
1597510 1234
1597520 1230
1597530 1230
1597540 1226
1597550 1222
1597560 1222
1597570 1217
1597580 1211
1597590 1206
1597600 1206
1597610 1200
1597620 1193
1597630 1193
1597640 1186
1597650 1181
1597660 1181
1597670 1177
1597680 1171
1597690 1171
1597700 1165
1597710 1161
1597720 1161
1597730 1157
1597740 1153
1597750 1153
1597760 1151
1597770 1148
1597780 1148
1597790 1145
1597800 1143
1597810 1143
1597820 1139
1597830 1135
1597840 1135
1597850 1136
1597860 1136
1597870 1136
1597880 1134
1597890 1133
1597900 1133
1597910 1131
1597920 1129
1597930 1129
1597940 1127
1597950 1125
1597960 1125
1597970 1123
1597980 1120
1597990 1118
1598000 1118
1598010 1116
1598020 1114
1598030 1114
1598040 1106
1598050 1103
1598060 1103
1598070 1101
1598080 1098
1598090 1098
1598100 1096
1598110 1094
1598120 1094
1598130 1092
1598140 1090
1598150 1090
1598160 1089
1598170 1087
1598180 1087
1598190 1086
1598200 1084
1598210 1084
1598220 1083
1598230 1082
1598240 1082
1598250 1082
1598260 1082
1598270 1082
1598280 1081
1598290 1081
1598300 1081
1598310 1081
1598320 1080
1598330 1080
1598340 1079
1598350 1081
1598360 1081
1598370 1081
1598380 1081
1598390 1082
1598400 1082
1598410 1082
1598420 1083
1598430 1083
1598440 1083
1598450 1084
1598460 1084
1598470 1085
1598480 1085
1598490 1085
1598500 1085
1598510 1086
1598520 1086
1598530 1086
1598540 1087
1598550 1087
1598560 1088
1598570 1089
1598580 1089
1598590 1090
1598600 1092
1598610 1092
1598620 1092
1598630 1093
1598640 1093
1598650 1092
1598660 1091
1598670 1091
1598680 1090
1598690 1087
1598700 1087
1598710 1083
1598720 1079
1598730 1079
1598740 1070
1598750 1063
1598760 1063
1598770 1057
1598780 1050
1598790 1044
1598800 1044
1598810 1037
1598820 1030
1598830 1030
1598840 1024
1598850 1017
1598860 1017
1598870 1010
1598880 1004
1598890 1004
1598900 999
1598910 993
1598920 993
1598930 987
1598940 980
1598950 980
1598960 975
1598970 969
1598980 969
1598990 962
1599000 958
1599010 958
1599020 952
1599030 947
1599040 947
1599050 942
1599060 936
1599070 936
1599080 931
1599090 925
1599100 925
1599110 920
1599120 915
1599130 915
1599140 910
1599150 904
1599160 907
1599170 902
1599180 897
1599190 891
1599200 891
1599210 886
1599220 882
1599230 882
1599240 877
1599250 874
1599260 874
1599270 870
1599280 866
1599290 866
1599300 864
1599310 860
1599320 860
1599330 857
1599340 852
1599350 852
1599360 848
1599370 843
1599380 843
1599390 838
1599400 832
1599410 832
1599420 827
1599430 823
1599440 823
1599450 820
1599460 817
1599470 817
1599480 814
1599490 807
1599500 807
1599510 800
1599520 797
1599530 797
1599540 797
1599550 795
1599560 791
1599570 791
1599580 788
1599590 790
1599600 790
1599610 793
1599620 798
1599630 798
1599640 804
1599650 813
1599660 813
1599670 821
1599680 826
1599690 826
1599700 828
1599710 832
1599720 832
1599730 837
1599740 844
1599750 844
1599760 853
1599770 864
1599780 864
1599790 878
1599800 890
1599810 890
1599820 899
1599830 906
1599840 906
1599850 915
1599860 923
1599870 923
1599880 932
1599890 941
1599900 941
1599910 950
1599920 959
1599930 959
1599940 968
1599950 977
1599960 986
1599970 986
1599980 994
1599990 1002
