1580000 1669
1580010 1669
1580020 1669
1580030 1667
1580040 1667
1580050 1667
1580060 1669
1580070 1670
1580080 1670
1580090 1670
1580100 1669
1580110 1669
1580120 1669
1580130 1670
1580140 1671
1580150 1671
1580160 1674
1580170 1676
1580180 1676
1580190 1677
1580200 1680
1580210 1680
1580220 1681
1580230 1679
1580240 1679
1580250 1678
1580260 1677
1580270 1677
1580280 1682
1580290 1680
1580300 1680
1580310 1685
1580320 1690
1580330 1690
1580340 1690
1580350 1688
1580360 1688
1580370 1694
1580380 1693
1580390 1693
1580400 1692
1580410 1694
1580420 1694
1580430 1694
1580440 1695
1580450 1695
1580460 1698
1580470 1699
1580480 1700
1580490 1700
1580500 1699
1580510 1698
1580520 1698
1580530 1696
1580540 1694
1580550 1694
1580560 1692
1580570 1691
1580580 1691
1580590 1690
1580600 1687
1580610 1687
1580620 1685
1580630 1683
1580640 1683
1580650 1683
1580660 1683
1580670 1683
1580680 1685
1580690 1686
1580700 1686
1580710 1686
1580720 1686
1580730 1686
1580740 1686
1580750 1686
1580760 1686
1580770 1685
1580780 1683
1580790 1683
1580800 1681
1580810 1678
1580820 1678
1580830 1675
1580840 1674
1580850 1674
1580860 1670
1580870 1667
1580880 1664
1580890 1664
1580900 1664
1580910 1663
1580920 1663
1580930 1665
1580940 1673
1580950 1673
1580960 1676
1580970 1673
1580980 1673
1580990 1672
1581000 1678
1581010 1678
1581020 1682
1581030 1681
1581040 1681
1581050 1686
1581060 1686
1581070 1686
1581080 1682
1581090 1678
1581100 1678
1581110 1673
1581120 1673
1581130 1673
1581140 1673
1581150 1675
1581160 1675
1581170 1678
1581180 1678
1581190 1678
1581200 1677
1581210 1674
1581220 1674
1581230 1666
1581240 1661
1581250 1661
1581260 1661
1581270 1664
1581280 1666
1581290 1666
1581300 1662
1581310 1658
1581320 1658
1581330 1657
1581340 1660
1581350 1660
1581360 1658
1581370 1651
1581380 1651
1581390 1649
1581400 1647
1581410 1647
1581420 1648
1581430 1650
1581440 1650
1581450 1652
1581460 1647
1581470 1647
1581480 1649
1581490 1656
1581500 1656
1581510 1659
1581520 1664
1581530 1664
1581540 1669
1581550 1675
1581560 1675
1581570 1681
1581580 1687
1581590 1687
1581600 1693
1581610 1721
1581620 1721
1581630 1753
1581640 1806
1581650 1806
1581660 1843
1581670 1855
1581680 1865
1581690 1865
1581700 1875
1581710 1883
1581720 1883
1581730 1891
1581740 1898
1581750 1898
1581760 1906
1581770 1913
1581780 1913
1581790 1919
1581800 1926
1581810 1926
1581820 1932
1581830 1936
1581840 1936
1581850 1940
1581860 1942
1581870 1942
1581880 1945
1581890 1947
1581900 1947
1581910 1950
1581920 1952
1581930 1952
1581940 1953
1581950 1953
1581960 1953
1581970 1951
1581980 1950
1581990 1950
1582000 1949
1582010 1946
1582020 1946
1582030 1944
1582040 1942
1582050 1940
1582060 1940
1582070 1923
1582080 1862
1582090 1862
1582100 1840
1582110 1835
1582120 1835
1582130 1829
1582140 1823
1582150 1823
1582160 1818
1582170 1824
1582180 1824
1582190 1831
1582200 1822
1582210 1822
1582220 1821
1582230 1824
1582240 1824
1582250 1823
1582260 1812
1582270 1812
1582280 1803
1582290 1789
1582300 1789
1582310 1772
1582320 1765
1582330 1765
1582340 1763
1582350 1764
1582360 1764
1582370 1769
1582380 1775
1582390 1775
1582400 1780
1582410 1783
1582420 1790
1582430 1793
1582440 1798
1582450 1811
1582460 1811
1582470 1844
1582480 1874
1582490 1874
1582500 1889
1582510 1916
1582520 1916
1582530 1956
1582540 1990
1582550 1990
1582560 2004
1582570 2003
1582580 2003
1582590 1990
1582600 1993
1582610 1993
1582620 1997
1582630 2002
1582640 2002
1582650 2009
1582660 2010
1582670 2010
1582680 2009
1582690 2007
1582700 2007
1582710 2006
1582720 2004
1582730 2004
1582740 2004
1582750 2002
1582760 2002
1582770 2001
1582780 2000
1582790 2000
1582800 2003
1582810 2004
1582820 2004
1582830 2004
1582840 2004
1582850 2003
1582860 2003
1582870 2000
1582880 1995
1582890 1995
1582900 1990
1582910 1986
1582920 1986
1582930 1982
1582940 1979
1582950 1979
1582960 1974
1582970 1970
1582980 1970
1582990 1968
1583000 1965
1583010 1965
1583020 1962
1583030 1960
1583040 1960
1583050 1958
1583060 1954
1583070 1954
1583080 1952
1583090 1951
1583100 1951
1583110 1951
1583120 1949
1583130 1949
1583140 1947
1583150 1945
1583160 1945
1583170 1941
1583180 1938
1583190 1938
1583200 1936
1583210 1936
1583220 1936
1583230 1935
1583240 1934
1583250 1933
1583260 1933
1583270 1929
1583280 1928
1583290 1928
1583300 1929
1583310 1926
1583320 1926
1583330 1921
1583340 1921
1583350 1921
1583360 1920
1583370 1915
1583380 1915
1583390 1911
1583400 1923
1583410 1923
1583420 1926
1583430 1930
1583440 1930
1583450 1931
1583460 1934
1583470 1934
1583480 1936
1583490 1942
1583500 1942
1583510 1942
1583520 1944
1583530 1944
1583540 1945
1583550 1945
1583560 1945
1583570 1945
1583580 1952
1583590 1952
1583600 1952
1583610 1947
1583620 1940
1583630 1940
1583640 1930
1583650 1922
1583660 1922
1583670 1909
1583680 1901
1583690 1901
1583700 1895
1583710 1891
1583720 1905
1583730 1902
1583740 1902
1583750 1902
1583760 1902
1583770 1902
1583780 1902
1583790 1900
1583800 1900
1583810 1900
1583820 1901
1583830 1905
1583840 1905
1583850 1906
1583860 1907
1583870 1907
1583880 1908
1583890 1907
1583900 1907
1583910 1909
1583920 1914
1583930 1914
1583940 1917
1583950 1919
1583960 1919
1583970 1920
1583980 1922
1583990 1922
1584000 1920
1584010 1916
1584020 1910
1584030 1910
1584040 1900
1584050 1892
1584060 1892
1584070 1886
1584080 1879
1584090 1879
1584100 1874
1584110 1871
1584120 1871
1584130 1871
1584140 1873
1584150 1873
1584160 1876
1584170 1877
1584180 1877
1584190 1871
1584200 1862
1584210 1862
1584220 1852
1584230 1844
1584240 1844
1584250 1836
1584260 1829
1584270 1829
1584280 1824
1584290 1821
1584300 1821
1584310 1818
1584320 1815
1584330 1815
1584340 1811
1584350 1807
1584360 1807
1584370 1803
1584380 1799
1584390 1799
1584400 1795
1584410 1791
1584420 1791
1584430 1791
1584440 1792
1584450 1793
1584460 1793
1584470 1797
1584480 1803
1584490 1803
1584500 1811
1584510 1818
1584520 1818
1584530 1830
1584540 1844
1584550 1844
1584560 1852
1584570 1861
1584580 1861
1584590 1874
1584600 1888
1584610 1888
1584620 1894
1584630 1899
1584640 1899
1584650 1895
1584660 1889
1584670 1889
1584680 1885
1584690 1882
1584700 1882
1584710 1878
1584720 1867
1584730 1867
1584740 1855
1584750 1846
1584760 1846
1584770 1818
1584780 1789
1584790 1789
1584800 1776
1584810 1772
1584820 1775
1584830 1775
1584840 1784
1584850 1802
1584860 1802
1584870 1796
1584880 1771
1584890 1771
1584900 1746
1584910 1735
1584920 1735
1584930 1733
1584940 1730
1584950 1730
1584960 1727
1584970 1721
1584980 1721
1584990 1710
1585000 1703
1585010 1710
1585020 1712
1585030 1724
1585040 1724
1585050 1736
1585060 1729
1585070 1729
1585080 1735
1585090 1730
1585100 1730
1585110 1730
1585120 1721
1585130 1721
1585140 1709
1585150 1690
1585160 1690
1585170 1676
1585180 1660
1585190 1660
1585200 1652
1585210 1647
1585220 1643
1585230 1643
1585240 1642
1585250 1638
1585260 1638
1585270 1637
1585280 1635
1585290 1635
1585300 1631
1585310 1627
1585320 1627
1585330 1623
1585340 1619
1585350 1619
1585360 1616
1585370 1613
1585380 1613
1585390 1612
1585400 1614
1585410 1614
1585420 1615
1585430 1615
1585440 1615
1585450 1616
1585460 1615
1585470 1615
1585480 1614
1585490 1609
1585500 1609
1585510 1602
1585520 1594
1585530 1594
1585540 1585
1585550 1578
1585560 1578
1585570 1571
1585580 1565
1585590 1559
1585600 1559
1585610 1555
1585620 1550
1585630 1550
1585640 1546
1585650 1541
1585660 1541
1585670 1536
1585680 1531
1585690 1531
1585700 1524
1585710 1520
1585720 1520
1585730 1516
1585740 1512
1585750 1512
1585760 1509
1585770 1508
1585780 1508
1585790 1508
1585800 1508
1585810 1508
1585820 1506
1585830 1502
1585840 1502
1585850 1498
1585860 1495
1585870 1495
1585880 1491
1585890 1489
1585900 1489
1585910 1490
1585920 1493
1585930 1493
1585940 1493
1585950 1493
1585960 1493
1585970 1494
1585980 1493
1585990 1492
1586000 1492
1586010 1494
1586020 1499
1586030 1499
1586040 1505
1586050 1508
1586060 1508
1586070 1510
1586080 1511
1586090 1511
1586100 1512
1586110 1514
1586120 1514
1586130 1516
1586140 1517
1586150 1517
1586160 1519
1586170 1521
1586180 1521
1586190 1522
1586200 1522
1586210 1522
1586220 1518
1586230 1512
1586240 1512
1586250 1504
1586260 1497
1586270 1505
1586280 1497
1586290 1491
1586300 1491
1586310 1488
1586320 1489
1586330 1489
1586340 1498
1586350 1497
1586360 1497
1586370 1496
1586380 1495
1586390 1495
1586400 1495
1586410 1495
1586420 1498
1586430 1498
1586440 1498
1586450 1500
1586460 1500
1586470 1503
1586480 1505
1586490 1505
1586500 1504
1586510 1505
1586520 1505
1586530 1507
1586540 1511
1586550 1511
1586560 1516
1586570 1521
1586580 1521
1586590 1528
1586600 1534
1586610 1534
1586620 1541
1586630 1548
1586640 1548
1586650 1557
1586660 1564
1586670 1564
1586680 1569
1586690 1576
1586700 1576
1586710 1583
1586720 1589
1586730 1589
1586740 1596
1586750 1608
1586760 1608
1586770 1617
1586780 1626
1586790 1635
1586800 1635
1586810 1645
1586820 1649
1586830 1649
1586840 1648
1586850 1645
1586860 1645
1586870 1643
1586880 1641
1586890 1641
1586900 1640
1586910 1638
1586920 1638
1586930 1634
1586940 1631
1586950 1631
1586960 1629
1586970 1626
1586980 1626
1586990 1624
1587000 1621
1587010 1621
1587020 1617
1587030 1613
1587040 1613
1587050 1609
1587060 1605
1587070 1605
1587080 1601
1587090 1598
1587100 1598
1587110 1595
1587120 1591
1587130 1591
1587140 1586
1587150 1581
1587160 1576
1587170 1576
1587180 1569
1587190 1566
1587200 1566
1587210 1561
1587220 1556
1587230 1556
1587240 1552
1587250 1546
1587260 1546
1587270 1540
1587280 1536
1587290 1536
1587300 1530
1587310 1526
1587320 1526
1587330 1522
1587340 1518
1587350 1518
1587360 1512
1587370 1507
1587380 1507
1587390 1502
1587400 1498
1587410 1498
1587420 1494
1587430 1490
1587440 1490
1587450 1486
1587460 1482
1587470 1482
1587480 1479
1587490 1476
1587500 1476
1587510 1473
1587520 1472
1587530 1472
1587540 1468
1587550 1464
1587560 1460
1587570 1460
1587580 1457
1587590 1454
1587600 1454
1587610 1452
1587620 1451
1587630 1451
1587640 1451
1587650 1452
1587660 1452
1587670 1454
1587680 1456
1587690 1456
1587700 1456
1587710 1457
1587720 1457
1587730 1458
1587740 1460
1587750 1460
1587760 1461
1587770 1460
1587780 1460
1587790 1460
1587800 1461
1587810 1461
1587820 1463
1587830 1464
1587840 1464
1587850 1464
1587860 1465
1587870 1465
1587880 1465
1587890 1464
1587900 1464
1587910 1463
1587920 1461
1587930 1461
1587940 1458
1587950 1455
1587960 1451
1587970 1451
1587980 1448
1587990 1444
1588000 1444
1588010 1440
1588020 1437
1588030 1437
1588040 1434
1588050 1432
1588060 1432
1588070 1429
1588080 1426
1588090 1426
1588100 1423
1588110 1421
1588120 1421
1588130 1417
1588140 1412
1588150 1412
1588160 1408
1588170 1404
1588180 1404
1588190 1400
1588200 1396
1588210 1396
1588220 1393
1588230 1390
1588240 1390
1588250 1384
1588260 1378
1588270 1378
1588280 1374
1588290 1368
1588300 1368
1588310 1363
1588320 1358
1588330 1358
1588340 1354
1588350 1351
1588360 1344
1588370 1344
1588380 1337
1588390 1328
1588400 1328
1588410 1325
1588420 1322
1588430 1322
1588440 1312
1588450 1304
1588460 1304
1588470 1302
1588480 1300
1588490 1300
1588500 1298
1588510 1300
1588520 1300
1588530 1299
1588540 1299
1588550 1299
1588560 1294
1588570 1283
1588580 1283
1588590 1271
1588600 1260
1588610 1260
1588620 1249
1588630 1236
1588640 1236
1588650 1224
1588660 1216
1588670 1216
1588680 1211
1588690 1204
1588700 1204
1588710 1196
1588720 1189
1588730 1189
1588740 1182
1588750 1176
1588760 1179
1588770 1179
1588780 1172
1588790 1166
1588800 1166
1588810 1160
1588820 1155
1588830 1155
1588840 1150
1588850 1145
1588860 1145
1588870 1140
1588880 1136
1588890 1136
1588900 1133
1588910 1130
1588920 1130
1588930 1126
1588940 1121
1588950 1121
1588960 1117
1588970 1114
1588980 1114
1588990 1110
1589000 1107
1589010 1107
1589020 1104
1589030 1102
1589040 1102
1589050 1099
1589060 1096
1589070 1096
1589080 1094
1589090 1091
1589100 1091
1589110 1089
1589120 1086
1589130 1084
1589140 1084
1589150 1082
1589160 1079
1589170 1079
1589180 1077
1589190 1075
1589200 1075
1589210 1073
1589220 1071
1589230 1071
1589240 1069
1589250 1067
1589260 1067
1589270 1065
1589280 1062
1589290 1062
1589300 1061
1589310 1058
1589320 1058
1589330 1055
1589340 1052
1589350 1052
1589360 1050
1589370 1047
1589380 1047
1589390 1044
1589400 1041
1589410 1041
1589420 1036
1589430 1030
1589440 1030
1589450 1023
1589460 1018
1589470 1018
1589480 1017
1589490 1015
1589500 1015
1589510 1010
1589520 1005
1589530 1000
1589540 1000
1589550 996
1589560 992
1589570 992
1589580 989
1589590 986
1589600 986
1589610 981
1589620 973
1589630 973
1589640 966
1589650 960
1589660 960
1589670 954
1589680 950
1589690 950
1589700 944
1589710 940
1589720 940
1589730 935
1589740 930
1589750 930
1589760 926
1589770 923
1589780 923
1589790 920
1589800 917
1589810 917
1589820 914
1589830 916
1589840 916
1589850 920
1589860 924
1589870 924
1589880 927
1589890 929
1589900 929
1589910 926
1589920 922
1589930 917
1589940 917
1589950 913
1589960 908
1589970 908
1589980 905
1589990 900
1590000 900
1590010 897
1590020 893
1590030 893
1590040 889
1590050 886
1590060 886
1590070 881
1590080 877
1590090 877
1590100 873
1590110 870
1590120 870
1590130 868
1590140 865
1590150 865
1590160 862
1590170 854
1590180 854
1590190 848
1590200 847
1590210 847
1590220 848
1590230 851
1590240 851
1590250 853
1590260 852
1590270 852
1590280 851
1590290 852
1590300 852
1590310 853
1590320 856
1590330 860
1590340 860
1590350 861
1590360 860
1590370 860
1590380 860
1590390 862
1590400 862
1590410 864
1590420 866
1590430 866
1590440 866
1590450 867
1590460 867
1590470 870
1590480 872
1590490 872
1590500 872
1590510 873
1590520 873
1590530 874
1590540 877
1590550 877
1590560 879
1590570 881
1590580 881
1590590 883
1590600 885
1590610 885
1590620 886
1590630 887
1590640 887
1590650 889
1590660 891
1590670 891
1590680 893
1590690 894
1590700 894
1590710 895
1590720 896
1590730 897
1590740 897
1590750 898
1590760 899
1590770 899
1590780 900
1590790 901
1590800 901
1590810 901
1590820 902
1590830 902
1590840 903
1590850 904
1590860 904
1590870 904
1590880 904
1590890 904
1590900 904
1590910 903
1590920 903
1590930 902
1590940 902
1590950 902
1590960 903
1590970 903
1590980 903
1590990 904
1591000 905
1591010 905
1591020 909
1591030 914
1591040 914
1591050 918
1591060 921
1591070 921
1591080 922
1591090 924
1591100 926
1591110 926
1591120 929
1591130 930
1591140 930
1591150 931
1591160 933
1591170 933
1591180 936
1591190 936
1591200 936
1591210 939
1591220 943
1591230 943
1591240 947
1591250 950
1591260 950
1591270 953
1591280 955
1591290 955
1591300 956
1591310 958
1591320 958
1591330 960
1591340 962
1591350 962
1591360 963
1591370 965
1591380 965
1591390 968
1591400 970
1591410 970
1591420 971
1591430 972
1591440 972
1591450 974
1591460 974
1591470 974
1591480 975
1591490 976
1591500 977
1591510 977
1591520 977
1591530 977
1591540 977
1591550 977
1591560 977
1591570 977
1591580 977
1591590 977
1591600 977
1591610 977
1591620 977
1591630 977
1591640 977
1591650 977
1591660 977
1591670 976
1591680 976
1591690 976
1591700 976
1591710 976
1591720 976
1591730 973
1591740 966
1591750 966
1591760 961
1591770 959
1591780 959
1591790 958
1591800 957
1591810 957
1591820 956
1591830 954
1591840 954
1591850 952
1591860 952
1591870 952
1591880 954
1591890 957
1591900 958
1591910 958
1591920 960
1591930 964
1591940 964
1591950 965
1591960 962
1591970 962
1591980 965
1591990 969
1592000 969
1592010 970
1592020 969
1592030 969
1592040 967
1592050 967
1592060 967
1592070 968
1592080 969
1592090 969
1592100 968
1592110 967
1592120 967
1592130 966
1592140 966
1592150 966
1592160 967
1592170 968
1592180 968
1592190 967
1592200 967
1592210 967
1592220 968
1592230 970
1592240 970
1592250 974
1592260 977
1592270 977
1592280 980
1592290 982
1592300 984
1592310 984
1592320 985
1592330 986
1592340 986
1592350 987
1592360 988
1592370 988
1592380 990
1592390 991
1592400 991
1592410 993
1592420 994
1592430 994
1592440 995
1592450 997
1592460 997
1592470 998
1592480 999
1592490 999
1592500 1000
1592510 1001
1592520 1001
1592530 1003
1592540 1004
1592550 1004
1592560 1005
1592570 1006
1592580 1006
1592590 1007
1592600 1008
1592610 1008
1592620 1009
1592630 1013
1592640 1013
1592650 1017
1592660 1023
1592670 1028
1592680 1028
1592690 1035
1592700 1041
1592710 1041
1592720 1047
1592730 1054
1592740 1054
1592750 1061
1592760 1067
1592770 1067
1592780 1074
1592790 1078
1592800 1078
1592810 1080
1592820 1083
1592830 1083
1592840 1088
1592850 1094
1592860 1094
1592870 1101
1592880 1108
1592890 1108
1592900 1115
1592910 1121
1592920 1121
1592930 1127
1592940 1132
1592950 1132
1592960 1137
1592970 1141
1592980 1141
1592990 1144
1593000 1148
1593010 1148
1593020 1150
1593030 1152
1593040 1152
1593050 1154
1593060 1156
1593070 1158
1593080 1158
1593090 1161
1593100 1164
1593110 1164
1593120 1168
1593130 1170
1593140 1170
1593150 1172
1593160 1174
1593170 1174
1593180 1176
1593190 1177
1593200 1177
1593210 1179
1593220 1183
1593230 1183
1593240 1185
1593250 1186
1593260 1186
1593270 1186
1593280 1187
1593290 1187
1593300 1187
1593310 1188
1593320 1188
1593330 1188
1593340 1188
1593350 1188
1593360 1188
1593370 1188
1593380 1188
1593390 1187
1593400 1187
1593410 1187
1593420 1186
1593430 1185
1593440 1185
1593450 1184
1593460 1182
1593470 1180
1593480 1180
1593490 1179
1593500 1178
1593510 1178
1593520 1177
1593530 1177
1593540 1177
1593550 1178
1593560 1180
1593570 1185
1593580 1188
1593590 1190
1593600 1190
1593610 1190
1593620 1191
1593630 1191
1593640 1191
1593650 1190
1593660 1190
1593670 1190
1593680 1189
1593690 1189
1593700 1188
1593710 1186
1593720 1186
1593730 1187
1593740 1189
1593750 1189
1593760 1192
1593770 1196
1593780 1196
1593790 1199
1593800 1202
1593810 1202
1593820 1205
1593830 1208
1593840 1208
1593850 1211
1593860 1213
1593870 1215
1593880 1215
1593890 1216
1593900 1216
1593910 1216
1593920 1216
1593930 1216
1593940 1216
1593950 1216
1593960 1215
1593970 1215
1593980 1213
1593990 1212
1594000 1212
1594010 1215
1594020 1218
1594030 1218
1594040 1221
1594050 1223
1594060 1223
1594070 1226
1594080 1227
1594090 1227
1594100 1228
1594110 1229
1594120 1229
1594130 1230
1594140 1230
1594150 1230
1594160 1230
1594170 1230
1594180 1230
1594190 1230
1594200 1230
1594210 1230
1594220 1230
1594230 1229
1594240 1229
1594250 1228
1594260 1228
1594270 1228
1594280 1228
1594290 1227
1594300 1226
1594310 1226
1594320 1223
1594330 1217
1594340 1217
1594350 1212
1594360 1207
1594370 1207
1594380 1204
1594390 1200
1594400 1200
1594410 1194
1594420 1193
1594430 1193
1594440 1197
1594450 1204
1594460 1204
1594470 1214
1594480 1223
1594490 1223
1594500 1229
1594510 1236
1594520 1236
1594530 1242
1594540 1246
1594550 1246
1594560 1250
1594570 1253
1594580 1253
1594590 1256
1594600 1260
1594610 1260
1594620 1264
1594630 1269
1594640 1273
1594650 1273
1594660 1278
1594670 1283
1594680 1283
1594690 1288
1594700 1293
1594710 1293
1594720 1298
1594730 1303
1594740 1305
1594750 1310
1594760 1315
1594770 1315
1594780 1320
1594790 1325
1594800 1325
1594810 1329
1594820 1335
1594830 1335
1594840 1340
1594850 1345
1594860 1345
1594870 1350
1594880 1354
1594890 1354
1594900 1359
1594910 1363
1594920 1363
1594930 1368
1594940 1372
1594950 1372
1594960 1376
1594970 1381
1594980 1381
1594990 1383
1595000 1385
1595010 1385
1595020 1388
1595030 1390
1595040 1390
1595050 1390
1595060 1389
1595070 1386
1595080 1386
1595090 1384
1595100 1381
1595110 1381
1595120 1379
1595130 1377
1595140 1377
1595150 1373
1595160 1369
1595170 1369
1595180 1364
1595190 1360
1595200 1360
1595210 1355
1595220 1351
1595230 1351
1595240 1346
1595250 1340
1595260 1340
1595270 1334
1595280 1332
1595290 1332
1595300 1329
1595310 1327
1595320 1327
1595330 1323
1595340 1317
1595350 1317
1595360 1310
1595370 1302
1595380 1302
1595390 1294
1595400 1295
1595410 1295
1595420 1303
1595430 1309
1595440 1312
1595450 1312
1595460 1313
1595470 1313
1595480 1313
1595490 1313
1595500 1313
1595510 1313
1595520 1313
1595530 1313
1595540 1313
1595550 1313
1595560 1312
1595570 1312
1595580 1314
1595590 1315
1595600 1315
1595610 1317
1595620 1318
1595630 1318
1595640 1318
1595650 1319
1595660 1319
1595670 1320
1595680 1320
1595690 1320
1595700 1320
1595710 1321
1595720 1321
1595730 1321
1595740 1321
1595750 1321
1595760 1322
1595770 1321
1595780 1321
1595790 1320
1595800 1318
1595810 1318
1595820 1317
1595830 1315
1595840 1313
1595850 1313
1595860 1311
1595870 1307
1595880 1307
1595890 1308
1595900 1304
1595910 1304
1595920 1298
1595930 1297
1595940 1297
1595950 1297
1595960 1295
1595970 1295
1595980 1293
1595990 1289
1596000 1289
1596010 1286
1596020 1284
1596030 1284
1596040 1282
1596050 1279
1596060 1279
1596070 1275
1596080 1265
1596090 1265
1596100 1257
1596110 1248
1596120 1248
1596130 1239
1596140 1231
1596150 1231
1596160 1227
1596170 1230
1596180 1230
1596190 1238
1596200 1245
1596210 1245
1596220 1248
1596230 1246
1596240 1241
1596250 1241
1596260 1241
1596270 1244
1596280 1244
1596290 1247
1596300 1253
1596310 1253
1596320 1260
1596330 1268
1596340 1268
1596350 1276
1596360 1285
1596370 1285
1596380 1289
1596390 1291
1596400 1291
1596410 1292
1596420 1294
1596430 1294
1596440 1296
1596450 1297
1596460 1297
1596470 1299
1596480 1301
1596490 1301
1596500 1303
1596510 1306
1596520 1306
1596530 1307
1596540 1308
1596550 1308
1596560 1313
1596570 1316
1596580 1316
1596590 1322
1596600 1329
1596610 1335
1596620 1335
1596630 1340
1596640 1345
1596650 1345
1596660 1350
1596670 1354
1596680 1354
1596690 1359
1596700 1362
1596710 1362
1596720 1366
1596730 1369
1596740 1369
1596750 1371
1596760 1372
1596770 1372
1596780 1373
1596790 1373
1596800 1373
1596810 1371
1596820 1370
1596830 1370
1596840 1369
1596850 1367
1596860 1367
1596870 1365
1596880 1362
1596890 1362
1596900 1358
1596910 1354
1596920 1354
1596930 1351
1596940 1348
1596950 1348
1596960 1345
1596970 1343
1596980 1343
1596990 1340
1597000 1338
1597010 1337
1597020 1337
1597030 1336
1597040 1337
1597050 1337
1597060 1336
1597070 1335
1597080 1335
1597090 1333
1597100 1331
1597110 1331
1597120 1327
1597130 1324
1597140 1324
1597150 1321
1597160 1318
1597170 1318
1597180 1315
1597190 1311
1597200 1311
1597210 1308
1597220 1306
1597230 1306
1597240 1304
1597250 1302
1597260 1302
1597270 1300
1597280 1298
1597290 1298
1597300 1296
1597310 1294
1597320 1294
1597330 1291
1597340 1288
1597350 1288
1597360 1285
1597370 1283
1597380 1283
1597390 1280
1597400 1276
1597410 1273
1597420 1273
1597430 1269
1597440 1264
1597450 1264
1597460 1260
1597470 1254
1597480 1254
1597490 1249
1597500 1244
1597510 1244
1597520 1239
1597530 1232
1597540 1232
1597550 1227
1597560 1222
1597570 1222
1597580 1216
1597590 1213
1597600 1213
1597610 1210
1597620 1209
1597630 1209
1597640 1208
1597650 1205
1597660 1205
1597670 1204
1597680 1202
1597690 1202
1597700 1201
1597710 1199
1597720 1199
1597730 1198
1597740 1197
1597750 1197
1597760 1196
1597770 1194
1597780 1194
1597790 1194
1597800 1194
1597810 1193
1597820 1193
1597830 1192
1597840 1191
1597850 1191
1597860 1191
1597870 1189
1597880 1189
1597890 1189
1597900 1187
1597910 1187
1597920 1186
1597930 1185
1597940 1185
1597950 1184
1597960 1182
1597970 1182
1597980 1180
1597990 1178
1598000 1178
1598010 1176
1598020 1173
1598030 1173
1598040 1171
1598050 1169
1598060 1169
1598070 1166
1598080 1164
1598090 1164
1598100 1162
1598110 1160
1598120 1160
1598130 1158
1598140 1156
1598150 1156
1598160 1154
1598170 1148
1598180 1148
1598190 1146
1598200 1145
1598210 1143
1598220 1143
1598230 1141
1598240 1139
1598250 1139
1598260 1138
1598270 1137
1598280 1137
1598290 1136
1598300 1135
1598310 1135
1598320 1134
1598330 1134
1598340 1134
1598350 1134
1598360 1135
1598370 1135
1598380 1135
1598390 1134
1598400 1134
1598410 1133
1598420 1133
1598430 1133
1598440 1132
1598450 1130
1598460 1130
1598470 1128
1598480 1124
1598490 1124
1598500 1119
1598510 1114
1598520 1114
1598530 1109
1598540 1104
1598550 1104
1598560 1099
1598570 1094
1598580 1094
1598590 1088
1598600 1082
1598610 1076
1598620 1076
1598630 1072
1598640 1068
1598650 1068
1598660 1065
1598670 1060
1598680 1060
1598690 1055
1598700 1048
1598710 1048
1598720 1039
1598730 1030
1598740 1030
1598750 1024
1598760 1016
1598770 1016
1598780 1009
1598790 1003
1598800 1003
1598810 995
1598820 988
1598830 988
1598840 981
1598850 975
1598860 975
1598870 967
1598880 961
1598890 961
1598900 954
1598910 948
1598920 948
1598930 944
1598940 942
1598950 942
1598960 937
1598970 932
1598980 927
1598990 927
1599000 922
1599010 916
1599020 916
1599030 910
1599040 905
1599050 905
1599060 901
1599070 897
1599080 897
1599090 892
1599100 888
1599110 888
1599120 883
1599130 879
1599140 879
1599150 873
1599160 869
1599170 869
1599180 866
1599190 864
1599200 864
1599210 859
1599220 856
1599230 856
1599240 849
1599250 841
1599260 841
1599270 838
1599280 836
1599290 842
1599300 837
1599310 832
1599320 832
1599330 824
1599340 816
1599350 816
1599360 813
1599370 813
1599380 809
1599390 809
1599400 803
1599410 799
1599420 799
1599430 797
1599440 797
1599450 797
1599460 796
1599470 792
1599480 792
1599490 786
1599500 778
1599510 778
1599520 776
1599530 775
1599540 775
1599550 777
1599560 782
1599570 782
1599580 787
1599590 794
1599600 794
1599610 805
1599620 821
1599630 821
1599640 835
1599650 844
1599660 844
1599670 852
1599680 859
1599690 859
1599700 867
1599710 875
1599720 875
1599730 883
1599740 889
1599750 889
1599760 897
1599770 906
1599780 914
1599790 914
1599800 923
1599810 931
1599820 931
1599830 939
1599840 947
1599850 947
1599860 955
1599870 963
1599880 963
1599890 971
1599900 978
1599910 978
1599920 986
1599930 994
1599940 994
1599950 999
1599960 1003
1599970 1003
1599980 1010
1599990 1015
