1580000 1951
1580010 1951
1580020 1951
1580030 1948
1580040 1948
1580050 1948
1580060 1948
1580070 1945
1580080 1945
1580090 1940
1580100 1935
1580110 1935
1580120 1932
1580130 1932
1580140 1932
1580150 1931
1580160 1926
1580170 1926
1580180 1922
1580190 1922
1580200 1922
1580210 1921
1580220 1920
1580230 1920
1580240 1918
1580250 1916
1580260 1916
1580270 1913
1580280 1911
1580290 1911
1580300 1910
1580310 1908
1580320 1908
1580330 1903
1580340 1901
1580350 1901
1580360 1902
1580370 1903
1580380 1903
1580390 1904
1580400 1903
1580410 1903
1580420 1902
1580430 1902
1580440 1904
1580450 1904
1580460 1902
1580470 1901
1580480 1901
1580490 1899
1580500 1896
1580510 1896
1580520 1896
1580530 1899
1580540 1899
1580550 1900
1580560 1898
1580570 1898
1580580 1900
1580590 1898
1580600 1898
1580610 1895
1580620 1892
1580630 1892
1580640 1888
1580650 1890
1580660 1890
1580670 1889
1580680 1888
1580690 1888
1580700 1885
1580710 1884
1580720 1884
1580730 1883
1580740 1879
1580750 1879
1580760 1877
1580770 1875
1580780 1875
1580790 1872
1580800 1869
1580810 1869
1580820 1866
1580830 1864
1580840 1864
1580850 1868
1580860 1867
1580870 1868
1580880 1868
1580890 1878
1580900 1884
1580910 1884
1580920 1885
1580930 1887
1580940 1887
1580950 1884
1580960 1879
1580970 1879
1580980 1880
1580990 1879
1581000 1879
1581010 1874
1581020 1872
1581030 1872
1581040 1869
1581050 1866
1581060 1866
1581070 1871
1581080 1874
1581090 1874
1581100 1877
1581110 1878
1581120 1878
1581130 1878
1581140 1878
1581150 1878
1581160 1878
1581170 1880
1581180 1880
1581190 1879
1581200 1880
1581210 1880
1581220 1880
1581230 1878
1581240 1878
1581250 1876
1581260 1877
1581270 1877
1581280 1877
1581290 1877
1581300 1879
1581310 1879
1581320 1880
1581330 1882
1581340 1882
1581350 1883
1581360 1889
1581370 1889
1581380 1894
1581390 1894
1581400 1894
1581410 1889
1581420 1889
1581430 1889
1581440 1892
1581450 1893
1581460 1893
1581470 1896
1581480 1898
1581490 1898
1581500 1896
1581510 1893
1581520 1893
1581530 1888
1581540 1887
1581550 1887
1581560 1885
1581570 1888
1581580 1888
1581590 1888
1581600 1892
1581610 1892
1581620 1892
1581630 1892
1581640 1892
1581650 1893
1581660 1895
1581670 1892
1581680 1892
1581690 1893
1581700 1892
1581710 1892
1581720 1891
1581730 1891
1581740 1891
1581750 1894
1581760 1892
1581770 1892
1581780 1894
1581790 1892
1581800 1892
1581810 1888
1581820 1887
1581830 1887
1581840 1889
1581850 1887
1581860 1889
1581870 1887
1581880 1884
1581890 1884
1581900 1885
1581910 1888
1581920 1888
1581930 1887
1581940 1887
1581950 1887
1581960 1892
1581970 1894
1581980 1894
1581990 1899
1582000 1899
1582010 1899
1582020 1903
1582030 1905
1582040 1905
1582050 1906
1582060 1908
1582070 1908
1582080 1907
1582090 1905
1582100 1906
1582110 1906
1582120 1907
1582130 1908
1582140 1908
1582150 1908
1582160 1913
1582170 1913
1582180 1913
1582190 1915
1582200 1915
1582210 1916
1582220 1915
1582230 1915
1582240 1917
1582250 1918
1582260 1918
1582270 1916
1582280 1912
1582290 1912
1582300 1912
1582310 1913
1582320 1913
1582330 1912
1582340 1911
1582350 1911
1582360 1912
1582370 1912
1582380 1912
1582390 1913
1582400 1913
1582410 1913
1582420 1911
1582430 1911
1582440 1911
1582450 1909
1582460 1909
1582470 1909
1582480 1914
1582490 1919
1582500 1919
1582510 1919
1582520 1923
1582530 1928
1582540 1928
1582550 1930
1582560 1930
1582570 1930
1582580 1929
1582590 1928
1582600 1928
1582610 1927
1582620 1927
1582630 1927
1582640 1925
1582650 1920
1582660 1920
1582670 1918
1582680 1917
1582690 1917
1582700 1915
1582710 1912
1582720 1912
1582730 1908
1582740 1901
1582750 1901
1582760 1895
1582770 1890
1582780 1890
1582790 1884
1582800 1881
1582810 1881
1582820 1879
1582830 1876
1582840 1876
1582850 1877
1582860 1876
1582870 1876
1582880 1871
1582890 1867
1582900 1864
1582910 1864
1582920 1862
1582930 1861
1582940 1861
1582950 1862
1582960 1864
1582970 1864
1582980 1864
1582990 1861
1583000 1861
1583010 1855
1583020 1852
1583030 1852
1583040 1852
1583050 1852
1583060 1852
1583070 1853
1583080 1851
1583090 1851
1583100 1851
1583110 1849
1583120 1849
1583130 1848
1583140 1847
1583150 1847
1583160 1848
1583170 1848
1583180 1848
1583190 1845
1583200 1844
1583210 1844
1583220 1841
1583230 1840
1583240 1840
1583250 1840
1583260 1840
1583270 1840
1583280 1840
1583290 1841
1583300 1841
1583310 1847
1583320 1850
1583330 1850
1583340 1850
1583350 1851
1583360 1851
1583370 1851
1583380 1850
1583390 1847
1583400 1847
1583410 1846
1583420 1847
1583430 1847
1583440 1848
1583450 1849
1583460 1849
1583470 1851
1583480 1852
1583490 1852
1583500 1854
1583510 1853
1583520 1853
1583530 1853
1583540 1853
1583550 1853
1583560 1856
1583570 1858
1583580 1858
1583590 1857
1583600 1857
1583610 1857
1583620 1856
1583630 1855
1583640 1855
1583650 1852
1583660 1853
1583670 1853
1583680 1852
1583690 1851
1583700 1851
1583710 1849
1583720 1848
1583730 1847
1583740 1847
1583750 1848
1583760 1845
1583770 1845
1583780 1844
1583790 1842
1583800 1842
1583810 1839
1583820 1838
1583830 1838
1583840 1836
1583850 1833
1583860 1833
1583870 1832
1583880 1832
1583890 1832
1583900 1830
1583910 1829
1583920 1829
1583930 1831
1583940 1832
1583950 1832
1583960 1830
1583970 1828
1583980 1828
1583990 1825
1584000 1824
1584010 1824
1584020 1826
1584030 1828
1584040 1828
1584050 1830
1584060 1832
1584070 1832
1584080 1834
1584090 1835
1584100 1835
1584110 1836
1584120 1838
1584130 1839
1584140 1839
1584150 1841
1584160 1843
1584170 1843
1584180 1844
1584190 1844
1584200 1844
1584210 1845
1584220 1848
1584230 1848
1584240 1852
1584250 1851
1584260 1851
1584270 1850
1584280 1849
1584290 1849
1584300 1847
1584310 1848
1584320 1848
1584330 1850
1584340 1854
1584350 1854
1584360 1855
1584370 1854
1584380 1854
1584390 1853
1584400 1853
1584410 1853
1584420 1852
1584430 1851
1584440 1851
1584450 1852
1584460 1851
1584470 1851
1584480 1852
1584490 1852
1584500 1852
1584510 1855
1584520 1857
1584530 1857
1584540 1860
1584550 1862
1584560 1865
1584570 1865
1584580 1867
1584590 1872
1584600 1872
1584610 1876
1584620 1880
1584630 1880
1584640 1886
1584650 1892
1584660 1892
1584670 1894
1584680 1891
1584690 1891
1584700 1890
1584710 1893
1584720 1893
1584730 1894
1584740 1893
1584750 1893
1584760 1894
1584770 1894
1584780 1894
1584790 1892
1584800 1885
1584810 1885
1584820 1878
1584830 1875
1584840 1875
1584850 1876
1584860 1878
1584870 1878
1584880 1879
1584890 1882
1584900 1882
1584910 1885
1584920 1887
1584930 1887
1584940 1891
1584950 1895
1584960 1898
1584970 1898
1584980 1901
1584990 1903
1585000 1903
1585010 1904
1585020 1906
1585030 1906
1585040 1905
1585050 1904
1585060 1904
1585070 1901
1585080 1898
1585090 1898
1585100 1896
1585110 1893
1585120 1893
1585130 1888
1585140 1884
1585150 1884
1585160 1876
1585170 1870
1585180 1870
1585190 1864
1585200 1858
1585210 1858
1585220 1854
1585230 1849
1585240 1849
1585250 1844
1585260 1838
1585270 1838
1585280 1830
1585290 1826
1585300 1826
1585310 1823
1585320 1819
1585330 1819
1585340 1812
1585350 1803
1585360 1797
1585370 1797
1585380 1794
1585390 1792
1585400 1792
1585410 1791
1585420 1788
1585430 1788
1585440 1785
1585450 1782
1585460 1782
1585470 1779
1585480 1776
1585490 1776
1585500 1773
1585510 1771
1585520 1771
1585530 1769
1585540 1767
1585550 1767
1585560 1766
1585570 1765
1585580 1765
1585590 1765
1585600 1764
1585610 1764
1585620 1763
1585630 1762
1585640 1762
1585650 1759
1585660 1756
1585670 1756
1585680 1754
1585690 1753
1585700 1753
1585710 1751
1585720 1749
1585730 1746
1585740 1744
1585750 1742
1585760 1742
1585770 1741
1585780 1739
1585790 1737
1585800 1737
1585810 1735
1585820 1735
1585830 1735
1585840 1735
1585850 1734
1585860 1734
1585870 1733
1585880 1731
1585890 1731
1585900 1730
1585910 1727
1585920 1727
1585930 1725
1585940 1723
1585950 1723
1585960 1721
1585970 1719
1585980 1719
1585990 1718
1586000 1716
1586010 1716
1586020 1715
1586030 1713
1586040 1713
1586050 1712
1586060 1710
1586070 1710
1586080 1708
1586090 1707
1586100 1707
1586110 1706
1586120 1704
1586130 1704
1586140 1702
1586150 1700
1586160 1700
1586170 1699
1586180 1697
1586190 1694
1586200 1694
1586210 1692
1586220 1691
1586230 1691
1586240 1691
1586250 1691
1586260 1691
1586270 1692
1586280 1693
1586290 1693
1586300 1693
1586310 1694
1586320 1694
1586330 1693
1586340 1691
1586350 1691
1586360 1689
1586370 1687
1586380 1687
1586390 1685
1586400 1685
1586410 1685
1586420 1687
1586430 1687
1586440 1687
1586450 1685
1586460 1683
1586470 1683
1586480 1681
1586490 1678
1586500 1678
1586510 1676
1586520 1676
1586530 1676
1586540 1675
1586550 1673
1586560 1673
1586570 1671
1586580 1670
1586590 1670
1586600 1670
1586610 1669
1586620 1668
1586630 1668
1586640 1668
1586650 1667
1586660 1667
1586670 1666
1586680 1665
1586690 1665
1586700 1665
1586710 1665
1586720 1665
1586730 1665
1586740 1664
1586750 1664
1586760 1663
1586770 1663
1586780 1663
1586790 1663
1586800 1662
1586810 1662
1586820 1662
1586830 1662
1586840 1662
1586850 1661
1586860 1660
1586870 1660
1586880 1659
1586890 1658
1586900 1658
1586910 1657
1586920 1656
1586930 1656
1586940 1656
1586950 1655
1586960 1655
1586970 1654
1586980 1653
1586990 1651
1587000 1651
1587010 1649
1587020 1647
1587030 1647
1587040 1645
1587050 1642
1587060 1642
1587070 1641
1587080 1639
1587090 1639
1587100 1637
1587110 1636
1587120 1636
1587130 1635
1587140 1635
1587150 1635
1587160 1634
1587170 1633
1587180 1633
1587190 1633
1587200 1632
1587210 1632
1587220 1631
1587230 1630
1587240 1630
1587250 1629
1587260 1628
1587270 1628
1587280 1626
1587290 1625
1587300 1625
1587310 1625
1587320 1627
1587330 1627
1587340 1624
1587350 1623
1587360 1623
1587370 1626
1587380 1630
1587390 1630
1587400 1631
1587410 1632
1587420 1632
1587430 1632
1587440 1632
1587450 1632
1587460 1632
1587470 1633
1587480 1634
1587490 1634
1587500 1631
1587510 1627
1587520 1627
1587530 1626
1587540 1626
1587550 1626
1587560 1624
1587570 1624
1587580 1624
1587590 1625
1587600 1626
1587610 1626
1587620 1629
1587630 1629
1587640 1629
1587650 1626
1587660 1622
1587670 1622
1587680 1619
1587690 1617
1587700 1617
1587710 1614
1587720 1611
1587730 1611
1587740 1608
1587750 1606
1587760 1606
1587770 1603
1587780 1600
1587790 1600
1587800 1596
1587810 1592
1587820 1588
1587830 1588
1587840 1585
1587850 1582
1587860 1582
1587870 1580
1587880 1577
1587890 1577
1587900 1574
1587910 1572
1587920 1572
1587930 1569
1587940 1566
1587950 1566
1587960 1563
1587970 1561
1587980 1561
1587990 1560
1588000 1558
1588010 1558
1588020 1555
1588030 1552
1588040 1552
1588050 1551
1588060 1549
1588070 1549
1588080 1546
1588090 1543
1588100 1543
1588110 1540
1588120 1536
1588130 1536
1588140 1534
1588150 1531
1588160 1531
1588170 1529
1588180 1526
1588190 1526
1588200 1523
1588210 1521
1588220 1519
1588230 1519
1588240 1516
1588250 1514
1588260 1514
1588270 1512
1588280 1509
1588290 1509
1588300 1506
1588310 1503
1588320 1503
1588330 1500
1588340 1498
1588350 1498
1588360 1495
1588370 1491
1588380 1491
1588390 1487
1588400 1484
1588410 1484
1588420 1482
1588430 1480
1588440 1480
1588450 1478
1588460 1477
1588470 1477
1588480 1474
1588490 1471
1588500 1471
1588510 1470
1588520 1470
1588530 1470
1588540 1470
1588550 1469
1588560 1469
1588570 1467
1588580 1464
1588590 1464
1588600 1461
1588610 1459
1588620 1459
1588630 1458
1588640 1456
1588650 1454
1588660 1454
1588670 1451
1588680 1450
1588690 1450
1588700 1447
1588710 1442
1588720 1442
1588730 1436
1588740 1430
1588750 1430
1588760 1425
1588770 1419
1588780 1419
1588790 1411
1588800 1400
1588810 1400
1588820 1384
1588830 1363
1588840 1363
1588850 1345
1588860 1335
1588870 1335
1588880 1331
1588890 1329
1588900 1329
1588910 1332
1588920 1337
1588930 1337
1588940 1340
1588950 1342
1588960 1342
1588970 1344
1588980 1346
1588990 1346
1589000 1348
1589010 1351
1589020 1351
1589030 1353
1589040 1356
1589050 1358
1589060 1358
1589070 1359
1589080 1360
1589090 1360
1589100 1361
1589110 1366
1589120 1366
1589130 1372
1589140 1379
1589150 1379
1589160 1384
1589170 1389
1589180 1389
1589190 1393
1589200 1397
1589210 1397
1589220 1400
1589230 1403
1589240 1403
1589250 1406
1589260 1409
1589270 1409
1589280 1411
1589290 1412
1589300 1412
1589310 1416
1589320 1423
1589330 1423
1589340 1431
1589350 1439
1589360 1439
1589370 1447
1589380 1453
1589390 1453
1589400 1459
1589410 1465
1589420 1465
1589430 1469
1589440 1473
1589450 1478
1589460 1482
1589470 1488
1589480 1495
1589490 1495
1589500 1502
1589510 1509
1589520 1509
1589530 1514
1589540 1516
1589550 1516
1589560 1516
1589570 1514
1589580 1514
1589590 1510
1589600 1505
1589610 1505
1589620 1500
1589630 1494
1589640 1494
1589650 1488
1589660 1483
1589670 1483
1589680 1478
1589690 1472
1589700 1472
1589710 1472
1589720 1476
1589730 1476
1589740 1481
1589750 1485
1589760 1485
1589770 1488
1589780 1490
1589790 1490
1589800 1490
1589810 1490
1589820 1490
1589830 1490
1589840 1491
1589850 1491
1589860 1491
1589870 1491
1589880 1491
1589890 1491
1589900 1493
1589910 1495
1589920 1495
1589930 1499
1589940 1505
1589950 1505
1589960 1509
1589970 1513
1589980 1513
1589990 1517
1590000 1522
1590010 1522
1590020 1527
1590030 1531
1590040 1531
1590050 1535
1590060 1538
1590070 1538
1590080 1540
1590090 1545
1590100 1545
1590110 1551
1590120 1559
1590130 1559
1590140 1568
1590150 1578
1590160 1578
1590170 1587
1590180 1596
1590190 1596
1590200 1603
1590210 1603
1590220 1603
1590230 1598
1590240 1595
1590250 1595
1590260 1591
1590270 1588
1590280 1585
1590290 1585
1590300 1583
1590310 1584
1590320 1584
1590330 1585
1590340 1586
1590350 1586
1590360 1587
1590370 1589
1590380 1589
1590390 1590
1590400 1592
1590410 1592
1590420 1595
1590430 1598
1590440 1598
1590450 1602
1590460 1604
1590470 1604
1590480 1606
1590490 1608
1590500 1608
1590510 1612
1590520 1615
1590530 1615
1590540 1618
1590550 1622
1590560 1622
1590570 1625
1590580 1628
1590590 1628
1590600 1630
1590610 1629
1590620 1629
1590630 1627
1590640 1626
1590650 1626
1590660 1625
1590670 1623
1590680 1628
1590690 1628
1590700 1628
1590710 1627
1590720 1627
1590730 1627
1590740 1626
1590750 1626
1590760 1624
1590770 1621
1590780 1621
1590790 1619
1590800 1616
1590810 1616
1590820 1609
1590830 1603
1590840 1603
1590850 1595
1590860 1585
1590870 1585
1590880 1573
1590890 1565
1590900 1565
1590910 1558
1590920 1550
1590930 1550
1590940 1543
1590950 1536
1590960 1536
1590970 1527
1590980 1517
1590990 1517
1591000 1506
1591010 1491
1591020 1491
1591030 1479
1591040 1469
1591050 1469
1591060 1459
1591070 1451
1591080 1451
1591090 1446
1591100 1441
1591110 1433
1591120 1433
1591130 1423
1591140 1417
1591150 1417
1591160 1413
1591170 1402
1591180 1402
1591190 1388
1591200 1377
1591210 1377
1591220 1368
1591230 1360
1591240 1360
1591250 1353
1591260 1346
1591270 1346
1591280 1339
1591290 1333
1591300 1333
1591310 1327
1591320 1321
1591330 1321
1591340 1315
1591350 1309
1591360 1309
1591370 1302
1591380 1295
1591390 1295
1591400 1290
1591410 1286
1591420 1286
1591430 1279
1591440 1270
1591450 1270
1591460 1263
1591470 1256
1591480 1256
1591490 1249
1591500 1243
1591510 1236
1591520 1236
1591530 1229
1591540 1223
1591550 1223
1591560 1217
1591570 1211
1591580 1211
1591590 1205
1591600 1198
1591610 1198
1591620 1192
1591630 1186
1591640 1186
1591650 1181
1591660 1176
1591670 1176
1591680 1171
1591690 1165
1591700 1165
1591710 1160
1591720 1156
1591730 1156
1591740 1153
1591750 1149
1591760 1149
1591770 1143
1591780 1139
1591790 1139
1591800 1135
1591810 1131
1591820 1131
1591830 1128
1591840 1125
1591850 1125
1591860 1123
1591870 1121
1591880 1122
1591890 1119
1591900 1117
1591910 1117
1591920 1115
1591930 1113
1591940 1111
1591950 1111
1591960 1108
1591970 1106
1591980 1106
1591990 1103
1592000 1100
1592010 1100
1592020 1097
1592030 1094
1592040 1094
1592050 1092
1592060 1089
1592070 1089
1592080 1085
1592090 1082
1592100 1082
1592110 1078
1592120 1075
1592130 1075
1592140 1073
1592150 1071
1592160 1071
1592170 1069
1592180 1067
1592190 1067
1592200 1066
1592210 1063
1592220 1063
1592230 1061
1592240 1058
1592250 1058
1592260 1055
1592270 1051
1592280 1051
1592290 1048
1592300 1045
1592310 1045
1592320 1043
1592330 1041
1592340 1039
1592350 1039
1592360 1038
1592370 1038
1592380 1038
1592390 1038
1592400 1039
1592410 1039
1592420 1038
1592430 1037
1592440 1037
1592450 1037
1592460 1037
1592470 1037
1592480 1035
1592490 1033
1592500 1033
1592510 1032
1592520 1030
1592530 1030
1592540 1029
1592550 1028
1592560 1028
1592570 1029
1592580 1030
1592590 1030
1592600 1030
1592610 1029
1592620 1029
1592630 1025
1592640 1020
1592650 1020
1592660 1018
1592670 1019
1592680 1019
1592690 1023
1592700 1034
1592710 1034
1592720 1049
1592730 1061
1592740 1067
1592750 1067
1592760 1072
1592770 1076
1592780 1076
1592790 1079
1592800 1084
1592810 1084
1592820 1090
1592830 1094
1592840 1094
1592850 1098
1592860 1102
1592870 1102
1592880 1110
1592890 1120
1592900 1120
1592910 1129
1592920 1136
1592930 1136
1592940 1139
1592950 1141
1592960 1141
1592970 1143
1592980 1144
1592990 1144
1593000 1146
1593010 1147
1593020 1147
1593030 1150
1593040 1152
1593050 1152
1593060 1154
1593070 1162
1593080 1162
1593090 1164
1593100 1165
1593110 1165
1593120 1166
1593130 1167
1593140 1167
1593150 1169
1593160 1169
1593170 1168
1593180 1168
1593190 1168
1593200 1168
1593210 1168
1593220 1167
1593230 1165
1593240 1165
1593250 1164
1593260 1162
1593270 1162
1593280 1160
1593290 1158
1593300 1158
1593310 1157
1593320 1155
1593330 1155
1593340 1153
1593350 1151
1593360 1151
1593370 1149
1593380 1148
1593390 1148
1593400 1147
1593410 1147
1593420 1147
1593430 1147
1593440 1150
1593450 1150
1593460 1152
1593470 1151
1593480 1151
1593490 1149
1593500 1147
1593510 1147
1593520 1145
1593530 1143
1593540 1143
1593550 1142
1593560 1139
1593570 1135
1593580 1135
1593590 1132
1593600 1128
1593610 1128
1593620 1123
1593630 1119
1593640 1119
1593650 1117
1593660 1115
1593670 1115
1593680 1116
1593690 1116
1593700 1116
1593710 1114
1593720 1112
1593730 1112
1593740 1109
1593750 1106
1593760 1106
1593770 1104
1593780 1102
1593790 1102
1593800 1101
1593810 1100
1593820 1100
1593830 1102
1593840 1104
1593850 1104
1593860 1106
1593870 1108
1593880 1108
1593890 1108
1593900 1106
1593910 1106
1593920 1104
1593930 1102
1593940 1102
1593950 1100
1593960 1098
1593970 1095
1593980 1095
1593990 1093
1594000 1089
1594010 1089
1594020 1080
1594030 1072
1594040 1072
1594050 1066
1594060 1061
1594070 1061
1594080 1055
1594090 1050
1594100 1050
1594110 1049
1594120 1048
1594130 1048
1594140 1044
1594150 1040
1594160 1040
1594170 1036
1594180 1033
1594190 1033
1594200 1023
1594210 1009
1594220 1009
1594230 982
1594240 965
1594250 965
1594260 957
1594270 950
1594280 950
1594290 943
1594300 936
1594310 936
1594320 929
1594330 918
1594340 918
1594350 907
1594360 887
1594370 887
1594380 872
1594390 866
1594400 860
1594410 860
1594420 855
1594430 849
1594440 849
1594450 845
1594460 840
1594470 840
1594480 835
1594490 830
1594500 830
1594510 824
1594520 820
1594530 820
1594540 815
1594550 810
1594560 810
1594570 806
1594580 802
1594590 802
1594600 797
1594610 792
1594620 792
1594630 787
1594640 782
1594650 782
1594660 777
1594670 774
1594680 774
1594690 770
1594700 766
1594710 766
1594720 763
1594730 758
1594740 758
1594750 754
1594760 750
1594770 750
1594780 747
1594790 744
1594800 742
1594810 742
1594820 740
1594830 736
1594840 736
1594850 732
1594860 728
1594870 728
1594880 727
1594890 727
1594900 727
1594910 727
1594920 727
1594930 727
1594940 728
1594950 728
1594960 728
1594970 728
1594980 727
1594990 727
1595000 728
1595010 726
1595020 726
1595030 724
1595040 723
1595050 723
1595060 723
1595070 723
1595080 723
1595090 720
1595100 719
1595110 719
1595120 718
1595130 716
1595140 716
1595150 718
1595160 722
1595170 722
1595180 724
1595190 725
1595200 729
1595210 729
1595220 730
1595230 729
1595240 729
1595250 728
1595260 728
1595270 728
1595280 728
1595290 728
1595300 728
1595310 728
1595320 727
1595330 727
1595340 728
1595350 729
1595360 729
1595370 733
1595380 735
1595390 735
1595400 734
1595410 733
1595420 733
1595430 736
1595440 740
1595450 740
1595460 745
1595470 749
1595480 749
1595490 754
1595500 760
1595510 760
1595520 765
1595530 769
1595540 769
1595550 771
1595560 774
1595570 774
1595580 778
1595590 783
1595600 783
1595610 788
1595620 794
1595630 798
1595640 798
1595650 802
1595660 805
1595670 805
1595680 807
1595690 808
1595700 808
1595710 810
1595720 811
1595730 811
1595740 812
1595750 814
1595760 814
1595770 817
1595780 819
1595790 819
1595800 822
1595810 825
1595820 825
1595830 829
1595840 834
1595850 834
1595860 839
1595870 844
1595880 844
1595890 849
1595900 854
1595910 854
1595920 858
1595930 861
1595940 861
1595950 863
1595960 864
1595970 864
1595980 865
1595990 865
1596000 865
1596010 863
1596020 862
1596030 863
1596040 863
1596050 866
1596060 868
1596070 868
1596080 868
1596090 870
1596100 870
1596110 872
1596120 873
1596130 873
1596140 875
1596150 875
1596160 875
1596170 872
1596180 868
1596190 868
1596200 864
1596210 859
1596220 859
1596230 857
1596240 862
1596250 862
1596260 873
1596270 882
1596280 882
1596290 888
1596300 893
1596310 893
1596320 900
1596330 907
1596340 907
1596350 915
1596360 922
1596370 922
1596380 928
1596390 935
1596400 935
1596410 941
1596420 945
1596430 949
1596440 949
1596450 953
1596460 956
1596470 956
1596480 959
1596490 963
1596500 963
1596510 968
1596520 973
1596530 973
1596540 977
1596550 981
1596560 980
1596570 983
1596580 987
1596590 987
1596600 991
1596610 994
1596620 994
1596630 997
1596640 1001
1596650 1001
1596660 1005
1596670 1008
1596680 1008
1596690 1011
1596700 1014
1596710 1014
1596720 1018
1596730 1021
1596740 1021
1596750 1024
1596760 1027
1596770 1027
1596780 1030
1596790 1035
1596800 1035
1596810 1039
1596820 1043
1596830 1043
1596840 1046
1596850 1050
1596860 1055
1596870 1055
1596880 1061
1596890 1067
1596900 1067
1596910 1073
1596920 1079
1596930 1079
1596940 1085
1596950 1091
1596960 1091
1596970 1097
1596980 1101
1596990 1101
1597000 1106
1597010 1112
1597020 1112
1597030 1116
1597040 1119
1597050 1119
1597060 1123
1597070 1128
1597080 1128
1597090 1134
1597100 1138
1597110 1138
1597120 1143
1597130 1147
1597140 1147
1597150 1152
1597160 1157
1597170 1157
1597180 1160
1597190 1163
1597200 1163
1597210 1167
1597220 1170
1597230 1170
1597240 1174
1597250 1178
1597260 1180
1597270 1180
1597280 1182
1597290 1182
1597300 1182
1597310 1183
1597320 1183
1597330 1183
1597340 1183
1597350 1184
1597360 1184
1597370 1185
1597380 1187
1597390 1187
1597400 1187
1597410 1184
1597420 1184
1597430 1181
1597440 1178
1597450 1178
1597460 1177
1597470 1178
1597480 1178
1597490 1179
1597500 1177
1597510 1177
1597520 1171
1597530 1165
1597540 1165
1597550 1158
1597560 1152
1597570 1152
1597580 1147
1597590 1141
1597600 1141
1597610 1131
1597620 1123
1597630 1123
1597640 1115
1597650 1108
1597660 1100
1597670 1100
1597680 1092
1597690 1084
1597700 1081
1597710 1074
1597720 1066
1597730 1066
1597740 1057
1597750 1050
1597760 1050
1597770 1045
1597780 1040
1597790 1040
1597800 1034
1597810 1028
1597820 1028
1597830 1022
1597840 1017
1597850 1017
1597860 1013
1597870 1011
1597880 1011
1597890 1009
1597900 1010
1597910 1010
1597920 1011
1597930 1012
1597940 1012
1597950 1012
1597960 1013
1597970 1013
1597980 1014
1597990 1015
1598000 1015
1598010 1015
1598020 1016
1598030 1016
1598040 1017
1598050 1019
1598060 1019
1598070 1019
1598080 1021
1598090 1024
1598100 1024
1598110 1027
1598120 1029
1598130 1029
1598140 1029
1598150 1030
1598160 1030
1598170 1030
1598180 1034
1598190 1034
1598200 1041
1598210 1047
1598220 1047
1598230 1051
1598240 1054
1598250 1054
1598260 1056
1598270 1060
1598280 1060
1598290 1064
1598300 1070
1598310 1070
1598320 1077
1598330 1083
1598340 1083
1598350 1090
1598360 1096
1598370 1096
1598380 1099
1598390 1101
1598400 1101
1598410 1101
1598420 1103
1598430 1103
1598440 1104
1598450 1105
1598460 1105
1598470 1107
1598480 1107
1598490 1105
1598500 1105
1598510 1102
1598520 1100
1598530 1100
1598540 1099
1598550 1099
1598560 1099
1598570 1099
1598580 1098
1598590 1098
1598600 1097
1598610 1097
1598620 1097
1598630 1095
1598640 1094
1598650 1094
1598660 1094
1598670 1094
1598680 1094
1598690 1095
1598700 1095
1598710 1095
1598720 1096
1598730 1096
1598740 1096
1598750 1096
1598760 1096
1598770 1096
1598780 1099
1598790 1100
1598800 1100
1598810 1102
1598820 1100
1598830 1100
1598840 1101
1598850 1102
1598860 1102
1598870 1103
1598880 1104
1598890 1104
1598900 1104
1598910 1105
1598920 1106
1598930 1106
1598940 1107
1598950 1108
1598960 1108
1598970 1108
1598980 1109
1598990 1109
1599000 1110
1599010 1111
1599020 1111
1599030 1111
1599040 1111
1599050 1111
1599060 1111
1599070 1111
1599080 1111
1599090 1110
1599100 1109
1599110 1109
1599120 1107
1599130 1105
1599140 1105
1599150 1101
1599160 1095
1599170 1095
1599180 1092
1599190 1090
1599200 1090
1599210 1092
1599220 1097
1599230 1097
1599240 1102
1599250 1108
1599260 1108
1599270 1113
1599280 1117
1599290 1117
1599300 1121
1599310 1125
1599320 1127
1599330 1127
1599340 1130
1599350 1132
1599360 1132
1599370 1135
1599380 1137
1599390 1137
1599400 1139
1599410 1142
1599420 1142
1599430 1145
1599440 1148
1599450 1148
1599460 1152
1599470 1155
1599480 1155
1599490 1158
1599500 1160
1599510 1160
1599520 1163
1599530 1165
1599540 1165
1599550 1168
1599560 1171
1599570 1171
1599580 1173
1599590 1176
1599600 1176
1599610 1178
1599620 1180
1599630 1180
1599640 1181
1599650 1183
1599660 1183
1599670 1186
1599680 1188
1599690 1188
1599700 1188
1599710 1190
1599720 1193
1599730 1193
1599740 1196
1599750 1199
1599760 1199
1599770 1202
1599780 1204
1599790 1204
1599800 1206
1599810 1208
1599820 1208
1599830 1211
1599840 1212
1599850 1212
1599860 1212
1599870 1215
1599880 1215
1599890 1218
1599900 1221
1599910 1221
1599920 1224
1599930 1228
1599940 1224
1599950 1226
1599960 1229
1599970 1229
1599980 1231
1599990 1234
