1580000 2070
1580010 2066
1580020 2066
1580030 2064
1580040 2062
1580050 2068
1580060 2065
1580070 2065
1580080 2065
1580090 2064
1580100 2062
1580110 2062
1580120 2062
1580130 2059
1580140 2059
1580150 2057
1580160 2055
1580170 2055
1580180 2052
1580190 2050
1580200 2050
1580210 2050
1580220 2052
1580230 2052
1580240 2053
1580250 2051
1580260 2050
1580270 2050
1580280 2051
1580290 2053
1580300 2053
1580310 2054
1580320 2056
1580330 2056
1580340 2058
1580350 2060
1580360 2060
1580370 2062
1580380 2065
1580390 2065
1580400 2068
1580410 2067
1580420 2067
1580430 2065
1580440 2064
1580450 2064
1580460 2067
1580470 2070
1580480 2070
1580490 2069
1580500 2064
1580510 2064
1580520 2059
1580530 2056
1580540 2056
1580550 2056
1580560 2056
1580570 2056
1580580 2048
1580590 2041
1580600 2041
1580610 2041
1580620 2040
1580630 2040
1580640 2044
1580650 2048
1580660 2048
1580670 2045
1580680 2037
1580690 2034
1580700 2034
1580710 2032
1580720 2028
1580730 2028
1580740 2026
1580750 2028
1580760 2028
1580770 2029
1580780 2028
1580790 2028
1580800 2025
1580810 2020
1580820 2020
1580830 2014
1580840 2007
1580850 2007
1580860 1997
1580870 1987
1580880 1987
1580890 1980
1580900 1977
1580910 1977
1580920 1972
1580930 1964
1580940 1964
1580950 1959
1580960 1954
1580970 1954
1580980 1951
1580990 1947
1581000 1947
1581010 1944
1581020 1942
1581030 1942
1581040 1938
1581050 1934
1581060 1934
1581070 1930
1581080 1930
1581090 1931
1581100 1931
1581110 1935
1581120 1940
1581130 1940
1581140 1939
1581150 1938
1581160 1938
1581170 1938
1581180 1935
1581190 1935
1581200 1933
1581210 1929
1581220 1929
1581230 1930
1581240 1931
1581250 1931
1581260 1933
1581270 1933
1581280 1933
1581290 1938
1581300 1944
1581310 1944
1581320 1953
1581330 1956
1581340 1956
1581350 1957
1581360 1955
1581370 1955
1581380 1959
1581390 1958
1581400 1958
1581410 1958
1581420 1957
1581430 1957
1581440 1961
1581450 1961
1581460 1961
1581470 1961
1581480 1963
1581490 1963
1581500 1963
1581510 1960
1581520 1956
1581530 1956
1581540 1952
1581550 1949
1581560 1949
1581570 1947
1581580 1943
1581590 1943
1581600 1936
1581610 1932
1581620 1932
1581630 1934
1581640 1930
1581650 1930
1581660 1925
1581670 1921
1581680 1921
1581690 1921
1581700 1920
1581710 1920
1581720 1921
1581730 1917
1581740 1917
1581750 1917
1581760 1917
1581770 1917
1581780 1914
1581790 1910
1581800 1910
1581810 1908
1581820 1908
1581830 1908
1581840 1908
1581850 1907
1581860 1907
1581870 1906
1581880 1905
1581890 1905
1581900 1901
1581910 1899
1581920 1896
1581930 1896
1581940 1895
1581950 1891
1581960 1891
1581970 1891
1581980 1891
1581990 1891
1582000 1894
1582010 1895
1582020 1895
1582030 1900
1582040 1903
1582050 1903
1582060 1904
1582070 1903
1582080 1903
1582090 1902
1582100 1901
1582110 1901
1582120 1902
1582130 1900
1582140 1900
1582150 1899
1582160 1895
1582170 1895
1582180 1897
1582190 1896
1582200 1896
1582210 1893
1582220 1891
1582230 1891
1582240 1888
1582250 1886
1582260 1886
1582270 1883
1582280 1881
1582290 1881
1582300 1878
1582310 1875
1582320 1875
1582330 1872
1582340 1870
1582350 1872
1582360 1872
1582370 1872
1582380 1870
1582390 1870
1582400 1870
1582410 1869
1582420 1869
1582430 1870
1582440 1872
1582450 1872
1582460 1872
1582470 1873
1582480 1873
1582490 1871
1582500 1872
1582510 1872
1582520 1874
1582530 1876
1582540 1876
1582550 1876
1582560 1879
1582570 1879
1582580 1880
1582590 1881
1582600 1881
1582610 1882
1582620 1887
1582630 1887
1582640 1887
1582650 1886
1582660 1886
1582670 1885
1582680 1886
1582690 1886
1582700 1887
1582710 1892
1582720 1892
1582730 1900
1582740 1903
1582750 1904
1582760 1904
1582770 1905
1582780 1902
1582790 1902
1582800 1902
1582810 1907
1582820 1907
1582830 1913
1582840 1918
1582850 1918
1582860 1922
1582870 1926
1582880 1926
1582890 1931
1582900 1934
1582910 1934
1582920 1939
1582930 1947
1582940 1947
1582950 1958
1582960 1960
1582970 1960
1582980 1967
1582990 1972
1583000 1972
1583010 1977
1583020 1978
1583030 1978
1583040 1981
1583050 1989
1583060 1989
1583070 1998
1583080 2007
1583090 2007
1583100 2017
1583110 2026
1583120 2026
1583130 2035
1583140 2043
1583150 2043
1583160 2051
1583170 2057
1583180 2064
1583190 2064
1583200 2069
1583210 2076
1583220 2076
1583230 2083
1583240 2090
1583250 2090
1583260 2096
1583270 2103
1583280 2103
1583290 2110
1583300 2117
1583310 2117
1583320 2123
1583330 2131
1583340 2131
1583350 2155
1583360 2165
1583370 2165
1583380 2172
1583390 2185
1583400 2185
1583410 2197
1583420 2201
1583430 2201
1583440 2197
1583450 2193
1583460 2193
1583470 2191
1583480 2191
1583490 2191
1583500 2192
1583510 2193
1583520 2193
1583530 2193
1583540 2192
1583550 2192
1583560 2187
1583570 2181
1583580 2173
1583590 2173
1583600 2163
1583610 2153
1583620 2153
1583630 2145
1583640 2136
1583650 2136
1583660 2127
1583670 2121
1583680 2121
1583690 2115
1583700 2110
1583710 2110
1583720 2103
1583730 2097
1583740 2097
1583750 2090
1583760 2084
1583770 2084
1583780 2078
1583790 2074
1583800 2074
1583810 2071
1583820 2066
1583830 2066
1583840 2059
1583850 2054
1583860 2054
1583870 2049
1583880 2044
1583890 2044
1583900 2037
1583910 2030
1583920 2030
1583930 2023
1583940 2018
1583950 2018
1583960 2012
1583970 2008
1583980 2008
1583990 2004
1584000 1996
1584010 1990
1584020 1990
1584030 1985
1584040 1981
1584050 1981
1584060 1979
1584070 1977
1584080 1977
1584090 1975
1584100 1973
1584110 1973
1584120 1973
1584130 1977
1584140 1977
1584150 1979
1584160 1978
1584170 1978
1584180 1976
1584190 1973
1584200 1973
1584210 1971
1584220 1969
1584230 1969
1584240 1966
1584250 1964
1584260 1964
1584270 1961
1584280 1959
1584290 1959
1584300 1958
1584310 1955
1584320 1955
1584330 1952
1584340 1951
1584350 1951
1584360 1949
1584370 1946
1584380 1946
1584390 1940
1584400 1933
1584410 1926
1584420 1926
1584430 1921
1584440 1919
1584450 1919
1584460 1917
1584470 1913
1584480 1913
1584490 1911
1584500 1908
1584510 1908
1584520 1901
1584530 1896
1584540 1896
1584550 1893
1584560 1892
1584570 1892
1584580 1889
1584590 1885
1584600 1885
1584610 1882
1584620 1880
1584630 1880
1584640 1878
1584650 1876
1584660 1876
1584670 1873
1584680 1869
1584690 1869
1584700 1866
1584710 1864
1584720 1864
1584730 1862
1584740 1860
1584750 1860
1584760 1857
1584770 1854
1584780 1854
1584790 1850
1584800 1845
1584810 1845
1584820 1839
1584830 1833
1584840 1830
1584850 1830
1584860 1827
1584870 1824
1584880 1824
1584890 1822
1584900 1820
1584910 1820
1584920 1817
1584930 1813
1584940 1813
1584950 1809
1584960 1806
1584970 1806
1584980 1802
1584990 1798
1585000 1798
1585010 1794
1585020 1790
1585030 1790
1585040 1786
1585050 1782
1585060 1782
1585070 1779
1585080 1776
1585090 1776
1585100 1774
1585110 1773
1585120 1773
1585130 1772
1585140 1773
1585150 1773
1585160 1772
1585170 1769
1585180 1769
1585190 1767
1585200 1765
1585210 1765
1585220 1763
1585230 1762
1585240 1761
1585250 1761
1585260 1761
1585270 1761
1585280 1762
1585290 1760
1585300 1758
1585310 1758
1585320 1758
1585330 1759
1585340 1759
1585350 1760
1585360 1760
1585370 1760
1585380 1761
1585390 1762
1585400 1762
1585410 1763
1585420 1764
1585430 1764
1585440 1766
1585450 1767
1585460 1767
1585470 1767
1585480 1767
1585490 1767
1585500 1767
1585510 1768
1585520 1768
1585530 1767
1585540 1767
1585550 1767
1585560 1767
1585570 1767
1585580 1767
1585590 1765
1585600 1761
1585610 1761
1585620 1758
1585630 1754
1585640 1754
1585650 1749
1585660 1739
1585670 1728
1585680 1728
1585690 1723
1585700 1720
1585710 1720
1585720 1719
1585730 1720
1585740 1720
1585750 1721
1585760 1720
1585770 1720
1585780 1720
1585790 1719
1585800 1719
1585810 1718
1585820 1717
1585830 1717
1585840 1716
1585850 1714
1585860 1714
1585870 1712
1585880 1711
1585890 1711
1585900 1710
1585910 1710
1585920 1710
1585930 1711
1585940 1711
1585950 1711
1585960 1712
1585970 1715
1585980 1715
1585990 1716
1586000 1717
1586010 1717
1586020 1720
1586030 1721
1586040 1721
1586050 1723
1586060 1726
1586070 1729
1586080 1729
1586090 1731
1586100 1731
1586110 1731
1586120 1730
1586130 1730
1586140 1730
1586150 1731
1586160 1731
1586170 1731
1586180 1730
1586190 1729
1586200 1729
1586210 1727
1586220 1726
1586230 1726
1586240 1725
1586250 1723
1586260 1723
1586270 1720
1586280 1717
1586290 1717
1586300 1714
1586310 1712
1586320 1712
1586330 1710
1586340 1710
1586350 1710
1586360 1711
1586370 1713
1586380 1713
1586390 1713
1586400 1714
1586410 1714
1586420 1716
1586430 1717
1586440 1717
1586450 1718
1586460 1721
1586470 1721
1586480 1726
1586490 1731
1586500 1736
1586510 1736
1586520 1741
1586530 1744
1586540 1747
1586550 1751
1586560 1754
1586570 1754
1586580 1755
1586590 1757
1586600 1757
1586610 1759
1586620 1762
1586630 1762
1586640 1766
1586650 1771
1586660 1771
1586670 1773
1586680 1775
1586690 1775
1586700 1777
1586710 1775
1586720 1775
1586730 1773
1586740 1771
1586750 1771
1586760 1771
1586770 1772
1586780 1772
1586790 1773
1586800 1774
1586810 1774
1586820 1775
1586830 1778
1586840 1778
1586850 1780
1586860 1779
1586870 1779
1586880 1778
1586890 1776
1586900 1772
1586910 1772
1586920 1770
1586930 1768
1586940 1768
1586950 1767
1586960 1765
1586970 1765
1586980 1763
1586990 1761
1587000 1761
1587010 1758
1587020 1755
1587030 1755
1587040 1752
1587050 1749
1587060 1749
1587070 1747
1587080 1744
1587090 1744
1587100 1740
1587110 1734
1587120 1734
1587130 1730
1587140 1729
1587150 1729
1587160 1729
1587170 1725
1587180 1725
1587190 1722
1587200 1721
1587210 1721
1587220 1720
1587230 1720
1587240 1720
1587250 1717
1587260 1715
1587270 1715
1587280 1714
1587290 1713
1587300 1711
1587310 1711
1587320 1710
1587330 1709
1587340 1709
1587350 1708
1587360 1709
1587370 1709
1587380 1710
1587390 1712
1587400 1712
1587410 1715
1587420 1719
1587430 1719
1587440 1719
1587450 1715
1587460 1715
1587470 1710
1587480 1704
1587490 1704
1587500 1700
1587510 1696
1587520 1696
1587530 1693
1587540 1691
1587550 1691
1587560 1688
1587570 1684
1587580 1684
1587590 1681
1587600 1678
1587610 1678
1587620 1675
1587630 1671
1587640 1671
1587650 1668
1587660 1664
1587670 1664
1587680 1660
1587690 1657
1587700 1657
1587710 1654
1587720 1650
1587730 1647
1587740 1647
1587750 1644
1587760 1641
1587770 1641
1587780 1639
1587790 1637
1587800 1637
1587810 1633
1587820 1629
1587830 1629
1587840 1626
1587850 1622
1587860 1622
1587870 1619
1587880 1616
1587890 1616
1587900 1613
1587910 1610
1587920 1610
1587930 1607
1587940 1604
1587950 1604
1587960 1601
1587970 1598
1587980 1598
1587990 1594
1588000 1591
1588010 1591
1588020 1588
1588030 1586
1588040 1586
1588050 1583
1588060 1580
1588070 1580
1588080 1578
1588090 1575
1588100 1575
1588110 1572
1588120 1570
1588130 1567
1588140 1567
1588150 1564
1588160 1562
1588170 1562
1588180 1560
1588190 1559
1588200 1559
1588210 1558
1588220 1558
1588230 1558
1588240 1558
1588250 1558
1588260 1558
1588270 1557
1588280 1556
1588290 1556
1588300 1553
1588310 1550
1588320 1550
1588330 1547
1588340 1542
1588350 1542
1588360 1536
1588370 1531
1588380 1531
1588390 1526
1588400 1520
1588410 1520
1588420 1514
1588430 1507
1588440 1507
1588450 1501
1588460 1495
1588470 1495
1588480 1490
1588490 1487
1588500 1487
1588510 1483
1588520 1482
1588530 1482
1588540 1482
1588550 1478
1588560 1472
1588570 1472
1588580 1468
1588590 1466
1588600 1466
1588610 1466
1588620 1466
1588630 1466
1588640 1466
1588650 1465
1588660 1465
1588670 1465
1588680 1466
1588690 1466
1588700 1467
1588710 1468
1588720 1468
1588730 1467
1588740 1468
1588750 1468
1588760 1471
1588770 1474
1588780 1474
1588790 1475
1588800 1475
1588810 1475
1588820 1474
1588830 1473
1588840 1473
1588850 1471
1588860 1470
1588870 1470
1588880 1469
1588890 1470
1588900 1470
1588910 1471
1588920 1474
1588930 1474
1588940 1477
1588950 1479
1588960 1481
1588970 1481
1588980 1482
1588990 1483
1589000 1483
1589010 1485
1589020 1488
1589030 1484
1589040 1487
1589050 1487
1589060 1487
1589070 1487
1589080 1487
1589090 1487
1589100 1488
1589110 1489
1589120 1489
1589130 1491
1589140 1493
1589150 1493
1589160 1494
1589170 1493
1589180 1493
1589190 1492
1589200 1490
1589210 1490
1589220 1489
1589230 1487
1589240 1487
1589250 1485
1589260 1482
1589270 1482
1589280 1481
1589290 1480
1589300 1480
1589310 1477
1589320 1475
1589330 1475
1589340 1472
1589350 1471
1589360 1471
1589370 1471
1589380 1469
1589390 1468
1589400 1468
1589410 1466
1589420 1464
1589430 1464
1589440 1461
1589450 1458
1589460 1458
1589470 1456
1589480 1456
1589490 1456
1589500 1456
1589510 1456
1589520 1456
1589530 1456
1589540 1456
1589550 1456
1589560 1457
1589570 1459
1589580 1459
1589590 1460
1589600 1462
1589610 1462
1589620 1462
1589630 1462
1589640 1462
1589650 1463
1589660 1465
1589670 1465
1589680 1466
1589690 1466
1589700 1466
1589710 1465
1589720 1465
1589730 1465
1589740 1468
1589750 1470
1589760 1470
1589770 1471
1589780 1471
1589790 1469
1589800 1469
1589810 1469
1589820 1470
1589830 1470
1589840 1472
1589850 1474
1589860 1474
1589870 1476
1589880 1480
1589890 1480
1589900 1487
1589910 1495
1589920 1495
1589930 1502
1589940 1506
1589950 1506
1589960 1510
1589970 1511
1589980 1511
1589990 1510
1590000 1509
1590010 1509
1590020 1510
1590030 1512
1590040 1512
1590050 1515
1590060 1520
1590070 1520
1590080 1523
1590090 1524
1590100 1524
1590110 1528
1590120 1532
1590130 1532
1590140 1534
1590150 1537
1590160 1537
1590170 1540
1590180 1539
1590190 1539
1590200 1541
1590210 1548
1590220 1556
1590230 1556
1590240 1554
1590250 1561
1590260 1561
1590270 1565
1590280 1562
1590290 1562
1590300 1560
1590310 1563
1590320 1563
1590330 1566
1590340 1567
1590350 1567
1590360 1567
1590370 1568
1590380 1568
1590390 1569
1590400 1570
1590410 1570
1590420 1570
1590430 1571
1590440 1571
1590450 1572
1590460 1572
1590470 1572
1590480 1572
1590490 1574
1590500 1574
1590510 1574
1590520 1569
1590530 1569
1590540 1562
1590550 1553
1590560 1553
1590570 1544
1590580 1536
1590590 1536
1590600 1527
1590610 1517
1590620 1509
1590630 1509
1590640 1501
1590650 1495
1590660 1495
1590670 1489
1590680 1482
1590690 1482
1590700 1476
1590710 1470
1590720 1470
1590730 1464
1590740 1459
1590750 1459
1590760 1453
1590770 1447
1590780 1447
1590790 1442
1590800 1437
1590810 1437
1590820 1431
1590830 1425
1590840 1425
1590850 1420
1590860 1415
1590870 1415
1590880 1409
1590890 1404
1590900 1404
1590910 1400
1590920 1397
1590930 1397
1590940 1395
1590950 1392
1590960 1392
1590970 1390
1590980 1390
1590990 1390
1591000 1393
1591010 1398
1591020 1398
1591030 1403
1591040 1408
1591050 1413
1591060 1413
1591070 1418
1591080 1423
1591090 1423
1591100 1427
1591110 1431
1591120 1431
1591130 1434
1591140 1438
1591150 1438
1591160 1442
1591170 1446
1591180 1446
1591190 1449
1591200 1451
1591210 1451
1591220 1452
1591230 1454
1591240 1454
1591250 1456
1591260 1458
1591270 1458
1591280 1460
1591290 1461
1591300 1461
1591310 1463
1591320 1466
1591330 1466
1591340 1469
1591350 1472
1591360 1472
1591370 1474
1591380 1477
1591390 1477
1591400 1479
1591410 1480
1591420 1480
1591430 1481
1591440 1482
1591450 1485
1591460 1485
1591470 1485
1591480 1484
1591490 1484
1591500 1484
1591510 1485
1591520 1485
1591530 1488
1591540 1490
1591550 1490
1591560 1493
1591570 1495
1591580 1495
1591590 1498
1591600 1500
1591610 1500
1591620 1502
1591630 1504
1591640 1504
1591650 1506
1591660 1507
1591670 1507
1591680 1507
1591690 1507
1591700 1507
1591710 1507
1591720 1505
1591730 1505
1591740 1505
1591750 1505
1591760 1505
1591770 1504
1591780 1498
1591790 1498
1591800 1488
1591810 1475
1591820 1475
1591830 1464
1591840 1456
1591850 1456
1591860 1447
1591870 1437
1591880 1429
1591890 1429
1591900 1421
1591910 1414
1591920 1414
1591930 1406
1591940 1397
1591950 1397
1591960 1387
1591970 1377
1591980 1377
1591990 1369
1592000 1360
1592010 1360
1592020 1351
1592030 1344
1592040 1344
1592050 1338
1592060 1333
1592070 1333
1592080 1329
1592090 1326
1592100 1326
1592110 1320
1592120 1311
1592130 1311
1592140 1299
1592150 1291
1592160 1291
1592170 1287
1592180 1280
1592190 1280
1592200 1271
1592210 1260
1592220 1260
1592230 1252
1592240 1243
1592250 1243
1592260 1232
1592270 1223
1592280 1214
1592290 1214
1592300 1208
1592310 1204
1592320 1204
1592330 1203
1592340 1205
1592350 1205
1592360 1207
1592370 1209
1592380 1209
1592390 1214
1592400 1222
1592410 1222
1592420 1227
1592430 1226
1592440 1226
1592450 1228
1592460 1229
1592470 1229
1592480 1231
1592490 1234
1592500 1234
1592510 1236
1592520 1241
1592530 1241
1592540 1245
1592550 1248
1592560 1248
1592570 1250
1592580 1254
1592590 1254
1592600 1257
1592610 1261
1592620 1261
1592630 1266
1592640 1272
1592650 1272
1592660 1279
1592670 1286
1592680 1286
1592690 1296
1592700 1318
1592710 1334
1592720 1334
1592730 1339
1592740 1343
1592750 1343
1592760 1348
1592770 1351
1592780 1351
1592790 1351
1592800 1349
1592810 1349
1592820 1347
1592830 1348
1592840 1348
1592850 1349
1592860 1351
1592870 1351
1592880 1353
1592890 1355
1592900 1355
1592910 1357
1592920 1357
1592930 1357
1592940 1358
1592950 1357
1592960 1357
1592970 1354
1592980 1351
1592990 1351
1593000 1349
1593010 1347
1593020 1347
1593030 1344
1593040 1340
1593050 1340
1593060 1338
1593070 1337
1593080 1337
1593090 1336
1593100 1335
1593110 1335
1593120 1335
1593130 1334
1593140 1333
1593150 1333
1593160 1332
1593170 1331
1593180 1331
1593190 1330
1593200 1331
1593210 1331
1593220 1333
1593230 1333
1593240 1333
1593250 1331
1593260 1329
1593270 1329
1593280 1327
1593290 1326
1593300 1326
1593310 1325
1593320 1324
1593330 1324
1593340 1322
1593350 1319
1593360 1319
1593370 1316
1593380 1313
1593390 1313
1593400 1310
1593410 1309
1593420 1309
1593430 1309
1593440 1308
1593450 1308
1593460 1307
1593470 1305
1593480 1305
1593490 1304
1593500 1304
1593510 1304
1593520 1305
1593530 1305
1593540 1302
1593550 1302
1593560 1299
1593570 1297
1593580 1297
1593590 1297
1593600 1297
1593610 1297
1593620 1297
1593630 1298
1593640 1298
1593650 1299
1593660 1299
1593670 1299
1593680 1299
1593690 1299
1593700 1299
1593710 1299
1593720 1298
1593730 1298
1593740 1297
1593750 1296
1593760 1296
1593770 1294
1593780 1291
1593790 1291
1593800 1288
1593810 1284
1593820 1285
1593830 1282
1593840 1278
1593850 1278
1593860 1276
1593870 1274
1593880 1274
1593890 1272
1593900 1269
1593910 1269
1593920 1265
1593930 1263
1593940 1260
1593950 1260
1593960 1257
1593970 1254
1593980 1254
1593990 1251
1594000 1248
1594010 1248
1594020 1245
1594030 1242
1594040 1242
1594050 1239
1594060 1236
1594070 1236
1594080 1232
1594090 1228
1594100 1228
1594110 1223
1594120 1217
1594130 1217
1594140 1211
1594150 1205
1594160 1205
1594170 1198
1594180 1192
1594190 1192
1594200 1184
1594210 1177
1594220 1177
1594230 1171
1594240 1164
1594250 1164
1594260 1157
1594270 1152
1594280 1152
1594290 1145
1594300 1139
1594310 1139
1594320 1133
1594330 1127
1594340 1127
1594350 1119
1594360 1110
1594370 1100
1594380 1100
1594390 1088
1594400 1082
1594410 1082
1594420 1080
1594430 1078
1594440 1078
1594450 1076
1594460 1076
1594470 1076
1594480 1075
1594490 1072
1594500 1072
1594510 1064
1594520 1053
1594530 1053
1594540 1036
1594550 991
1594560 991
1594570 950
1594580 927
1594590 927
1594600 909
1594610 899
1594620 899
1594630 888
1594640 879
1594650 879
1594660 872
1594670 866
1594680 866
1594690 859
1594700 852
1594710 852
1594720 845
1594730 839
1594740 839
1594750 833
1594760 827
1594770 821
1594780 821
1594790 815
1594800 810
1594810 810
1594820 806
1594830 801
1594840 801
1594850 797
1594860 793
1594870 793
1594880 787
1594890 781
1594900 781
1594910 774
1594920 768
1594930 768
1594940 763
1594950 760
1594960 760
1594970 755
1594980 748
1594990 750
1595000 745
1595010 740
1595020 740
1595030 736
1595040 733
1595050 733
1595060 729
1595070 724
1595080 724
1595090 718
1595100 713
1595110 713
1595120 708
1595130 705
1595140 705
1595150 702
1595160 702
1595170 702
1595180 706
1595190 706
1595200 704
1595210 704
1595220 700
1595230 698
1595240 698
1595250 697
1595260 696
1595270 696
1595280 692
1595290 691
1595300 691
1595310 691
1595320 691
1595330 691
1595340 691
1595350 691
1595360 691
1595370 690
1595380 690
1595390 690
1595400 689
1595410 688
1595420 688
1595430 689
1595440 690
1595450 690
1595460 690
1595470 690
1595480 690
1595490 690
1595500 691
1595510 691
1595520 691
1595530 690
1595540 690
1595550 690
1595560 690
1595570 690
1595580 690
1595590 690
1595600 690
1595610 690
1595620 690
1595630 690
1595640 690
1595650 690
1595660 690
1595670 690
1595680 689
1595690 690
1595700 690
1595710 691
1595720 691
1595730 691
1595740 691
1595750 691
1595760 691
1595770 692
1595780 692
1595790 692
1595800 692
1595810 693
1595820 693
1595830 693
1595840 693
1595850 693
1595860 694
1595870 695
1595880 695
1595890 697
1595900 700
1595910 700
1595920 703
1595930 706
1595940 706
1595950 708
1595960 708
1595970 708
1595980 709
1595990 711
1596000 711
1596010 715
1596020 718
1596030 720
1596040 720
1596050 722
1596060 725
1596070 725
1596080 727
1596090 728
1596100 728
1596110 729
1596120 730
1596130 730
1596140 726
1596150 727
1596160 727
1596170 728
1596180 730
1596190 730
1596200 734
1596210 737
1596220 737
1596230 740
1596240 743
1596250 743
1596260 748
1596270 752
1596280 752
1596290 757
1596300 764
1596310 764
1596320 771
1596330 780
1596340 780
1596350 789
1596360 798
1596370 798
1596380 805
1596390 813
1596400 813
1596410 822
1596420 828
1596430 831
1596440 831
1596450 834
1596460 838
1596470 838
1596480 842
1596490 848
1596500 848
1596510 853
1596520 856
1596530 856
1596540 857
1596550 862
1596560 862
1596570 867
1596580 870
1596590 870
1596600 872
1596610 875
1596620 875
1596630 878
1596640 881
1596650 881
1596660 885
1596670 887
1596680 887
1596690 890
1596700 892
1596710 892
1596720 894
1596730 897
1596740 897
1596750 900
1596760 904
1596770 904
1596780 908
1596790 912
1596800 912
1596810 915
1596820 918
1596830 918
1596840 921
1596850 925
1596860 928
1596870 928
1596880 933
1596890 937
1596900 937
1596910 942
1596920 946
1596930 946
1596940 948
1596950 952
1596960 952
1596970 957
1596980 963
1596990 963
1597000 969
1597010 974
1597020 974
1597030 979
1597040 984
1597050 984
1597060 987
1597070 991
1597080 991
1597090 996
1597100 1000
1597110 1000
1597120 1003
1597130 1003
1597140 1003
1597150 1003
1597160 1001
1597170 1001
1597180 999
1597190 997
1597200 997
1597210 995
1597220 992
1597230 992
1597240 991
1597250 990
1597260 990
1597270 990
1597280 991
1597290 990
1597300 990
1597310 991
1597320 993
1597330 993
1597340 994
1597350 994
1597360 994
1597370 993
1597380 991
1597390 991
1597400 988
1597410 985
1597420 985
1597430 982
1597440 981
1597450 981
1597460 982
1597470 981
1597480 981
1597490 981
1597500 982
1597510 982
1597520 985
1597530 988
1597540 988
1597550 990
1597560 991
1597570 991
1597580 992
1597590 992
1597600 992
1597610 992
1597620 992
1597630 992
1597640 991
1597650 991
1597660 991
1597670 991
1597680 991
1597690 991
1597700 991
1597710 991
1597720 991
1597730 991
1597740 990
1597750 990
1597760 990
1597770 989
1597780 988
1597790 988
1597800 987
1597810 986
1597820 986
1597830 984
1597840 983
1597850 983
1597860 981
1597870 979
1597880 979
1597890 977
1597900 975
1597910 975
1597920 972
1597930 970
1597940 970
1597950 968
1597960 967
1597970 967
1597980 967
1597990 966
1598000 966
1598010 964
1598020 961
1598030 961
1598040 957
1598050 952
1598060 952
1598070 946
1598080 941
1598090 935
1598100 935
1598110 929
1598120 927
1598130 927
1598140 932
1598150 943
1598160 943
1598170 954
1598180 969
1598190 969
1598200 980
1598210 994
1598220 994
1598230 1003
1598240 1010
1598250 1010
1598260 1016
1598270 1022
1598280 1022
1598290 1028
1598300 1035
1598310 1035
1598320 1039
1598330 1045
1598340 1045
1598350 1051
1598360 1057
1598370 1057
1598380 1062
1598390 1068
1598400 1068
1598410 1072
1598420 1076
1598430 1076
1598440 1081
1598450 1086
1598460 1086
1598470 1091
1598480 1096
1598490 1096
1598500 1100
1598510 1105
1598520 1109
1598530 1109
1598540 1114
1598550 1118
1598560 1118
1598570 1123
1598580 1127
1598590 1127
1598600 1130
1598610 1134
1598620 1134
1598630 1138
1598640 1141
1598650 1141
1598660 1144
1598670 1148
1598680 1148
1598690 1151
1598700 1153
1598710 1153
1598720 1157
1598730 1161
1598740 1161
1598750 1166
1598760 1171
1598770 1171
1598780 1175
1598790 1178
1598800 1178
1598810 1181
1598820 1184
1598830 1184
1598840 1187
1598850 1191
1598860 1191
1598870 1194
1598880 1198
1598890 1198
1598900 1201
1598910 1202
1598920 1204
1598930 1204
1598940 1205
1598950 1205
1598960 1205
1598970 1207
1598980 1210
1598990 1210
1599000 1214
1599010 1218
1599020 1218
1599030 1221
1599040 1224
1599050 1224
1599060 1226
1599070 1228
1599080 1228
1599090 1230
1599100 1230
1599110 1230
1599120 1231
1599130 1234
1599140 1234
1599150 1236
1599160 1239
1599170 1239
1599180 1242
1599190 1244
1599200 1244
1599210 1245
1599220 1245
1599230 1245
1599240 1247
1599250 1250
1599260 1250
1599270 1253
1599280 1256
1599290 1256
1599300 1258
1599310 1259
1599320 1259
1599330 1259
1599340 1260
1599350 1262
1599360 1262
1599370 1264
1599380 1265
1599390 1265
1599400 1263
1599410 1260
1599420 1260
1599430 1258
1599440 1257
1599450 1257
1599460 1256
1599470 1252
1599480 1252
1599490 1248
1599500 1245
1599510 1245
1599520 1244
1599530 1243
1599540 1249
1599550 1251
1599560 1248
1599570 1248
1599580 1246
1599590 1244
1599600 1244
1599610 1243
1599620 1243
1599630 1243
1599640 1245
1599650 1247
1599660 1247
1599670 1247
1599680 1247
1599690 1247
1599700 1247
1599710 1246
1599720 1246
1599730 1247
1599740 1248
1599750 1248
1599760 1248
1599770 1250
1599780 1252
1599790 1252
1599800 1253
1599810 1254
1599820 1254
1599830 1254
1599840 1255
1599850 1255
1599860 1256
1599870 1256
1599880 1256
1599890 1257
1599900 1258
1599910 1258
1599920 1255
1599930 1255
1599940 1255
1599950 1258
1599960 1261
1599970 1261
1599980 1262
1599990 1261
