1580000 1682
1580010 1682
1580020 1693
1580030 1699
1580040 1699
1580050 1706
1580060 1713
1580070 1713
1580080 1720
1580090 1727
1580100 1727
1580110 1733
1580120 1732
1580130 1732
1580140 1727
1580150 1720
1580160 1720
1580170 1713
1580180 1707
1580190 1707
1580200 1701
1580210 1698
1580220 1698
1580230 1695
1580240 1695
1580250 1695
1580260 1692
1580270 1684
1580280 1684
1580290 1678
1580300 1671
1580310 1671
1580320 1666
1580330 1662
1580340 1657
1580350 1657
1580360 1654
1580370 1651
1580380 1651
1580390 1648
1580400 1644
1580410 1644
1580420 1640
1580430 1639
1580440 1639
1580450 1637
1580460 1634
1580470 1634
1580480 1633
1580490 1634
1580500 1634
1580510 1635
1580520 1637
1580530 1637
1580540 1640
1580550 1644
1580560 1644
1580570 1647
1580580 1650
1580590 1650
1580600 1652
1580610 1655
1580620 1655
1580630 1660
1580640 1667
1580650 1667
1580660 1672
1580670 1675
1580680 1675
1580690 1675
1580700 1677
1580710 1677
1580720 1680
1580730 1684
1580740 1684
1580750 1689
1580760 1691
1580770 1693
1580780 1693
1580790 1695
1580800 1697
1580810 1697
1580820 1697
1580830 1695
1580840 1695
1580850 1692
1580860 1687
1580870 1687
1580880 1683
1580890 1684
1580900 1684
1580910 1688
1580920 1693
1580930 1693
1580940 1698
1580950 1703
1580960 1703
1580970 1709
1580980 1714
1580990 1714
1581000 1720
1581010 1726
1581020 1726
1581030 1732
1581040 1740
1581050 1740
1581060 1756
1581070 1774
1581080 1774
1581090 1790
1581100 1802
1581110 1802
1581120 1819
1581130 1828
1581140 1828
1581150 1835
1581160 1843
1581170 1843
1581180 1851
1581190 1859
1581200 1867
1581210 1867
1581220 1874
1581230 1882
1581240 1882
1581250 1889
1581260 1897
1581270 1897
1581280 1904
1581290 1912
1581300 1912
1581310 1917
1581320 1917
1581330 1917
1581340 1911
1581350 1903
1581360 1903
1581370 1896
1581380 1887
1581390 1887
1581400 1879
1581410 1870
1581420 1870
1581430 1862
1581440 1854
1581450 1854
1581460 1845
1581470 1834
1581480 1834
1581490 1825
1581500 1816
1581510 1816
1581520 1804
1581530 1794
1581540 1794
1581550 1785
1581560 1777
1581570 1777
1581580 1768
1581590 1757
1581600 1746
1581610 1746
1581620 1737
1581630 1730
1581640 1730
1581650 1723
1581660 1716
1581670 1716
1581680 1710
1581690 1705
1581700 1705
1581710 1699
1581720 1694
1581730 1694
1581740 1689
1581750 1684
1581760 1684
1581770 1679
1581780 1674
1581790 1674
1581800 1669
1581810 1665
1581820 1665
1581830 1662
1581840 1660
1581850 1660
1581860 1658
1581870 1657
1581880 1657
1581890 1658
1581900 1656
1581910 1656
1581920 1651
1581930 1645
1581940 1645
1581950 1638
1581960 1633
1581970 1633
1581980 1629
1581990 1626
1582000 1626
1582010 1624
1582020 1623
1582030 1621
1582040 1621
1582050 1619
1582060 1617
1582070 1617
1582080 1614
1582090 1611
1582100 1611
1582110 1607
1582120 1604
1582130 1604
1582140 1604
1582150 1604
1582160 1604
1582170 1600
1582180 1593
1582190 1593
1582200 1587
1582210 1580
1582220 1580
1582230 1575
1582240 1572
1582250 1572
1582260 1572
1582270 1575
1582280 1575
1582290 1578
1582300 1580
1582310 1580
1582320 1577
1582330 1575
1582340 1575
1582350 1575
1582360 1577
1582370 1577
1582380 1581
1582390 1585
1582400 1585
1582410 1589
1582420 1589
1582430 1589
1582440 1591
1582450 1594
1582460 1598
1582470 1598
1582480 1604
1582490 1607
1582500 1607
1582510 1611
1582520 1614
1582530 1614
1582540 1618
1582550 1621
1582560 1621
1582570 1624
1582580 1628
1582590 1628
1582600 1633
1582610 1639
1582620 1639
1582630 1643
1582640 1647
1582650 1647
1582660 1652
1582670 1656
1582680 1656
1582690 1658
1582700 1660
1582710 1660
1582720 1663
1582730 1665
1582740 1665
1582750 1670
1582760 1677
1582770 1677
1582780 1686
1582790 1691
1582800 1691
1582810 1694
1582820 1697
1582830 1697
1582840 1704
1582850 1716
1582860 1716
1582870 1733
1582880 1741
1582890 1750
1582900 1750
1582910 1758
1582920 1767
1582930 1767
1582940 1777
1582950 1784
1582960 1784
1582970 1780
1582980 1765
1582990 1765
1583000 1752
1583010 1740
1583020 1740
1583030 1730
1583040 1721
1583050 1721
1583060 1714
1583070 1707
1583080 1707
1583090 1701
1583100 1694
1583110 1694
1583120 1687
1583130 1682
1583140 1682
1583150 1678
1583160 1675
1583170 1675
1583180 1673
1583190 1671
1583200 1671
1583210 1673
1583220 1677
1583230 1677
1583240 1679
1583250 1678
1583260 1678
1583270 1675
1583280 1669
1583290 1669
1583300 1663
1583310 1658
1583320 1655
1583330 1655
1583340 1652
1583350 1649
1583360 1649
1583370 1647
1583380 1644
1583390 1644
1583400 1641
1583410 1641
1583420 1641
1583430 1644
1583440 1647
1583450 1647
1583460 1652
1583470 1656
1583480 1656
1583490 1659
1583500 1658
1583510 1658
1583520 1656
1583530 1656
1583540 1656
1583550 1658
1583560 1659
1583570 1659
1583580 1659
1583590 1658
1583600 1658
1583610 1660
1583620 1661
1583630 1661
1583640 1661
1583650 1661
1583660 1661
1583670 1663
1583680 1665
1583690 1665
1583700 1671
1583710 1677
1583720 1677
1583730 1683
1583740 1688
1583750 1694
1583760 1694
1583770 1700
1583780 1706
1583790 1706
1583800 1713
1583810 1719
1583820 1719
1583830 1726
1583840 1733
1583850 1733
1583860 1740
1583870 1749
1583880 1749
1583890 1758
1583900 1766
1583910 1766
1583920 1773
1583930 1785
1583940 1785
1583950 1800
1583960 1816
1583970 1816
1583980 1836
1583990 1845
1584000 1845
1584010 1852
1584020 1860
1584030 1860
1584040 1868
1584050 1878
1584060 1878
1584070 1889
1584080 1898
1584090 1898
1584100 1908
1584110 1920
1584120 1920
1584130 1930
1584140 1935
1584150 1935
1584160 1940
1584170 1943
1584180 1948
1584190 1948
1584200 1952
1584210 1957
1584220 1957
1584230 1965
1584240 1972
1584250 1972
1584260 1980
1584270 1988
1584280 1988
1584290 1996
1584300 2004
1584310 2004
1584320 2014
1584330 2025
1584340 2025
1584350 2035
1584360 2045
1584370 2045
1584380 2052
1584390 2051
1584400 2051
1584410 2049
1584420 2050
1584430 2050
1584440 2052
1584450 2054
1584460 2054
1584470 2057
1584480 2059
1584490 2059
1584500 2061
1584510 2063
1584520 2063
1584530 2066
1584540 2068
1584550 2068
1584560 2071
1584570 2073
1584580 2073
1584590 2076
1584600 2078
1584610 2081
1584620 2081
1584630 2084
1584640 2087
1584650 2087
1584660 2091
1584670 2094
1584680 2094
1584690 2097
1584700 2100
1584710 2100
1584720 2103
1584730 2105
1584740 2105
1584750 2108
1584760 2110
1584770 2110
1584780 2112
1584790 2113
1584800 2113
1584810 2114
1584820 2114
1584830 2114
1584840 2116
1584850 2118
1584860 2118
1584870 2119
1584880 2120
1584890 2120
1584900 2121
1584910 2123
1584920 2123
1584930 2124
1584940 2126
1584950 2126
1584960 2128
1584970 2130
1584980 2130
1584990 2132
1585000 2136
1585010 2132
1585020 2136
1585030 2139
1585040 2143
1585050 2143
1585060 2147
1585070 2150
1585080 2150
1585090 2153
1585100 2155
1585110 2155
1585120 2155
1585130 2154
1585140 2154
1585150 2154
1585160 2157
1585170 2157
1585180 2159
1585190 2160
1585200 2160
1585210 2161
1585220 2163
1585230 2163
1585240 2164
1585250 2165
1585260 2165
1585270 2166
1585280 2166
1585290 2166
1585300 2166
1585310 2162
1585320 2162
1585330 2158
1585340 2154
1585350 2154
1585360 2150
1585370 2146
1585380 2146
1585390 2144
1585400 2143
1585410 2143
1585420 2143
1585430 2138
1585440 2138
1585450 2133
1585460 2128
1585470 2124
1585480 2124
1585490 2119
1585500 2113
1585510 2113
1585520 2105
1585530 2097
1585540 2097
1585550 2094
1585560 2098
1585570 2098
1585580 2104
1585590 2110
1585600 2110
1585610 2117
1585620 2128
1585630 2128
1585640 2138
1585650 2146
1585660 2146
1585670 2152
1585680 2157
1585690 2157
1585700 2161
1585710 2164
1585720 2164
1585730 2166
1585740 2168
1585750 2168
1585760 2170
1585770 2170
1585780 2170
1585790 2168
1585800 2162
1585810 2162
1585820 2151
1585830 2139
1585840 2139
1585850 2127
1585860 2113
1585870 2113
1585880 2104
1585890 2096
1585900 2081
1585910 2081
1585920 2068
1585930 2062
1585940 2062
1585950 2057
1585960 2053
1585970 2053
1585980 2048
1585990 2032
1586000 2032
1586010 2016
1586020 2008
1586030 2008
1586040 2004
1586050 2002
1586060 2002
1586070 2004
1586080 2002
1586090 2002
1586100 2000
1586110 1996
1586120 1996
1586130 2003
1586140 2020
1586150 2020
1586160 2025
1586170 2026
1586180 2026
1586190 2024
1586200 2018
1586210 2018
1586220 2012
1586230 2006
1586240 2006
1586250 2001
1586260 1995
1586270 1995
1586280 1983
1586290 1978
1586300 1978
1586310 1974
1586320 1975
1586330 1979
1586340 1979
1586350 1979
1586360 1978
1586370 1978
1586380 1972
1586390 1960
1586400 1960
1586410 1944
1586420 1936
1586430 1936
1586440 1929
1586450 1921
1586460 1921
1586470 1912
1586480 1903
1586490 1903
1586500 1889
1586510 1871
1586520 1871
1586530 1855
1586540 1845
1586550 1845
1586560 1837
1586570 1829
1586580 1829
1586590 1822
1586600 1814
1586610 1814
1586620 1807
1586630 1800
1586640 1800
1586650 1793
1586660 1786
1586670 1786
1586680 1778
1586690 1771
1586700 1771
1586710 1764
1586720 1759
1586730 1759
1586740 1753
1586750 1748
1586760 1743
1586770 1743
1586780 1738
1586790 1732
1586800 1732
1586810 1726
1586820 1721
1586830 1721
1586840 1718
1586850 1715
1586860 1715
1586870 1713
1586880 1714
1586890 1714
1586900 1715
1586910 1718
1586920 1718
1586930 1726
1586940 1736
1586950 1736
1586960 1740
1586970 1744
1586980 1744
1586990 1748
1587000 1753
1587010 1753
1587020 1759
1587030 1765
1587040 1765
1587050 1770
1587060 1776
1587070 1776
1587080 1783
1587090 1793
1587100 1793
1587110 1806
1587120 1818
1587130 1818
1587140 1828
1587150 1834
1587160 1837
1587170 1837
1587180 1840
1587190 1846
1587200 1846
1587210 1855
1587220 1863
1587230 1863
1587240 1869
1587250 1878
1587260 1878
1587270 1888
1587280 1891
1587290 1891
1587300 1893
1587310 1896
1587320 1896
1587330 1901
1587340 1908
1587350 1908
1587360 1913
1587370 1915
1587380 1915
1587390 1917
1587400 1920
1587410 1920
1587420 1924
1587430 1930
1587440 1930
1587450 1935
1587460 1939
1587470 1939
1587480 1942
1587490 1946
1587500 1946
1587510 1948
1587520 1952
1587530 1945
1587540 1949
1587550 1954
1587560 1954
1587570 1959
1587580 1964
1587590 1969
1587600 1969
1587610 1972
1587620 1976
1587630 1976
1587640 1980
1587650 1986
1587660 1986
1587670 1992
1587680 1997
1587690 1997
1587700 2001
1587710 2008
1587720 2008
1587730 2014
1587740 2016
1587750 2016
1587760 2014
1587770 2010
1587780 2010
1587790 2005
1587800 2001
1587810 2001
1587820 1997
1587830 1992
1587840 1992
1587850 1987
1587860 1982
1587870 1982
1587880 1977
1587890 1974
1587900 1974
1587910 1970
1587920 1967
1587930 1967
1587940 1964
1587950 1960
1587960 1960
1587970 1955
1587980 1952
1587990 1952
1588000 1951
1588010 1953
1588020 1956
1588030 1956
1588040 1959
1588050 1962
1588060 1962
1588070 1965
1588080 1968
1588090 1968
1588100 1972
1588110 1975
1588120 1975
1588130 1978
1588140 1981
1588150 1981
1588160 1983
1588170 1977
1588180 1977
1588190 1964
1588200 1953
1588210 1953
1588220 1942
1588230 1933
1588240 1933
1588250 1924
1588260 1913
1588270 1913
1588280 1904
1588290 1893
1588300 1893
1588310 1885
1588320 1876
1588330 1876
1588340 1862
1588350 1847
1588360 1847
1588370 1832
1588380 1815
1588390 1815
1588400 1798
1588410 1783
1588420 1783
1588430 1778
1588440 1780
1588450 1775
1588460 1775
1588470 1760
1588480 1748
1588490 1748
1588500 1739
1588510 1727
1588520 1727
1588530 1718
1588540 1712
1588550 1712
1588560 1705
1588570 1699
1588580 1699
1588590 1693
1588600 1687
1588610 1687
1588620 1680
1588630 1675
1588640 1675
1588650 1672
1588660 1670
1588670 1670
1588680 1668
1588690 1667
1588700 1667
1588710 1668
1588720 1672
1588730 1672
1588740 1673
1588750 1671
1588760 1671
1588770 1667
1588780 1668
1588790 1668
1588800 1672
1588810 1678
1588820 1678
1588830 1684
1588840 1691
1588850 1691
1588860 1697
1588870 1703
1588880 1708
1588890 1708
1588900 1713
1588910 1717
1588920 1717
1588930 1718
1588940 1716
1588950 1716
1588960 1713
1588970 1710
1588980 1710
1588990 1707
1589000 1703
1589010 1703
1589020 1701
1589030 1700
1589040 1700
1589050 1700
1589060 1700
1589070 1700
1589080 1700
1589090 1701
1589100 1701
1589110 1701
1589120 1701
1589130 1701
1589140 1701
1589150 1702
1589160 1702
1589170 1702
1589180 1701
1589190 1701
1589200 1701
1589210 1702
1589220 1702
1589230 1702
1589240 1702
1589250 1702
1589260 1703
1589270 1704
1589280 1704
1589290 1705
1589300 1706
1589310 1707
1589320 1707
1589330 1708
1589340 1708
1589350 1708
1589360 1708
1589370 1707
1589380 1707
1589390 1706
1589400 1703
1589410 1703
1589420 1701
1589430 1697
1589440 1697
1589450 1691
1589460 1686
1589470 1686
1589480 1683
1589490 1680
1589500 1680
1589510 1674
1589520 1657
1589530 1657
1589540 1636
1589550 1624
1589560 1624
1589570 1615
1589580 1607
1589590 1607
1589600 1602
1589610 1598
1589620 1598
1589630 1593
1589640 1589
1589650 1589
1589660 1585
1589670 1581
1589680 1581
1589690 1577
1589700 1574
1589710 1574
1589720 1571
1589730 1568
1589740 1566
1589750 1566
1589760 1564
1589770 1561
1589780 1561
1589790 1557
1589800 1553
1589810 1553
1589820 1549
1589830 1545
1589840 1545
1589850 1541
1589860 1537
1589870 1537
1589880 1532
1589890 1528
1589900 1528
1589910 1524
1589920 1520
1589930 1520
1589940 1515
1589950 1511
1589960 1511
1589970 1508
1589980 1506
1589990 1504
1590000 1502
1590010 1499
1590020 1499
1590030 1496
1590040 1493
1590050 1493
1590060 1493
1590070 1496
1590080 1496
1590090 1499
1590100 1503
1590110 1503
1590120 1507
1590130 1511
1590140 1511
1590150 1515
1590160 1519
1590170 1524
1590180 1524
1590190 1529
1590200 1535
1590210 1535
1590220 1541
1590230 1547
1590240 1547
1590250 1553
1590260 1559
1590270 1559
1590280 1566
1590290 1573
1590300 1573
1590310 1580
1590320 1587
1590330 1587
1590340 1594
1590350 1600
1590360 1600
1590370 1607
1590380 1614
1590390 1614
1590400 1621
1590410 1627
1590420 1627
1590430 1631
1590440 1634
1590450 1634
1590460 1638
1590470 1642
1590480 1642
1590490 1645
1590500 1648
1590510 1648
1590520 1650
1590530 1650
1590540 1650
1590550 1649
1590560 1645
1590570 1645
1590580 1638
1590590 1634
1590600 1633
1590610 1633
1590620 1634
1590630 1635
1590640 1635
1590650 1636
1590660 1636
1590670 1636
1590680 1636
1590690 1635
1590700 1635
1590710 1634
1590720 1632
1590730 1632
1590740 1630
1590750 1628
1590760 1628
1590770 1625
1590780 1622
1590790 1622
1590800 1617
1590810 1611
1590820 1611
1590830 1607
1590840 1602
1590850 1602
1590860 1597
1590870 1593
1590880 1593
1590890 1588
1590900 1584
1590910 1584
1590920 1580
1590930 1575
1590940 1575
1590950 1571
1590960 1566
1590970 1566
1590980 1562
1590990 1558
1591000 1558
1591010 1555
1591020 1552
1591030 1549
1591040 1549
1591050 1546
1591060 1544
1591070 1544
1591080 1541
1591090 1539
1591100 1539
1591110 1537
1591120 1536
1591130 1536
1591140 1533
1591150 1531
1591160 1531
1591170 1528
1591180 1523
1591190 1523
1591200 1515
1591210 1511
1591220 1511
1591230 1506
1591240 1501
1591250 1501
1591260 1497
1591270 1494
1591280 1494
1591290 1493
1591300 1491
1591310 1491
1591320 1487
1591330 1484
1591340 1484
1591350 1484
1591360 1486
1591370 1486
1591380 1487
1591390 1486
1591400 1486
1591410 1484
1591420 1483
1591430 1483
1591440 1480
1591450 1477
1591460 1474
1591470 1474
1591480 1473
1591490 1473
1591500 1473
1591510 1474
1591520 1476
1591530 1476
1591540 1477
1591550 1478
1591560 1478
1591570 1480
1591580 1484
1591590 1484
1591600 1489
1591610 1492
1591620 1492
1591630 1495
1591640 1499
1591650 1499
1591660 1501
1591670 1503
1591680 1503
1591690 1505
1591700 1507
1591710 1507
1591720 1509
1591730 1512
1591740 1512
1591750 1515
1591760 1518
1591770 1518
1591780 1520
1591790 1522
1591800 1522
1591810 1523
1591820 1524
1591830 1524
1591840 1526
1591850 1528
1591860 1528
1591870 1530
1591880 1534
1591890 1537
1591900 1537
1591910 1539
1591920 1541
1591930 1541
1591940 1543
1591950 1544
1591960 1544
1591970 1546
1591980 1549
1591990 1549
1592000 1551
1592010 1554
1592020 1554
1592030 1556
1592040 1559
1592050 1559
1592060 1563
1592070 1566
1592080 1566
1592090 1569
1592100 1574
1592110 1574
1592120 1577
1592130 1579
1592140 1579
1592150 1582
1592160 1585
1592170 1585
1592180 1588
1592190 1591
1592200 1591
1592210 1594
1592220 1598
1592230 1598
1592240 1601
1592250 1604
1592260 1604
1592270 1605
1592280 1604
1592290 1604
1592300 1603
1592310 1602
1592320 1600
1592330 1600
1592340 1597
1592350 1595
1592360 1595
1592370 1592
1592380 1588
1592390 1588
1592400 1581
1592410 1576
1592420 1576
1592430 1571
1592440 1566
1592450 1566
1592460 1563
1592470 1559
1592480 1559
1592490 1554
1592500 1548
1592510 1548
1592520 1544
1592530 1542
1592540 1542
1592550 1541
1592560 1539
1592570 1539
1592580 1538
1592590 1536
1592600 1536
1592610 1536
1592620 1536
1592630 1536
1592640 1537
1592650 1538
1592660 1538
1592670 1540
1592680 1541
1592690 1541
1592700 1542
1592710 1544
1592720 1544
1592730 1544
1592740 1543
1592750 1541
1592760 1541
1592770 1540
1592780 1539
1592790 1539
1592800 1538
1592810 1538
1592820 1538
1592830 1540
1592840 1542
1592850 1542
1592860 1543
1592870 1546
1592880 1546
1592890 1547
1592900 1547
1592910 1547
1592920 1548
1592930 1549
1592940 1549
1592950 1549
1592960 1550
1592970 1550
1592980 1551
1592990 1552
1593000 1552
1593010 1552
1593020 1554
1593030 1554
1593040 1555
1593050 1556
1593060 1556
1593070 1558
1593080 1560
1593090 1560
1593100 1561
1593110 1561
1593120 1561
1593130 1561
1593140 1559
1593150 1558
1593160 1558
1593170 1558
1593180 1557
1593190 1557
1593200 1556
1593210 1554
1593220 1554
1593230 1551
1593240 1550
1593250 1550
1593260 1549
1593270 1549
1593280 1549
1593290 1548
1593300 1547
1593310 1547
1593320 1547
1593330 1548
1593340 1548
1593350 1547
1593360 1546
1593370 1546
1593380 1547
1593390 1549
1593400 1549
1593410 1550
1593420 1552
1593430 1552
1593440 1555
1593450 1558
1593460 1558
1593470 1561
1593480 1564
1593490 1564
1593500 1567
1593510 1570
1593520 1570
1593530 1573
1593540 1575
1593550 1575
1593560 1577
1593570 1578
1593580 1574
1593590 1574
1593600 1565
1593610 1555
1593620 1555
1593630 1546
1593640 1538
1593650 1538
1593660 1530
1593670 1524
1593680 1524
1593690 1518
1593700 1515
1593710 1515
1593720 1516
1593730 1518
1593740 1518
1593750 1512
1593760 1502
1593770 1502
1593780 1489
1593790 1480
1593800 1480
1593810 1473
1593820 1467
1593830 1467
1593840 1460
1593850 1453
1593860 1453
1593870 1446
1593880 1436
1593890 1436
1593900 1425
1593910 1415
1593920 1415
1593930 1400
1593940 1384
1593950 1384
1593960 1367
1593970 1353
1593980 1353
1593990 1338
1594000 1322
1594010 1306
1594020 1306
1594030 1292
1594040 1283
1594050 1283
1594060 1277
1594070 1271
1594080 1271
1594090 1266
1594100 1259
1594110 1259
1594120 1208
1594130 1173
1594140 1173
1594150 1165
1594160 1157
1594170 1157
1594180 1150
1594190 1143
1594200 1143
1594210 1136
1594220 1130
1594230 1130
1594240 1122
1594250 1112
1594260 1112
1594270 1103
1594280 1093
1594290 1093
1594300 1084
1594310 1075
1594320 1075
1594330 1065
1594340 1053
1594350 1053
1594360 1040
1594370 1027
1594380 1027
1594390 1018
1594400 1011
1594410 1011
1594420 1005
1594430 999
1594440 993
1594450 993
1594460 987
1594470 980
1594480 980
1594490 976
1594500 972
1594510 972
1594520 968
1594530 966
1594540 966
1594550 964
1594560 961
1594570 961
1594580 957
1594590 953
1594600 953
1594610 949
1594620 946
1594630 946
1594640 943
1594650 940
1594660 940
1594670 937
1594680 935
1594690 935
1594700 932
1594710 931
1594720 931
1594730 930
1594740 927
1594750 924
1594760 921
1594770 918
1594780 918
1594790 914
1594800 909
1594810 909
1594820 904
1594830 898
1594840 898
1594850 894
1594860 891
1594870 888
1594880 888
1594890 884
1594900 880
1594910 880
1594920 876
1594930 871
1594940 871
1594950 867
1594960 862
1594970 862
1594980 856
1594990 852
1595000 852
1595010 849
1595020 847
1595030 847
1595040 845
1595050 843
1595060 843
1595070 841
1595080 841
1595090 841
1595100 840
1595110 840
1595120 840
1595130 838
1595140 832
1595150 832
1595160 823
1595170 817
1595180 817
1595190 812
1595200 808
1595210 808
1595220 806
1595230 800
1595240 800
1595250 793
1595260 790
1595270 790
1595280 787
1595290 784
1595300 781
1595310 781
1595320 776
1595330 772
1595340 772
1595350 767
1595360 761
1595370 761
1595380 755
1595390 750
1595400 750
1595410 745
1595420 740
1595430 740
1595440 734
1595450 728
1595460 728
1595470 722
1595480 717
1595490 717
1595500 710
1595510 704
1595520 704
1595530 698
1595540 692
1595550 692
1595560 686
1595570 681
1595580 681
1595590 675
1595600 670
1595610 670
1595620 666
1595630 663
1595640 663
1595650 663
1595660 664
1595670 664
1595680 664
1595690 665
1595700 665
1595710 665
1595720 664
1595730 664
1595740 664
1595750 665
1595760 665
1595770 665
1595780 662
1595790 658
1595800 658
1595810 656
1595820 654
1595830 654
1595840 653
1595850 652
1595860 652
1595870 648
1595880 642
1595890 642
1595900 640
1595910 639
1595920 639
1595930 639
1595940 639
1595950 639
1595960 639
1595970 642
1595980 642
1595990 644
1596000 645
1596010 645
1596020 647
1596030 647
1596040 647
1596050 647
1596060 645
1596070 645
1596080 644
1596090 642
1596100 642
1596110 641
1596120 639
1596130 639
1596140 638
1596150 638
1596160 638
1596170 638
1596180 637
1596190 637
1596200 637
1596210 637
1596220 638
1596230 638
1596240 638
1596250 638
1596260 638
1596270 638
1596280 638
1596290 638
1596300 638
1596310 638
1596320 638
1596330 638
1596340 638
1596350 638
1596360 641
1596370 645
1596380 645
1596390 649
1596400 653
1596410 653
1596420 656
1596430 660
1596440 660
1596450 663
1596460 665
1596470 665
1596480 668
1596490 670
1596500 670
1596510 675
1596520 679
1596530 679
1596540 682
1596550 682
1596560 682
1596570 679
1596580 675
1596590 671
1596600 671
1596610 667
1596620 665
1596630 665
1596640 663
1596650 662
1596660 662
1596670 658
1596680 657
1596690 657
1596700 661
1596710 665
1596720 665
1596730 668
1596740 670
1596750 670
1596760 671
1596770 673
1596780 673
1596790 675
1596800 676
1596810 676
1596820 678
1596830 680
1596840 680
1596850 683
1596860 685
1596870 685
1596880 686
1596890 688
1596900 688
1596910 689
1596920 690
1596930 690
1596940 690
1596950 689
1596960 689
1596970 688
1596980 687
1596990 687
1597000 684
1597010 681
1597020 679
1597030 679
1597040 678
1597050 677
1597060 677
1597070 677
1597080 678
1597090 678
1597100 678
1597110 678
1597120 678
1597130 679
1597140 682
1597150 682
1597160 685
1597170 687
1597180 687
1597190 689
1597200 690
1597210 690
1597220 691
1597230 694
1597240 694
1597250 696
1597260 699
1597270 699
1597280 700
1597290 700
1597300 700
1597310 700
1597320 699
1597330 699
1597340 695
1597350 690
1597360 690
1597370 682
1597380 674
1597390 674
1597400 671
1597410 668
1597420 668
1597430 668
1597440 674
1597450 683
1597460 683
1597470 687
1597480 691
1597490 691
1597500 694
1597510 697
1597520 697
1597530 699
1597540 700
1597550 700
1597560 699
1597570 697
1597580 697
1597590 696
1597600 695
1597610 695
1597620 696
1597630 697
1597640 697
1597650 699
1597660 700
1597670 700
1597680 702
1597690 705
1597700 705
1597710 708
1597720 711
1597730 711
1597740 714
1597750 718
1597760 718
1597770 721
1597780 724
1597790 724
1597800 728
1597810 732
1597820 732
1597830 735
1597840 737
1597850 737
1597860 740
1597870 744
1597880 748
1597890 748
1597900 752
1597910 755
1597920 755
1597930 759
1597940 762
1597950 762
1597960 765
1597970 769
1597980 769
1597990 772
1598000 775
1598010 775
1598020 779
1598030 783
1598040 783
1598050 788
1598060 792
1598070 792
1598080 797
1598090 803
1598100 803
1598110 808
1598120 814
1598130 814
1598140 820
1598150 826
1598160 826
1598170 832
1598180 838
1598190 840
1598200 846
1598210 852
1598220 852
1598230 857
1598240 862
1598250 862
1598260 866
1598270 870
1598280 870
1598290 874
1598300 877
1598310 879
1598320 879
1598330 882
1598340 884
1598350 884
1598360 887
1598370 890
1598380 890
1598390 893
1598400 896
1598410 896
1598420 901
1598430 905
1598440 905
1598450 909
1598460 913
1598470 913
1598480 918
1598490 922
1598500 922
1598510 927
1598520 932
1598530 932
1598540 938
1598550 944
1598560 944
1598570 949
1598580 955
1598590 955
1598600 960
1598610 965
1598620 965
1598630 970
1598640 975
1598650 975
1598660 979
1598670 983
1598680 983
1598690 986
1598700 989
1598710 989
1598720 993
1598730 996
1598740 1000
1598750 1000
1598760 1004
1598770 1009
1598780 1009
1598790 1013
1598800 1017
1598810 1017
1598820 1017
1598830 1018
1598840 1018
1598850 1020
1598860 1021
1598870 1021
1598880 1024
1598890 1027
1598900 1027
1598910 1029
1598920 1031
1598930 1031
1598940 1033
1598950 1035
1598960 1035
1598970 1037
1598980 1039
1598990 1039
1599000 1040
1599010 1042
1599020 1042
1599030 1045
1599040 1048
1599050 1048
1599060 1052
1599070 1055
1599080 1055
1599090 1058
1599100 1060
1599110 1060
1599120 1062
1599130 1062
1599140 1062
1599150 1062
1599160 1061
1599170 1060
1599180 1060
1599190 1060
1599200 1060
1599210 1060
1599220 1061
1599230 1062
1599240 1062
1599250 1065
1599260 1067
1599270 1067
1599280 1070
1599290 1073
1599300 1073
1599310 1075
1599320 1078
1599330 1078
1599340 1081
1599350 1083
1599360 1083
1599370 1084
1599380 1083
1599390 1083
1599400 1083
1599410 1083
1599420 1083
1599430 1084
1599440 1086
1599450 1086
1599460 1085
1599470 1082
1599480 1082
1599490 1075
1599500 1067
1599510 1067
1599520 1060
1599530 1054
1599540 1054
1599550 1048
1599560 1043
1599570 1043
1599580 1040
1599590 1037
1599600 1032
1599610 1032
1599620 1027
1599630 1023
1599640 1023
1599650 1019
1599660 1014
1599670 1014
1599680 1015
1599690 1017
1599700 1017
1599710 1018
1599720 1020
1599730 1020
1599740 1021
1599750 1022
1599760 1022
1599770 1023
1599780 1024
1599790 1024
1599800 1025
1599810 1026
1599820 1026
1599830 1028
1599840 1030
1599850 1030
1599860 1030
1599870 1031
1599880 1031
1599890 1032
1599900 1033
1599910 1033
1599920 1035
1599930 1038
1599940 1038
1599950 1041
1599960 1045
1599970 1045
1599980 1050
1599990 1054
