1580000 1434
1580010 1437
1580020 1437
1580030 1437
1580040 1438
1580050 1438
1580060 1438
1580070 1439
1580080 1439
1580090 1441
1580100 1444
1580110 1444
1580120 1449
1580130 1454
1580140 1454
1580150 1459
1580160 1465
1580170 1465
1580180 1471
1580190 1477
1580200 1477
1580210 1483
1580220 1488
1580230 1488
1580240 1493
1580250 1499
1580260 1505
1580270 1505
1580280 1511
1580290 1516
1580300 1516
1580310 1520
1580320 1523
1580330 1523
1580340 1528
1580350 1534
1580360 1534
1580370 1541
1580380 1547
1580390 1547
1580400 1553
1580410 1560
1580420 1560
1580430 1575
1580440 1590
1580450 1590
1580460 1586
1580470 1587
1580480 1587
1580490 1592
1580500 1601
1580510 1601
1580520 1612
1580530 1619
1580540 1619
1580550 1627
1580560 1635
1580570 1635
1580580 1643
1580590 1642
1580600 1642
1580610 1642
1580620 1645
1580630 1645
1580640 1649
1580650 1655
1580660 1655
1580670 1662
1580680 1669
1580690 1677
1580700 1677
1580710 1690
1580720 1712
1580730 1712
1580740 1730
1580750 1740
1580760 1740
1580770 1750
1580780 1759
1580790 1759
1580800 1765
1580810 1775
1580820 1775
1580830 1781
1580840 1787
1580850 1787
1580860 1794
1580870 1801
1580880 1801
1580890 1810
1580900 1818
1580910 1818
1580920 1824
1580930 1832
1580940 1832
1580950 1840
1580960 1847
1580970 1847
1580980 1854
1580990 1860
1581000 1860
1581010 1863
1581020 1861
1581030 1861
1581040 1859
1581050 1857
1581060 1857
1581070 1854
1581080 1853
1581090 1853
1581100 1851
1581110 1849
1581120 1847
1581130 1847
1581140 1846
1581150 1845
1581160 1845
1581170 1844
1581180 1843
1581190 1843
1581200 1844
1581210 1846
1581220 1846
1581230 1847
1581240 1848
1581250 1848
1581260 1849
1581270 1851
1581280 1851
1581290 1852
1581300 1854
1581310 1854
1581320 1856
1581330 1857
1581340 1857
1581350 1859
1581360 1859
1581370 1859
1581380 1860
1581390 1861
1581400 1861
1581410 1863
1581420 1865
1581430 1865
1581440 1866
1581450 1867
1581460 1867
1581470 1868
1581480 1869
1581490 1869
1581500 1869
1581510 1869
1581520 1869
1581530 1868
1581540 1864
1581550 1856
1581560 1856
1581570 1848
1581580 1840
1581590 1840
1581600 1832
1581610 1822
1581620 1822
1581630 1811
1581640 1800
1581650 1800
1581660 1790
1581670 1780
1581680 1780
1581690 1771
1581700 1762
1581710 1762
1581720 1753
1581730 1744
1581740 1744
1581750 1737
1581760 1730
1581770 1730
1581780 1723
1581790 1715
1581800 1715
1581810 1708
1581820 1701
1581830 1701
1581840 1694
1581850 1688
1581860 1688
1581870 1682
1581880 1677
1581890 1677
1581900 1673
1581910 1670
1581920 1670
1581930 1667
1581940 1666
1581950 1666
1581960 1669
1581970 1668
1581980 1666
1581990 1666
1582000 1669
1582010 1673
1582020 1673
1582030 1677
1582040 1682
1582050 1682
1582060 1687
1582070 1690
1582080 1690
1582090 1688
1582100 1684
1582110 1684
1582120 1680
1582130 1674
1582140 1674
1582150 1663
1582160 1650
1582170 1650
1582180 1641
1582190 1631
1582200 1631
1582210 1620
1582220 1609
1582230 1609
1582240 1589
1582250 1569
1582260 1569
1582270 1562
1582280 1555
1582290 1555
1582300 1548
1582310 1542
1582320 1542
1582330 1537
1582340 1531
1582350 1531
1582360 1525
1582370 1520
1582380 1520
1582390 1518
1582400 1516
1582410 1516
1582420 1516
1582430 1516
1582440 1514
1582450 1514
1582460 1510
1582470 1502
1582480 1502
1582490 1496
1582500 1491
1582510 1491
1582520 1487
1582530 1483
1582540 1483
1582550 1481
1582560 1481
1582570 1481
1582580 1483
1582590 1485
1582600 1485
1582610 1488
1582620 1492
1582630 1492
1582640 1497
1582650 1504
1582660 1504
1582670 1511
1582680 1517
1582690 1517
1582700 1525
1582710 1533
1582720 1533
1582730 1540
1582740 1545
1582750 1545
1582760 1550
1582770 1554
1582780 1554
1582790 1555
1582800 1554
1582810 1554
1582820 1549
1582830 1545
1582840 1545
1582850 1541
1582860 1538
1582870 1535
1582880 1535
1582890 1532
1582900 1531
1582910 1531
1582920 1532
1582930 1532
1582940 1532
1582950 1533
1582960 1533
1582970 1533
1582980 1534
1582990 1536
1583000 1536
1583010 1538
1583020 1541
1583030 1541
1583040 1544
1583050 1547
1583060 1547
1583070 1550
1583080 1552
1583090 1552
1583100 1553
1583110 1553
1583120 1553
1583130 1554
1583140 1555
1583150 1555
1583160 1556
1583170 1556
1583180 1556
1583190 1558
1583200 1559
1583210 1559
1583220 1559
1583230 1557
1583240 1557
1583250 1556
1583260 1556
1583270 1556
1583280 1556
1583290 1557
1583300 1560
1583310 1560
1583320 1564
1583330 1569
1583340 1569
1583350 1574
1583360 1579
1583370 1579
1583380 1584
1583390 1588
1583400 1588
1583410 1592
1583420 1597
1583430 1597
1583440 1599
1583450 1601
1583460 1601
1583470 1603
1583480 1605
1583490 1605
1583500 1607
1583510 1612
1583520 1612
1583530 1616
1583540 1622
1583550 1622
1583560 1628
1583570 1634
1583580 1634
1583590 1639
1583600 1645
1583610 1645
1583620 1650
1583630 1657
1583640 1657
1583650 1665
1583660 1673
1583670 1673
1583680 1681
1583690 1690
1583700 1690
1583710 1702
1583720 1715
1583730 1727
1583740 1727
1583750 1737
1583760 1747
1583770 1747
1583780 1756
1583790 1763
1583800 1763
1583810 1770
1583820 1778
1583830 1778
1583840 1785
1583850 1793
1583860 1793
1583870 1800
1583880 1808
1583890 1808
1583900 1816
1583910 1824
1583920 1824
1583930 1831
1583940 1838
1583950 1838
1583960 1845
1583970 1851
1583980 1853
1583990 1863
1584000 1872
1584010 1872
1584020 1883
1584030 1890
1584040 1890
1584050 1894
1584060 1899
1584070 1899
1584080 1904
1584090 1909
1584100 1909
1584110 1916
1584120 1924
1584130 1924
1584140 1931
1584150 1936
1584160 1941
1584170 1941
1584180 1945
1584190 1948
1584200 1948
1584210 1951
1584220 1954
1584230 1954
1584240 1957
1584250 1960
1584260 1960
1584270 1963
1584280 1965
1584290 1965
1584300 1968
1584310 1971
1584320 1971
1584330 1973
1584340 1975
1584350 1975
1584360 1976
1584370 1977
1584380 1977
1584390 1978
1584400 1977
1584410 1977
1584420 1977
1584430 1975
1584440 1975
1584450 1974
1584460 1974
1584470 1974
1584480 1973
1584490 1973
1584500 1973
1584510 1973
1584520 1973
1584530 1973
1584540 1973
1584550 1973
1584560 1973
1584570 1972
1584580 1971
1584590 1969
1584600 1969
1584610 1965
1584620 1958
1584630 1958
1584640 1950
1584650 1942
1584660 1942
1584670 1937
1584680 1932
1584690 1932
1584700 1923
1584710 1910
1584720 1910
1584730 1895
1584740 1877
1584750 1877
1584760 1864
1584770 1857
1584780 1857
1584790 1850
1584800 1843
1584810 1843
1584820 1837
1584830 1830
1584840 1830
1584850 1825
1584860 1819
1584870 1819
1584880 1814
1584890 1811
1584900 1811
1584910 1808
1584920 1805
1584930 1805
1584940 1802
1584950 1801
1584960 1801
1584970 1801
1584980 1800
1584990 1800
1585000 1800
1585010 1800
1585020 1802
1585030 1802
1585040 1808
1585050 1821
1585060 1821
1585070 1835
1585080 1852
1585090 1852
1585100 1872
1585110 1898
1585120 1898
1585130 1917
1585140 1922
1585150 1922
1585160 1917
1585170 1911
1585180 1911
1585190 1903
1585200 1890
1585210 1890
1585220 1876
1585230 1874
1585240 1874
1585250 1879
1585260 1873
1585270 1873
1585280 1874
1585290 1882
1585300 1882
1585310 1890
1585320 1897
1585330 1897
1585340 1906
1585350 1917
1585360 1917
1585370 1927
1585380 1936
1585390 1936
1585400 1940
1585410 1942
1585420 1942
1585430 1938
1585440 1934
1585450 1937
1585460 1937
1585470 1942
1585480 1948
1585490 1948
1585500 1951
1585510 1952
1585520 1952
1585530 1954
1585540 1953
1585550 1953
1585560 1948
1585570 1948
1585580 1948
1585590 1952
1585600 1955
1585610 1955
1585620 1950
1585630 1939
1585640 1939
1585650 1925
1585660 1912
1585670 1912
1585680 1900
1585690 1888
1585700 1888
1585710 1874
1585720 1860
1585730 1860
1585740 1850
1585750 1831
1585760 1831
1585770 1810
1585780 1798
1585790 1798
1585800 1791
1585810 1782
1585820 1782
1585830 1765
1585840 1746
1585850 1746
1585860 1736
1585870 1727
1585880 1724
1585890 1724
1585900 1720
1585910 1717
1585920 1717
1585930 1714
1585940 1710
1585950 1710
1585960 1706
1585970 1702
1585980 1702
1585990 1698
1586000 1694
1586010 1694
1586020 1690
1586030 1686
1586040 1686
1586050 1685
1586060 1688
1586070 1688
1586080 1689
1586090 1687
1586100 1687
1586110 1682
1586120 1678
1586130 1678
1586140 1677
1586150 1676
1586160 1676
1586170 1675
1586180 1672
1586190 1672
1586200 1670
1586210 1668
1586220 1668
1586230 1665
1586240 1662
1586250 1662
1586260 1659
1586270 1658
1586280 1658
1586290 1659
1586300 1659
1586310 1659
1586320 1659
1586330 1660
1586340 1664
1586350 1664
1586360 1670
1586370 1677
1586380 1677
1586390 1685
1586400 1692
1586410 1692
1586420 1701
1586430 1711
1586440 1711
1586450 1720
1586460 1729
1586470 1729
1586480 1734
1586490 1736
1586500 1736
1586510 1736
1586520 1734
1586530 1734
1586540 1726
1586550 1715
1586560 1715
1586570 1705
1586580 1693
1586590 1693
1586600 1681
1586610 1673
1586620 1673
1586630 1666
1586640 1658
1586650 1658
1586660 1652
1586670 1645
1586680 1645
1586690 1637
1586700 1631
1586710 1631
1586720 1625
1586730 1621
1586740 1617
1586750 1617
1586760 1612
1586770 1609
1586780 1609
1586790 1606
1586800 1602
1586810 1602
1586820 1598
1586830 1595
1586840 1595
1586850 1594
1586860 1594
1586870 1594
1586880 1593
1586890 1592
1586900 1592
1586910 1591
1586920 1590
1586930 1590
1586940 1588
1586950 1588
1586960 1588
1586970 1587
1586980 1584
1586990 1584
1587000 1582
1587010 1580
1587020 1580
1587030 1578
1587040 1575
1587050 1575
1587060 1572
1587070 1569
1587080 1569
1587090 1566
1587100 1566
1587110 1566
1587120 1565
1587130 1563
1587140 1563
1587150 1562
1587160 1562
1587170 1561
1587180 1561
1587190 1561
1587200 1559
1587210 1559
1587220 1556
1587230 1555
1587240 1555
1587250 1555
1587260 1554
1587270 1554
1587280 1553
1587290 1551
1587300 1551
1587310 1549
1587320 1549
1587330 1549
1587340 1552
1587350 1554
1587360 1554
1587370 1556
1587380 1556
1587390 1556
1587400 1557
1587410 1560
1587420 1560
1587430 1562
1587440 1564
1587450 1564
1587460 1567
1587470 1570
1587480 1570
1587490 1573
1587500 1578
1587510 1578
1587520 1581
1587530 1585
1587540 1585
1587550 1589
1587560 1595
1587570 1595
1587580 1602
1587590 1609
1587600 1621
1587610 1621
1587620 1635
1587630 1646
1587640 1646
1587650 1656
1587660 1661
1587670 1661
1587680 1665
1587690 1671
1587700 1671
1587710 1678
1587720 1687
1587730 1687
1587740 1696
1587750 1704
1587760 1704
1587770 1712
1587780 1715
1587790 1715
1587800 1723
1587810 1730
1587820 1730
1587830 1738
1587840 1747
1587850 1747
1587860 1756
1587870 1762
1587880 1762
1587890 1769
1587900 1774
1587910 1774
1587920 1779
1587930 1785
1587940 1785
1587950 1791
1587960 1798
1587970 1798
1587980 1804
1587990 1811
1588000 1811
1588010 1817
1588020 1824
1588030 1831
1588040 1831
1588050 1837
1588060 1843
1588070 1843
1588080 1849
1588090 1854
1588100 1854
1588110 1858
1588120 1861
1588130 1861
1588140 1864
1588150 1867
1588160 1867
1588170 1870
1588180 1873
1588190 1873
1588200 1875
1588210 1878
1588220 1878
1588230 1880
1588240 1883
1588250 1883
1588260 1885
1588270 1887
1588280 1887
1588290 1889
1588300 1891
1588310 1891
1588320 1890
1588330 1883
1588340 1883
1588350 1873
1588360 1864
1588370 1864
1588380 1854
1588390 1844
1588400 1844
1588410 1833
1588420 1823
1588430 1823
1588440 1815
1588450 1807
1588460 1799
1588470 1799
1588480 1792
1588490 1785
1588500 1785
1588510 1779
1588520 1773
1588530 1773
1588540 1768
1588550 1761
1588560 1761
1588570 1755
1588580 1749
1588590 1749
1588600 1743
1588610 1737
1588620 1737
1588630 1732
1588640 1725
1588650 1725
1588660 1714
1588670 1701
1588680 1701
1588690 1691
1588700 1680
1588710 1680
1588720 1668
1588730 1657
1588740 1657
1588750 1647
1588760 1637
1588770 1637
1588780 1624
1588790 1611
1588800 1611
1588810 1601
1588820 1594
1588830 1594
1588840 1587
1588850 1580
1588860 1580
1588870 1573
1588880 1566
1588890 1559
1588900 1559
1588910 1553
1588920 1547
1588930 1547
1588940 1542
1588950 1538
1588960 1538
1588970 1534
1588980 1530
1588990 1530
1589000 1526
1589010 1521
1589020 1521
1589030 1518
1589040 1516
1589050 1516
1589060 1518
1589070 1522
1589080 1522
1589090 1524
1589100 1524
1589110 1524
1589120 1525
1589130 1528
1589140 1528
1589150 1531
1589160 1536
1589170 1536
1589180 1541
1589190 1546
1589200 1546
1589210 1552
1589220 1559
1589230 1559
1589240 1567
1589250 1575
1589260 1575
1589270 1581
1589280 1587
1589290 1587
1589300 1593
1589310 1600
1589320 1611
1589330 1611
1589340 1619
1589350 1616
1589360 1616
1589370 1607
1589380 1597
1589390 1597
1589400 1590
1589410 1583
1589420 1583
1589430 1577
1589440 1570
1589450 1570
1589460 1564
1589470 1555
1589480 1555
1589490 1546
1589500 1540
1589510 1540
1589520 1535
1589530 1530
1589540 1530
1589550 1524
1589560 1517
1589570 1517
1589580 1511
1589590 1503
1589600 1503
1589610 1496
1589620 1490
1589630 1490
1589640 1486
1589650 1480
1589660 1480
1589670 1474
1589680 1469
1589690 1469
1589700 1464
1589710 1458
1589720 1458
1589730 1452
1589740 1445
1589750 1440
1589760 1440
1589770 1435
1589780 1431
1589790 1431
1589800 1427
1589810 1423
1589820 1423
1589830 1419
1589840 1414
1589850 1414
1589860 1410
1589870 1406
1589880 1406
1589890 1403
1589900 1402
1589910 1402
1589920 1405
1589930 1408
1589940 1408
1589950 1410
1589960 1413
1589970 1413
1589980 1415
1589990 1417
1590000 1417
1590010 1420
1590020 1423
1590030 1423
1590040 1425
1590050 1429
1590060 1429
1590070 1434
1590080 1441
1590090 1441
1590100 1447
1590110 1453
1590120 1453
1590130 1459
1590140 1464
1590150 1464
1590160 1471
1590170 1477
1590180 1483
1590190 1483
1590200 1489
1590210 1495
1590220 1495
1590230 1501
1590240 1508
1590250 1508
1590260 1514
1590270 1523
1590280 1523
1590290 1532
1590300 1541
1590310 1541
1590320 1552
1590330 1561
1590340 1561
1590350 1571
1590360 1591
1590370 1591
1590380 1604
1590390 1604
1590400 1604
1590410 1602
1590420 1599
1590430 1599
1590440 1596
1590450 1593
1590460 1593
1590470 1591
1590480 1589
1590490 1589
1590500 1587
1590510 1588
1590520 1588
1590530 1588
1590540 1587
1590550 1587
1590560 1584
1590570 1581
1590580 1581
1590590 1577
1590600 1575
1590610 1573
1590620 1573
1590630 1570
1590640 1565
1590650 1565
1590660 1558
1590670 1550
1590680 1550
1590690 1544
1590700 1538
1590710 1538
1590720 1532
1590730 1526
1590740 1526
1590750 1521
1590760 1517
1590770 1517
1590780 1513
1590790 1508
1590800 1508
1590810 1502
1590820 1492
1590830 1492
1590840 1487
1590850 1486
1590860 1486
1590870 1484
1590880 1483
1590890 1483
1590900 1481
1590910 1478
1590920 1478
1590930 1476
1590940 1477
1590950 1477
1590960 1478
1590970 1477
1590980 1477
1590990 1474
1591000 1469
1591010 1469
1591020 1467
1591030 1466
1591040 1467
1591050 1467
1591060 1468
1591070 1468
1591080 1468
1591090 1468
1591100 1466
1591110 1466
1591120 1465
1591130 1462
1591140 1462
1591150 1461
1591160 1463
1591170 1463
1591180 1461
1591190 1453
1591200 1453
1591210 1451
1591220 1453
1591230 1453
1591240 1453
1591250 1452
1591260 1452
1591270 1448
1591280 1447
1591290 1447
1591300 1450
1591310 1452
1591320 1452
1591330 1449
1591340 1444
1591350 1444
1591360 1438
1591370 1435
1591380 1435
1591390 1437
1591400 1439
1591410 1439
1591420 1441
1591430 1444
1591440 1444
1591450 1452
1591460 1458
1591470 1460
1591480 1460
1591490 1461
1591500 1466
1591510 1466
1591520 1471
1591530 1475
1591540 1475
1591550 1480
1591560 1485
1591570 1485
1591580 1486
1591590 1488
1591600 1488
1591610 1490
1591620 1492
1591630 1492
1591640 1496
1591650 1501
1591660 1501
1591670 1504
1591680 1507
1591690 1507
1591700 1508
1591710 1508
1591720 1508
1591730 1507
1591740 1508
1591750 1508
1591760 1511
1591770 1514
1591780 1514
1591790 1518
1591800 1521
1591810 1521
1591820 1523
1591830 1525
1591840 1525
1591850 1527
1591860 1529
1591870 1529
1591880 1530
1591890 1532
1591900 1532
1591910 1532
1591920 1533
1591930 1535
1591940 1535
1591950 1537
1591960 1537
1591970 1537
1591980 1536
1591990 1537
1592000 1537
1592010 1536
1592020 1536
1592030 1536
1592040 1536
1592050 1536
1592060 1536
1592070 1535
1592080 1534
1592090 1534
1592100 1534
1592110 1535
1592120 1535
1592130 1536
1592140 1536
1592150 1536
1592160 1536
1592170 1536
1592180 1536
1592190 1535
1592200 1534
1592210 1534
1592220 1535
1592230 1535
1592240 1535
1592250 1537
1592260 1538
1592270 1538
1592280 1539
1592290 1539
1592300 1539
1592310 1540
1592320 1542
1592330 1543
1592340 1543
1592350 1544
1592360 1545
1592370 1545
1592380 1545
1592390 1546
1592400 1546
1592410 1548
1592420 1550
1592430 1550
1592440 1551
1592450 1553
1592460 1553
1592470 1555
1592480 1556
1592490 1556
1592500 1558
1592510 1560
1592520 1560
1592530 1560
1592540 1560
1592550 1560
1592560 1561
1592570 1561
1592580 1561
1592590 1563
1592600 1565
1592610 1565
1592620 1566
1592630 1568
1592640 1568
1592650 1568
1592660 1569
1592670 1569
1592680 1572
1592690 1574
1592700 1574
1592710 1577
1592720 1580
1592730 1580
1592740 1581
1592750 1580
1592760 1580
1592770 1576
1592780 1570
1592790 1562
1592800 1562
1592810 1554
1592820 1548
1592830 1548
1592840 1543
1592850 1539
1592860 1539
1592870 1535
1592880 1533
1592890 1533
1592900 1532
1592910 1533
1592920 1533
1592930 1535
1592940 1537
1592950 1537
1592960 1541
1592970 1545
1592980 1545
1592990 1550
1593000 1555
1593010 1555
1593020 1559
1593030 1562
1593040 1562
1593050 1565
1593060 1567
1593070 1567
1593080 1567
1593090 1565
1593100 1565
1593110 1560
1593120 1552
1593130 1552
1593140 1544
1593150 1532
1593160 1532
1593170 1505
1593180 1478
1593190 1478
1593200 1464
1593210 1454
1593220 1445
1593230 1445
1593240 1436
1593250 1429
1593260 1429
1593270 1418
1593280 1407
1593290 1407
1593300 1396
1593310 1390
1593320 1390
1593330 1388
1593340 1383
1593350 1383
1593360 1375
1593370 1364
1593380 1364
1593390 1356
1593400 1350
1593410 1350
1593420 1342
1593430 1336
1593440 1336
1593450 1335
1593460 1332
1593470 1332
1593480 1329
1593490 1328
1593500 1328
1593510 1328
1593520 1325
1593530 1325
1593540 1322
1593550 1321
1593560 1321
1593570 1316
1593580 1304
1593590 1304
1593600 1291
1593610 1279
1593620 1279
1593630 1269
1593640 1260
1593650 1252
1593660 1252
1593670 1244
1593680 1237
1593690 1237
1593700 1230
1593710 1224
1593720 1224
1593730 1219
1593740 1212
1593750 1212
1593760 1205
1593770 1197
1593780 1197
1593790 1190
1593800 1185
1593810 1177
1593820 1171
1593830 1168
1593840 1168
1593850 1170
1593860 1173
1593870 1173
1593880 1172
1593890 1165
1593900 1165
1593910 1154
1593920 1140
1593930 1140
1593940 1128
1593950 1118
1593960 1118
1593970 1109
1593980 1101
1593990 1101
1594000 1094
1594010 1088
1594020 1088
1594030 1082
1594040 1078
1594050 1078
1594060 1074
1594070 1069
1594080 1063
1594090 1063
1594100 1057
1594110 1052
1594120 1052
1594130 1047
1594140 1042
1594150 1042
1594160 1037
1594170 1032
1594180 1032
1594190 1025
1594200 1016
1594210 1016
1594220 996
1594230 982
1594240 982
1594250 977
1594260 974
1594270 974
1594280 970
1594290 963
1594300 963
1594310 957
1594320 953
1594330 953
1594340 952
1594350 952
1594360 952
1594370 952
1594380 950
1594390 950
1594400 945
1594410 940
1594420 940
1594430 935
1594440 930
1594450 930
1594460 923
1594470 914
1594480 914
1594490 905
1594500 892
1594510 869
1594520 869
1594530 846
1594540 828
1594550 828
1594560 819
1594570 814
1594580 814
1594590 811
1594600 809
1594610 809
1594620 808
1594630 807
1594640 807
1594650 805
1594660 804
1594670 804
1594680 804
1594690 803
1594700 803
1594710 801
1594720 798
1594730 798
1594740 795
1594750 794
1594760 794
1594770 793
1594780 791
1594790 791
1594800 790
1594810 788
1594820 788
1594830 784
1594840 779
1594850 779
1594860 773
1594870 770
1594880 770
1594890 766
1594900 759
1594910 759
1594920 752
1594930 747
1594940 744
1594950 744
1594960 741
1594970 738
1594980 737
1594990 734
1595000 730
1595010 730
1595020 726
1595030 725
1595040 725
1595050 723
1595060 720
1595070 720
1595080 716
1595090 712
1595100 712
1595110 710
1595120 708
1595130 708
1595140 707
1595150 705
1595160 705
1595170 704
1595180 701
1595190 701
1595200 697
1595210 695
1595220 695
1595230 693
1595240 692
1595250 692
1595260 688
1595270 684
1595280 684
1595290 679
1595300 674
1595310 674
1595320 669
1595330 664
1595340 664
1595350 660
1595360 656
1595370 653
1595380 653
1595390 649
1595400 647
1595410 647
1595420 647
1595430 647
1595440 647
1595450 647
1595460 644
1595470 644
1595480 641
1595490 638
1595500 638
1595510 636
1595520 634
1595530 634
1595540 633
1595550 633
1595560 633
1595570 631
1595580 630
1595590 630
1595600 630
1595610 629
1595620 629
1595630 629
1595640 629
1595650 629
1595660 629
1595670 630
1595680 630
1595690 630
1595700 629
1595710 629
1595720 629
1595730 629
1595740 629
1595750 630
1595760 630
1595770 630
1595780 629
1595790 630
1595800 631
1595810 631
1595820 631
1595830 631
1595840 631
1595850 631
1595860 631
1595870 631
1595880 631
1595890 632
1595900 632
1595910 632
1595920 632
1595930 632
1595940 632
1595950 632
1595960 632
1595970 633
1595980 633
1595990 633
1596000 633
1596010 633
1596020 633
1596030 634
1596040 634
1596050 634
1596060 634
1596070 634
1596080 634
1596090 634
1596100 635
1596110 635
1596120 635
1596130 635
1596140 635
1596150 635
1596160 636
1596170 636
1596180 636
1596190 636
1596200 636
1596210 636
1596220 636
1596230 636
1596240 636
1596250 637
1596260 637
1596270 637
1596280 639
1596290 642
1596300 642
1596310 645
1596320 646
1596330 646
1596340 648
1596350 649
1596360 649
1596370 651
1596380 653
1596390 653
1596400 654
1596410 654
1596420 654
1596430 655
1596440 655
1596450 655
1596460 656
1596470 656
1596480 656
1596490 657
1596500 657
1596510 657
1596520 657
1596530 657
1596540 657
1596550 657
1596560 657
1596570 657
1596580 658
1596590 658
1596600 658
1596610 657
1596620 657
1596630 657
1596640 656
1596650 655
1596660 653
1596670 653
1596680 650
1596690 647
1596700 647
1596710 645
1596720 644
1596730 644
1596740 645
1596750 645
1596760 645
1596770 646
1596780 645
1596790 645
1596800 646
1596810 646
1596820 646
1596830 646
1596840 646
1596850 646
1596860 646
1596870 647
1596880 647
1596890 647
1596900 648
1596910 648
1596920 648
1596930 648
1596940 648
1596950 648
1596960 649
1596970 649
1596980 649
1596990 650
1597000 650
1597010 651
1597020 652
1597030 652
1597040 652
1597050 653
1597060 653
1597070 653
1597080 652
1597090 654
1597100 654
1597110 655
1597120 655
1597130 655
1597140 655
1597150 656
1597160 656
1597170 657
1597180 658
1597190 658
1597200 659
1597210 659
1597220 659
1597230 661
1597240 663
1597250 663
1597260 664
1597270 665
1597280 665
1597290 666
1597300 667
1597310 667
1597320 668
1597330 669
1597340 669
1597350 670
1597360 672
1597370 672
1597380 673
1597390 674
1597400 674
1597410 676
1597420 677
1597430 677
1597440 679
1597450 680
1597460 680
1597470 682
1597480 682
1597490 682
1597500 684
1597510 687
1597520 690
1597530 690
1597540 694
1597550 698
1597560 698
1597570 703
1597580 708
1597590 708
1597600 714
1597610 719
1597620 719
1597630 725
1597640 730
1597650 730
1597660 735
1597670 741
1597680 741
1597690 747
1597700 751
1597710 751
1597720 753
1597730 756
1597740 756
1597750 758
1597760 759
1597770 759
1597780 761
1597790 763
1597800 763
1597810 765
1597820 767
1597830 767
1597840 767
1597850 766
1597860 766
1597870 767
1597880 769
1597890 769
1597900 772
1597910 774
1597920 774
1597930 778
1597940 780
1597950 782
1597960 782
1597970 784
1597980 786
1597990 786
1598000 788
1598010 789
1598020 789
1598030 790
1598040 792
1598050 792
1598060 794
1598070 796
1598080 796
1598090 799
1598100 804
1598110 804
1598120 808
1598130 809
1598140 809
1598150 808
1598160 810
1598170 810
1598180 812
1598190 814
1598200 814
1598210 818
1598220 823
1598230 823
1598240 828
1598250 834
1598260 834
1598270 840
1598280 848
1598290 848
1598300 855
1598310 862
1598320 862
1598330 870
1598340 875
1598350 875
1598360 880
1598370 885
1598380 889
1598390 889
1598400 892
1598410 896
1598420 896
1598430 901
1598440 906
1598450 906
1598460 910
1598470 914
1598480 914
1598490 918
1598500 922
1598510 922
1598520 927
1598530 930
1598540 930
1598550 934
1598560 937
1598570 937
1598580 941
1598590 944
1598600 944
1598610 947
1598620 950
1598630 950
1598640 952
1598650 953
1598660 953
1598670 956
1598680 960
1598690 960
1598700 963
1598710 966
1598720 966
1598730 968
1598740 970
1598750 970
1598760 972
1598770 973
1598780 973
1598790 971
1598800 969
1598810 966
1598820 966
1598830 966
1598840 969
1598850 969
1598860 973
1598870 976
1598880 976
1598890 979
1598900 980
1598910 980
1598920 982
1598930 983
1598940 983
1598950 983
1598960 982
1598970 982
1598980 982
1598990 982
1599000 982
1599010 983
1599020 983
1599030 983
1599040 982
1599050 980
1599060 980
1599070 980
1599080 980
1599090 980
1599100 980
1599110 982
1599120 982
1599130 984
1599140 987
1599150 987
1599160 988
1599170 989
1599180 989
1599190 990
1599200 991
1599210 991
1599220 991
1599230 990
1599240 990
1599250 988
1599260 986
1599270 981
1599280 981
1599290 981
1599300 984
1599310 984
1599320 986
1599330 989
1599340 989
1599350 989
1599360 990
1599370 990
1599380 993
1599390 997
1599400 997
1599410 1001
1599420 1003
1599430 1003
1599440 1006
1599450 1008
1599460 1008
1599470 1010
1599480 1013
1599490 1013
1599500 1016
1599510 1019
1599520 1019
1599530 1022
1599540 1025
1599550 1025
1599560 1028
1599570 1032
1599580 1032
1599590 1035
1599600 1039
1599610 1039
1599620 1043
1599630 1046
1599640 1046
1599650 1049
1599660 1052
1599670 1052
1599680 1055
1599690 1058
1599700 1061
1599710 1061
1599720 1064
1599730 1068
1599740 1068
1599750 1072
1599760 1076
1599770 1076
1599780 1079
1599790 1083
1599800 1083
1599810 1086
1599820 1090
1599830 1090
1599840 1093
1599850 1096
1599860 1096
1599870 1099
1599880 1103
1599890 1103
1599900 1106
1599910 1109
1599920 1109
1599930 1112
1599940 1115
1599950 1115
1599960 1118
1599970 1121
1599980 1121
1599990 1124
