1580000 1425
1580010 1434
1580020 1434
1580030 1441
1580040 1448
1580050 1448
1580060 1461
1580070 1478
1580080 1478
1580090 1481
1580100 1487
1580110 1487
1580120 1495
1580130 1502
1580140 1502
1580150 1509
1580160 1516
1580170 1516
1580180 1520
1580190 1523
1580200 1523
1580210 1525
1580220 1526
1580230 1526
1580240 1528
1580250 1530
1580260 1530
1580270 1533
1580280 1537
1580290 1537
1580300 1542
1580310 1545
1580320 1545
1580330 1547
1580340 1548
1580350 1549
1580360 1549
1580370 1551
1580380 1556
1580390 1556
1580400 1559
1580410 1563
1580420 1563
1580430 1567
1580440 1575
1580450 1575
1580460 1583
1580470 1591
1580480 1591
1580490 1599
1580500 1606
1580510 1606
1580520 1611
1580530 1616
1580540 1616
1580550 1621
1580560 1625
1580570 1625
1580580 1630
1580590 1634
1580600 1634
1580610 1638
1580620 1643
1580630 1643
1580640 1647
1580650 1652
1580660 1652
1580670 1656
1580680 1660
1580690 1660
1580700 1663
1580710 1667
1580720 1667
1580730 1670
1580740 1668
1580750 1668
1580760 1671
1580770 1674
1580780 1677
1580790 1677
1580800 1679
1580810 1681
1580820 1681
1580830 1683
1580840 1686
1580850 1686
1580860 1688
1580870 1688
1580880 1688
1580890 1688
1580900 1688
1580910 1688
1580920 1687
1580930 1686
1580940 1686
1580950 1686
1580960 1685
1580970 1685
1580980 1684
1580990 1683
1581000 1683
1581010 1680
1581020 1679
1581030 1679
1581040 1678
1581050 1676
1581060 1676
1581070 1673
1581080 1671
1581090 1671
1581100 1669
1581110 1668
1581120 1668
1581130 1667
1581140 1666
1581150 1666
1581160 1664
1581170 1663
1581180 1663
1581190 1662
1581200 1660
1581210 1658
1581220 1658
1581230 1657
1581240 1655
1581250 1655
1581260 1654
1581270 1652
1581280 1652
1581290 1651
1581300 1649
1581310 1649
1581320 1647
1581330 1644
1581340 1644
1581350 1641
1581360 1638
1581370 1638
1581380 1636
1581390 1632
1581400 1632
1581410 1630
1581420 1627
1581430 1627
1581440 1624
1581450 1621
1581460 1621
1581470 1620
1581480 1621
1581490 1621
1581500 1622
1581510 1623
1581520 1623
1581530 1625
1581540 1627
1581550 1627
1581560 1628
1581570 1630
1581580 1630
1581590 1631
1581600 1633
1581610 1633
1581620 1634
1581630 1635
1581640 1636
1581650 1636
1581660 1637
1581670 1639
1581680 1639
1581690 1639
1581700 1639
1581710 1639
1581720 1637
1581730 1633
1581740 1633
1581750 1629
1581760 1622
1581770 1622
1581780 1614
1581790 1607
1581800 1607
1581810 1600
1581820 1593
1581830 1593
1581840 1586
1581850 1579
1581860 1579
1581870 1572
1581880 1565
1581890 1565
1581900 1558
1581910 1551
1581920 1551
1581930 1544
1581940 1535
1581950 1535
1581960 1527
1581970 1519
1581980 1519
1581990 1511
1582000 1503
1582010 1503
1582020 1495
1582030 1487
1582040 1487
1582050 1478
1582060 1469
1582070 1469
1582080 1458
1582090 1447
1582100 1437
1582110 1437
1582120 1428
1582130 1418
1582140 1418
1582150 1409
1582160 1400
1582170 1400
1582180 1392
1582190 1384
1582200 1384
1582210 1377
1582220 1370
1582230 1370
1582240 1363
1582250 1356
1582260 1356
1582270 1350
1582280 1343
1582290 1343
1582300 1337
1582310 1330
1582320 1330
1582330 1324
1582340 1318
1582350 1318
1582360 1312
1582370 1307
1582380 1307
1582390 1303
1582400 1300
1582410 1300
1582420 1297
1582430 1292
1582440 1292
1582450 1288
1582460 1284
1582470 1284
1582480 1280
1582490 1276
1582500 1276
1582510 1272
1582520 1268
1582530 1264
1582540 1264
1582550 1260
1582560 1257
1582570 1257
1582580 1253
1582590 1250
1582600 1250
1582610 1246
1582620 1244
1582630 1244
1582640 1243
1582650 1243
1582660 1243
1582670 1242
1582680 1242
1582690 1242
1582700 1243
1582710 1245
1582720 1245
1582730 1248
1582740 1252
1582750 1252
1582760 1257
1582770 1263
1582780 1263
1582790 1270
1582800 1277
1582810 1277
1582820 1284
1582830 1292
1582840 1292
1582850 1299
1582860 1307
1582870 1307
1582880 1313
1582890 1318
1582900 1318
1582910 1318
1582920 1319
1582930 1319
1582940 1323
1582950 1327
1582960 1330
1582970 1330
1582980 1333
1582990 1336
1583000 1336
1583010 1338
1583020 1340
1583030 1340
1583040 1344
1583050 1348
1583060 1348
1583070 1352
1583080 1356
1583090 1356
1583100 1359
1583110 1362
1583120 1362
1583130 1366
1583140 1370
1583150 1370
1583160 1375
1583170 1382
1583180 1382
1583190 1390
1583200 1399
1583210 1399
1583220 1405
1583230 1411
1583240 1411
1583250 1419
1583260 1425
1583270 1425
1583280 1433
1583290 1442
1583300 1442
1583310 1452
1583320 1460
1583330 1460
1583340 1464
1583350 1471
1583360 1471
1583370 1478
1583380 1482
1583390 1490
1583400 1490
1583410 1500
1583420 1514
1583430 1514
1583440 1532
1583450 1547
1583460 1547
1583470 1557
1583480 1567
1583490 1567
1583500 1572
1583510 1578
1583520 1578
1583530 1584
1583540 1590
1583550 1590
1583560 1597
1583570 1608
1583580 1608
1583590 1622
1583600 1630
1583610 1630
1583620 1636
1583630 1643
1583640 1643
1583650 1649
1583660 1653
1583670 1653
1583680 1656
1583690 1657
1583700 1657
1583710 1656
1583720 1654
1583730 1654
1583740 1652
1583750 1649
1583760 1649
1583770 1649
1583780 1652
1583790 1652
1583800 1654
1583810 1657
1583820 1657
1583830 1659
1583840 1661
1583850 1664
1583860 1664
1583870 1667
1583880 1670
1583890 1670
1583900 1673
1583910 1677
1583920 1677
1583930 1680
1583940 1683
1583950 1683
1583960 1686
1583970 1690
1583980 1690
1583990 1693
1584000 1697
1584010 1697
1584020 1701
1584030 1704
1584040 1704
1584050 1709
1584060 1712
1584070 1712
1584080 1716
1584090 1720
1584100 1720
1584110 1723
1584120 1727
1584130 1727
1584140 1732
1584150 1736
1584160 1736
1584170 1740
1584180 1742
1584190 1742
1584200 1744
1584210 1747
1584220 1747
1584230 1748
1584240 1747
1584250 1747
1584260 1745
1584270 1742
1584280 1739
1584290 1739
1584300 1737
1584310 1735
1584320 1735
1584330 1732
1584340 1729
1584350 1729
1584360 1724
1584370 1717
1584380 1717
1584390 1710
1584400 1708
1584410 1708
1584420 1710
1584430 1721
1584440 1721
1584450 1726
1584460 1726
1584470 1726
1584480 1728
1584490 1728
1584500 1728
1584510 1725
1584520 1722
1584530 1722
1584540 1720
1584550 1720
1584560 1720
1584570 1717
1584580 1715
1584590 1715
1584600 1713
1584610 1709
1584620 1709
1584630 1706
1584640 1704
1584650 1704
1584660 1694
1584670 1693
1584680 1693
1584690 1691
1584700 1690
1584710 1686
1584720 1686
1584730 1679
1584740 1670
1584750 1670
1584760 1661
1584770 1651
1584780 1651
1584790 1639
1584800 1629
1584810 1629
1584820 1624
1584830 1619
1584840 1619
1584850 1609
1584860 1605
1584870 1605
1584880 1599
1584890 1592
1584900 1592
1584910 1582
1584920 1568
1584930 1568
1584940 1558
1584950 1546
1584960 1546
1584970 1555
1584980 1575
1584990 1575
1585000 1588
1585010 1595
1585020 1595
1585030 1598
1585040 1602
1585050 1602
1585060 1607
1585070 1614
1585080 1614
1585090 1618
1585100 1622
1585110 1622
1585120 1628
1585130 1633
1585140 1643
1585150 1643
1585160 1654
1585170 1660
1585180 1660
1585190 1667
1585200 1674
1585210 1674
1585220 1680
1585230 1685
1585240 1685
1585250 1692
1585260 1699
1585270 1699
1585280 1704
1585290 1709
1585300 1709
1585310 1711
1585320 1711
1585330 1711
1585340 1710
1585350 1705
1585360 1705
1585370 1698
1585380 1691
1585390 1691
1585400 1682
1585410 1672
1585420 1672
1585430 1662
1585440 1652
1585450 1652
1585460 1642
1585470 1631
1585480 1631
1585490 1619
1585500 1604
1585510 1604
1585520 1589
1585530 1576
1585540 1576
1585550 1558
1585560 1545
1585570 1545
1585580 1535
1585590 1528
1585600 1520
1585610 1520
1585620 1514
1585630 1507
1585640 1507
1585650 1500
1585660 1495
1585670 1495
1585680 1491
1585690 1488
1585700 1488
1585710 1487
1585720 1486
1585730 1486
1585740 1483
1585750 1479
1585760 1479
1585770 1477
1585780 1477
1585790 1477
1585800 1474
1585810 1470
1585820 1470
1585830 1465
1585840 1460
1585850 1460
1585860 1456
1585870 1451
1585880 1451
1585890 1446
1585900 1442
1585910 1442
1585920 1439
1585930 1437
1585940 1434
1585950 1433
1585960 1432
1585970 1432
1585980 1431
1585990 1430
1586000 1430
1586010 1431
1586020 1432
1586030 1433
1586040 1433
1586050 1433
1586060 1434
1586070 1434
1586080 1439
1586090 1442
1586100 1442
1586110 1447
1586120 1453
1586130 1453
1586140 1456
1586150 1459
1586160 1459
1586170 1463
1586180 1466
1586190 1466
1586200 1471
1586210 1476
1586220 1476
1586230 1481
1586240 1487
1586250 1487
1586260 1492
1586270 1498
1586280 1498
1586290 1503
1586300 1507
1586310 1507
1586320 1514
1586330 1521
1586340 1521
1586350 1524
1586360 1527
1586370 1527
1586380 1530
1586390 1533
1586400 1533
1586410 1530
1586420 1523
1586430 1523
1586440 1516
1586450 1508
1586460 1499
1586470 1499
1586480 1486
1586490 1473
1586500 1473
1586510 1463
1586520 1454
1586530 1454
1586540 1445
1586550 1438
1586560 1438
1586570 1430
1586580 1421
1586590 1421
1586600 1413
1586610 1404
1586620 1404
1586630 1398
1586640 1393
1586650 1393
1586660 1389
1586670 1385
1586680 1385
1586690 1381
1586700 1377
1586710 1377
1586720 1376
1586730 1376
1586740 1376
1586750 1375
1586760 1374
1586770 1374
1586780 1372
1586790 1371
1586800 1371
1586810 1370
1586820 1369
1586830 1369
1586840 1367
1586850 1364
1586860 1364
1586870 1359
1586880 1352
1586890 1345
1586900 1345
1586910 1338
1586920 1331
1586930 1331
1586940 1326
1586950 1322
1586960 1322
1586970 1320
1586980 1319
1586990 1319
1587000 1319
1587010 1320
1587020 1320
1587030 1321
1587040 1322
1587050 1322
1587060 1323
1587070 1321
1587080 1321
1587090 1316
1587100 1311
1587110 1311
1587120 1307
1587130 1303
1587140 1303
1587150 1302
1587160 1302
1587170 1302
1587180 1303
1587190 1303
1587200 1298
1587210 1298
1587220 1298
1587230 1298
1587240 1297
1587250 1296
1587260 1296
1587270 1296
1587280 1296
1587290 1296
1587300 1296
1587310 1295
1587320 1295
1587330 1293
1587340 1291
1587350 1287
1587360 1287
1587370 1282
1587380 1276
1587390 1276
1587400 1270
1587410 1267
1587420 1267
1587430 1267
1587440 1270
1587450 1270
1587460 1274
1587470 1276
1587480 1276
1587490 1278
1587500 1280
1587510 1280
1587520 1283
1587530 1286
1587540 1286
1587550 1288
1587560 1289
1587570 1289
1587580 1291
1587590 1293
1587600 1293
1587610 1297
1587620 1303
1587630 1303
1587640 1309
1587650 1316
1587660 1316
1587670 1324
1587680 1331
1587690 1331
1587700 1347
1587710 1367
1587720 1367
1587730 1378
1587740 1387
1587750 1387
1587760 1395
1587770 1403
1587780 1411
1587790 1411
1587800 1418
1587810 1425
1587820 1425
1587830 1432
1587840 1439
1587850 1439
1587860 1445
1587870 1450
1587880 1450
1587890 1455
1587900 1460
1587910 1460
1587920 1464
1587930 1468
1587940 1468
1587950 1471
1587960 1474
1587970 1474
1587980 1478
1587990 1481
1588000 1481
1588010 1483
1588020 1481
1588030 1481
1588040 1478
1588050 1472
1588060 1472
1588070 1467
1588080 1464
1588090 1464
1588100 1461
1588110 1459
1588120 1459
1588130 1458
1588140 1460
1588150 1460
1588160 1462
1588170 1464
1588180 1464
1588190 1466
1588200 1468
1588210 1470
1588220 1470
1588230 1471
1588240 1473
1588250 1473
1588260 1474
1588270 1476
1588280 1476
1588290 1477
1588300 1478
1588310 1478
1588320 1479
1588330 1479
1588340 1479
1588350 1479
1588360 1478
1588370 1478
1588380 1478
1588390 1477
1588400 1477
1588410 1476
1588420 1474
1588430 1474
1588440 1466
1588450 1464
1588460 1464
1588470 1462
1588480 1461
1588490 1461
1588500 1460
1588510 1460
1588520 1460
1588530 1459
1588540 1458
1588550 1458
1588560 1457
1588570 1455
1588580 1455
1588590 1454
1588600 1453
1588610 1453
1588620 1452
1588630 1451
1588640 1448
1588650 1448
1588660 1446
1588670 1443
1588680 1443
1588690 1440
1588700 1437
1588710 1437
1588720 1433
1588730 1429
1588740 1429
1588750 1426
1588760 1422
1588770 1422
1588780 1418
1588790 1408
1588800 1408
1588810 1394
1588820 1378
1588830 1378
1588840 1363
1588850 1350
1588860 1350
1588870 1338
1588880 1329
1588890 1329
1588900 1322
1588910 1315
1588920 1315
1588930 1308
1588940 1302
1588950 1302
1588960 1297
1588970 1293
1588980 1293
1588990 1291
1589000 1290
1589010 1290
1589020 1291
1589030 1293
1589040 1293
1589050 1299
1589060 1304
1589070 1304
1589080 1307
1589090 1309
1589100 1310
1589110 1310
1589120 1309
1589130 1307
1589140 1307
1589150 1306
1589160 1307
1589170 1307
1589180 1307
1589190 1307
1589200 1307
1589210 1306
1589220 1304
1589230 1304
1589240 1301
1589250 1299
1589260 1299
1589270 1299
1589280 1302
1589290 1302
1589300 1306
1589310 1311
1589320 1311
1589330 1317
1589340 1324
1589350 1324
1589360 1336
1589370 1346
1589380 1346
1589390 1355
1589400 1365
1589410 1365
1589420 1372
1589430 1376
1589440 1376
1589450 1380
1589460 1382
1589470 1382
1589480 1384
1589490 1386
1589500 1386
1589510 1388
1589520 1389
1589530 1389
1589540 1389
1589550 1389
1589560 1387
1589570 1387
1589580 1386
1589590 1384
1589600 1384
1589610 1382
1589620 1381
1589630 1381
1589640 1379
1589650 1379
1589660 1376
1589670 1377
1589680 1377
1589690 1377
1589700 1376
1589710 1373
1589720 1373
1589730 1370
1589740 1367
1589750 1367
1589760 1364
1589770 1362
1589780 1362
1589790 1361
1589800 1359
1589810 1359
1589820 1357
1589830 1355
1589840 1355
1589850 1352
1589860 1351
1589870 1351
1589880 1348
1589890 1345
1589900 1345
1589910 1339
1589920 1331
1589930 1331
1589940 1322
1589950 1317
1589960 1312
1589970 1312
1589980 1306
1589990 1302
1590000 1302
1590010 1295
1590020 1289
1590030 1289
1590040 1283
1590050 1278
1590060 1278
1590070 1275
1590080 1270
1590090 1270
1590100 1266
1590110 1263
1590120 1263
1590130 1260
1590140 1259
1590150 1259
1590160 1256
1590170 1253
1590180 1253
1590190 1250
1590200 1244
1590210 1244
1590220 1239
1590230 1235
1590240 1235
1590250 1230
1590260 1226
1590270 1226
1590280 1224
1590290 1221
1590300 1221
1590310 1219
1590320 1218
1590330 1218
1590340 1218
1590350 1220
1590360 1220
1590370 1221
1590380 1221
1590390 1220
1590400 1220
1590410 1217
1590420 1213
1590430 1213
1590440 1212
1590450 1212
1590460 1212
1590470 1213
1590480 1210
1590490 1210
1590500 1206
1590510 1199
1590520 1199
1590530 1187
1590540 1178
1590550 1178
1590560 1175
1590570 1173
1590580 1173
1590590 1174
1590600 1175
1590610 1175
1590620 1175
1590630 1176
1590640 1176
1590650 1177
1590660 1179
1590670 1179
1590680 1181
1590690 1182
1590700 1182
1590710 1184
1590720 1187
1590730 1187
1590740 1191
1590750 1194
1590760 1194
1590770 1195
1590780 1198
1590790 1198
1590800 1202
1590810 1208
1590820 1208
1590830 1214
1590840 1221
1590850 1226
1590860 1226
1590870 1229
1590880 1227
1590890 1227
1590900 1234
1590910 1241
1590920 1241
1590930 1249
1590940 1261
1590950 1261
1590960 1275
1590970 1288
1590980 1288
1590990 1299
1591000 1312
1591010 1312
1591020 1322
1591030 1328
1591040 1328
1591050 1339
1591060 1354
1591070 1354
1591080 1365
1591090 1381
1591100 1381
1591110 1398
1591120 1413
1591130 1413
1591140 1426
1591150 1435
1591160 1435
1591170 1443
1591180 1450
1591190 1450
1591200 1456
1591210 1462
1591220 1462
1591230 1468
1591240 1473
1591250 1473
1591260 1477
1591270 1482
1591280 1487
1591290 1487
1591300 1490
1591310 1490
1591320 1490
1591330 1494
1591340 1495
1591350 1495
1591360 1496
1591370 1502
1591380 1502
1591390 1508
1591400 1511
1591410 1511
1591420 1518
1591430 1529
1591440 1529
1591450 1535
1591460 1537
1591470 1537
1591480 1538
1591490 1540
1591500 1540
1591510 1542
1591520 1545
1591530 1545
1591540 1548
1591550 1551
1591560 1551
1591570 1553
1591580 1555
1591590 1555
1591600 1557
1591610 1559
1591620 1559
1591630 1562
1591640 1564
1591650 1564
1591660 1566
1591670 1567
1591680 1567
1591690 1567
1591700 1565
1591710 1562
1591720 1562
1591730 1560
1591740 1561
1591750 1561
1591760 1562
1591770 1562
1591780 1562
1591790 1563
1591800 1564
1591810 1564
1591820 1566
1591830 1568
1591840 1568
1591850 1570
1591860 1571
1591870 1571
1591880 1571
1591890 1568
1591900 1568
1591910 1565
1591920 1564
1591930 1564
1591940 1564
1591950 1562
1591960 1562
1591970 1558
1591980 1555
1591990 1555
1592000 1552
1592010 1551
1592020 1551
1592030 1554
1592040 1556
1592050 1556
1592060 1556
1592070 1556
1592080 1554
1592090 1553
1592100 1551
1592110 1551
1592120 1548
1592130 1543
1592140 1537
1592150 1537
1592160 1531
1592170 1524
1592180 1524
1592190 1518
1592200 1513
1592210 1513
1592220 1509
1592230 1505
1592240 1505
1592250 1500
1592260 1496
1592270 1496
1592280 1492
1592290 1492
1592300 1492
1592310 1492
1592320 1491
1592330 1491
1592340 1491
1592350 1490
1592360 1490
1592370 1484
1592380 1475
1592390 1475
1592400 1464
1592410 1452
1592420 1452
1592430 1441
1592440 1433
1592450 1433
1592460 1424
1592470 1417
1592480 1417
1592490 1410
1592500 1403
1592510 1403
1592520 1395
1592530 1388
1592540 1388
1592550 1383
1592560 1379
1592570 1379
1592580 1372
1592590 1363
1592600 1356
1592610 1356
1592620 1347
1592630 1337
1592640 1337
1592650 1329
1592660 1329
1592670 1329
1592680 1325
1592690 1316
1592700 1316
1592710 1308
1592720 1302
1592730 1302
1592740 1298
1592750 1295
1592760 1295
1592770 1290
1592780 1282
1592790 1282
1592800 1275
1592810 1269
1592820 1269
1592830 1262
1592840 1254
1592850 1254
1592860 1247
1592870 1242
1592880 1242
1592890 1235
1592900 1225
1592910 1225
1592920 1214
1592930 1202
1592940 1202
1592950 1196
1592960 1183
1592970 1183
1592980 1173
1592990 1171
1593000 1171
1593010 1159
1593020 1141
1593030 1126
1593040 1126
1593050 1114
1593060 1105
1593070 1105
1593080 1101
1593090 1098
1593100 1098
1593110 1093
1593120 1071
1593130 1071
1593140 1043
1593150 1033
1593160 1033
1593170 1032
1593180 1030
1593190 1030
1593200 1026
1593210 1021
1593220 1021
1593230 1015
1593240 1010
1593250 1010
1593260 1001
1593270 995
1593280 995
1593290 989
1593300 986
1593310 986
1593320 983
1593330 979
1593340 979
1593350 977
1593360 974
1593370 974
1593380 973
1593390 971
1593400 971
1593410 969
1593420 968
1593430 968
1593440 966
1593450 963
1593460 958
1593470 958
1593480 950
1593490 946
1593500 946
1593510 946
1593520 947
1593530 947
1593540 948
1593550 945
1593560 945
1593570 940
1593580 935
1593590 935
1593600 930
1593610 925
1593620 925
1593630 921
1593640 916
1593650 916
1593660 910
1593670 904
1593680 904
1593690 898
1593700 891
1593710 891
1593720 884
1593730 879
1593740 879
1593750 872
1593760 866
1593770 866
1593780 862
1593790 855
1593800 855
1593810 848
1593820 843
1593830 843
1593840 839
1593850 836
1593860 836
1593870 833
1593880 830
1593890 830
1593900 824
1593910 818
1593920 812
1593930 812
1593940 808
1593950 806
1593960 806
1593970 804
1593980 803
1593990 803
1594000 801
1594010 799
1594020 799
1594030 798
1594040 798
1594050 798
1594060 799
1594070 799
1594080 799
1594090 795
1594100 791
1594110 791
1594120 787
1594130 784
1594140 784
1594150 780
1594160 778
1594170 778
1594180 775
1594190 772
1594200 772
1594210 769
1594220 767
1594230 767
1594240 763
1594250 760
1594260 760
1594270 757
1594280 753
1594290 753
1594300 749
1594310 745
1594320 745
1594330 741
1594340 739
1594350 737
1594360 737
1594370 735
1594380 734
1594390 734
1594400 733
1594410 733
1594420 733
1594430 732
1594440 727
1594450 727
1594460 728
1594470 731
1594480 731
1594490 733
1594500 729
1594510 729
1594520 721
1594530 713
1594540 713
1594550 704
1594560 697
1594570 697
1594580 690
1594590 684
1594600 684
1594610 680
1594620 677
1594630 677
1594640 673
1594650 669
1594660 669
1594670 666
1594680 663
1594690 663
1594700 660
1594710 658
1594720 658
1594730 655
1594740 652
1594750 652
1594760 649
1594770 648
1594780 646
1594790 646
1594800 648
1594810 649
1594820 649
1594830 647
1594840 645
1594850 645
1594860 642
1594870 641
1594880 641
1594890 640
1594900 639
1594910 639
1594920 638
1594930 636
1594940 636
1594950 636
1594960 636
1594970 636
1594980 635
1594990 633
1595000 633
1595010 632
1595020 631
1595030 631
1595040 630
1595050 630
1595060 630
1595070 629
1595080 628
1595090 628
1595100 627
1595110 627
1595120 627
1595130 626
1595140 625
1595150 625
1595160 625
1595170 624
1595180 624
1595190 623
1595200 623
1595210 622
1595220 622
1595230 621
1595240 621
1595250 621
1595260 620
1595270 620
1595280 620
1595290 619
1595300 619
1595310 619
1595320 619
1595330 618
1595340 618
1595350 618
1595360 618
1595370 618
1595380 618
1595390 618
1595400 618
1595410 618
1595420 618
1595430 618
1595440 618
1595450 618
1595460 618
1595470 618
1595480 618
1595490 618
1595500 618
1595510 618
1595520 618
1595530 618
1595540 618
1595550 618
1595560 618
1595570 618
1595580 618
1595590 618
1595600 624
1595610 624
1595620 633
1595630 640
1595640 640
1595650 645
1595660 649
1595670 655
1595680 655
1595690 661
1595700 666
1595710 666
1595720 673
1595730 681
1595740 681
1595750 685
1595760 689
1595770 689
1595780 695
1595790 701
1595800 701
1595810 706
1595820 711
1595830 711
1595840 716
1595850 720
1595860 720
1595870 725
1595880 729
1595890 729
1595900 733
1595910 736
1595920 736
1595930 739
1595940 741
1595950 741
1595960 743
1595970 745
1595980 745
1595990 747
1596000 749
1596010 749
1596020 750
1596030 750
1596040 750
1596050 751
1596060 754
1596070 754
1596080 757
1596090 760
1596100 763
1596110 763
1596120 766
1596130 767
1596140 767
1596150 768
1596160 769
1596170 769
1596180 772
1596190 774
1596200 774
1596210 778
1596220 781
1596230 781
1596240 786
1596250 791
1596260 791
1596270 796
1596280 801
1596290 801
1596300 805
1596310 809
1596320 809
1596330 811
1596340 812
1596350 812
1596360 812
1596370 812
1596380 812
1596390 812
1596400 812
1596410 812
1596420 812
1596430 812
1596440 812
1596450 813
1596460 814
1596470 814
1596480 814
1596490 813
1596500 813
1596510 811
1596520 809
1596530 807
1596540 807
1596550 805
1596560 803
1596570 803
1596580 801
1596590 800
1596600 800
1596610 799
1596620 798
1596630 798
1596640 795
1596650 791
1596660 791
1596670 788
1596680 786
1596690 786
1596700 783
1596710 781
1596720 781
1596730 779
1596740 777
1596750 775
1596760 773
1596770 770
1596780 770
1596790 768
1596800 764
1596810 764
1596820 761
1596830 759
1596840 759
1596850 757
1596860 756
1596870 756
1596880 750
1596890 741
1596900 741
1596910 732
1596920 724
1596930 724
1596940 717
1596950 710
1596960 703
1596970 703
1596980 696
1596990 689
1597000 689
1597010 683
1597020 678
1597030 678
1597040 674
1597050 670
1597060 670
1597070 667
1597080 664
1597090 664
1597100 662
1597110 659
1597120 659
1597130 657
1597140 656
1597150 656
1597160 654
1597170 652
1597180 652
1597190 650
1597200 649
1597210 649
1597220 648
1597230 648
1597240 648
1597250 648
1597260 647
1597270 647
1597280 647
1597290 646
1597300 646
1597310 646
1597320 646
1597330 646
1597340 646
1597350 646
1597360 646
1597370 646
1597380 646
1597390 646
1597400 646
1597410 646
1597420 646
1597430 646
1597440 648
1597450 651
1597460 651
1597470 652
1597480 651
1597490 651
1597500 652
1597510 654
1597520 654
1597530 657
1597540 662
1597550 662
1597560 667
1597570 671
1597580 671
1597590 674
1597600 676
1597610 676
1597620 678
1597630 682
1597640 682
1597650 687
1597660 694
1597670 694
1597680 700
1597690 708
1597700 708
1597710 715
1597720 721
1597730 721
1597740 727
1597750 729
1597760 729
1597770 726
1597780 722
1597790 722
1597800 721
1597810 722
1597820 722
1597830 725
1597840 729
1597850 731
1597860 731
1597870 730
1597880 729
1597890 729
1597900 734
1597910 738
1597920 738
1597930 742
1597940 745
1597950 745
1597960 748
1597970 750
1597980 750
1597990 753
1598000 757
1598010 757
1598020 761
1598030 767
1598040 767
1598050 772
1598060 778
1598070 778
1598080 784
1598090 789
1598100 789
1598110 792
1598120 793
1598130 793
1598140 795
1598150 796
1598160 796
1598170 797
1598180 799
1598190 799
1598200 801
1598210 803
1598220 803
1598230 805
1598240 808
1598250 808
1598260 812
1598270 815
1598280 817
1598290 817
1598300 819
1598310 821
1598320 821
1598330 823
1598340 826
1598350 826
1598360 829
1598370 831
1598380 831
1598390 834
1598400 837
1598410 837
1598420 840
1598430 842
1598440 842
1598450 846
1598460 848
1598470 848
1598480 851
1598490 855
1598500 855
1598510 858
1598520 860
1598530 860
1598540 862
1598550 866
1598560 866
1598570 870
1598580 873
1598590 873
1598600 876
1598610 880
1598620 880
1598630 883
1598640 887
1598650 887
1598660 891
1598670 896
1598680 896
1598690 901
1598700 906
1598710 906
1598720 911
1598730 916
1598740 920
1598750 920
1598760 923
1598770 925
1598780 925
1598790 928
1598800 931
1598810 931
1598820 934
1598830 938
1598840 938
1598850 942
1598860 945
1598870 945
1598880 946
1598890 945
1598900 945
1598910 945
1598920 945
1598930 945
1598940 944
1598950 943
1598960 943
1598970 942
1598980 942
1598990 942
1599000 941
1599010 936
1599020 936
1599030 936
1599040 936
1599050 936
1599060 935
1599070 935
1599080 935
1599090 936
1599100 936
1599110 936
1599120 937
1599130 937
1599140 937
1599150 937
1599160 939
1599170 940
1599180 940
1599190 943
1599200 946
1599210 946
1599220 951
1599230 957
1599240 957
1599250 963
1599260 967
1599270 967
1599280 971
1599290 976
1599300 976
1599310 980
1599320 984
1599330 984
1599340 986
1599350 989
1599360 989
1599370 993
1599380 996
1599390 996
1599400 999
1599410 1002
1599420 1002
1599430 1005
1599440 1008
1599450 1008
1599460 1011
1599470 1013
1599480 1013
1599490 1016
1599500 1018
1599510 1018
1599520 1020
1599530 1021
1599540 1021
1599550 1023
1599560 1025
1599570 1025
1599580 1027
1599590 1029
1599600 1031
1599610 1031
1599620 1033
1599630 1035
1599640 1035
1599650 1037
1599660 1040
1599670 1040
1599680 1042
1599690 1044
1599700 1044
1599710 1046
1599720 1048
1599730 1048
1599740 1049
1599750 1051
1599760 1051
1599770 1052
1599780 1053
1599790 1053
1599800 1054
1599810 1051
1599820 1051
1599830 1046
1599840 1039
1599850 1039
1599860 1032
1599870 1025
1599880 1025
1599890 1017
1599900 1010
1599910 1010
1599920 1004
1599930 997
1599940 997
1599950 991
1599960 985
1599970 985
1599980 979
1599990 972
