1580000 1018
1580010 1018
1580020 1018
1580030 1019
1580040 1019
1580050 1020
1580060 1020
1580070 1020
1580080 1020
1580090 1018
1580100 1018
1580110 1015
1580120 1011
1580130 1011
1580140 1006
1580150 1001
1580160 1001
1580170 996
1580180 989
1580190 982
1580200 982
1580210 975
1580220 967
1580230 967
1580240 960
1580250 952
1580260 952
1580270 945
1580280 937
1580290 937
1580300 930
1580310 924
1580320 924
1580330 917
1580340 911
1580350 911
1580360 905
1580370 900
1580380 900
1580390 895
1580400 891
1580410 891
1580420 887
1580430 884
1580440 884
1580450 886
1580460 891
1580470 891
1580480 896
1580490 901
1580500 901
1580510 904
1580520 906
1580530 906
1580540 909
1580550 911
1580560 911
1580570 914
1580580 916
1580590 916
1580600 920
1580610 925
1580620 925
1580630 931
1580640 936
1580650 941
1580660 941
1580670 945
1580680 951
1580690 951
1580700 958
1580710 966
1580720 966
1580730 973
1580740 980
1580750 980
1580760 986
1580770 993
1580780 993
1580790 994
1580800 1001
1580810 1001
1580820 1008
1580830 1016
1580840 1016
1580850 1022
1580860 1027
1580870 1027
1580880 1029
1580890 1031
1580900 1031
1580910 1032
1580920 1034
1580930 1034
1580940 1035
1580950 1037
1580960 1037
1580970 1039
1580980 1040
1580990 1040
1581000 1042
1581010 1043
1581020 1043
1581030 1044
1581040 1046
1581050 1046
1581060 1048
1581070 1049
1581080 1051
1581090 1051
1581100 1053
1581110 1054
1581120 1054
1581130 1056
1581140 1057
1581150 1057
1581160 1058
1581170 1060
1581180 1060
1581190 1061
1581200 1063
1581210 1063
1581220 1064
1581230 1065
1581240 1065
1581250 1066
1581260 1067
1581270 1067
1581280 1067
1581290 1068
1581300 1068
1581310 1068
1581320 1068
1581330 1068
1581340 1068
1581350 1067
1581360 1067
1581370 1066
1581380 1064
1581390 1064
1581400 1062
1581410 1059
1581420 1059
1581430 1056
1581440 1053
1581450 1053
1581460 1050
1581470 1047
1581480 1047
1581490 1044
1581500 1041
1581510 1041
1581520 1038
1581530 1035
1581540 1032
1581550 1032
1581560 1029
1581570 1026
1581580 1026
1581590 1022
1581600 1019
1581610 1019
1581620 1016
1581630 1013
1581640 1013
1581650 1009
1581660 1003
1581670 1003
1581680 996
1581690 990
1581700 990
1581710 983
1581720 977
1581730 977
1581740 972
1581750 971
1581760 971
1581770 974
1581780 979
1581790 979
1581800 984
1581810 988
1581820 988
1581830 991
1581840 994
1581850 994
1581860 998
1581870 1002
1581880 1002
1581890 1006
1581900 1010
1581910 1010
1581920 1015
1581930 1019
1581940 1019
1581950 1023
1581960 1029
1581970 1029
1581980 1035
1581990 1041
1582000 1046
1582010 1046
1582020 1051
1582030 1056
1582040 1056
1582050 1059
1582060 1062
1582070 1062
1582080 1065
1582090 1068
1582100 1068
1582110 1070
1582120 1073
1582130 1073
1582140 1076
1582150 1078
1582160 1078
1582170 1081
1582180 1084
1582190 1084
1582200 1086
1582210 1088
1582220 1088
1582230 1090
1582240 1092
1582250 1092
1582260 1094
1582270 1096
1582280 1096
1582290 1097
1582300 1099
1582310 1099
1582320 1100
1582330 1101
1582340 1101
1582350 1102
1582360 1103
1582370 1103
1582380 1104
1582390 1105
1582400 1105
1582410 1106
1582420 1106
1582430 1106
1582440 1107
1582450 1107
1582460 1108
1582470 1108
1582480 1108
1582490 1109
1582500 1109
1582510 1109
1582520 1110
1582530 1110
1582540 1110
1582550 1110
1582560 1110
1582570 1111
1582580 1111
1582590 1111
1582600 1111
1582610 1112
1582620 1112
1582630 1112
1582640 1112
1582650 1112
1582660 1112
1582670 1112
1582680 1112
1582690 1112
1582700 1111
1582710 1111
1582720 1111
1582730 1111
1582740 1111
1582750 1110
1582760 1109
1582770 1109
1582780 1109
1582790 1109
1582800 1109
1582810 1108
1582820 1107
1582830 1107
1582840 1107
1582850 1106
1582860 1106
1582870 1105
1582880 1104
1582890 1102
1582900 1102
1582910 1097
1582920 1091
1582930 1091
1582940 1085
1582950 1081
1582960 1081
1582970 1079
1582980 1078
1582990 1078
1583000 1076
1583010 1075
1583020 1075
1583030 1073
1583040 1072
1583050 1072
1583060 1069
1583070 1066
1583080 1066
1583090 1063
1583100 1061
1583110 1061
1583120 1059
1583130 1059
1583140 1059
1583150 1057
1583160 1049
1583170 1049
1583180 1043
1583190 1038
1583200 1038
1583210 1033
1583220 1029
1583230 1029
1583240 1026
1583250 1022
1583260 1022
1583270 1019
1583280 1017
1583290 1017
1583300 1013
1583310 1011
1583320 1011
1583330 1008
1583340 1005
1583350 1003
1583360 1003
1583370 1000
1583380 998
1583390 998
1583400 996
1583410 993
1583420 998
1583430 996
1583440 993
1583450 993
1583460 991
1583470 989
1583480 989
1583490 987
1583500 985
1583510 985
1583520 983
1583530 982
1583540 982
1583550 979
1583560 976
1583570 976
1583580 973
1583590 969
1583600 969
1583610 966
1583620 962
1583630 962
1583640 959
1583650 955
1583660 955
1583670 952
1583680 949
1583690 949
1583700 946
1583710 944
1583720 944
1583730 942
1583740 938
1583750 938
1583760 934
1583770 929
1583780 929
1583790 924
1583800 921
1583810 917
1583820 917
1583830 914
1583840 911
1583850 911
1583860 907
1583870 904
1583880 904
1583890 901
1583900 899
1583910 899
1583920 897
1583930 895
1583940 895
1583950 894
1583960 893
1583970 893
1583980 892
1583990 892
1584000 892
1584010 893
1584020 897
1584030 897
1584040 903
1584050 903
1584060 903
1584070 903
1584080 904
1584090 904
1584100 905
1584110 907
1584120 907
1584130 909
1584140 911
1584150 911
1584160 911
1584170 913
1584180 913
1584190 914
1584200 913
1584210 913
1584220 914
1584230 915
1584240 916
1584250 916
1584260 918
1584270 920
1584280 920
1584290 922
1584300 924
1584310 924
1584320 929
1584330 933
1584340 933
1584350 935
1584360 937
1584370 937
1584380 940
1584390 944
1584400 944
1584410 949
1584420 953
1584430 953
1584440 959
1584450 964
1584460 964
1584470 969
1584480 974
1584490 974
1584500 978
1584510 982
1584520 982
1584530 986
1584540 989
1584550 989
1584560 993
1584570 995
1584580 995
1584590 994
1584600 990
1584610 990
1584620 984
1584630 979
1584640 979
1584650 972
1584660 966
1584670 966
1584680 961
1584690 956
1584700 953
1584710 958
1584720 955
1584730 950
1584740 950
1584750 945
1584760 941
1584770 941
1584780 938
1584790 935
1584800 935
1584810 932
1584820 929
1584830 929
1584840 925
1584850 923
1584860 923
1584870 921
1584880 920
1584890 920
1584900 919
1584910 918
1584920 918
1584930 919
1584940 919
1584950 919
1584960 920
1584970 921
1584980 921
1584990 922
1585000 923
1585010 923
1585020 925
1585030 925
1585040 925
1585050 927
1585060 928
1585070 928
1585080 929
1585090 930
1585100 930
1585110 931
1585120 930
1585130 930
1585140 930
1585150 930
1585160 930
1585170 930
1585180 929
1585190 929
1585200 929
1585210 928
1585220 927
1585230 927
1585240 927
1585250 925
1585260 925
1585270 920
1585280 917
1585290 917
1585300 916
1585310 914
1585320 914
1585330 912
1585340 913
1585350 913
1585360 915
1585370 916
1585380 916
1585390 917
1585400 918
1585410 918
1585420 919
1585430 919
1585440 919
1585450 920
1585460 921
1585470 921
1585480 920
1585490 920
1585500 920
1585510 920
1585520 922
1585530 922
1585540 923
1585550 923
1585560 923
1585570 922
1585580 920
1585590 920
1585600 920
1585610 921
1585620 921
1585630 921
1585640 922
1585650 922
1585660 922
1585670 921
1585680 920
1585690 920
1585700 920
1585710 920
1585720 920
1585730 919
1585740 920
1585750 920
1585760 921
1585770 921
1585780 921
1585790 921
1585800 922
1585810 922
1585820 921
1585830 922
1585840 922
1585850 924
1585860 924
1585870 924
1585880 923
1585890 924
1585900 924
1585910 926
1585920 926
1585930 926
1585940 925
1585950 924
1585960 924
1585970 925
1585980 925
1585990 923
1586000 922
1586010 922
1586020 922
1586030 924
1586040 925
1586050 925
1586060 925
1586070 925
1586080 925
1586090 925
1586100 925
1586110 925
1586120 925
1586130 926
1586140 928
1586150 928
1586160 931
1586170 934
1586180 934
1586190 937
1586200 940
1586210 940
1586220 944
1586230 947
1586240 947
1586250 951
1586260 954
1586270 954
1586280 954
1586290 952
1586300 952
1586310 948
1586320 946
1586330 946
1586340 945
1586350 945
1586360 945
1586370 943
1586380 942
1586390 942
1586400 940
1586410 939
1586420 939
1586430 937
1586440 936
1586450 936
1586460 936
1586470 935
1586480 935
1586490 934
1586500 933
1586510 932
1586520 932
1586530 933
1586540 934
1586550 934
1586560 935
1586570 938
1586580 938
1586590 941
1586600 945
1586610 945
1586620 950
1586630 955
1586640 955
1586650 959
1586660 963
1586670 963
1586680 966
1586690 970
1586700 970
1586710 972
1586720 974
1586730 974
1586740 974
1586750 973
1586760 973
1586770 972
1586780 970
1586790 970
1586800 969
1586810 969
1586820 969
1586830 969
1586840 969
1586850 969
1586860 969
1586870 968
1586880 968
1586890 966
1586900 964
1586910 964
1586920 962
1586930 961
1586940 961
1586950 958
1586960 955
1586970 952
1586980 952
1586990 948
1587000 945
1587010 945
1587020 943
1587030 940
1587040 940
1587050 937
1587060 935
1587070 935
1587080 934
1587090 935
1587100 935
1587110 935
1587120 933
1587130 933
1587140 931
1587150 929
1587160 929
1587170 926
1587180 924
1587190 924
1587200 924
1587210 924
1587220 924
1587230 924
1587240 923
1587250 923
1587260 925
1587270 928
1587280 928
1587290 931
1587300 933
1587310 933
1587320 936
1587330 937
1587340 937
1587350 932
1587360 925
1587370 925
1587380 919
1587390 914
1587400 908
1587410 908
1587420 903
1587430 898
1587440 898
1587450 894
1587460 890
1587470 890
1587480 886
1587490 887
1587500 887
1587510 889
1587520 889
1587530 889
1587540 888
1587550 887
1587560 887
1587570 888
1587580 888
1587590 888
1587600 888
1587610 888
1587620 888
1587630 889
1587640 888
1587650 888
1587660 887
1587670 886
1587680 886
1587690 885
1587700 884
1587710 884
1587720 884
1587730 883
1587740 883
1587750 883
1587760 883
1587770 883
1587780 883
1587790 883
1587800 883
1587810 884
1587820 884
1587830 884
1587840 884
1587850 883
1587860 880
1587870 880
1587880 876
1587890 874
1587900 874
1587910 872
1587920 869
1587930 869
1587940 867
1587950 865
1587960 865
1587970 862
1587980 860
1587990 860
1588000 858
1588010 856
1588020 856
1588030 855
1588040 853
1588050 853
1588060 850
1588070 847
1588080 847
1588090 844
1588100 842
1588110 842
1588120 840
1588130 839
1588140 839
1588150 839
1588160 839
1588170 839
1588180 839
1588190 839
1588200 839
1588210 840
1588220 842
1588230 842
1588240 845
1588250 848
1588260 848
1588270 852
1588280 857
1588290 857
1588300 863
1588310 869
1588320 876
1588330 876
1588340 884
1588350 890
1588360 890
1588370 897
1588380 903
1588390 903
1588400 908
1588410 914
1588420 914
1588430 919
1588440 923
1588450 923
1588460 926
1588470 930
1588480 930
1588490 936
1588500 940
1588510 940
1588520 943
1588530 945
1588540 945
1588550 947
1588560 948
1588570 948
1588580 950
1588590 951
1588600 951
1588610 951
1588620 949
1588630 949
1588640 946
1588650 942
1588660 942
1588670 937
1588680 931
1588690 931
1588700 924
1588710 917
1588720 917
1588730 903
1588740 885
1588750 875
1588760 875
1588770 857
1588780 835
1588790 835
1588800 823
1588810 816
1588820 816
1588830 809
1588840 800
1588850 800
1588860 792
1588870 786
1588880 786
1588890 780
1588900 775
1588910 775
1588920 769
1588930 764
1588940 764
1588950 761
1588960 757
1588970 757
1588980 754
1588990 751
1589000 751
1589010 750
1589020 750
1589030 750
1589040 749
1589050 748
1589060 748
1589070 747
1589080 746
1589090 746
1589100 745
1589110 745
1589120 745
1589130 744
1589140 742
1589150 742
1589160 740
1589170 737
1589180 737
1589190 732
1589200 725
1589210 720
1589220 720
1589230 718
1589240 717
1589250 717
1589260 717
1589270 717
1589280 717
1589290 719
1589300 722
1589310 722
1589320 726
1589330 730
1589340 730
1589350 735
1589360 743
1589370 743
1589380 749
1589390 751
1589400 751
1589410 751
1589420 752
1589430 752
1589440 752
1589450 753
1589460 753
1589470 754
1589480 755
1589490 755
1589500 757
1589510 759
1589520 759
1589530 761
1589540 763
1589550 763
1589560 765
1589570 768
1589580 768
1589590 768
1589600 767
1589610 767
1589620 767
1589630 767
1589640 767
1589650 767
1589660 767
1589670 768
1589680 768
1589690 770
1589700 771
1589710 770
1589720 771
1589730 773
1589740 773
1589750 775
1589760 776
1589770 776
1589780 777
1589790 779
1589800 779
1589810 780
1589820 782
1589830 782
1589840 784
1589850 785
1589860 785
1589870 787
1589880 789
1589890 789
1589900 790
1589910 792
1589920 792
1589930 794
1589940 797
1589950 797
1589960 799
1589970 800
1589980 800
1589990 802
1590000 803
1590010 803
1590020 804
1590030 805
1590040 805
1590050 806
1590060 807
1590070 807
1590080 808
1590090 809
1590100 809
1590110 810
1590120 811
1590130 812
1590140 812
1590150 813
1590160 813
1590170 813
1590180 814
1590190 814
1590200 814
1590210 814
1590220 814
1590230 814
1590240 814
1590250 814
1590260 814
1590270 814
1590280 814
1590290 814
1590300 814
1590310 814
1590320 814
1590330 814
1590340 813
1590350 813
1590360 813
1590370 813
1590380 813
1590390 813
1590400 813
1590410 813
1590420 813
1590430 812
1590440 812
1590450 812
1590460 811
1590470 811
1590480 811
1590490 811
1590500 811
1590510 810
1590520 809
1590530 809
1590540 809
1590550 808
1590560 808
1590570 808
1590580 807
1590590 807
1590600 807
1590610 806
1590620 805
1590630 805
1590640 804
1590650 804
1590660 804
1590670 803
1590680 802
1590690 802
1590700 802
1590710 802
1590720 802
1590730 803
1590740 803
1590750 803
1590760 804
1590770 806
1590780 806
1590790 809
1590800 812
1590810 812
1590820 815
1590830 817
1590840 817
1590850 820
1590860 822
1590870 822
1590880 823
1590890 824
1590900 824
1590910 825
1590920 824
1590930 828
1590940 826
1590950 826
1590960 826
1590970 827
1590980 827
1590990 827
1591000 828
1591010 830
1591020 831
1591030 831
1591040 833
1591050 834
1591060 834
1591070 835
1591080 835
1591090 835
1591100 833
1591110 831
1591120 831
1591130 829
1591140 826
1591150 826
1591160 824
1591170 821
1591180 821
1591190 820
1591200 819
1591210 819
1591220 818
1591230 815
1591240 815
1591250 811
1591260 807
1591270 807
1591280 804
1591290 801
1591300 801
1591310 797
1591320 795
1591330 795
1591340 792
1591350 788
1591360 788
1591370 785
1591380 781
1591390 781
1591400 778
1591410 776
1591420 776
1591430 775
1591440 774
1591450 774
1591460 775
1591470 777
1591480 779
1591490 779
1591500 779
1591510 777
1591520 777
1591530 776
1591540 776
1591550 776
1591560 775
1591570 773
1591580 773
1591590 772
1591600 771
1591610 771
1591620 772
1591630 773
1591640 773
1591650 773
1591660 771
1591670 771
1591680 769
1591690 765
1591700 765
1591710 762
1591720 761
1591730 761
1591740 759
1591750 758
1591760 758
1591770 755
1591780 752
1591790 752
1591800 750
1591810 749
1591820 749
1591830 748
1591840 747
1591850 747
1591860 746
1591870 745
1591880 745
1591890 745
1591900 746
1591910 746
1591920 747
1591930 748
1591940 749
1591950 749
1591960 749
1591970 749
1591980 749
1591990 749
1592000 750
1592010 750
1592020 749
1592030 749
1592040 749
1592050 747
1592060 746
1592070 746
1592080 744
1592090 743
1592100 743
1592110 742
1592120 740
1592130 738
1592140 735
1592150 733
1592160 733
1592170 731
1592180 729
1592190 729
1592200 727
1592210 727
1592220 727
1592230 726
1592240 726
1592250 726
1592260 726
1592270 726
1592280 726
1592290 725
1592300 724
1592310 724
1592320 725
1592330 726
1592340 726
1592350 726
1592360 725
1592370 725
1592380 725
1592390 724
1592400 723
1592410 723
1592420 723
1592430 722
1592440 722
1592450 722
1592460 721
1592470 721
1592480 719
1592490 719
1592500 719
1592510 718
1592520 717
1592530 717
1592540 716
1592550 714
1592560 714
1592570 712
1592580 710
1592590 710
1592600 709
1592610 707
1592620 707
1592630 706
1592640 704
1592650 704
1592660 703
1592670 702
1592680 702
1592690 701
1592700 700
1592710 700
1592720 699
1592730 697
1592740 697
1592750 696
1592760 695
1592770 695
1592780 693
1592790 691
1592800 691
1592810 687
1592820 682
1592830 681
1592840 681
1592850 683
1592860 682
1592870 682
1592880 680
1592890 677
1592900 677
1592910 673
1592920 670
1592930 670
1592940 668
1592950 665
1592960 665
1592970 661
1592980 658
1592990 658
1593000 656
1593010 654
1593020 654
1593030 652
1593040 649
1593050 649
1593060 644
1593070 642
1593080 642
1593090 644
1593100 645
1593110 645
1593120 645
1593130 645
1593140 645
1593150 645
1593160 645
1593170 645
1593180 645
1593190 646
1593200 646
1593210 646
1593220 646
1593230 646
1593240 646
1593250 646
1593260 646
1593270 646
1593280 646
1593290 646
1593300 646
1593310 647
1593320 647
1593330 647
1593340 646
1593350 645
1593360 645
1593370 644
1593380 642
1593390 642
1593400 642
1593410 641
1593420 641
1593430 640
1593440 638
1593450 638
1593460 636
1593470 635
1593480 635
1593490 633
1593500 631
1593510 631
1593520 630
1593530 629
1593540 629
1593550 628
1593560 627
1593570 627
1593580 625
1593590 624
1593600 624
1593610 624
1593620 623
1593630 623
1593640 620
1593650 617
1593660 617
1593670 617
1593680 616
1593690 616
1593700 616
1593710 616
1593720 615
1593730 615
1593740 615
1593750 615
1593760 615
1593770 616
1593780 617
1593790 617
1593800 617
1593810 617
1593820 617
1593830 616
1593840 615
1593850 615
1593860 615
1593870 614
1593880 614
1593890 614
1593900 614
1593910 614
1593920 613
1593930 613
1593940 613
1593950 613
1593960 612
1593970 612
1593980 611
1593990 610
1594000 610
1594010 608
1594020 606
1594030 606
1594040 604
1594050 601
1594060 601
1594070 599
1594080 599
1594090 599
1594100 599
1594110 599
1594120 599
1594130 598
1594140 598
1594150 598
1594160 598
1594170 599
1594180 599
1594190 599
1594200 599
1594210 599
1594220 599
1594230 599
1594240 599
1594250 599
1594260 599
1594270 599
1594280 599
1594290 599
1594300 599
1594310 599
1594320 599
1594330 599
1594340 599
1594350 598
1594360 598
1594370 598
1594380 598
1594390 598
1594400 598
1594410 598
1594420 598
1594430 598
1594440 598
1594450 598
1594460 598
1594470 598
1594480 598
1594490 598
1594500 597
1594510 598
1594520 598
1594530 598
1594540 598
1594550 598
1594560 598
1594570 598
1594580 598
1594590 598
1594600 598
1594610 598
1594620 598
1594630 598
1594640 598
1594650 598
1594660 598
1594670 599
1594680 599
1594690 599
1594700 599
1594710 599
1594720 599
1594730 600
1594740 600
1594750 601
1594760 602
1594770 602
1594780 603
1594790 605
1594800 605
1594810 607
1594820 610
1594830 610
1594840 613
1594850 616
1594860 616
1594870 620
1594880 624
1594890 624
1594900 627
1594910 631
1594920 631
1594930 636
1594940 642
1594950 642
1594960 646
1594970 651
1594980 651
1594990 655
1595000 658
1595010 658
1595020 661
1595030 665
1595040 665
1595050 669
1595060 672
1595070 672
1595080 675
1595090 678
1595100 681
1595110 681
1595120 683
1595130 686
1595140 686
1595150 689
1595160 691
1595170 691
1595180 693
1595190 696
1595200 696
1595210 698
1595220 701
1595230 701
1595240 703
1595250 706
1595260 706
1595270 708
1595280 710
1595290 710
1595300 712
1595310 714
1595320 714
1595330 715
1595340 716
1595350 716
1595360 718
1595370 719
1595380 719
1595390 720
1595400 721
1595410 721
1595420 721
1595430 720
1595440 720
1595450 718
1595460 718
1595470 718
1595480 718
1595490 719
1595500 719
1595510 719
1595520 718
1595530 718
1595540 718
1595550 719
1595560 720
1595570 720
1595580 722
1595590 723
1595600 723
1595610 725
1595620 727
1595630 727
1595640 728
1595650 730
1595660 730
1595670 731
1595680 731
1595690 731
1595700 730
1595710 730
1595720 730
1595730 730
1595740 730
1595750 730
1595760 730
1595770 731
1595780 731
1595790 732
1595800 733
1595810 733
1595820 733
1595830 734
1595840 734
1595850 736
1595860 738
1595870 738
1595880 740
1595890 742
1595900 742
1595910 743
1595920 745
1595930 745
1595940 746
1595950 747
1595960 747
1595970 748
1595980 749
1595990 751
1596000 751
1596010 752
1596020 753
1596030 753
1596040 754
1596050 754
1596060 754
1596070 755
1596080 756
1596090 756
1596100 755
1596110 753
1596120 753
1596130 751
1596140 749
1596150 749
1596160 747
1596170 746
1596180 746
1596190 743
1596200 738
1596210 738
1596220 734
1596230 732
1596240 732
1596250 731
1596260 727
1596270 727
1596280 722
1596290 716
1596300 716
1596310 709
1596320 704
1596330 704
1596340 699
1596350 696
1596360 696
1596370 699
1596380 700
1596390 700
1596400 696
1596410 691
1596420 691
1596430 685
1596440 678
1596450 673
1596460 673
1596470 668
1596480 662
1596490 662
1596500 658
1596510 656
1596520 656
1596530 654
1596540 652
1596550 652
1596560 650
1596570 649
1596580 649
1596590 647
1596600 645
1596610 645
1596620 643
1596630 642
1596640 642
1596650 640
1596660 638
1596670 638
1596680 637
1596690 636
1596700 636
1596710 635
1596720 635
1596730 635
1596740 635
1596750 635
1596760 635
1596770 635
1596780 635
1596790 635
1596800 636
1596810 636
1596820 636
1596830 636
1596840 636
1596850 636
1596860 636
1596870 636
1596880 636
1596890 636
1596900 636
1596910 637
1596920 637
1596930 637
1596940 637
1596950 637
1596960 637
1596970 637
1596980 637
1596990 637
1597000 638
1597010 638
1597020 638
1597030 638
1597040 638
1597050 638
1597060 639
1597070 639
1597080 639
1597090 639
1597100 639
1597110 639
1597120 640
1597130 640
1597140 640
1597150 640
1597160 640
1597170 641
1597180 641
1597190 641
1597200 642
1597210 642
1597220 642
1597230 643
1597240 644
1597250 644
1597260 645
1597270 645
1597280 645
1597290 644
1597300 645
1597310 645
1597320 646
1597330 647
1597340 648
1597350 648
1597360 652
1597370 654
1597380 654
1597390 656
1597400 658
1597410 658
1597420 660
1597430 662
1597440 662
1597450 664
1597460 667
1597470 667
1597480 668
1597490 670
1597500 670
1597510 673
1597520 676
1597530 676
1597540 678
1597550 682
1597560 682
1597570 685
1597580 688
1597590 688
1597600 690
1597610 693
1597620 693
1597630 695
1597640 697
1597650 697
1597660 699
1597670 701
1597680 701
1597690 703
1597700 705
1597710 705
1597720 707
1597730 710
1597740 710
1597750 712
1597760 714
1597770 714
1597780 715
1597790 716
1597800 717
1597810 717
1597820 717
1597830 718
1597840 718
1597850 719
1597860 720
1597870 720
1597880 722
1597890 724
1597900 724
1597910 725
1597920 725
1597930 725
1597940 728
1597950 729
1597960 729
1597970 731
1597980 733
1597990 733
1598000 736
1598010 739
1598020 739
1598030 741
1598040 742
1598050 742
1598060 744
1598070 748
1598080 748
1598090 750
1598100 753
1598110 753
1598120 756
1598130 760
1598140 760
1598150 763
1598160 766
1598170 766
1598180 769
1598190 772
1598200 772
1598210 777
1598220 779
1598230 779
1598240 779
1598250 781
1598260 782
1598270 782
1598280 784
1598290 786
1598300 786
1598310 787
1598320 788
1598330 788
1598340 789
1598350 789
1598360 789
1598370 789
1598380 790
1598390 790
1598400 790
1598410 792
1598420 792
1598430 793
1598440 794
1598450 794
1598460 795
1598470 796
1598480 796
1598490 797
1598500 798
1598510 798
1598520 799
1598530 801
1598540 801
1598550 801
1598560 802
1598570 802
1598580 803
1598590 804
1598600 804
1598610 804
1598620 805
1598630 805
1598640 805
1598650 804
1598660 804
1598670 803
1598680 802
1598690 802
1598700 800
1598710 799
1598720 797
1598730 797
1598740 796
1598750 795
1598760 795
1598770 794
1598780 793
1598790 793
1598800 793
1598810 793
1598820 793
1598830 793
1598840 793
1598850 793
1598860 792
1598870 792
1598880 792
1598890 792
1598900 791
1598910 791
1598920 791
1598930 788
1598940 788
1598950 786
1598960 787
1598970 787
1598980 787
1598990 788
1599000 788
1599010 787
1599020 787
1599030 787
1599040 787
1599050 786
1599060 788
1599070 788
1599080 788
1599090 788
1599100 788
1599110 789
1599120 789
1599130 790
1599140 790
1599150 791
1599160 791
1599170 792
1599180 794
1599190 794
1599200 796
1599210 797
1599220 797
1599230 798
1599240 798
1599250 798
1599260 798
1599270 798
1599280 798
1599290 799
1599300 799
1599310 799
1599320 800
1599330 800
1599340 800
1599350 801
1599360 802
1599370 802
1599380 802
1599390 803
1599400 803
1599410 803
1599420 804
1599430 804
1599440 805
1599450 806
1599460 806
1599470 807
1599480 807
1599490 807
1599500 808
1599510 808
1599520 808
1599530 809
1599540 809
1599550 809
1599560 810
1599570 810
1599580 810
1599590 810
1599600 811
1599610 813
1599620 813
1599630 815
1599640 817
1599650 817
1599660 820
1599670 823
1599680 823
1599690 825
1599700 827
1599710 827
1599720 829
1599730 830
1599740 830
1599750 831
1599760 831
1599770 831
1599780 832
1599790 830
1599800 830
1599810 826
1599820 823
1599830 823
1599840 820
1599850 817
1599860 817
1599870 814
1599880 812
1599890 812
1599900 810
1599910 809
1599920 809
1599930 808
1599940 806
1599950 806
1599960 801
1599970 799
1599980 799
1599990 798
