1580000 758
1580010 758
1580020 755
1580030 752
1580040 752
1580050 747
1580060 743
1580070 743
1580080 740
1580090 737
1580100 737
1580110 735
1580120 733
1580130 732
1580140 732
1580150 729
1580160 728
1580170 728
1580180 728
1580190 727
1580200 727
1580210 725
1580220 722
1580230 722
1580240 718
1580250 715
1580260 715
1580270 713
1580280 712
1580290 712
1580300 713
1580310 715
1580320 715
1580330 718
1580340 721
1580350 721
1580360 723
1580370 726
1580380 726
1580390 730
1580400 733
1580410 733
1580420 737
1580430 742
1580440 742
1580450 746
1580460 750
1580470 750
1580480 754
1580490 758
1580500 758
1580510 763
1580520 768
1580530 768
1580540 772
1580550 777
1580560 777
1580570 782
1580580 788
1580590 793
1580600 793
1580610 798
1580620 801
1580630 801
1580640 804
1580650 805
1580660 805
1580670 805
1580680 805
1580690 805
1580700 805
1580710 805
1580720 805
1580730 805
1580740 804
1580750 804
1580760 802
1580770 795
1580780 795
1580790 792
1580800 789
1580810 789
1580820 786
1580830 784
1580840 784
1580850 784
1580860 784
1580870 784
1580880 787
1580890 791
1580900 791
1580910 795
1580920 799
1580930 799
1580940 804
1580950 808
1580960 808
1580970 812
1580980 817
1580990 817
1581000 819
1581010 822
1581020 822
1581030 825
1581040 826
1581050 826
1581060 826
1581070 824
1581080 823
1581090 823
1581100 822
1581110 821
1581120 821
1581130 821
1581140 820
1581150 820
1581160 818
1581170 818
1581180 818
1581190 817
1581200 816
1581210 816
1581220 816
1581230 815
1581240 815
1581250 815
1581260 815
1581270 815
1581280 815
1581290 812
1581300 812
1581310 811
1581320 811
1581330 811
1581340 812
1581350 814
1581360 814
1581370 814
1581380 816
1581390 816
1581400 817
1581410 818
1581420 818
1581430 817
1581440 814
1581450 814
1581460 808
1581470 805
1581480 805
1581490 805
1581500 808
1581510 813
1581520 813
1581530 818
1581540 823
1581550 823
1581560 829
1581570 835
1581580 835
1581590 842
1581600 849
1581610 849
1581620 856
1581630 860
1581640 860
1581650 867
1581660 873
1581670 873
1581680 876
1581690 879
1581700 879
1581710 883
1581720 887
1581730 887
1581740 890
1581750 892
1581760 892
1581770 894
1581780 895
1581790 895
1581800 896
1581810 898
1581820 898
1581830 900
1581840 902
1581850 902
1581860 903
1581870 905
1581880 905
1581890 906
1581900 908
1581910 908
1581920 910
1581930 913
1581940 915
1581950 915
1581960 916
1581970 919
1581980 919
1581990 921
1582000 923
1582010 923
1582020 926
1582030 928
1582040 928
1582050 929
1582060 931
1582070 931
1582080 931
1582090 932
1582100 930
1582110 931
1582120 932
1582130 932
1582140 932
1582150 932
1582160 932
1582170 933
1582180 932
1582190 932
1582200 932
1582210 931
1582220 931
1582230 930
1582240 930
1582250 930
1582260 930
1582270 929
1582280 929
1582290 928
1582300 929
1582310 929
1582320 930
1582330 930
1582340 930
1582350 930
1582360 930
1582370 930
1582380 932
1582390 933
1582400 934
1582410 934
1582420 934
1582430 935
1582440 935
1582450 935
1582460 936
1582470 936
1582480 936
1582490 935
1582500 935
1582510 935
1582520 936
1582530 936
1582540 936
1582550 936
1582560 936
1582570 936
1582580 936
1582590 936
1582600 937
1582610 936
1582620 936
1582630 935
1582640 934
1582650 934
1582660 933
1582670 932
1582680 932
1582690 930
1582700 928
1582710 928
1582720 926
1582730 925
1582740 925
1582750 923
1582760 923
1582770 923
1582780 923
1582790 922
1582800 922
1582810 922
1582820 921
1582830 921
1582840 921
1582850 920
1582860 920
1582870 920
1582880 920
1582890 920
1582900 920
1582910 920
1582920 918
1582930 918
1582940 915
1582950 913
1582960 913
1582970 911
1582980 909
1582990 909
1583000 908
1583010 907
1583020 907
1583030 906
1583040 903
1583050 903
1583060 900
1583070 898
1583080 898
1583090 896
1583100 893
1583110 893
1583120 890
1583130 888
1583140 888
1583150 886
1583160 884
1583170 884
1583180 882
1583190 881
1583200 881
1583210 880
1583220 878
1583230 878
1583240 878
1583250 876
1583260 876
1583270 875
1583280 874
1583290 874
1583300 873
1583310 872
1583320 871
1583330 871
1583340 870
1583350 869
1583360 869
1583370 868
1583380 867
1583390 867
1583400 865
1583410 861
1583420 861
1583430 860
1583440 860
1583450 860
1583460 860
1583470 861
1583480 861
1583490 861
1583500 861
1583510 861
1583520 861
1583530 861
1583540 861
1583550 861
1583560 860
1583570 860
1583580 860
1583590 859
1583600 859
1583610 859
1583620 858
1583630 858
1583640 857
1583650 856
1583660 856
1583670 856
1583680 856
1583690 856
1583700 855
1583710 855
1583720 855
1583730 854
1583740 853
1583750 853
1583760 853
1583770 852
1583780 852
1583790 852
1583800 853
1583810 853
1583820 853
1583830 853
1583840 853
1583850 853
1583860 853
1583870 853
1583880 853
1583890 854
1583900 854
1583910 854
1583920 854
1583930 853
1583940 853
1583950 853
1583960 853
1583970 853
1583980 853
1583990 853
1584000 853
1584010 854
1584020 854
1584030 854
1584040 855
1584050 855
1584060 855
1584070 855
1584080 855
1584090 855
1584100 855
1584110 856
1584120 856
1584130 856
1584140 857
1584150 857
1584160 857
1584170 858
1584180 858
1584190 859
1584200 860
1584210 860
1584220 861
1584230 863
1584240 864
1584250 864
1584260 866
1584270 868
1584280 868
1584290 870
1584300 873
1584310 873
1584320 876
1584330 880
1584340 880
1584350 883
1584360 887
1584370 887
1584380 892
1584390 896
1584400 896
1584410 900
1584420 903
1584430 903
1584440 907
1584450 907
1584460 907
1584470 904
1584480 899
1584490 899
1584500 894
1584510 889
1584520 889
1584530 886
1584540 882
1584550 882
1584560 879
1584570 877
1584580 877
1584590 877
1584600 878
1584610 878
1584620 878
1584630 878
1584640 878
1584650 878
1584660 877
1584670 877
1584680 875
1584690 875
1584700 875
1584710 875
1584720 874
1584730 874
1584740 874
1584750 875
1584760 876
1584770 876
1584780 876
1584790 877
1584800 877
1584810 878
1584820 879
1584830 879
1584840 880
1584850 881
1584860 881
1584870 882
1584880 883
1584890 883
1584900 884
1584910 885
1584920 885
1584930 886
1584940 887
1584950 887
1584960 886
1584970 885
1584980 885
1584990 885
1585000 885
1585010 885
1585020 886
1585030 887
1585040 887
1585050 889
1585060 890
1585070 890
1585080 892
1585090 894
1585100 894
1585110 897
1585120 901
1585130 901
1585140 906
1585150 911
1585160 916
1585170 916
1585180 921
1585190 923
1585200 923
1585210 921
1585220 916
1585230 916
1585240 911
1585250 906
1585260 906
1585270 901
1585280 897
1585290 897
1585300 892
1585310 887
1585320 887
1585330 882
1585340 877
1585350 877
1585360 873
1585370 868
1585380 868
1585390 864
1585400 861
1585410 861
1585420 858
1585430 855
1585440 855
1585450 852
1585460 850
1585470 850
1585480 848
1585490 846
1585500 846
1585510 845
1585520 844
1585530 844
1585540 843
1585550 842
1585560 842
1585570 841
1585580 839
1585590 839
1585600 836
1585610 832
1585620 828
1585630 828
1585640 826
1585650 824
1585660 824
1585670 823
1585680 824
1585690 824
1585700 825
1585710 826
1585720 826
1585730 827
1585740 828
1585750 828
1585760 828
1585770 829
1585780 829
1585790 829
1585800 829
1585810 829
1585820 828
1585830 827
1585840 827
1585850 826
1585860 825
1585870 825
1585880 825
1585890 824
1585900 824
1585910 823
1585920 822
1585930 822
1585940 821
1585950 820
1585960 820
1585970 817
1585980 816
1585990 816
1586000 815
1586010 814
1586020 814
1586030 813
1586040 813
1586050 813
1586060 812
1586070 812
1586080 812
1586090 812
1586100 812
1586110 813
1586120 813
1586130 813
1586140 813
1586150 813
1586160 814
1586170 814
1586180 814
1586190 814
1586200 814
1586210 814
1586220 814
1586230 814
1586240 814
1586250 815
1586260 815
1586270 815
1586280 814
1586290 814
1586300 814
1586310 814
1586320 813
1586330 813
1586340 811
1586350 806
1586360 806
1586370 800
1586380 795
1586390 795
1586400 792
1586410 788
1586420 788
1586430 784
1586440 780
1586450 780
1586460 777
1586470 774
1586480 774
1586490 771
1586500 768
1586510 768
1586520 766
1586530 765
1586540 763
1586550 763
1586560 761
1586570 759
1586580 759
1586590 757
1586600 755
1586610 755
1586620 755
1586630 754
1586640 754
1586650 755
1586660 756
1586670 756
1586680 757
1586690 759
1586700 759
1586710 761
1586720 761
1586730 761
1586740 762
1586750 762
1586760 762
1586770 760
1586780 760
1586790 760
1586800 761
1586810 760
1586820 760
1586830 757
1586840 753
1586850 753
1586860 749
1586870 745
1586880 745
1586890 743
1586900 740
1586910 740
1586920 736
1586930 733
1586940 733
1586950 731
1586960 730
1586970 730
1586980 729
1586990 729
1587000 729
1587010 729
1587020 729
1587030 729
1587040 729
1587050 729
1587060 729
1587070 729
1587080 730
1587090 731
1587100 731
1587110 733
1587120 735
1587130 735
1587140 736
1587150 737
1587160 737
1587170 739
1587180 742
1587190 742
1587200 744
1587210 747
1587220 747
1587230 747
1587240 749
1587250 749
1587260 752
1587270 754
1587280 754
1587290 756
1587300 758
1587310 758
1587320 760
1587330 762
1587340 762
1587350 764
1587360 765
1587370 765
1587380 767
1587390 768
1587400 768
1587410 769
1587420 771
1587430 773
1587440 773
1587450 774
1587460 775
1587470 775
1587480 776
1587490 777
1587500 777
1587510 777
1587520 777
1587530 777
1587540 777
1587550 777
1587560 777
1587570 777
1587580 776
1587590 776
1587600 776
1587610 775
1587620 775
1587630 775
1587640 775
1587650 775
1587660 774
1587670 774
1587680 774
1587690 774
1587700 773
1587710 773
1587720 772
1587730 772
1587740 772
1587750 771
1587760 771
1587770 771
1587780 770
1587790 769
1587800 769
1587810 768
1587820 767
1587830 767
1587840 767
1587850 766
1587860 766
1587870 766
1587880 766
1587890 766
1587900 766
1587910 765
1587920 765
1587930 765
1587940 764
1587950 764
1587960 764
1587970 764
1587980 763
1587990 763
1588000 763
1588010 762
1588020 762
1588030 762
1588040 761
1588050 761
1588060 760
1588070 760
1588080 760
1588090 759
1588100 759
1588110 759
1588120 758
1588130 758
1588140 758
1588150 757
1588160 757
1588170 757
1588180 756
1588190 755
1588200 755
1588210 755
1588220 754
1588230 754
1588240 753
1588250 751
1588260 751
1588270 749
1588280 746
1588290 746
1588300 744
1588310 744
1588320 744
1588330 745
1588340 745
1588350 743
1588360 743
1588370 742
1588380 740
1588390 740
1588400 736
1588410 733
1588420 733
1588430 731
1588440 729
1588450 729
1588460 729
1588470 733
1588480 735
1588490 741
1588500 745
1588510 745
1588520 748
1588530 749
1588540 749
1588550 750
1588560 749
1588570 749
1588580 747
1588590 745
1588600 745
1588610 741
1588620 736
1588630 736
1588640 731
1588650 727
1588660 727
1588670 724
1588680 720
1588690 720
1588700 713
1588710 707
1588720 707
1588730 695
1588740 684
1588750 684
1588760 679
1588770 675
1588780 675
1588790 672
1588800 670
1588810 667
1588820 667
1588830 667
1588840 668
1588850 668
1588860 668
1588870 668
1588880 668
1588890 668
1588900 669
1588910 669
1588920 669
1588930 669
1588940 669
1588950 671
1588960 674
1588970 674
1588980 678
1588990 684
1589000 684
1589010 689
1589020 692
1589030 692
1589040 693
1589050 693
1589060 693
1589070 694
1589080 697
1589090 697
1589100 699
1589110 701
1589120 701
1589130 703
1589140 704
1589150 704
1589160 705
1589170 706
1589180 706
1589190 707
1589200 707
1589210 707
1589220 706
1589230 706
1589240 706
1589250 706
1589260 706
1589270 706
1589280 706
1589290 705
1589300 702
1589310 702
1589320 698
1589330 695
1589340 695
1589350 692
1589360 690
1589370 690
1589380 689
1589390 689
1589400 689
1589410 688
1589420 688
1589430 688
1589440 687
1589450 686
1589460 686
1589470 686
1589480 686
1589490 686
1589500 686
1589510 685
1589520 685
1589530 685
1589540 685
1589550 685
1589560 685
1589570 685
1589580 685
1589590 684
1589600 682
1589610 682
1589620 680
1589630 678
1589640 678
1589650 677
1589660 676
1589670 676
1589680 675
1589690 673
1589700 675
1589710 674
1589720 672
1589730 671
1589740 671
1589750 670
1589760 669
1589770 669
1589780 668
1589790 666
1589800 666
1589810 665
1589820 665
1589830 665
1589840 664
1589850 664
1589860 664
1589870 664
1589880 664
1589890 664
1589900 665
1589910 665
1589920 665
1589930 665
1589940 666
1589950 666
1589960 666
1589970 667
1589980 667
1589990 667
1590000 667
1590010 667
1590020 667
1590030 667
1590040 667
1590050 667
1590060 667
1590070 667
1590080 667
1590090 667
1590100 667
1590110 668
1590120 668
1590130 668
1590140 668
1590150 668
1590160 668
1590170 668
1590180 668
1590190 668
1590200 668
1590210 669
1590220 669
1590230 669
1590240 669
1590250 670
1590260 670
1590270 670
1590280 671
1590290 671
1590300 671
1590310 671
1590320 671
1590330 671
1590340 671
1590350 671
1590360 670
1590370 670
1590380 670
1590390 669
1590400 669
1590410 669
1590420 669
1590430 669
1590440 669
1590450 670
1590460 670
1590470 670
1590480 670
1590490 671
1590500 671
1590510 671
1590520 672
1590530 672
1590540 672
1590550 673
1590560 673
1590570 673
1590580 674
1590590 674
1590600 675
1590610 675
1590620 675
1590630 676
1590640 677
1590650 677
1590660 677
1590670 678
1590680 678
1590690 678
1590700 679
1590710 679
1590720 679
1590730 679
1590740 678
1590750 678
1590760 677
1590770 676
1590780 676
1590790 676
1590800 676
1590810 676
1590820 677
1590830 678
1590840 678
1590850 680
1590860 682
1590870 682
1590880 683
1590890 684
1590900 684
1590910 685
1590920 685
1590930 685
1590940 686
1590950 686
1590960 686
1590970 686
1590980 687
1590990 687
1591000 688
1591010 688
1591020 688
1591030 689
1591040 689
1591050 689
1591060 689
1591070 690
1591080 690
1591090 690
1591100 691
1591110 691
1591120 691
1591130 691
1591140 692
1591150 692
1591160 692
1591170 693
1591180 693
1591190 693
1591200 694
1591210 694
1591220 694
1591230 695
1591240 695
1591250 695
1591260 696
1591270 696
1591280 697
1591290 698
1591300 698
1591310 698
1591320 699
1591330 699
1591340 699
1591350 699
1591360 699
1591370 700
1591380 700
1591390 700
1591400 700
1591410 700
1591420 700
1591430 699
1591440 698
1591450 698
1591460 698
1591470 698
1591480 698
1591490 697
1591500 697
1591510 697
1591520 697
1591530 696
1591540 696
1591550 695
1591560 695
1591570 694
1591580 694
1591590 694
1591600 694
1591610 694
1591620 694
1591630 693
1591640 693
1591650 693
1591660 692
1591670 692
1591680 691
1591690 689
1591700 689
1591710 687
1591720 686
1591730 686
1591740 684
1591750 682
1591760 682
1591770 679
1591780 677
1591790 677
1591800 675
1591810 674
1591820 674
1591830 671
1591840 669
1591850 669
1591860 666
1591870 663
1591880 663
1591890 659
1591900 656
1591910 656
1591920 653
1591930 650
1591940 650
1591950 649
1591960 647
1591970 647
1591980 646
1591990 645
1592000 645
1592010 644
1592020 643
1592030 642
1592040 642
1592050 642
1592060 641
1592070 641
1592080 641
1592090 640
1592100 640
1592110 639
1592120 638
1592130 638
1592140 636
1592150 635
1592160 635
1592170 633
1592180 631
1592190 631
1592200 630
1592210 628
1592220 628
1592230 626
1592240 626
1592250 626
1592260 626
1592270 626
1592280 626
1592290 625
1592300 624
1592310 624
1592320 623
1592330 622
1592340 622
1592350 621
1592360 620
1592370 620
1592380 619
1592390 618
1592400 618
1592410 617
1592420 617
1592430 617
1592440 617
1592450 616
1592460 616
1592470 615
1592480 614
1592490 614
1592500 614
1592510 613
1592520 612
1592530 612
1592540 611
1592550 610
1592560 610
1592570 608
1592580 606
1592590 606
1592600 603
1592610 601
1592620 601
1592630 600
1592640 598
1592650 598
1592660 598
1592670 596
1592680 596
1592690 595
1592700 595
1592710 595
1592720 595
1592730 596
1592740 596
1592750 596
1592760 596
1592770 596
1592780 596
1592790 596
1592800 596
1592810 595
1592820 595
1592830 595
1592840 595
1592850 595
1592860 595
1592870 596
1592880 596
1592890 596
1592900 596
1592910 596
1592920 596
1592930 596
1592940 597
1592950 597
1592960 597
1592970 597
1592980 597
1592990 597
1593000 597
1593010 597
1593020 597
1593030 597
1593040 596
1593050 596
1593060 596
1593070 596
1593080 596
1593090 596
1593100 596
1593110 596
1593120 596
1593130 596
1593140 596
1593150 597
1593160 597
1593170 597
1593180 596
1593190 595
1593200 595
1593210 595
1593220 594
1593230 594
1593240 595
1593250 596
1593260 596
1593270 597
1593280 598
1593290 598
1593300 599
1593310 599
1593320 599
1593330 600
1593340 601
1593350 601
1593360 600
1593370 599
1593380 598
1593390 598
1593400 596
1593410 594
1593420 594
1593430 592
1593440 592
1593450 592
1593460 591
1593470 591
1593480 591
1593490 591
1593500 591
1593510 591
1593520 591
1593530 592
1593540 592
1593550 592
1593560 592
1593570 592
1593580 592
1593590 592
1593600 592
1593610 592
1593620 592
1593630 592
1593640 592
1593650 592
1593660 592
1593670 592
1593680 592
1593690 592
1593700 592
1593710 592
1593720 592
1593730 591
1593740 591
1593750 591
1593760 591
1593770 591
1593780 591
1593790 591
1593800 591
1593810 591
1593820 591
1593830 591
1593840 592
1593850 592
1593860 592
1593870 592
1593880 592
1593890 592
1593900 592
1593910 592
1593920 592
1593930 592
1593940 592
1593950 592
1593960 592
1593970 592
1593980 592
1593990 592
1594000 592
1594010 592
1594020 592
1594030 592
1594040 592
1594050 592
1594060 592
1594070 592
1594080 591
1594090 591
1594100 591
1594110 592
1594120 592
1594130 593
1594140 593
1594150 593
1594160 594
1594170 594
1594180 594
1594190 594
1594200 594
1594210 594
1594220 594
1594230 594
1594240 594
1594250 595
1594260 595
1594270 595
1594280 595
1594290 595
1594300 594
1594310 594
1594320 595
1594330 595
1594340 595
1594350 595
1594360 595
1594370 595
1594380 595
1594390 596
1594400 596
1594410 596
1594420 596
1594430 596
1594440 596
1594450 596
1594460 596
1594470 597
1594480 597
1594490 597
1594500 597
1594510 597
1594520 597
1594530 597
1594540 598
1594550 598
1594560 598
1594570 598
1594580 598
1594590 599
1594600 599
1594610 599
1594620 599
1594630 600
1594640 600
1594650 600
1594660 600
1594670 600
1594680 601
1594690 601
1594700 601
1594710 602
1594720 602
1594730 602
1594740 603
1594750 604
1594760 605
1594770 605
1594780 607
1594790 608
1594800 608
1594810 609
1594820 611
1594830 611
1594840 612
1594850 613
1594860 613
1594870 614
1594880 615
1594890 615
1594900 617
1594910 618
1594920 618
1594930 620
1594940 621
1594950 621
1594960 623
1594970 624
1594980 624
1594990 626
1595000 628
1595010 628
1595020 629
1595030 630
1595040 630
1595050 631
1595060 631
1595070 631
1595080 632
1595090 632
1595100 632
1595110 634
1595120 634
1595130 634
1595140 633
1595150 631
1595160 631
1595170 629
1595180 631
1595190 631
1595200 633
1595210 633
1595220 631
1595230 631
1595240 632
1595250 635
1595260 635
1595270 637
1595280 638
1595290 638
1595300 638
1595310 636
1595320 636
1595330 633
1595340 632
1595350 632
1595360 634
1595370 639
1595380 639
1595390 643
1595400 645
1595410 645
1595420 646
1595430 647
1595440 647
1595450 647
1595460 648
1595470 648
1595480 649
1595490 650
1595500 650
1595510 650
1595520 652
1595530 652
1595540 653
1595550 654
1595560 654
1595570 655
1595580 657
1595590 657
1595600 659
1595610 660
1595620 660
1595630 661
1595640 661
1595650 661
1595660 662
1595670 663
1595680 665
1595690 665
1595700 666
1595710 668
1595720 668
1595730 669
1595740 670
1595750 670
1595760 671
1595770 672
1595780 672
1595790 672
1595800 672
1595810 672
1595820 672
1595830 671
1595840 671
1595850 671
1595860 671
1595870 671
1595880 671
1595890 670
1595900 670
1595910 670
1595920 670
1595930 670
1595940 670
1595950 670
1595960 670
1595970 670
1595980 670
1595990 670
1596000 670
1596010 668
1596020 668
1596030 667
1596040 667
1596050 667
1596060 668
1596070 667
1596080 667
1596090 666
1596100 665
1596110 665
1596120 664
1596130 662
1596140 660
1596150 660
1596160 660
1596170 658
1596180 658
1596190 657
1596200 655
1596210 655
1596220 651
1596230 649
1596240 649
1596250 647
1596260 645
1596270 645
1596280 643
1596290 641
1596300 641
1596310 639
1596320 638
1596330 638
1596340 637
1596350 636
1596360 636
1596370 635
1596380 634
1596390 634
1596400 633
1596410 633
1596420 633
1596430 632
1596440 632
1596450 632
1596460 631
1596470 632
1596480 632
1596490 632
1596500 631
1596510 631
1596520 631
1596530 631
1596540 631
1596550 631
1596560 630
1596570 630
1596580 630
1596590 630
1596600 629
1596610 629
1596620 630
1596630 630
1596640 630
1596650 631
1596660 631
1596670 631
1596680 631
1596690 632
1596700 632
1596710 632
1596720 631
1596730 631
1596740 630
1596750 630
1596760 630
1596770 630
1596780 630
1596790 630
1596800 630
1596810 630
1596820 630
1596830 630
1596840 630
1596850 630
1596860 632
1596870 633
1596880 633
1596890 631
1596900 630
1596910 630
1596920 630
1596930 630
1596940 630
1596950 631
1596960 631
1596970 631
1596980 631
1596990 631
1597000 631
1597010 631
1597020 632
1597030 632
1597040 632
1597050 632
1597060 632
1597070 632
1597080 632
1597090 632
1597100 632
1597110 632
1597120 633
1597130 633
1597140 633
1597150 633
1597160 633
1597170 633
1597180 633
1597190 633
1597200 634
1597210 634
1597220 634
1597230 634
1597240 634
1597250 634
1597260 635
1597270 635
1597280 635
1597290 636
1597300 637
1597310 637
1597320 637
1597330 638
1597340 638
1597350 638
1597360 639
1597370 639
1597380 641
1597390 643
1597400 643
1597410 645
1597420 647
1597430 647
1597440 648
1597450 650
1597460 650
1597470 651
1597480 652
1597490 652
1597500 654
1597510 656
1597520 658
1597530 658
1597540 659
1597550 660
1597560 660
1597570 661
1597580 662
1597590 662
1597600 664
1597610 665
1597620 665
1597630 667
1597640 668
1597650 668
1597660 669
1597670 670
1597680 670
1597690 671
1597700 673
1597710 673
1597720 675
1597730 677
1597740 677
1597750 680
1597760 683
1597770 683
1597780 687
1597790 691
1597800 691
1597810 695
1597820 699
1597830 699
1597840 703
1597850 707
1597860 707
1597870 711
1597880 714
1597890 714
1597900 716
1597910 719
1597920 719
1597930 718
1597940 720
1597950 720
1597960 722
1597970 722
1597980 722
1597990 722
1598000 725
1598010 728
1598020 728
1598030 731
1598040 733
1598050 733
1598060 736
1598070 738
1598080 738
1598090 742
1598100 746
1598110 746
1598120 749
1598130 753
1598140 753
1598150 757
1598160 760
1598170 760
1598180 764
1598190 768
1598200 768
1598210 772
1598220 775
1598230 775
1598240 777
1598250 777
1598260 777
1598270 774
1598280 772
1598290 772
1598300 771
1598310 770
1598320 770
1598330 768
1598340 767
1598350 767
1598360 765
1598370 763
1598380 763
1598390 761
1598400 761
1598410 761
1598420 760
1598430 760
1598440 760
1598450 760
1598460 760
1598470 760
1598480 760
1598490 760
1598500 760
1598510 760
1598520 760
1598530 759
1598540 759
1598550 760
1598560 760
1598570 760
1598580 759
1598590 759
1598600 759
1598610 759
1598620 759
1598630 759
1598640 760
1598650 760
1598660 760
1598670 762
1598680 765
1598690 765
1598700 769
1598710 773
1598720 773
1598730 776
1598740 778
1598750 778
1598760 781
1598770 784
1598780 784
1598790 787
1598800 790
1598810 790
1598820 793
1598830 796
1598840 796
1598850 799
1598860 801
1598870 801
1598880 803
1598890 804
1598900 806
1598910 806
1598920 807
1598930 808
1598940 808
1598950 809
1598960 810
1598970 810
1598980 811
1598990 812
1599000 812
1599010 813
1599020 813
1599030 813
1599040 814
1599050 814
1599060 809
1599070 809
1599080 809
1599090 809
1599100 809
1599110 810
1599120 810
1599130 810
1599140 809
1599150 809
1599160 809
1599170 810
1599180 810
1599190 810
1599200 808
1599210 808
1599220 805
1599230 798
1599240 798
1599250 791
1599260 784
1599270 784
1599280 778
1599290 771
1599300 771
1599310 764
1599320 758
1599330 758
1599340 752
1599350 745
1599360 741
1599370 741
1599380 739
1599390 739
1599400 739
1599410 741
1599420 747
1599430 747
1599440 756
1599450 763
1599460 763
1599470 769
1599480 774
1599490 774
1599500 779
1599510 784
1599520 784
1599530 789
1599540 794
1599550 794
1599560 798
1599570 803
1599580 803
1599590 808
1599600 815
1599610 815
1599620 822
1599630 828
1599640 828
1599650 835
1599660 842
1599670 842
1599680 849
1599690 857
1599700 857
1599710 865
1599720 871
1599730 871
1599740 874
1599750 875
1599760 875
1599770 877
1599780 879
1599790 879
1599800 880
1599810 881
1599820 882
1599830 882
1599840 883
1599850 884
1599860 884
1599870 884
1599880 885
1599890 885
1599900 885
1599910 886
1599920 886
1599930 887
1599940 888
1599950 888
1599960 888
1599970 889
1599980 889
1599990 890
