1580000 1074
1580010 1066
1580020 1060
1580030 1060
1580040 1053
1580050 1046
1580060 1046
1580070 1040
1580080 1035
1580090 1035
1580100 1030
1580110 1025
1580120 1025
1580130 1020
1580140 1015
1580150 1015
1580160 1010
1580170 1004
1580180 1004
1580190 998
1580200 993
1580210 993
1580220 988
1580230 984
1580240 984
1580250 980
1580260 976
1580270 976
1580280 970
1580290 965
1580300 965
1580310 963
1580320 962
1580330 962
1580340 961
1580350 957
1580360 957
1580370 954
1580380 949
1580390 949
1580400 944
1580410 939
1580420 939
1580430 936
1580440 935
1580450 935
1580460 931
1580470 925
1580480 925
1580490 919
1580500 913
1580510 906
1580520 906
1580530 898
1580540 890
1580550 890
1580560 889
1580570 895
1580580 895
1580590 900
1580600 901
1580610 901
1580620 904
1580630 909
1580640 909
1580650 914
1580660 919
1580670 919
1580680 917
1580690 920
1580700 920
1580710 923
1580720 925
1580730 925
1580740 927
1580750 930
1580760 930
1580770 933
1580780 936
1580790 936
1580800 939
1580810 942
1580820 942
1580830 945
1580840 948
1580850 948
1580860 950
1580870 952
1580880 952
1580890 952
1580900 952
1580910 952
1580920 949
1580930 946
1580940 946
1580950 940
1580960 934
1580970 934
1580980 928
1580990 921
1581000 914
1581010 914
1581020 908
1581030 907
1581040 907
1581050 908
1581060 904
1581070 904
1581080 899
1581090 897
1581100 897
1581110 900
1581120 906
1581130 906
1581140 911
1581150 918
1581160 918
1581170 926
1581180 934
1581190 934
1581200 941
1581210 946
1581220 946
1581230 951
1581240 956
1581250 956
1581260 961
1581270 964
1581280 964
1581290 967
1581300 968
1581310 968
1581320 969
1581330 968
1581340 968
1581350 968
1581360 965
1581370 965
1581380 962
1581390 957
1581400 957
1581410 952
1581420 947
1581430 947
1581440 941
1581450 936
1581460 936
1581470 930
1581480 924
1581490 924
1581500 917
1581510 911
1581520 903
1581530 903
1581540 893
1581550 886
1581560 886
1581570 881
1581580 874
1581590 874
1581600 868
1581610 865
1581620 865
1581630 866
1581640 869
1581650 869
1581660 875
1581670 882
1581680 882
1581690 887
1581700 893
1581710 893
1581720 898
1581730 904
1581740 904
1581750 909
1581760 911
1581770 911
1581780 910
1581790 909
1581800 909
1581810 905
1581820 900
1581830 900
1581840 894
1581850 888
1581860 888
1581870 887
1581880 895
1581890 895
1581900 903
1581910 910
1581920 910
1581930 915
1581940 919
1581950 919
1581960 922
1581970 923
1581980 923
1581990 923
1582000 927
1582010 929
1582020 929
1582030 934
1582040 939
1582050 939
1582060 944
1582070 950
1582080 950
1582090 955
1582100 960
1582110 960
1582120 965
1582130 970
1582140 970
1582150 975
1582160 980
1582170 980
1582180 984
1582190 987
1582200 987
1582210 989
1582220 989
1582230 989
1582240 984
1582250 979
1582260 979
1582270 973
1582280 963
1582290 963
1582300 951
1582310 942
1582320 942
1582330 934
1582340 926
1582350 926
1582360 919
1582370 911
1582380 911
1582390 903
1582400 895
1582410 895
1582420 886
1582430 875
1582440 875
1582450 866
1582460 857
1582470 857
1582480 852
1582490 847
1582500 844
1582510 844
1582520 836
1582530 829
1582540 829
1582550 823
1582560 817
1582570 817
1582580 807
1582590 793
1582600 793
1582610 777
1582620 772
1582630 772
1582640 775
1582650 784
1582660 784
1582670 790
1582680 794
1582690 794
1582700 797
1582710 796
1582720 796
1582730 793
1582740 794
1582750 794
1582760 795
1582770 799
1582780 799
1582790 806
1582800 814
1582810 814
1582820 819
1582830 819
1582840 819
1582850 821
1582860 825
1582870 825
1582880 835
1582890 842
1582900 842
1582910 846
1582920 843
1582930 843
1582940 839
1582950 835
1582960 835
1582970 832
1582980 829
1582990 829
1583000 827
1583010 826
1583020 828
1583030 828
1583040 834
1583050 843
1583060 843
1583070 850
1583080 857
1583090 857
1583100 863
1583110 870
1583120 870
1583130 876
1583140 881
1583150 881
1583160 886
1583170 890
1583180 890
1583190 894
1583200 897
1583210 897
1583220 901
1583230 905
1583240 905
1583250 907
1583260 904
1583270 904
1583280 899
1583290 893
1583300 893
1583310 888
1583320 878
1583330 878
1583340 873
1583350 868
1583360 868
1583370 864
1583380 860
1583390 860
1583400 856
1583410 851
1583420 851
1583430 846
1583440 842
1583450 842
1583460 841
1583470 839
1583480 839
1583490 834
1583500 829
1583510 826
1583520 826
1583530 823
1583540 818
1583550 818
1583560 814
1583570 806
1583580 806
1583590 797
1583600 791
1583610 791
1583620 793
1583630 801
1583640 801
1583650 809
1583660 813
1583670 813
1583680 812
1583690 810
1583700 810
1583710 810
1583720 810
1583730 810
1583740 810
1583750 810
1583760 810
1583770 811
1583780 813
1583790 813
1583800 813
1583810 814
1583820 814
1583830 814
1583840 814
1583850 814
1583860 814
1583870 813
1583880 813
1583890 810
1583900 807
1583910 807
1583920 803
1583930 797
1583940 797
1583950 791
1583960 785
1583970 785
1583980 780
1583990 775
1584000 770
1584010 770
1584020 765
1584030 763
1584040 763
1584050 764
1584060 762
1584070 762
1584080 759
1584090 756
1584100 756
1584110 752
1584120 749
1584130 749
1584140 746
1584150 742
1584160 742
1584170 737
1584180 733
1584190 733
1584200 729
1584210 727
1584220 727
1584230 724
1584240 721
1584250 721
1584260 719
1584270 717
1584280 717
1584290 716
1584300 716
1584310 716
1584320 715
1584330 715
1584340 715
1584350 712
1584360 710
1584370 710
1584380 709
1584390 709
1584400 709
1584410 708
1584420 705
1584430 705
1584440 703
1584450 703
1584460 703
1584470 702
1584480 703
1584490 703
1584500 703
1584510 703
1584520 703
1584530 703
1584540 702
1584550 701
1584560 701
1584570 701
1584580 701
1584590 701
1584600 701
1584610 696
1584620 696
1584630 695
1584640 694
1584650 694
1584660 694
1584670 693
1584680 693
1584690 691
1584700 690
1584710 690
1584720 689
1584730 687
1584740 687
1584750 684
1584760 681
1584770 681
1584780 677
1584790 676
1584800 676
1584810 675
1584820 674
1584830 674
1584840 672
1584850 667
1584860 667
1584870 663
1584880 661
1584890 661
1584900 661
1584910 661
1584920 661
1584930 658
1584940 653
1584950 653
1584960 651
1584970 650
1584980 650
1584990 649
1585000 649
1585010 648
1585020 648
1585030 646
1585040 644
1585050 644
1585060 641
1585070 638
1585080 638
1585090 633
1585100 629
1585110 629
1585120 626
1585130 624
1585140 624
1585150 624
1585160 624
1585170 624
1585180 624
1585190 623
1585200 623
1585210 623
1585220 622
1585230 622
1585240 621
1585250 620
1585260 620
1585270 618
1585280 616
1585290 616
1585300 615
1585310 613
1585320 613
1585330 612
1585340 611
1585350 611
1585360 610
1585370 609
1585380 609
1585390 609
1585400 608
1585410 608
1585420 607
1585430 607
1585440 607
1585450 605
1585460 605
1585470 605
1585480 604
1585490 603
1585500 602
1585510 602
1585520 602
1585530 601
1585540 601
1585550 601
1585560 600
1585570 600
1585580 599
1585590 598
1585600 598
1585610 597
1585620 597
1585630 597
1585640 596
1585650 595
1585660 595
1585670 595
1585680 594
1585690 594
1585700 594
1585710 594
1585720 594
1585730 594
1585740 594
1585750 594
1585760 594
1585770 594
1585780 594
1585790 595
1585800 597
1585810 597
1585820 598
1585830 600
1585840 600
1585850 601
1585860 602
1585870 602
1585880 605
1585890 611
1585900 611
1585910 614
1585920 615
1585930 615
1585940 613
1585950 608
1585960 608
1585970 601
1585980 594
1585990 589
1586000 589
1586010 585
1586020 579
1586030 579
1586040 572
1586050 566
1586060 566
1586070 561
1586080 557
1586090 557
1586100 553
1586110 549
1586120 549
1586130 545
1586140 541
1586150 541
1586160 536
1586170 531
1586180 531
1586190 525
1586200 521
1586210 521
1586220 519
1586230 517
1586240 517
1586250 516
1586260 516
1586270 516
1586280 516
1586290 518
1586300 518
1586310 522
1586320 525
1586330 525
1586340 526
1586350 527
1586360 527
1586370 527
1586380 528
1586390 528
1586400 529
1586410 529
1586420 529
1586430 530
1586440 530
1586450 530
1586460 525
1586470 518
1586480 518
1586490 518
1586500 518
1586510 520
1586520 520
1586530 521
1586540 521
1586550 521
1586560 520
1586570 520
1586580 520
1586590 520
1586600 520
1586610 520
1586620 520
1586630 519
1586640 519
1586650 521
1586660 523
1586670 523
1586680 524
1586690 525
1586700 525
1586710 525
1586720 526
1586730 526
1586740 526
1586750 527
1586760 527
1586770 529
1586780 532
1586790 532
1586800 535
1586810 535
1586820 535
1586830 536
1586840 536
1586850 536
1586860 536
1586870 537
1586880 537
1586890 536
1586900 537
1586910 537
1586920 537
1586930 537
1586940 537
1586950 537
1586960 537
1586970 537
1586980 538
1586990 538
1587000 539
1587010 539
1587020 538
1587030 538
1587040 538
1587050 538
1587060 538
1587070 538
1587080 539
1587090 539
1587100 539
1587110 541
1587120 543
1587130 543
1587140 545
1587150 544
1587160 544
1587170 542
1587180 540
1587190 540
1587200 539
1587210 539
1587220 539
1587230 539
1587240 540
1587250 540
1587260 540
1587270 540
1587280 540
1587290 540
1587300 540
1587310 540
1587320 541
1587330 540
1587340 540
1587350 540
1587360 541
1587370 541
1587380 542
1587390 546
1587400 546
1587410 552
1587420 559
1587430 559
1587440 564
1587450 565
1587460 565
1587470 565
1587480 566
1587490 566
1587500 566
1587510 566
1587520 567
1587530 567
1587540 567
1587550 567
1587560 567
1587570 567
1587580 567
1587590 567
1587600 568
1587610 568
1587620 568
1587630 568
1587640 569
1587650 569
1587660 569
1587670 569
1587680 569
1587690 569
1587700 570
1587710 570
1587720 570
1587730 570
1587740 570
1587750 571
1587760 571
1587770 571
1587780 571
1587790 572
1587800 572
1587810 573
1587820 573
1587830 573
1587840 573
1587850 574
1587860 574
1587870 574
1587880 574
1587890 574
1587900 575
1587910 575
1587920 575
1587930 575
1587940 575
1587950 575
1587960 575
1587970 575
1587980 575
1587990 575
1588000 575
1588010 576
1588020 576
1588030 576
1588040 577
1588050 577
1588060 578
1588070 580
1588080 580
1588090 582
1588100 584
1588110 584
1588120 587
1588130 589
1588140 589
1588150 591
1588160 593
1588170 593
1588180 594
1588190 596
1588200 596
1588210 599
1588220 601
1588230 601
1588240 605
1588250 608
1588260 608
1588270 610
1588280 613
1588290 613
1588300 617
1588310 621
1588320 621
1588330 624
1588340 627
1588350 627
1588360 629
1588370 630
1588380 630
1588390 631
1588400 635
1588410 635
1588420 633
1588430 632
1588440 632
1588450 631
1588460 630
1588470 630
1588480 629
1588490 627
1588500 625
1588510 625
1588520 625
1588530 627
1588540 627
1588550 628
1588560 626
1588570 626
1588580 624
1588590 623
1588600 623
1588610 622
1588620 622
1588630 622
1588640 621
1588650 621
1588660 621
1588670 618
1588680 613
1588690 613
1588700 608
1588710 604
1588720 604
1588730 601
1588740 599
1588750 599
1588760 598
1588770 596
1588780 596
1588790 595
1588800 595
1588810 595
1588820 594
1588830 592
1588840 592
1588850 592
1588860 591
1588870 591
1588880 589
1588890 589
1588900 589
1588910 590
1588920 591
1588930 591
1588940 592
1588950 592
1588960 592
1588970 592
1588980 594
1588990 596
1589000 596
1589010 597
1589020 598
1589030 598
1589040 599
1589050 599
1589060 599
1589070 599
1589080 600
1589090 600
1589100 601
1589110 602
1589120 602
1589130 603
1589140 603
1589150 603
1589160 603
1589170 604
1589180 604
1589190 607
1589200 610
1589210 610
1589220 615
1589230 619
1589240 619
1589250 623
1589260 626
1589270 626
1589280 629
1589290 632
1589300 632
1589310 635
1589320 637
1589330 637
1589340 641
1589350 644
1589360 644
1589370 645
1589380 649
1589390 649
1589400 655
1589410 662
1589420 662
1589430 668
1589440 674
1589450 674
1589460 679
1589470 685
1589480 690
1589490 690
1589500 695
1589510 697
1589520 697
1589530 697
1589540 697
1589550 697
1589560 697
1589570 697
1589580 697
1589590 697
1589600 697
1589610 697
1589620 696
1589630 688
1589640 688
1589650 686
1589660 682
1589670 682
1589680 677
1589690 671
1589700 671
1589710 664
1589720 657
1589730 657
1589740 650
1589750 644
1589760 644
1589770 639
1589780 635
1589790 635
1589800 630
1589810 626
1589820 626
1589830 622
1589840 618
1589850 618
1589860 614
1589870 611
1589880 611
1589890 608
1589900 605
1589910 605
1589920 603
1589930 601
1589940 601
1589950 599
1589960 597
1589970 595
1589980 595
1589990 593
1590000 592
1590010 592
1590020 590
1590030 589
1590040 589
1590050 587
1590060 581
1590070 581
1590080 573
1590090 567
1590100 567
1590110 565
1590120 567
1590130 567
1590140 570
1590150 571
1590160 571
1590170 571
1590180 571
1590190 571
1590200 571
1590210 572
1590220 572
1590230 572
1590240 573
1590250 573
1590260 573
1590270 573
1590280 573
1590290 573
1590300 573
1590310 573
1590320 573
1590330 573
1590340 573
1590350 573
1590360 572
1590370 572
1590380 571
1590390 570
1590400 570
1590410 570
1590420 570
1590430 570
1590440 570
1590450 569
1590460 569
1590470 569
1590480 570
1590490 570
1590500 570
1590510 570
1590520 570
1590530 570
1590540 571
1590550 571
1590560 571
1590570 572
1590580 572
1590590 572
1590600 572
1590610 572
1590620 572
1590630 572
1590640 572
1590650 572
1590660 573
1590670 573
1590680 573
1590690 573
1590700 573
1590710 573
1590720 573
1590730 573
1590740 573
1590750 574
1590760 574
1590770 574
1590780 574
1590790 574
1590800 574
1590810 573
1590820 573
1590830 573
1590840 573
1590850 574
1590860 574
1590870 574
1590880 574
1590890 574
1590900 574
1590910 574
1590920 574
1590930 573
1590940 573
1590950 573
1590960 574
1590970 574
1590980 574
1590990 574
1591000 574
1591010 574
1591020 574
1591030 574
1591040 575
1591050 575
1591060 576
1591070 576
1591080 576
1591090 577
1591100 577
1591110 577
1591120 578
1591130 579
1591140 579
1591150 584
1591160 588
1591170 588
1591180 592
1591190 596
1591200 596
1591210 599
1591220 602
1591230 602
1591240 606
1591250 609
1591260 609
1591270 614
1591280 621
1591290 621
1591300 632
1591310 641
1591320 641
1591330 644
1591340 641
1591350 641
1591360 635
1591370 630
1591380 630
1591390 627
1591400 623
1591410 623
1591420 617
1591430 606
1591440 606
1591450 592
1591460 583
1591470 581
1591480 581
1591490 580
1591500 580
1591510 580
1591520 582
1591530 588
1591540 588
1591550 595
1591560 601
1591570 601
1591580 608
1591590 615
1591600 615
1591610 620
1591620 624
1591630 624
1591640 628
1591650 632
1591660 632
1591670 636
1591680 640
1591690 640
1591700 644
1591710 649
1591720 649
1591730 652
1591740 648
1591750 648
1591760 643
1591770 639
1591780 639
1591790 635
1591800 630
1591810 630
1591820 625
1591830 624
1591840 624
1591850 627
1591860 632
1591870 632
1591880 639
1591890 647
1591900 647
1591910 652
1591920 656
1591930 656
1591940 662
1591950 667
1591960 671
1591970 671
1591980 675
1591990 678
1592000 678
1592010 682
1592020 685
1592030 685
1592040 689
1592050 687
1592060 687
1592070 692
1592080 697
1592090 697
1592100 701
1592110 703
1592120 703
1592130 705
1592140 708
1592150 708
1592160 712
1592170 715
1592180 715
1592190 718
1592200 721
1592210 721
1592220 723
1592230 725
1592240 725
1592250 727
1592260 729
1592270 729
1592280 732
1592290 734
1592300 734
1592310 737
1592320 739
1592330 739
1592340 742
1592350 744
1592360 744
1592370 746
1592380 747
1592390 747
1592400 749
1592410 749
1592420 749
1592430 749
1592440 749
1592450 749
1592460 750
1592470 750
1592480 750
1592490 750
1592500 751
1592510 752
1592520 752
1592530 752
1592540 752
1592550 752
1592560 751
1592570 751
1592580 751
1592590 750
1592600 750
1592610 750
1592620 750
1592630 750
1592640 750
1592650 750
1592660 751
1592670 751
1592680 753
1592690 756
1592700 756
1592710 758
1592720 762
1592730 762
1592740 765
1592750 769
1592760 769
1592770 773
1592780 776
1592790 776
1592800 781
1592810 785
1592820 785
1592830 789
1592840 793
1592850 793
1592860 798
1592870 802
1592880 802
1592890 806
1592900 811
1592910 811
1592920 815
1592930 819
1592940 819
1592950 823
1592960 827
1592970 831
1592980 831
1592990 834
1593000 838
1593010 838
1593020 842
1593030 846
1593040 846
1593050 850
1593060 853
1593070 853
1593080 854
1593090 854
1593100 854
1593110 852
1593120 849
1593130 849
1593140 848
1593150 850
1593160 850
1593170 854
1593180 858
1593190 858
1593200 862
1593210 866
1593220 866
1593230 871
1593240 879
1593250 879
1593260 883
1593270 884
1593280 884
1593290 882
1593300 879
1593310 879
1593320 878
1593330 877
1593340 877
1593350 878
1593360 879
1593370 879
1593380 881
1593390 883
1593400 883
1593410 885
1593420 887
1593430 887
1593440 889
1593450 891
1593460 894
1593470 894
1593480 896
1593490 898
1593500 898
1593510 899
1593520 902
1593530 902
1593540 906
1593550 911
1593560 911
1593570 915
1593580 918
1593590 918
1593600 919
1593610 920
1593620 920
1593630 923
1593640 926
1593650 926
1593660 930
1593670 934
1593680 934
1593690 939
1593700 942
1593710 942
1593720 945
1593730 949
1593740 949
1593750 953
1593760 956
1593770 956
1593780 960
1593790 963
1593800 963
1593810 966
1593820 970
1593830 970
1593840 973
1593850 975
1593860 975
1593870 978
1593880 978
1593890 978
1593900 976
1593910 974
1593920 974
1593930 974
1593940 975
1593950 975
1593960 977
1593970 980
1593980 983
1593990 983
1594000 986
1594010 988
1594020 988
1594030 991
1594040 994
1594050 994
1594060 997
1594070 1001
1594080 1001
1594090 1004
1594100 1007
1594110 1007
1594120 1010
1594130 1012
1594140 1012
1594150 1015
1594160 1018
1594170 1018
1594180 1021
1594190 1024
1594200 1024
1594210 1027
1594220 1030
1594230 1030
1594240 1035
1594250 1040
1594260 1040
1594270 1044
1594280 1048
1594290 1048
1594300 1053
1594310 1058
1594320 1058
1594330 1061
1594340 1064
1594350 1064
1594360 1068
1594370 1072
1594380 1072
1594390 1076
1594400 1080
1594410 1075
1594420 1078
1594430 1081
1594440 1081
1594450 1083
1594460 1085
1594470 1088
1594480 1088
1594490 1090
1594500 1092
1594510 1092
1594520 1095
1594530 1098
1594540 1098
1594550 1101
1594560 1103
1594570 1103
1594580 1104
1594590 1105
1594600 1105
1594610 1105
1594620 1105
1594630 1105
1594640 1105
1594650 1105
1594660 1105
1594670 1103
1594680 1101
1594690 1101
1594700 1099
1594710 1098
1594720 1098
1594730 1096
1594740 1095
1594750 1095
1594760 1095
1594770 1095
1594780 1095
1594790 1095
1594800 1095
1594810 1095
1594820 1096
1594830 1096
1594840 1096
1594850 1096
1594860 1097
1594870 1097
1594880 1099
1594890 1099
1594900 1099
1594910 1100
1594920 1102
1594930 1102
1594940 1104
1594950 1107
1594960 1109
1594970 1109
1594980 1110
1594990 1112
1595000 1112
1595010 1114
1595020 1116
1595030 1116
1595040 1117
1595050 1119
1595060 1119
1595070 1121
1595080 1124
1595090 1124
1595100 1127
1595110 1131
1595120 1131
1595130 1133
1595140 1134
1595150 1134
1595160 1135
1595170 1135
1595180 1135
1595190 1134
1595200 1132
1595210 1132
1595220 1131
1595230 1130
1595240 1130
1595250 1129
1595260 1129
1595270 1129
1595280 1131
1595290 1132
1595300 1132
1595310 1124
1595320 1118
1595330 1118
1595340 1119
1595350 1123
1595360 1123
1595370 1129
1595380 1135
1595390 1135
1595400 1140
1595410 1143
1595420 1143
1595430 1144
1595440 1145
1595450 1143
1595460 1143
1595470 1142
1595480 1141
1595490 1141
1595500 1136
1595510 1133
1595520 1133
1595530 1126
1595540 1119
1595550 1119
1595560 1115
1595570 1113
1595580 1105
1595590 1104
1595600 1106
1595610 1106
1595620 1109
1595630 1110
1595640 1110
1595650 1111
1595660 1115
1595670 1115
1595680 1120
1595690 1124
1595700 1124
1595710 1123
1595720 1120
1595730 1120
1595740 1116
1595750 1113
1595760 1113
1595770 1108
1595780 1103
1595790 1103
1595800 1100
1595810 1099
1595820 1099
1595830 1100
1595840 1099
1595850 1099
1595860 1100
1595870 1108
1595880 1108
1595890 1114
1595900 1114
1595910 1114
1595920 1115
1595930 1114
1595940 1114
1595950 1115
1595960 1119
1595970 1120
1595980 1120
1595990 1117
1596000 1115
1596010 1115
1596020 1114
1596030 1113
1596040 1113
1596050 1114
1596060 1115
1596070 1115
1596080 1120
1596090 1123
1596100 1123
1596110 1120
1596120 1119
1596130 1119
1596140 1119
1596150 1118
1596160 1118
1596170 1116
1596180 1112
1596190 1112
1596200 1108
1596210 1114
1596220 1114
1596230 1119
1596240 1120
1596250 1120
1596260 1118
1596270 1119
1596280 1119
1596290 1125
1596300 1131
1596310 1131
1596320 1130
1596330 1126
1596340 1126
1596350 1124
1596360 1123
1596370 1123
1596380 1124
1596390 1130
1596400 1130
1596410 1137
1596420 1145
1596430 1145
1596440 1153
1596450 1158
1596460 1156
1596470 1156
1596480 1155
1596490 1157
1596500 1157
1596510 1163
1596520 1169
1596530 1169
1596540 1166
1596550 1164
1596560 1164
1596570 1171
1596580 1173
1596590 1173
1596600 1171
1596610 1173
1596620 1173
1596630 1172
1596640 1167
1596650 1167
1596660 1160
1596670 1159
1596680 1159
1596690 1161
1596700 1163
1596710 1163
1596720 1166
1596730 1155
1596740 1155
1596750 1156
1596760 1159
1596770 1159
1596780 1150
1596790 1142
1596800 1142
1596810 1141
1596820 1141
1596830 1141
1596840 1140
1596850 1138
1596860 1138
1596870 1138
1596880 1143
1596890 1143
1596900 1149
1596910 1159
1596920 1159
1596930 1168
1596940 1175
1596950 1176
1596960 1176
1596970 1169
1596980 1164
1596990 1164
1597000 1159
1597010 1157
1597020 1157
1597030 1166
1597040 1179
1597050 1179
1597060 1184
1597070 1181
1597080 1181
1597090 1178
1597100 1180
1597110 1180
1597120 1182
1597130 1182
1597140 1182
1597150 1183
1597160 1187
1597170 1187
1597180 1193
1597190 1202
1597200 1202
1597210 1210
1597220 1210
1597230 1210
1597240 1207
1597250 1205
1597260 1205
1597270 1206
1597280 1209
1597290 1209
1597300 1210
1597310 1215
1597320 1215
1597330 1219
1597340 1222
1597350 1222
1597360 1225
1597370 1230
1597380 1230
1597390 1238
1597400 1245
1597410 1245
1597420 1251
1597430 1258
1597440 1258
1597450 1264
1597460 1271
1597470 1277
1597480 1277
1597490 1283
1597500 1290
1597510 1290
1597520 1297
1597530 1304
1597540 1304
1597550 1306
1597560 1307
1597570 1307
1597580 1308
1597590 1309
1597600 1309
1597610 1312
1597620 1315
1597630 1315
1597640 1320
1597650 1325
1597660 1325
1597670 1330
1597680 1335
1597690 1335
1597700 1339
1597710 1343
1597720 1343
1597730 1346
1597740 1350
1597750 1350
1597760 1353
1597770 1355
1597780 1355
1597790 1357
1597800 1360
1597810 1360
1597820 1364
1597830 1367
1597840 1367
1597850 1371
1597860 1376
1597870 1371
1597880 1375
1597890 1380
1597900 1380
1597910 1386
1597920 1392
1597930 1392
1597940 1399
1597950 1405
1597960 1411
1597970 1411
1597980 1417
1597990 1423
1598000 1423
1598010 1429
1598020 1436
1598030 1436
1598040 1443
1598050 1450
1598060 1450
1598070 1452
1598080 1452
1598090 1452
1598100 1452
1598110 1451
1598120 1451
1598130 1450
1598140 1450
1598150 1450
1598160 1449
1598170 1449
1598180 1449
1598190 1449
1598200 1449
1598210 1449
1598220 1448
1598230 1446
1598240 1446
1598250 1445
1598260 1443
1598270 1443
1598280 1441
1598290 1438
1598300 1438
1598310 1436
1598320 1434
1598330 1434
1598340 1433
1598350 1433
1598360 1433
1598370 1433
1598380 1432
1598390 1432
1598400 1432
1598410 1432
1598420 1432
1598430 1432
1598440 1432
1598450 1431
1598460 1431
1598470 1430
1598480 1429
1598490 1429
1598500 1428
1598510 1427
1598520 1427
1598530 1425
1598540 1423
1598550 1423
1598560 1421
1598570 1420
1598580 1420
1598590 1418
1598600 1416
1598610 1416
1598620 1412
1598630 1408
1598640 1408
1598650 1406
1598660 1405
1598670 1405
1598680 1404
1598690 1401
1598700 1401
1598710 1398
1598720 1395
1598730 1395
1598740 1392
1598750 1389
1598760 1389
1598770 1386
1598780 1383
1598790 1383
1598800 1378
1598810 1375
1598820 1375
1598830 1371
1598840 1368
1598850 1368
1598860 1366
1598870 1366
1598880 1366
1598890 1367
1598900 1369
1598910 1369
1598920 1371
1598930 1373
1598940 1376
1598950 1376
1598960 1378
1598970 1380
1598980 1380
1598990 1383
1599000 1384
1599010 1384
1599020 1385
1599030 1387
1599040 1387
1599050 1390
1599060 1393
1599070 1393
1599080 1395
1599090 1397
1599100 1397
1599110 1398
1599120 1399
1599130 1399
1599140 1399
1599150 1398
1599160 1398
1599170 1397
1599180 1397
1599190 1397
1599200 1397
1599210 1398
1599220 1398
1599230 1398
1599240 1398
1599250 1398
1599260 1397
1599270 1397
1599280 1397
1599290 1396
1599300 1393
1599310 1393
1599320 1388
1599330 1381
1599340 1381
1599350 1374
1599360 1368
1599370 1368
1599380 1362
1599390 1357
1599400 1357
1599410 1352
1599420 1348
1599430 1348
1599440 1344
1599450 1341
1599460 1337
1599470 1337
1599480 1334
1599490 1331
1599500 1331
1599510 1328
1599520 1326
1599530 1326
1599540 1323
1599550 1320
1599560 1320
1599570 1317
1599580 1313
1599590 1313
1599600 1310
1599610 1306
1599620 1306
1599630 1304
1599640 1301
1599650 1301
1599660 1299
1599670 1296
1599680 1296
1599690 1293
1599700 1291
1599710 1291
1599720 1289
1599730 1286
1599740 1286
1599750 1282
1599760 1278
1599770 1278
1599780 1274
1599790 1272
1599800 1272
1599810 1271
1599820 1271
1599830 1271
1599840 1271
1599850 1271
1599860 1271
1599870 1272
1599880 1272
1599890 1272
1599900 1273
1599910 1274
1599920 1274
1599930 1275
1599940 1276
1599950 1276
1599960 1276
1599970 1276
1599980 1276
1599990 1276
