1580000 1005
1580010 1005
1580020 1011
1580030 1017
1580040 1017
1580050 1022
1580060 1029
1580070 1029
1580080 1035
1580090 1039
1580100 1039
1580110 1041
1580120 1044
1580130 1044
1580140 1047
1580150 1049
1580160 1049
1580170 1050
1580180 1049
1580190 1049
1580200 1050
1580210 1047
1580220 1047
1580230 1039
1580240 1033
1580250 1033
1580260 1028
1580270 1024
1580280 1024
1580290 1021
1580300 1017
1580310 1017
1580320 1012
1580330 1008
1580340 1008
1580350 1003
1580360 998
1580370 998
1580380 994
1580390 989
1580400 984
1580410 984
1580420 981
1580430 978
1580440 978
1580450 975
1580460 971
1580470 971
1580480 967
1580490 964
1580500 964
1580510 961
1580520 956
1580530 956
1580540 948
1580550 941
1580560 941
1580570 934
1580580 927
1580590 927
1580600 921
1580610 915
1580620 915
1580630 909
1580640 904
1580650 904
1580660 899
1580670 894
1580680 894
1580690 889
1580700 882
1580710 882
1580720 875
1580730 869
1580740 869
1580750 863
1580760 857
1580770 857
1580780 851
1580790 844
1580800 844
1580810 837
1580820 831
1580830 831
1580840 826
1580850 822
1580860 822
1580870 818
1580880 813
1580890 808
1580900 808
1580910 803
1580920 797
1580930 797
1580940 790
1580950 786
1580960 786
1580970 783
1580980 785
1580990 785
1581000 786
1581010 786
1581020 786
1581030 785
1581040 784
1581050 784
1581060 782
1581070 777
1581080 777
1581090 772
1581100 768
1581110 768
1581120 762
1581130 756
1581140 756
1581150 752
1581160 753
1581170 753
1581180 754
1581190 750
1581200 750
1581210 746
1581220 741
1581230 741
1581240 735
1581250 730
1581260 730
1581270 727
1581280 723
1581290 723
1581300 721
1581310 716
1581320 716
1581330 712
1581340 705
1581350 705
1581360 695
1581370 679
1581380 667
1581390 667
1581400 659
1581410 656
1581420 656
1581430 653
1581440 651
1581450 651
1581460 649
1581470 652
1581480 652
1581490 656
1581500 663
1581510 663
1581520 670
1581530 669
1581540 669
1581550 669
1581560 666
1581570 666
1581580 668
1581590 674
1581600 674
1581610 677
1581620 676
1581630 676
1581640 681
1581650 692
1581660 692
1581670 695
1581680 688
1581690 688
1581700 679
1581710 670
1581720 670
1581730 662
1581740 660
1581750 660
1581760 669
1581770 678
1581780 678
1581790 685
1581800 692
1581810 692
1581820 697
1581830 700
1581840 700
1581850 700
1581860 699
1581870 699
1581880 704
1581890 708
1581900 711
1581910 711
1581920 714
1581930 717
1581940 717
1581950 723
1581960 730
1581970 730
1581980 737
1581990 744
1582000 744
1582010 750
1582020 756
1582030 756
1582040 757
1582050 755
1582060 755
1582070 751
1582080 746
1582090 746
1582100 744
1582110 741
1582120 741
1582130 738
1582140 736
1582150 736
1582160 733
1582170 729
1582180 729
1582190 725
1582200 721
1582210 721
1582220 713
1582230 709
1582240 709
1582250 716
1582260 724
1582270 724
1582280 730
1582290 735
1582300 735
1582310 744
1582320 754
1582330 754
1582340 762
1582350 769
1582360 769
1582370 776
1582380 783
1582390 789
1582400 789
1582410 795
1582420 801
1582430 801
1582440 807
1582450 811
1582460 811
1582470 814
1582480 817
1582490 817
1582500 820
1582510 821
1582520 821
1582530 819
1582540 817
1582550 817
1582560 813
1582570 808
1582580 808
1582590 801
1582600 794
1582610 794
1582620 789
1582630 784
1582640 784
1582650 779
1582660 773
1582670 773
1582680 766
1582690 759
1582700 759
1582710 754
1582720 748
1582730 748
1582740 743
1582750 738
1582760 738
1582770 735
1582780 731
1582790 731
1582800 727
1582810 723
1582820 723
1582830 720
1582840 717
1582850 722
1582860 720
1582870 717
1582880 717
1582890 713
1582900 709
1582910 704
1582920 704
1582930 700
1582940 696
1582950 696
1582960 693
1582970 689
1582980 689
1582990 685
1583000 680
1583010 680
1583020 674
1583030 668
1583040 668
1583050 662
1583060 658
1583070 658
1583080 654
1583090 650
1583100 650
1583110 646
1583120 642
1583130 642
1583140 637
1583150 631
1583160 631
1583170 624
1583180 616
1583190 616
1583200 609
1583210 603
1583220 603
1583230 598
1583240 594
1583250 594
1583260 592
1583270 591
1583280 591
1583290 592
1583300 598
1583310 598
1583320 606
1583330 614
1583340 614
1583350 618
1583360 620
1583370 620
1583380 620
1583390 620
1583400 619
1583410 619
1583420 617
1583430 615
1583440 615
1583450 615
1583460 615
1583470 615
1583480 613
1583490 610
1583500 610
1583510 610
1583520 617
1583530 617
1583540 622
1583550 623
1583560 623
1583570 624
1583580 624
1583590 624
1583600 624
1583610 623
1583620 623
1583630 622
1583640 621
1583650 621
1583660 620
1583670 619
1583680 619
1583690 618
1583700 617
1583710 617
1583720 618
1583730 619
1583740 619
1583750 620
1583760 622
1583770 622
1583780 623
1583790 624
1583800 624
1583810 624
1583820 625
1583830 625
1583840 626
1583850 627
1583860 627
1583870 627
1583880 628
1583890 628
1583900 628
1583910 629
1583920 629
1583930 629
1583940 629
1583950 629
1583960 629
1583970 628
1583980 628
1583990 628
1584000 626
1584010 623
1584020 623
1584030 620
1584040 618
1584050 618
1584060 619
1584070 622
1584080 622
1584090 625
1584100 626
1584110 626
1584120 627
1584130 628
1584140 628
1584150 630
1584160 632
1584170 632
1584180 634
1584190 637
1584200 637
1584210 640
1584220 644
1584230 644
1584240 648
1584250 653
1584260 653
1584270 660
1584280 665
1584290 665
1584300 669
1584310 674
1584320 674
1584330 680
1584340 687
1584350 687
1584360 693
1584370 698
1584380 698
1584390 705
1584400 711
1584410 717
1584420 717
1584430 721
1584440 724
1584450 724
1584460 726
1584470 729
1584480 729
1584490 732
1584500 734
1584510 734
1584520 738
1584530 741
1584540 741
1584550 745
1584560 747
1584570 747
1584580 745
1584590 736
1584600 736
1584610 730
1584620 732
1584630 732
1584640 739
1584650 737
1584660 737
1584670 726
1584680 719
1584690 719
1584700 713
1584710 707
1584720 707
1584730 700
1584740 697
1584750 697
1584760 693
1584770 687
1584780 687
1584790 681
1584800 677
1584810 677
1584820 675
1584830 672
1584840 672
1584850 666
1584860 661
1584870 661
1584880 659
1584890 656
1584900 649
1584910 649
1584920 643
1584930 637
1584940 637
1584950 631
1584960 626
1584970 626
1584980 622
1584990 617
1585000 617
1585010 614
1585020 610
1585030 610
1585040 606
1585050 603
1585060 603
1585070 601
1585080 599
1585090 599
1585100 596
1585110 593
1585120 593
1585130 591
1585140 587
1585150 587
1585160 583
1585170 578
1585180 578
1585190 574
1585200 569
1585210 569
1585220 566
1585230 563
1585240 563
1585250 560
1585260 557
1585270 557
1585280 553
1585290 551
1585300 551
1585310 549
1585320 548
1585330 548
1585340 548
1585350 547
1585360 547
1585370 545
1585380 544
1585390 544
1585400 544
1585410 544
1585420 544
1585430 544
1585440 544
1585450 544
1585460 544
1585470 542
1585480 541
1585490 541
1585500 540
1585510 539
1585520 539
1585530 538
1585540 537
1585550 537
1585560 536
1585570 534
1585580 534
1585590 530
1585600 527
1585610 527
1585620 527
1585630 528
1585640 528
1585650 528
1585660 528
1585670 528
1585680 528
1585690 526
1585700 526
1585710 521
1585720 516
1585730 516
1585740 512
1585750 511
1585760 511
1585770 510
1585780 510
1585790 510
1585800 515
1585810 527
1585820 527
1585830 540
1585840 547
1585850 547
1585860 550
1585870 550
1585880 550
1585890 551
1585900 551
1585910 551
1585920 551
1585930 551
1585940 552
1585950 552
1585960 552
1585970 552
1585980 552
1585990 552
1586000 552
1586010 552
1586020 552
1586030 552
1586040 552
1586050 552
1586060 552
1586070 552
1586080 552
1586090 552
1586100 552
1586110 553
1586120 553
1586130 553
1586140 553
1586150 553
1586160 553
1586170 553
1586180 553
1586190 553
1586200 554
1586210 555
1586220 555
1586230 555
1586240 556
1586250 556
1586260 558
1586270 558
1586280 558
1586290 559
1586300 560
1586310 560
1586320 561
1586330 561
1586340 561
1586350 561
1586360 563
1586370 563
1586380 567
1586390 571
1586400 571
1586410 575
1586420 579
1586430 583
1586440 583
1586450 589
1586460 596
1586470 596
1586480 601
1586490 605
1586500 605
1586510 608
1586520 612
1586530 612
1586540 615
1586550 619
1586560 619
1586570 621
1586580 622
1586590 622
1586600 622
1586610 620
1586620 620
1586630 618
1586640 613
1586650 613
1586660 608
1586670 602
1586680 602
1586690 595
1586700 593
1586710 593
1586720 588
1586730 585
1586740 585
1586750 585
1586760 586
1586770 586
1586780 586
1586790 589
1586800 589
1586810 594
1586820 600
1586830 600
1586840 606
1586850 610
1586860 610
1586870 616
1586880 623
1586890 623
1586900 630
1586910 637
1586920 644
1586930 644
1586940 651
1586950 655
1586960 655
1586970 659
1586980 661
1586990 661
1587000 661
1587010 663
1587020 663
1587030 666
1587040 668
1587050 668
1587060 667
1587070 667
1587080 667
1587090 669
1587100 672
1587110 672
1587120 675
1587130 677
1587140 677
1587150 680
1587160 678
1587170 678
1587180 672
1587190 664
1587200 664
1587210 654
1587220 645
1587230 645
1587240 638
1587250 632
1587260 632
1587270 627
1587280 620
1587290 620
1587300 614
1587310 610
1587320 610
1587330 607
1587340 607
1587350 607
1587360 606
1587370 605
1587380 605
1587390 604
1587400 605
1587410 608
1587420 608
1587430 615
1587440 615
1587450 615
1587460 611
1587470 610
1587480 610
1587490 611
1587500 615
1587510 615
1587520 618
1587530 618
1587540 618
1587550 617
1587560 615
1587570 615
1587580 613
1587590 613
1587600 613
1587610 614
1587620 616
1587630 616
1587640 620
1587650 626
1587660 626
1587670 633
1587680 641
1587690 641
1587700 648
1587710 653
1587720 653
1587730 654
1587740 656
1587750 656
1587760 656
1587770 655
1587780 655
1587790 655
1587800 655
1587810 655
1587820 652
1587830 645
1587840 645
1587850 638
1587860 635
1587870 635
1587880 636
1587890 639
1587900 639
1587910 643
1587920 646
1587930 650
1587940 650
1587950 661
1587960 667
1587970 667
1587980 672
1587990 673
1588000 673
1588010 675
1588020 676
1588030 676
1588040 674
1588050 669
1588060 669
1588070 668
1588080 670
1588090 670
1588100 674
1588110 680
1588120 680
1588130 687
1588140 694
1588150 694
1588160 697
1588170 693
1588180 693
1588190 690
1588200 687
1588210 687
1588220 686
1588230 689
1588240 689
1588250 690
1588260 690
1588270 690
1588280 692
1588290 695
1588300 695
1588310 702
1588320 710
1588330 710
1588340 717
1588350 725
1588360 725
1588370 731
1588380 731
1588390 731
1588400 728
1588410 725
1588420 724
1588430 724
1588440 724
1588450 725
1588460 725
1588470 725
1588480 727
1588490 727
1588500 728
1588510 728
1588520 728
1588530 729
1588540 729
1588550 729
1588560 731
1588570 736
1588580 736
1588590 741
1588600 744
1588610 744
1588620 748
1588630 752
1588640 752
1588650 754
1588660 754
1588670 754
1588680 752
1588690 749
1588700 749
1588710 746
1588720 743
1588730 743
1588740 740
1588750 735
1588760 735
1588770 728
1588780 720
1588790 720
1588800 714
1588810 709
1588820 709
1588830 705
1588840 701
1588850 701
1588860 696
1588870 690
1588880 690
1588890 683
1588900 675
1588910 675
1588920 667
1588930 660
1588940 653
1588950 653
1588960 646
1588970 640
1588980 640
1588990 634
1589000 628
1589010 628
1589020 622
1589030 617
1589040 617
1589050 611
1589060 607
1589070 607
1589080 603
1589090 600
1589100 600
1589110 597
1589120 593
1589130 593
1589140 588
1589150 580
1589160 580
1589170 574
1589180 568
1589190 564
1589200 563
1589210 563
1589220 563
1589230 564
1589240 566
1589250 566
1589260 569
1589270 572
1589280 572
1589290 573
1589300 574
1589310 574
1589320 576
1589330 579
1589340 579
1589350 582
1589360 584
1589370 584
1589380 587
1589390 589
1589400 589
1589410 593
1589420 599
1589430 607
1589440 607
1589450 616
1589460 623
1589470 623
1589480 630
1589490 640
1589500 640
1589510 654
1589520 664
1589530 664
1589540 670
1589550 678
1589560 678
1589570 686
1589580 689
1589590 689
1589600 691
1589610 691
1589620 691
1589630 692
1589640 696
1589650 696
1589660 700
1589670 702
1589680 702
1589690 706
1589700 711
1589710 711
1589720 713
1589730 712
1589740 712
1589750 714
1589760 720
1589770 720
1589780 725
1589790 728
1589800 728
1589810 727
1589820 721
1589830 721
1589840 711
1589850 701
1589860 701
1589870 692
1589880 681
1589890 681
1589900 671
1589910 662
1589920 662
1589930 653
1589940 642
1589950 628
1589960 628
1589970 613
1589980 602
1589990 602
1590000 594
1590010 586
1590020 586
1590030 580
1590040 581
1590050 581
1590060 588
1590070 600
1590080 600
1590090 615
1590100 628
1590110 628
1590120 638
1590130 650
1590140 650
1590150 661
1590160 669
1590170 669
1590180 676
1590190 683
1590200 683
1590210 690
1590220 696
1590230 696
1590240 701
1590250 703
1590260 703
1590270 707
1590280 712
1590290 712
1590300 717
1590310 723
1590320 723
1590330 730
1590340 737
1590350 737
1590360 744
1590370 747
1590380 747
1590390 750
1590400 753
1590410 753
1590420 756
1590430 758
1590440 761
1590450 761
1590460 764
1590470 767
1590480 767
1590490 769
1590500 771
1590510 771
1590520 773
1590530 775
1590540 775
1590550 777
1590560 780
1590570 780
1590580 781
1590590 783
1590600 783
1590610 784
1590620 785
1590630 785
1590640 788
1590650 791
1590660 791
1590670 793
1590680 796
1590690 796
1590700 799
1590710 802
1590720 802
1590730 805
1590740 808
1590750 808
1590760 811
1590770 813
1590780 813
1590790 816
1590800 818
1590810 818
1590820 821
1590830 824
1590840 824
1590850 827
1590860 830
1590870 830
1590880 832
1590890 834
1590900 834
1590910 836
1590920 836
1590930 836
1590940 836
1590950 833
1590960 830
1590970 830
1590980 825
1590990 820
1591000 820
1591010 816
1591020 811
1591030 811
1591040 807
1591050 803
1591060 803
1591070 799
1591080 794
1591090 794
1591100 790
1591110 786
1591120 786
1591130 783
1591140 778
1591150 778
1591160 774
1591170 770
1591180 770
1591190 767
1591200 764
1591210 764
1591220 760
1591230 756
1591240 756
1591250 751
1591260 746
1591270 746
1591280 742
1591290 741
1591300 741
1591310 739
1591320 735
1591330 735
1591340 733
1591350 735
1591360 735
1591370 737
1591380 738
1591390 738
1591400 739
1591410 738
1591420 738
1591430 737
1591440 735
1591450 729
1591460 729
1591470 720
1591480 712
1591490 712
1591500 705
1591510 703
1591520 703
1591530 704
1591540 703
1591550 703
1591560 704
1591570 708
1591580 708
1591590 712
1591600 715
1591610 715
1591620 724
1591630 728
1591640 728
1591650 733
1591660 736
1591670 736
1591680 738
1591690 740
1591700 740
1591710 743
1591720 746
1591730 746
1591740 749
1591750 752
1591760 752
1591770 753
1591780 754
1591790 754
1591800 755
1591810 755
1591820 755
1591830 754
1591840 751
1591850 751
1591860 747
1591870 743
1591880 743
1591890 737
1591900 730
1591910 730
1591920 722
1591930 714
1591940 705
1591950 705
1591960 697
1591970 690
1591980 690
1591990 684
1592000 680
1592010 680
1592020 679
1592030 680
1592040 680
1592050 673
1592060 656
1592070 656
1592080 637
1592090 623
1592100 623
1592110 614
1592120 608
1592130 608
1592140 611
1592150 617
1592160 617
1592170 624
1592180 629
1592190 629
1592200 629
1592210 626
1592220 626
1592230 624
1592240 622
1592250 622
1592260 620
1592270 618
1592280 618
1592290 617
1592300 616
1592310 616
1592320 615
1592330 614
1592340 614
1592350 613
1592360 610
1592370 610
1592380 606
1592390 603
1592400 603
1592410 601
1592420 599
1592430 599
1592440 599
1592450 599
1592460 598
1592470 598
1592480 598
1592490 598
1592500 598
1592510 597
1592520 597
1592530 597
1592540 597
1592550 597
1592560 597
1592570 600
1592580 607
1592590 607
1592600 613
1592610 609
1592620 609
1592630 602
1592640 600
1592650 600
1592660 599
1592670 597
1592680 597
1592690 596
1592700 597
1592710 597
1592720 597
1592730 599
1592740 599
1592750 599
1592760 598
1592770 598
1592780 597
1592790 597
1592800 597
1592810 598
1592820 599
1592830 599
1592840 599
1592850 599
1592860 599
1592870 599
1592880 599
1592890 599
1592900 599
1592910 599
1592920 599
1592930 600
1592940 600
1592950 600
1592960 600
1592970 600
1592980 601
1592990 601
1593000 601
1593010 601
1593020 601
1593030 601
1593040 601
1593050 601
1593060 602
1593070 601
1593080 601
1593090 601
1593100 602
1593110 602
1593120 602
1593130 602
1593140 602
1593150 603
1593160 603
1593170 603
1593180 603
1593190 603
1593200 603
1593210 604
1593220 604
1593230 604
1593240 605
1593250 609
1593260 609
1593270 614
1593280 616
1593290 616
1593300 617
1593310 618
1593320 618
1593330 619
1593340 620
1593350 620
1593360 621
1593370 622
1593380 622
1593390 623
1593400 625
1593410 625
1593420 626
1593430 627
1593440 627
1593450 628
1593460 630
1593470 634
1593480 634
1593490 639
1593500 644
1593510 644
1593520 651
1593530 657
1593540 657
1593550 659
1593560 660
1593570 660
1593580 661
1593590 664
1593600 664
1593610 667
1593620 670
1593630 670
1593640 672
1593650 673
1593660 673
1593670 676
1593680 679
1593690 679
1593700 681
1593710 682
1593720 682
1593730 682
1593740 681
1593750 681
1593760 679
1593770 678
1593780 678
1593790 675
1593800 676
1593810 676
1593820 682
1593830 689
1593840 689
1593850 696
1593860 702
1593870 702
1593880 708
1593890 715
1593900 715
1593910 722
1593920 729
1593930 729
1593940 737
1593950 745
1593960 753
1593970 753
1593980 764
1593990 765
1594000 765
1594010 771
1594020 768
1594030 768
1594040 758
1594050 755
1594060 755
1594070 756
1594080 759
1594090 759
1594100 764
1594110 769
1594120 769
1594130 772
1594140 780
1594150 780
1594160 784
1594170 786
1594180 786
1594190 785
1594200 784
1594210 784
1594220 784
1594230 782
1594240 782
1594250 769
1594260 755
1594270 755
1594280 750
1594290 752
1594300 752
1594310 753
1594320 751
1594330 751
1594340 744
1594350 742
1594360 742
1594370 741
1594380 739
1594390 739
1594400 736
1594410 732
1594420 732
1594430 727
1594440 724
1594450 720
1594460 720
1594470 711
1594480 705
1594490 705
1594500 709
1594510 718
1594520 718
1594530 726
1594540 732
1594550 732
1594560 739
1594570 746
1594580 746
1594590 752
1594600 755
1594610 755
1594620 756
1594630 756
1594640 756
1594650 757
1594660 757
1594670 757
1594680 754
1594690 748
1594700 748
1594710 739
1594720 733
1594730 733
1594740 735
1594750 741
1594760 741
1594770 747
1594780 752
1594790 752
1594800 758
1594810 761
1594820 761
1594830 762
1594840 761
1594850 761
1594860 752
1594870 739
1594880 739
1594890 729
1594900 724
1594910 724
1594920 727
1594930 731
1594940 731
1594950 733
1594960 736
1594970 738
1594980 738
1594990 738
1595000 734
1595010 734
1595020 729
1595030 726
1595040 726
1595050 726
1595060 728
1595070 728
1595080 732
1595090 738
1595100 738
1595110 744
1595120 748
1595130 748
1595140 750
1595150 746
1595160 741
1595170 734
1595180 725
1595190 725
1595200 710
1595210 702
1595220 702
1595230 706
1595240 713
1595250 713
1595260 719
1595270 725
1595280 725
1595290 731
1595300 737
1595310 737
1595320 743
1595330 748
1595340 748
1595350 753
1595360 758
1595370 758
1595380 762
1595390 765
1595400 765
1595410 768
1595420 768
1595430 768
1595440 765
1595450 764
1595460 765
1595470 765
1595480 767
1595490 769
1595500 769
1595510 771
1595520 773
1595530 773
1595540 776
1595550 771
1595560 771
1595570 767
1595580 769
1595590 769
1595600 772
1595610 775
1595620 775
1595630 778
1595640 781
1595650 781
1595660 781
1595670 783
1595680 783
1595690 785
1595700 786
1595710 786
1595720 787
1595730 784
1595740 784
1595750 777
1595760 770
1595770 770
1595780 773
1595790 779
1595800 779
1595810 782
1595820 787
1595830 787
1595840 791
1595850 795
1595860 795
1595870 799
1595880 802
1595890 802
1595900 804
1595910 803
1595920 803
1595930 798
1595940 793
1595950 793
1595960 788
1595970 789
1595980 789
1595990 789
1596000 790
1596010 792
1596020 792
1596030 792
1596040 788
1596050 788
1596060 780
1596070 772
1596080 772
1596090 764
1596100 756
1596110 756
1596120 748
1596130 750
1596140 750
1596150 761
1596160 773
1596170 773
1596180 782
1596190 787
1596200 787
1596210 790
1596220 789
1596230 789
1596240 792
1596250 795
1596260 795
1596270 796
1596280 798
1596290 798
1596300 799
1596310 796
1596320 789
1596330 787
1596340 791
1596350 791
1596360 795
1596370 798
1596380 798
1596390 801
1596400 802
1596410 802
1596420 802
1596430 802
1596440 802
1596450 802
1596460 804
1596470 808
1596480 808
1596490 810
1596500 814
1596510 814
1596520 816
1596530 816
1596540 816
1596550 817
1596560 819
1596570 819
1596580 819
1596590 818
1596600 818
1596610 815
1596620 814
1596630 814
1596640 820
1596650 828
1596660 828
1596670 833
1596680 837
1596690 837
1596700 841
1596710 843
1596720 843
1596730 845
1596740 846
1596750 846
1596760 847
1596770 850
1596780 850
1596790 851
1596800 852
1596810 852
1596820 855
1596830 858
1596840 858
1596850 860
1596860 861
1596870 861
1596880 862
1596890 862
1596900 862
1596910 864
1596920 866
1596930 866
1596940 867
1596950 867
1596960 867
1596970 867
1596980 869
1596990 872
1597000 872
1597010 871
1597020 863
1597030 863
1597040 859
1597050 865
1597060 865
1597070 875
1597080 884
1597090 884
1597100 890
1597110 895
1597120 895
1597130 900
1597140 903
1597150 903
1597160 903
1597170 899
1597180 899
1597190 893
1597200 888
1597210 888
1597220 886
1597230 888
1597240 888
1597250 896
1597260 904
1597270 904
1597280 912
1597290 919
1597300 919
1597310 925
1597320 931
1597330 931
1597340 936
1597350 940
1597360 940
1597370 944
1597380 947
1597390 947
1597400 949
1597410 949
1597420 949
1597430 948
1597440 952
1597450 952
1597460 955
1597470 961
1597480 966
1597490 966
1597500 970
1597510 975
1597520 975
1597530 981
1597540 988
1597550 988
1597560 994
1597570 999
1597580 999
1597590 1004
1597600 1008
1597610 1008
1597620 1011
1597630 1014
1597640 1014
1597650 1017
1597660 1019
1597670 1019
1597680 1020
1597690 1018
1597700 1018
1597710 1018
1597720 1018
1597730 1018
1597740 1017
1597750 1015
1597760 1015
1597770 1013
1597780 1015
1597790 1015
1597800 1018
1597810 1022
1597820 1022
1597830 1026
1597840 1034
1597850 1034
1597860 1045
1597870 1056
1597880 1056
1597890 1066
1597900 1073
1597910 1073
1597920 1078
1597930 1082
1597940 1082
1597950 1086
1597960 1091
1597970 1091
1597980 1092
1597990 1094
1598000 1097
1598010 1097
1598020 1100
1598030 1106
1598040 1106
1598050 1113
1598060 1116
1598070 1116
1598080 1115
1598090 1117
1598100 1117
1598110 1124
1598120 1131
1598130 1131
1598140 1137
1598150 1143
1598160 1143
1598170 1149
1598180 1155
1598190 1155
1598200 1160
1598210 1165
1598220 1165
1598230 1173
1598240 1183
1598250 1183
1598260 1186
1598270 1186
1598280 1186
1598290 1187
1598300 1191
1598310 1191
1598320 1193
1598330 1196
1598340 1196
1598350 1202
1598360 1210
1598370 1210
1598380 1219
1598390 1227
1598400 1227
1598410 1241
1598420 1253
1598430 1253
1598440 1259
1598450 1255
1598460 1255
1598470 1256
1598480 1262
1598490 1266
1598500 1266
1598510 1271
1598520 1280
1598530 1280
1598540 1288
1598550 1296
1598560 1296
1598570 1305
1598580 1314
1598590 1305
1598600 1309
1598610 1308
1598620 1308
1598630 1308
1598640 1306
1598650 1306
1598660 1305
1598670 1306
1598680 1306
1598690 1308
1598700 1312
1598710 1312
1598720 1316
1598730 1323
1598740 1323
1598750 1330
1598760 1339
1598770 1339
1598780 1347
1598790 1355
1598800 1355
1598810 1364
1598820 1369
1598830 1369
1598840 1372
1598850 1375
1598860 1375
1598870 1378
1598880 1381
1598890 1381
1598900 1383
1598910 1386
1598920 1386
1598930 1388
1598940 1390
1598950 1390
1598960 1391
1598970 1393
1598980 1394
1598990 1394
1599000 1395
1599010 1395
1599020 1395
1599030 1394
1599040 1390
1599050 1390
1599060 1387
1599070 1389
1599080 1389
1599090 1394
1599100 1398
1599110 1398
1599120 1402
1599130 1407
1599140 1407
1599150 1410
1599160 1414
1599170 1414
1599180 1418
1599190 1421
1599200 1421
1599210 1425
1599220 1428
1599230 1428
1599240 1432
1599250 1435
1599260 1435
1599270 1438
1599280 1442
1599290 1442
1599300 1446
1599310 1449
1599320 1449
1599330 1452
1599340 1455
1599350 1455
1599360 1458
1599370 1459
1599380 1459
1599390 1458
1599400 1457
1599410 1457
1599420 1453
1599430 1451
1599440 1451
1599450 1449
1599460 1449
1599470 1449
1599480 1449
1599490 1448
1599500 1447
1599510 1447
1599520 1447
1599530 1447
1599540 1447
1599550 1447
1599560 1447
1599570 1447
1599580 1446
1599590 1446
1599600 1446
1599610 1445
1599620 1445
1599630 1445
1599640 1444
1599650 1443
1599660 1443
1599670 1440
1599680 1436
1599690 1436
1599700 1433
1599710 1430
1599720 1433
1599730 1431
1599740 1429
1599750 1429
1599760 1426
1599770 1423
1599780 1423
1599790 1420
1599800 1418
1599810 1418
1599820 1416
1599830 1413
1599840 1413
1599850 1412
1599860 1411
1599870 1411
1599880 1408
1599890 1407
1599900 1407
1599910 1408
1599920 1410
1599930 1410
1599940 1411
1599950 1413
1599960 1413
1599970 1414
1599980 1415
1599990 1416
