1580000 587
1580010 591
1580020 591
1580030 596
1580040 602
1580050 602
1580060 606
1580070 612
1580080 618
1580090 618
1580100 626
1580110 638
1580120 638
1580130 642
1580140 645
1580150 645
1580160 645
1580170 649
1580180 649
1580190 655
1580200 661
1580210 661
1580220 666
1580230 672
1580240 672
1580250 680
1580260 688
1580270 688
1580280 695
1580290 702
1580300 702
1580310 707
1580320 710
1580330 710
1580340 715
1580350 719
1580360 719
1580370 722
1580380 725
1580390 725
1580400 730
1580410 736
1580420 736
1580430 743
1580440 750
1580450 750
1580460 756
1580470 761
1580480 761
1580490 763
1580500 763
1580510 763
1580520 765
1580530 769
1580540 769
1580550 775
1580560 781
1580570 781
1580580 781
1580590 784
1580600 787
1580610 787
1580620 791
1580630 796
1580640 796
1580650 800
1580660 804
1580670 804
1580680 807
1580690 810
1580700 810
1580710 811
1580720 812
1580730 812
1580740 814
1580750 815
1580760 815
1580770 817
1580780 820
1580790 820
1580800 822
1580810 824
1580820 824
1580830 826
1580840 828
1580850 828
1580860 831
1580870 833
1580880 833
1580890 835
1580900 838
1580910 838
1580920 841
1580930 844
1580940 844
1580950 847
1580960 850
1580970 850
1580980 854
1580990 857
1581000 857
1581010 861
1581020 864
1581030 864
1581040 866
1581050 869
1581060 869
1581070 872
1581080 874
1581090 874
1581100 874
1581110 874
1581120 873
1581130 873
1581140 870
1581150 867
1581160 867
1581170 864
1581180 860
1581190 860
1581200 857
1581210 853
1581220 853
1581230 849
1581240 845
1581250 845
1581260 840
1581270 835
1581280 835
1581290 830
1581300 825
1581310 825
1581320 819
1581330 810
1581340 808
1581350 798
1581360 790
1581370 790
1581380 782
1581390 776
1581400 776
1581410 770
1581420 765
1581430 765
1581440 759
1581450 752
1581460 752
1581470 746
1581480 740
1581490 740
1581500 734
1581510 728
1581520 728
1581530 723
1581540 717
1581550 717
1581560 711
1581570 704
1581580 704
1581590 699
1581600 696
1581610 696
1581620 698
1581630 702
1581640 707
1581650 707
1581660 712
1581670 718
1581680 718
1581690 724
1581700 730
1581710 730
1581720 737
1581730 742
1581740 742
1581750 747
1581760 752
1581770 752
1581780 756
1581790 758
1581800 758
1581810 759
1581820 761
1581830 761
1581840 766
1581850 771
1581860 771
1581870 777
1581880 782
1581890 782
1581900 786
1581910 791
1581920 791
1581930 796
1581940 800
1581950 800
1581960 803
1581970 807
1581980 807
1581990 809
1582000 808
1582010 808
1582020 803
1582030 798
1582040 798
1582050 797
1582060 796
1582070 796
1582080 795
1582090 794
1582100 794
1582110 796
1582120 798
1582130 798
1582140 800
1582150 799
1582160 794
1582170 794
1582180 786
1582190 778
1582200 778
1582210 770
1582220 761
1582230 761
1582240 752
1582250 746
1582260 746
1582270 740
1582280 734
1582290 734
1582300 726
1582310 719
1582320 719
1582330 713
1582340 712
1582350 712
1582360 718
1582370 724
1582380 724
1582390 730
1582400 737
1582410 737
1582420 745
1582430 752
1582440 752
1582450 757
1582460 758
1582470 758
1582480 756
1582490 755
1582500 755
1582510 754
1582520 754
1582530 754
1582540 755
1582550 756
1582560 756
1582570 761
1582580 766
1582590 766
1582600 768
1582610 770
1582620 770
1582630 773
1582640 773
1582650 773
1582660 776
1582670 770
1582680 768
1582690 768
1582700 768
1582710 770
1582720 770
1582730 774
1582740 780
1582750 780
1582760 785
1582770 791
1582780 791
1582790 797
1582800 804
1582810 804
1582820 812
1582830 819
1582840 819
1582850 827
1582860 835
1582870 835
1582880 841
1582890 845
1582900 845
1582910 849
1582920 852
1582930 852
1582940 854
1582950 856
1582960 856
1582970 857
1582980 858
1582990 858
1583000 855
1583010 852
1583020 852
1583030 848
1583040 846
1583050 846
1583060 845
1583070 842
1583080 842
1583090 843
1583100 843
1583110 843
1583120 843
1583130 847
1583140 847
1583150 850
1583160 847
1583170 847
1583180 844
1583190 843
1583200 845
1583210 845
1583220 849
1583230 856
1583240 856
1583250 863
1583260 867
1583270 867
1583280 870
1583290 876
1583300 876
1583310 882
1583320 888
1583330 888
1583340 894
1583350 899
1583360 899
1583370 903
1583380 903
1583390 903
1583400 900
1583410 895
1583420 895
1583430 891
1583440 887
1583450 887
1583460 884
1583470 885
1583480 885
1583490 890
1583500 894
1583510 894
1583520 895
1583530 895
1583540 895
1583550 896
1583560 897
1583570 897
1583580 898
1583590 899
1583600 899
1583610 900
1583620 902
1583630 902
1583640 905
1583650 909
1583660 909
1583670 913
1583680 917
1583690 917
1583700 922
1583710 927
1583720 931
1583730 931
1583740 935
1583750 939
1583760 939
1583770 942
1583780 946
1583790 946
1583800 950
1583810 954
1583820 954
1583830 958
1583840 961
1583850 961
1583860 964
1583870 968
1583880 968
1583890 971
1583900 973
1583910 973
1583920 974
1583930 974
1583940 974
1583950 974
1583960 972
1583970 972
1583980 970
1583990 967
1584000 967
1584010 963
1584020 958
1584030 958
1584040 954
1584050 951
1584060 951
1584070 949
1584080 946
1584090 946
1584100 944
1584110 941
1584120 941
1584130 937
1584140 933
1584150 933
1584160 928
1584170 922
1584180 922
1584190 917
1584200 911
1584210 911
1584220 906
1584230 902
1584240 897
1584250 897
1584260 893
1584270 890
1584280 890
1584290 887
1584300 885
1584310 885
1584320 883
1584330 881
1584340 881
1584350 878
1584360 876
1584370 876
1584380 874
1584390 875
1584400 875
1584410 877
1584420 879
1584430 879
1584440 882
1584450 886
1584460 886
1584470 889
1584480 894
1584490 894
1584500 899
1584510 904
1584520 904
1584530 909
1584540 914
1584550 914
1584560 918
1584570 922
1584580 922
1584590 927
1584600 931
1584610 931
1584620 935
1584630 939
1584640 939
1584650 942
1584660 946
1584670 946
1584680 949
1584690 952
1584700 952
1584710 956
1584720 959
1584730 959
1584740 962
1584750 965
1584760 967
1584770 967
1584780 970
1584790 973
1584800 973
1584810 976
1584820 979
1584830 979
1584840 980
1584850 982
1584860 982
1584870 983
1584880 984
1584890 984
1584900 985
1584910 986
1584920 986
1584930 989
1584940 991
1584950 991
1584960 994
1584970 997
1584980 997
1584990 1000
1585000 1003
1585010 1003
1585020 1005
1585030 1008
1585040 1008
1585050 1011
1585060 1014
1585070 1014
1585080 1016
1585090 1019
1585100 1019
1585110 1022
1585120 1025
1585130 1025
1585140 1027
1585150 1029
1585160 1029
1585170 1031
1585180 1033
1585190 1033
1585200 1034
1585210 1035
1585220 1035
1585230 1036
1585240 1037
1585250 1040
1585260 1041
1585270 1042
1585280 1042
1585290 1043
1585300 1045
1585310 1046
1585320 1046
1585330 1047
1585340 1048
1585350 1048
1585360 1050
1585370 1052
1585380 1052
1585390 1053
1585400 1054
1585410 1054
1585420 1055
1585430 1055
1585440 1055
1585450 1056
1585460 1056
1585470 1056
1585480 1056
1585490 1057
1585500 1057
1585510 1057
1585520 1058
1585530 1058
1585540 1058
1585550 1060
1585560 1060
1585570 1062
1585580 1063
1585590 1063
1585600 1065
1585610 1066
1585620 1066
1585630 1066
1585640 1066
1585650 1066
1585660 1064
1585670 1062
1585680 1062
1585690 1060
1585700 1059
1585710 1059
1585720 1060
1585730 1060
1585740 1060
1585750 1055
1585760 1047
1585770 1047
1585780 1042
1585790 1037
1585800 1037
1585810 1034
1585820 1035
1585830 1038
1585840 1038
1585850 1042
1585860 1046
1585870 1046
1585880 1049
1585890 1053
1585900 1053
1585910 1057
1585920 1061
1585930 1061
1585940 1065
1585950 1069
1585960 1069
1585970 1072
1585980 1075
1585990 1075
1586000 1078
1586010 1082
1586020 1082
1586030 1086
1586040 1090
1586050 1090
1586060 1095
1586070 1098
1586080 1098
1586090 1099
1586100 1100
1586110 1100
1586120 1100
1586130 1100
1586140 1100
1586150 1101
1586160 1102
1586170 1102
1586180 1103
1586190 1103
1586200 1103
1586210 1104
1586220 1103
1586230 1103
1586240 1101
1586250 1099
1586260 1099
1586270 1096
1586280 1094
1586290 1094
1586300 1092
1586310 1090
1586320 1090
1586330 1090
1586340 1090
1586350 1090
1586360 1090
1586370 1089
1586380 1090
1586390 1090
1586400 1090
1586410 1091
1586420 1091
1586430 1092
1586440 1093
1586450 1093
1586460 1094
1586470 1096
1586480 1096
1586490 1097
1586500 1098
1586510 1098
1586520 1102
1586530 1102
1586540 1102
1586550 1102
1586560 1102
1586570 1102
1586580 1101
1586590 1100
1586600 1100
1586610 1099
1586620 1097
1586630 1097
1586640 1095
1586650 1092
1586660 1092
1586670 1090
1586680 1088
1586690 1088
1586700 1085
1586710 1083
1586720 1083
1586730 1079
1586740 1076
1586750 1076
1586760 1073
1586770 1070
1586780 1070
1586790 1068
1586800 1066
1586810 1066
1586820 1064
1586830 1063
1586840 1063
1586850 1063
1586860 1063
1586870 1062
1586880 1062
1586890 1062
1586900 1062
1586910 1062
1586920 1062
1586930 1063
1586940 1063
1586950 1063
1586960 1063
1586970 1063
1586980 1063
1586990 1063
1587000 1063
1587010 1063
1587020 1063
1587030 1063
1587040 1063
1587050 1062
1587060 1062
1587070 1061
1587080 1061
1587090 1061
1587100 1062
1587110 1065
1587120 1065
1587130 1069
1587140 1073
1587150 1073
1587160 1076
1587170 1079
1587180 1079
1587190 1082
1587200 1086
1587210 1086
1587220 1088
1587230 1090
1587240 1090
1587250 1092
1587260 1094
1587270 1094
1587280 1096
1587290 1097
1587300 1097
1587310 1098
1587320 1098
1587330 1098
1587340 1098
1587350 1095
1587360 1095
1587370 1094
1587380 1093
1587390 1088
1587400 1088
1587410 1085
1587420 1082
1587430 1082
1587440 1080
1587450 1079
1587460 1079
1587470 1078
1587480 1079
1587490 1079
1587500 1081
1587510 1085
1587520 1085
1587530 1089
1587540 1094
1587550 1094
1587560 1098
1587570 1103
1587580 1103
1587590 1109
1587600 1114
1587610 1114
1587620 1119
1587630 1124
1587640 1124
1587650 1128
1587660 1130
1587670 1130
1587680 1128
1587690 1125
1587700 1125
1587710 1124
1587720 1124
1587730 1124
1587740 1125
1587750 1124
1587760 1124
1587770 1131
1587780 1128
1587790 1128
1587800 1126
1587810 1123
1587820 1123
1587830 1120
1587840 1119
1587850 1119
1587860 1117
1587870 1115
1587880 1115
1587890 1114
1587900 1114
1587910 1115
1587920 1115
1587930 1116
1587940 1117
1587950 1117
1587960 1118
1587970 1119
1587980 1119
1587990 1119
1588000 1120
1588010 1120
1588020 1120
1588030 1120
1588040 1120
1588050 1120
1588060 1119
1588070 1119
1588080 1119
1588090 1119
1588100 1119
1588110 1119
1588120 1120
1588130 1120
1588140 1120
1588150 1122
1588160 1122
1588170 1124
1588180 1126
1588190 1126
1588200 1128
1588210 1129
1588220 1129
1588230 1131
1588240 1132
1588250 1132
1588260 1133
1588270 1134
1588280 1134
1588290 1135
1588300 1135
1588310 1135
1588320 1136
1588330 1139
1588340 1139
1588350 1142
1588360 1144
1588370 1144
1588380 1147
1588390 1149
1588400 1149
1588410 1152
1588420 1154
1588430 1154
1588440 1154
1588450 1155
1588460 1152
1588470 1152
1588480 1145
1588490 1138
1588500 1138
1588510 1130
1588520 1122
1588530 1122
1588540 1118
1588550 1115
1588560 1115
1588570 1111
1588580 1106
1588590 1106
1588600 1099
1588610 1093
1588620 1093
1588630 1092
1588640 1093
1588650 1093
1588660 1092
1588670 1089
1588680 1089
1588690 1086
1588700 1084
1588710 1084
1588720 1084
1588730 1082
1588740 1082
1588750 1076
1588760 1070
1588770 1070
1588780 1064
1588790 1051
1588800 1051
1588810 1037
1588820 1030
1588830 1030
1588840 1026
1588850 1023
1588860 1023
1588870 1022
1588880 1023
1588890 1023
1588900 1026
1588910 1030
1588920 1030
1588930 1036
1588940 1041
1588950 1046
1588960 1046
1588970 1051
1588980 1056
1588990 1056
1589000 1062
1589010 1072
1589020 1072
1589030 1072
1589040 1071
1589050 1071
1589060 1072
1589070 1071
1589080 1071
1589090 1074
1589100 1081
1589110 1081
1589120 1087
1589130 1093
1589140 1093
1589150 1100
1589160 1102
1589170 1102
1589180 1100
1589190 1096
1589200 1096
1589210 1091
1589220 1089
1589230 1089
1589240 1087
1589250 1086
1589260 1086
1589270 1086
1589280 1088
1589290 1088
1589300 1091
1589310 1092
1589320 1092
1589330 1089
1589340 1088
1589350 1088
1589360 1082
1589370 1072
1589380 1072
1589390 1070
1589400 1070
1589410 1070
1589420 1069
1589430 1068
1589440 1068
1589450 1066
1589460 1065
1589470 1065
1589480 1065
1589490 1064
1589500 1061
1589510 1061
1589520 1056
1589530 1053
1589540 1053
1589550 1053
1589560 1054
1589570 1054
1589580 1054
1589590 1055
1589600 1055
1589610 1057
1589620 1059
1589630 1059
1589640 1063
1589650 1065
1589660 1065
1589670 1067
1589680 1069
1589690 1069
1589700 1071
1589710 1074
1589720 1074
1589730 1079
1589740 1085
1589750 1085
1589760 1093
1589770 1100
1589780 1100
1589790 1107
1589800 1115
1589810 1115
1589820 1125
1589830 1135
1589840 1135
1589850 1143
1589860 1150
1589870 1150
1589880 1155
1589890 1160
1589900 1160
1589910 1163
1589920 1168
1589930 1168
1589940 1174
1589950 1180
1589960 1180
1589970 1186
1589980 1192
1589990 1198
1590000 1198
1590010 1202
1590020 1202
1590030 1202
1590040 1202
1590050 1200
1590060 1200
1590070 1197
1590080 1194
1590090 1194
1590100 1191
1590110 1188
1590120 1188
1590130 1185
1590140 1180
1590150 1180
1590160 1174
1590170 1169
1590180 1169
1590190 1166
1590200 1167
1590210 1167
1590220 1170
1590230 1174
1590240 1184
1590250 1187
1590260 1194
1590270 1194
1590280 1200
1590290 1203
1590300 1203
1590310 1205
1590320 1210
1590330 1210
1590340 1215
1590350 1219
1590360 1219
1590370 1223
1590380 1229
1590390 1229
1590400 1234
1590410 1239
1590420 1239
1590430 1246
1590440 1253
1590450 1253
1590460 1258
1590470 1264
1590480 1264
1590490 1269
1590500 1273
1590510 1273
1590520 1275
1590530 1272
1590540 1268
1590550 1268
1590560 1268
1590570 1268
1590580 1268
1590590 1267
1590600 1268
1590610 1268
1590620 1279
1590630 1291
1590640 1291
1590650 1295
1590660 1297
1590670 1297
1590680 1301
1590690 1305
1590700 1305
1590710 1308
1590720 1311
1590730 1311
1590740 1314
1590750 1317
1590760 1317
1590770 1319
1590780 1322
1590790 1322
1590800 1327
1590810 1332
1590820 1332
1590830 1338
1590840 1344
1590850 1344
1590860 1350
1590870 1356
1590880 1356
1590890 1364
1590900 1373
1590910 1373
1590920 1382
1590930 1389
1590940 1389
1590950 1395
1590960 1400
1590970 1400
1590980 1406
1590990 1411
1591000 1411
1591010 1416
1591020 1421
1591030 1421
1591040 1426
1591050 1431
1591060 1436
1591070 1436
1591080 1440
1591090 1445
1591100 1445
1591110 1449
1591120 1454
1591130 1454
1591140 1458
1591150 1463
1591160 1463
1591170 1467
1591180 1472
1591190 1472
1591200 1475
1591210 1476
1591220 1476
1591230 1475
1591240 1466
1591250 1466
1591260 1455
1591270 1446
1591280 1446
1591290 1436
1591300 1430
1591310 1430
1591320 1427
1591330 1422
1591340 1422
1591350 1417
1591360 1415
1591370 1415
1591380 1413
1591390 1411
1591400 1411
1591410 1405
1591420 1401
1591430 1401
1591440 1401
1591450 1411
1591460 1411
1591470 1412
1591480 1411
1591490 1411
1591500 1412
1591510 1413
1591520 1413
1591530 1414
1591540 1415
1591550 1415
1591560 1415
1591570 1415
1591580 1414
1591590 1414
1591600 1412
1591610 1412
1591620 1412
1591630 1412
1591640 1413
1591650 1413
1591660 1413
1591670 1415
1591680 1415
1591690 1419
1591700 1425
1591710 1425
1591720 1430
1591730 1433
1591740 1433
1591750 1436
1591760 1439
1591770 1439
1591780 1440
1591790 1444
1591800 1444
1591810 1447
1591820 1448
1591830 1448
1591840 1448
1591850 1450
1591860 1450
1591870 1453
1591880 1453
1591890 1453
1591900 1454
1591910 1456
1591920 1456
1591930 1458
1591940 1458
1591950 1458
1591960 1459
1591970 1460
1591980 1460
1591990 1461
1592000 1462
1592010 1462
1592020 1465
1592030 1469
1592040 1469
1592050 1471
1592060 1472
1592070 1472
1592080 1472
1592090 1473
1592100 1476
1592110 1476
1592120 1480
1592130 1483
1592140 1483
1592150 1487
1592160 1491
1592170 1491
1592180 1496
1592190 1501
1592200 1501
1592210 1506
1592220 1510
1592230 1510
1592240 1515
1592250 1519
1592260 1519
1592270 1523
1592280 1528
1592290 1528
1592300 1531
1592310 1535
1592320 1535
1592330 1537
1592340 1540
1592350 1540
1592360 1541
1592370 1544
1592380 1544
1592390 1546
1592400 1549
1592410 1549
1592420 1551
1592430 1553
1592440 1553
1592450 1556
1592460 1559
1592470 1559
1592480 1561
1592490 1564
1592500 1564
1592510 1567
1592520 1569
1592530 1569
1592540 1571
1592550 1572
1592560 1572
1592570 1571
1592580 1569
1592590 1569
1592600 1567
1592610 1567
1592620 1568
1592630 1568
1592640 1567
1592650 1567
1592660 1567
1592670 1569
1592680 1570
1592690 1570
1592700 1572
1592710 1574
1592720 1574
1592730 1577
1592740 1580
1592750 1580
1592760 1583
1592770 1586
1592780 1586
1592790 1590
1592800 1593
1592810 1593
1592820 1595
1592830 1598
1592840 1598
1592850 1600
1592860 1602
1592870 1602
1592880 1604
1592890 1606
1592900 1606
1592910 1608
1592920 1609
1592930 1609
1592940 1611
1592950 1611
1592960 1611
1592970 1611
1592980 1612
1592990 1612
1593000 1611
1593010 1610
1593020 1610
1593030 1610
1593040 1610
1593050 1610
1593060 1611
1593070 1611
1593080 1611
1593090 1612
1593100 1613
1593110 1613
1593120 1615
1593130 1616
1593140 1617
1593150 1617
1593160 1618
1593170 1619
1593180 1619
1593190 1619
1593200 1619
1593210 1619
1593220 1619
1593230 1618
1593240 1618
1593250 1617
1593260 1611
1593270 1611
1593280 1604
1593290 1595
1593300 1595
1593310 1588
1593320 1582
1593330 1582
1593340 1577
1593350 1574
1593360 1574
1593370 1573
1593380 1564
1593390 1564
1593400 1535
1593410 1513
1593420 1513
1593430 1505
1593440 1499
1593450 1499
1593460 1494
1593470 1489
1593480 1489
1593490 1485
1593500 1484
1593510 1484
1593520 1486
1593530 1487
1593540 1487
1593550 1487
1593560 1487
1593570 1487
1593580 1486
1593590 1485
1593600 1485
1593610 1484
1593620 1483
1593630 1483
1593640 1480
1593650 1475
1593660 1473
1593670 1473
1593680 1471
1593690 1469
1593700 1469
1593710 1470
1593720 1472
1593730 1472
1593740 1473
1593750 1471
1593760 1471
1593770 1463
1593780 1455
1593790 1455
1593800 1450
1593810 1447
1593820 1447
1593830 1450
1593840 1450
1593850 1450
1593860 1449
1593870 1450
1593880 1450
1593890 1449
1593900 1448
1593910 1448
1593920 1449
1593930 1450
1593940 1450
1593950 1452
1593960 1454
1593970 1454
1593980 1452
1593990 1444
1594000 1444
1594010 1437
1594020 1437
1594030 1437
1594040 1440
1594050 1443
1594060 1443
1594070 1445
1594080 1447
1594090 1447
1594100 1448
1594110 1451
1594120 1451
1594130 1453
1594140 1454
1594150 1454
1594160 1454
1594170 1453
1594180 1453
1594190 1453
1594200 1452
1594210 1452
1594220 1452
1594230 1455
1594240 1456
1594250 1456
1594260 1456
1594270 1457
1594280 1457
1594290 1457
1594300 1455
1594310 1455
1594320 1454
1594330 1453
1594340 1453
1594350 1452
1594360 1454
1594370 1454
1594380 1458
1594390 1463
1594400 1463
1594410 1469
1594420 1475
1594430 1475
1594440 1498
1594450 1527
1594460 1527
1594470 1542
1594480 1554
1594490 1554
1594500 1566
1594510 1571
1594520 1571
1594530 1573
1594540 1575
1594550 1575
1594560 1586
1594570 1592
1594580 1592
1594590 1595
1594600 1599
1594610 1599
1594620 1609
1594630 1621
1594640 1621
1594650 1637
1594660 1656
1594670 1656
1594680 1664
1594690 1665
1594700 1665
1594710 1664
1594720 1664
1594730 1666
1594740 1666
1594750 1667
1594760 1669
1594770 1669
1594780 1671
1594790 1674
1594800 1674
1594810 1676
1594820 1679
1594830 1679
1594840 1683
1594850 1687
1594860 1687
1594870 1693
1594880 1696
1594890 1696
1594900 1698
1594910 1701
1594920 1701
1594930 1706
1594940 1712
1594950 1712
1594960 1719
1594970 1724
1594980 1724
1594990 1731
1595000 1742
1595010 1742
1595020 1752
1595030 1762
1595040 1762
1595050 1771
1595060 1780
1595070 1780
1595080 1786
1595090 1789
1595100 1789
1595110 1795
1595120 1799
1595130 1799
1595140 1804
1595150 1808
1595160 1808
1595170 1810
1595180 1815
1595190 1815
1595200 1819
1595210 1822
1595220 1822
1595230 1825
1595240 1827
1595250 1827
1595260 1827
1595270 1826
1595280 1826
1595290 1826
1595300 1826
1595310 1828
1595320 1828
1595330 1829
1595340 1830
1595350 1830
1595360 1824
1595370 1818
1595380 1818
1595390 1813
1595400 1806
1595410 1806
1595420 1800
1595430 1797
1595440 1797
1595450 1791
1595460 1785
1595470 1785
1595480 1778
1595490 1771
1595500 1771
1595510 1764
1595520 1760
1595530 1760
1595540 1758
1595550 1756
1595560 1756
1595570 1753
1595580 1752
1595590 1752
1595600 1750
1595610 1754
1595620 1754
1595630 1757
1595640 1756
1595650 1756
1595660 1751
1595670 1748
1595680 1748
1595690 1748
1595700 1752
1595710 1752
1595720 1756
1595730 1755
1595740 1755
1595750 1753
1595760 1753
1595770 1760
1595780 1760
1595790 1769
1595800 1777
1595810 1777
1595820 1785
1595830 1787
1595840 1787
1595850 1787
1595860 1788
1595870 1788
1595880 1791
1595890 1795
1595900 1795
1595910 1800
1595920 1804
1595930 1804
1595940 1807
1595950 1809
1595960 1809
1595970 1810
1595980 1803
1595990 1803
1596000 1796
1596010 1788
1596020 1788
1596030 1779
1596040 1770
1596050 1770
1596060 1762
1596070 1753
1596080 1753
1596090 1744
1596100 1734
1596110 1734
1596120 1725
1596130 1718
1596140 1718
1596150 1710
1596160 1709
1596170 1709
1596180 1704
1596190 1701
1596200 1701
1596210 1694
1596220 1680
1596230 1680
1596240 1669
1596250 1664
1596260 1664
1596270 1660
1596280 1655
1596290 1652
1596300 1652
1596310 1648
1596320 1643
1596330 1643
1596340 1639
1596350 1636
1596360 1636
1596370 1632
1596380 1627
1596390 1627
1596400 1623
1596410 1620
1596420 1620
1596430 1616
1596440 1613
1596450 1613
1596460 1612
1596470 1610
1596480 1610
1596490 1608
1596500 1607
1596510 1607
1596520 1609
1596530 1611
1596540 1611
1596550 1611
1596560 1610
1596570 1610
1596580 1608
1596590 1606
1596600 1606
1596610 1604
1596620 1600
1596630 1600
1596640 1596
1596650 1592
1596660 1592
1596670 1588
1596680 1585
1596690 1585
1596700 1588
1596710 1595
1596720 1595
1596730 1601
1596740 1602
1596750 1602
1596760 1602
1596770 1601
1596780 1601
1596790 1597
1596800 1596
1596810 1598
1596820 1598
1596830 1599
1596840 1601
1596850 1601
1596860 1601
1596870 1599
1596880 1599
1596890 1597
1596900 1596
1596910 1596
1596920 1594
1596930 1592
1596940 1592
1596950 1591
1596960 1592
1596970 1592
1596980 1594
1596990 1597
1597000 1597
1597010 1599
1597020 1601
1597030 1601
1597040 1603
1597050 1605
1597060 1605
1597070 1608
1597080 1610
1597090 1610
1597100 1610
1597110 1611
1597120 1611
1597130 1612
1597140 1612
1597150 1612
1597160 1612
1597170 1611
1597180 1611
1597190 1611
1597200 1610
1597210 1610
1597220 1608
1597230 1607
1597240 1607
1597250 1606
1597260 1605
1597270 1605
1597280 1603
1597290 1602
1597300 1605
1597310 1604
1597320 1603
1597330 1602
1597340 1602
1597350 1601
1597360 1600
1597370 1600
1597380 1601
1597390 1601
1597400 1601
1597410 1601
1597420 1600
1597430 1600
1597440 1598
1597450 1596
1597460 1596
1597470 1592
1597480 1589
1597490 1589
1597500 1585
1597510 1583
1597520 1583
1597530 1581
1597540 1581
1597550 1581
1597560 1581
1597570 1581
1597580 1581
1597590 1581
1597600 1580
1597610 1580
1597620 1582
1597630 1585
1597640 1585
1597650 1586
1597660 1587
1597670 1587
1597680 1590
1597690 1592
1597700 1592
1597710 1595
1597720 1599
1597730 1599
1597740 1604
1597750 1608
1597760 1608
1597770 1612
1597780 1617
1597790 1617
1597800 1621
1597810 1626
1597820 1626
1597830 1630
1597840 1635
1597850 1639
1597860 1639
1597870 1643
1597880 1648
1597890 1648
1597900 1653
1597910 1657
1597920 1657
1597930 1660
1597940 1664
1597950 1664
1597960 1666
1597970 1669
1597980 1669
1597990 1670
1598000 1673
1598010 1673
1598020 1675
1598030 1677
1598040 1677
1598050 1678
1598060 1680
1598070 1680
1598080 1682
1598090 1684
1598100 1684
1598110 1685
1598120 1687
1598130 1687
1598140 1688
1598150 1689
1598160 1689
1598170 1690
1598180 1691
1598190 1691
1598200 1691
1598210 1692
1598220 1692
1598230 1692
1598240 1693
1598250 1693
1598260 1694
1598270 1694
1598280 1694
1598290 1693
1598300 1689
1598310 1689
1598320 1687
1598330 1689
1598340 1689
1598350 1692
1598360 1694
1598370 1695
1598380 1695
1598390 1695
1598400 1695
1598410 1695
1598420 1694
1598430 1694
1598440 1697
1598450 1696
1598460 1695
1598470 1695
1598480 1694
1598490 1693
1598500 1693
1598510 1691
1598520 1690
1598530 1690
1598540 1688
1598550 1685
1598560 1685
1598570 1683
1598580 1679
1598590 1679
1598600 1659
1598610 1640
1598620 1640
1598630 1629
1598640 1623
1598650 1623
1598660 1619
1598670 1612
1598680 1612
1598690 1601
1598700 1599
1598710 1599
1598720 1600
1598730 1601
1598740 1601
1598750 1602
1598760 1603
1598770 1603
1598780 1605
1598790 1603
1598800 1603
1598810 1600
1598820 1595
1598830 1595
1598840 1593
1598850 1591
1598860 1591
1598870 1591
1598880 1593
1598890 1594
1598900 1594
1598910 1595
1598920 1598
1598930 1598
1598940 1599
1598950 1601
1598960 1601
1598970 1601
1598980 1602
1598990 1602
1599000 1604
1599010 1604
1599020 1604
1599030 1605
1599040 1603
1599050 1603
1599060 1592
1599070 1580
1599080 1580
1599090 1568
1599100 1558
1599110 1558
1599120 1557
1599130 1553
1599140 1553
1599150 1548
1599160 1546
1599170 1546
1599180 1547
1599190 1545
1599200 1545
1599210 1536
1599220 1528
1599230 1528
1599240 1522
1599250 1510
1599260 1510
1599270 1499
1599280 1495
1599290 1495
1599300 1490
1599310 1489
1599320 1489
1599330 1491
1599340 1492
1599350 1492
1599360 1492
1599370 1493
1599380 1493
1599390 1493
1599400 1497
1599410 1501
1599420 1501
1599430 1506
1599440 1513
1599450 1513
1599460 1519
1599470 1527
1599480 1527
1599490 1533
1599500 1532
1599510 1532
1599520 1528
1599530 1527
1599540 1527
1599550 1524
1599560 1515
1599570 1515
1599580 1510
1599590 1505
1599600 1505
1599610 1498
1599620 1494
1599630 1494
1599640 1492
1599650 1491
1599660 1491
1599670 1492
1599680 1496
1599690 1496
1599700 1500
1599710 1504
1599720 1504
1599730 1513
1599740 1533
1599750 1533
1599760 1556
1599770 1562
1599780 1562
1599790 1560
1599800 1563
1599810 1563
1599820 1562
1599830 1561
1599840 1561
1599850 1565
1599860 1569
1599870 1569
1599880 1573
1599890 1575
1599900 1575
1599910 1572
1599920 1567
1599930 1567
1599940 1563
1599950 1563
1599960 1565
1599970 1565
1599980 1557
1599990 1540
