1580000 552
1580010 547
1580020 547
1580030 546
1580040 546
1580050 546
1580060 547
1580070 551
1580080 557
1580090 557
1580100 564
1580110 570
1580120 570
1580130 574
1580140 573
1580150 573
1580160 570
1580170 566
1580180 566
1580190 561
1580200 554
1580210 554
1580220 550
1580230 548
1580240 548
1580250 549
1580260 549
1580270 549
1580280 550
1580290 551
1580300 551
1580310 554
1580320 558
1580330 558
1580340 564
1580350 569
1580360 569
1580370 577
1580380 582
1580390 582
1580400 587
1580410 591
1580420 591
1580430 595
1580440 600
1580450 600
1580460 603
1580470 607
1580480 607
1580490 611
1580500 615
1580510 615
1580520 618
1580530 621
1580540 621
1580550 623
1580560 622
1580570 622
1580580 617
1580590 608
1580600 608
1580610 600
1580620 591
1580630 584
1580640 584
1580650 579
1580660 572
1580670 572
1580680 564
1580690 561
1580700 561
1580710 560
1580720 563
1580730 563
1580740 568
1580750 574
1580760 574
1580770 580
1580780 587
1580790 587
1580800 593
1580810 598
1580820 598
1580830 603
1580840 608
1580850 608
1580860 613
1580870 615
1580880 615
1580890 616
1580900 617
1580910 617
1580920 618
1580930 619
1580940 619
1580950 620
1580960 622
1580970 622
1580980 625
1580990 627
1581000 621
1581010 624
1581020 625
1581030 625
1581040 625
1581050 627
1581060 627
1581070 632
1581080 639
1581090 639
1581100 645
1581110 650
1581120 650
1581130 652
1581140 653
1581150 655
1581160 655
1581170 658
1581180 661
1581190 661
1581200 666
1581210 671
1581220 671
1581230 676
1581240 679
1581250 679
1581260 680
1581270 680
1581280 680
1581290 679
1581300 677
1581310 677
1581320 674
1581330 669
1581340 669
1581350 668
1581360 668
1581370 668
1581380 669
1581390 670
1581400 670
1581410 670
1581420 670
1581430 670
1581440 670
1581450 671
1581460 671
1581470 673
1581480 674
1581490 674
1581500 676
1581510 677
1581520 677
1581530 678
1581540 679
1581550 679
1581560 680
1581570 681
1581580 681
1581590 682
1581600 682
1581610 682
1581620 679
1581630 677
1581640 677
1581650 677
1581660 677
1581670 679
1581680 679
1581690 681
1581700 684
1581710 684
1581720 687
1581730 690
1581740 690
1581750 693
1581760 696
1581770 696
1581780 700
1581790 704
1581800 704
1581810 707
1581820 711
1581830 711
1581840 714
1581850 717
1581860 717
1581870 719
1581880 720
1581890 720
1581900 720
1581910 720
1581920 720
1581930 719
1581940 717
1581950 717
1581960 715
1581970 715
1581980 715
1581990 714
1582000 713
1582010 713
1582020 713
1582030 712
1582040 712
1582050 711
1582060 709
1582070 709
1582080 709
1582090 706
1582100 706
1582110 701
1582120 696
1582130 696
1582140 693
1582150 689
1582160 689
1582170 689
1582180 688
1582190 688
1582200 685
1582210 682
1582220 680
1582230 680
1582240 679
1582250 677
1582260 677
1582270 672
1582280 669
1582290 669
1582300 668
1582310 666
1582320 666
1582330 657
1582340 653
1582350 653
1582360 648
1582370 642
1582380 642
1582390 634
1582400 626
1582410 626
1582420 620
1582430 616
1582440 616
1582450 616
1582460 619
1582470 619
1582480 623
1582490 627
1582500 627
1582510 628
1582520 627
1582530 627
1582540 625
1582550 623
1582560 623
1582570 621
1582580 621
1582590 621
1582600 620
1582610 617
1582620 617
1582630 616
1582640 616
1582650 616
1582660 613
1582670 609
1582680 609
1582690 608
1582700 606
1582710 606
1582720 604
1582730 605
1582740 605
1582750 605
1582760 605
1582770 605
1582780 605
1582790 606
1582800 606
1582810 606
1582820 606
1582830 606
1582840 606
1582850 607
1582860 608
1582870 608
1582880 608
1582890 608
1582900 608
1582910 609
1582920 609
1582930 609
1582940 610
1582950 611
1582960 611
1582970 612
1582980 613
1582990 613
1583000 613
1583010 613
1583020 613
1583030 614
1583040 615
1583050 615
1583060 617
1583070 618
1583080 618
1583090 619
1583100 620
1583110 620
1583120 621
1583130 623
1583140 623
1583150 624
1583160 626
1583170 626
1583180 627
1583190 629
1583200 629
1583210 628
1583220 626
1583230 626
1583240 626
1583250 627
1583260 631
1583270 631
1583280 635
1583290 637
1583300 637
1583310 639
1583320 639
1583330 639
1583340 636
1583350 636
1583360 636
1583370 633
1583380 630
1583390 630
1583400 628
1583410 628
1583420 628
1583430 628
1583440 630
1583450 630
1583460 632
1583470 634
1583480 634
1583490 637
1583500 639
1583510 639
1583520 642
1583530 645
1583540 645
1583550 649
1583560 652
1583570 652
1583580 656
1583590 658
1583600 658
1583610 659
1583620 659
1583630 659
1583640 661
1583650 662
1583660 662
1583670 664
1583680 666
1583690 666
1583700 667
1583710 669
1583720 669
1583730 671
1583740 673
1583750 673
1583760 675
1583770 677
1583780 677
1583790 679
1583800 682
1583810 686
1583820 686
1583830 688
1583840 688
1583850 688
1583860 689
1583870 691
1583880 691
1583890 694
1583900 700
1583910 700
1583920 706
1583930 712
1583940 712
1583950 720
1583960 728
1583970 728
1583980 735
1583990 742
1584000 742
1584010 751
1584020 760
1584030 760
1584040 767
1584050 773
1584060 773
1584070 779
1584080 785
1584090 785
1584100 789
1584110 794
1584120 794
1584130 798
1584140 797
1584150 797
1584160 796
1584170 797
1584180 797
1584190 801
1584200 807
1584210 807
1584220 811
1584230 814
1584240 814
1584250 817
1584260 819
1584270 819
1584280 821
1584290 824
1584300 824
1584310 828
1584320 831
1584330 835
1584340 835
1584350 839
1584360 843
1584370 843
1584380 847
1584390 851
1584400 851
1584410 855
1584420 859
1584430 859
1584440 863
1584450 866
1584460 866
1584470 869
1584480 871
1584490 871
1584500 871
1584510 868
1584520 868
1584530 862
1584540 858
1584550 858
1584560 856
1584570 856
1584580 856
1584590 857
1584600 859
1584610 859
1584620 860
1584630 861
1584640 861
1584650 864
1584660 866
1584670 866
1584680 861
1584690 852
1584700 852
1584710 848
1584720 846
1584730 846
1584740 842
1584750 837
1584760 837
1584770 834
1584780 832
1584790 832
1584800 836
1584810 843
1584820 843
1584830 847
1584840 851
1584850 851
1584860 852
1584870 851
1584880 853
1584890 853
1584900 858
1584910 866
1584920 866
1584930 875
1584940 874
1584950 874
1584960 874
1584970 876
1584980 876
1584990 880
1585000 884
1585010 884
1585020 887
1585030 889
1585040 889
1585050 888
1585060 885
1585070 885
1585080 887
1585090 892
1585100 892
1585110 894
1585120 895
1585130 895
1585140 898
1585150 903
1585160 903
1585170 908
1585180 913
1585190 913
1585200 918
1585210 924
1585220 924
1585230 929
1585240 933
1585250 933
1585260 937
1585270 940
1585280 940
1585290 943
1585300 946
1585310 946
1585320 946
1585330 945
1585340 945
1585350 948
1585360 954
1585370 954
1585380 959
1585390 963
1585400 968
1585410 968
1585420 972
1585430 976
1585440 976
1585450 980
1585460 985
1585470 985
1585480 990
1585490 996
1585500 996
1585510 1001
1585520 1005
1585530 1005
1585540 1009
1585550 1012
1585560 1012
1585570 1015
1585580 1019
1585590 1019
1585600 1023
1585610 1027
1585620 1027
1585630 1031
1585640 1034
1585650 1034
1585660 1038
1585670 1040
1585680 1040
1585690 1042
1585700 1044
1585710 1044
1585720 1045
1585730 1047
1585740 1047
1585750 1049
1585760 1051
1585770 1051
1585780 1053
1585790 1055
1585800 1055
1585810 1058
1585820 1060
1585830 1060
1585840 1061
1585850 1063
1585860 1063
1585870 1066
1585880 1071
1585890 1071
1585900 1076
1585910 1082
1585920 1088
1585930 1088
1585940 1093
1585950 1098
1585960 1098
1585970 1102
1585980 1104
1585990 1104
1586000 1105
1586010 1105
1586020 1105
1586030 1105
1586040 1105
1586050 1105
1586060 1104
1586070 1101
1586080 1101
1586090 1098
1586100 1098
1586110 1098
1586120 1101
1586130 1108
1586140 1108
1586150 1113
1586160 1115
1586170 1115
1586180 1117
1586190 1123
1586200 1130
1586210 1135
1586220 1140
1586230 1140
1586240 1141
1586250 1137
1586260 1137
1586270 1134
1586280 1132
1586290 1132
1586300 1131
1586310 1131
1586320 1131
1586330 1133
1586340 1134
1586350 1134
1586360 1132
1586370 1135
1586380 1135
1586390 1142
1586400 1147
1586410 1147
1586420 1149
1586430 1151
1586440 1151
1586450 1152
1586460 1153
1586470 1157
1586480 1157
1586490 1163
1586500 1169
1586510 1169
1586520 1175
1586530 1181
1586540 1181
1586550 1187
1586560 1193
1586570 1193
1586580 1199
1586590 1206
1586600 1206
1586610 1210
1586620 1214
1586630 1214
1586640 1218
1586650 1220
1586660 1220
1586670 1223
1586680 1226
1586690 1226
1586700 1229
1586710 1231
1586720 1231
1586730 1232
1586740 1232
1586750 1232
1586760 1231
1586770 1233
1586780 1233
1586790 1235
1586800 1239
1586810 1239
1586820 1243
1586830 1249
1586840 1249
1586850 1253
1586860 1255
1586870 1255
1586880 1258
1586890 1261
1586900 1261
1586910 1263
1586920 1263
1586930 1263
1586940 1261
1586950 1259
1586960 1259
1586970 1256
1586980 1255
1586990 1257
1587000 1257
1587010 1260
1587020 1263
1587030 1263
1587040 1266
1587050 1268
1587060 1268
1587070 1270
1587080 1273
1587090 1273
1587100 1273
1587110 1273
1587120 1273
1587130 1272
1587140 1271
1587150 1271
1587160 1272
1587170 1273
1587180 1273
1587190 1274
1587200 1274
1587210 1274
1587220 1274
1587230 1274
1587240 1274
1587250 1274
1587260 1274
1587270 1274
1587280 1275
1587290 1277
1587300 1277
1587310 1278
1587320 1279
1587330 1279
1587340 1280
1587350 1281
1587360 1281
1587370 1281
1587380 1280
1587390 1280
1587400 1280
1587410 1281
1587420 1281
1587430 1284
1587440 1286
1587450 1286
1587460 1292
1587470 1294
1587480 1294
1587490 1295
1587500 1296
1587510 1296
1587520 1295
1587530 1296
1587540 1297
1587550 1297
1587560 1297
1587570 1296
1587580 1296
1587590 1291
1587600 1285
1587610 1285
1587620 1282
1587630 1281
1587640 1281
1587650 1280
1587660 1279
1587670 1279
1587680 1280
1587690 1282
1587700 1282
1587710 1284
1587720 1286
1587730 1286
1587740 1289
1587750 1292
1587760 1292
1587770 1292
1587780 1291
1587790 1291
1587800 1290
1587810 1292
1587820 1292
1587830 1295
1587840 1298
1587850 1298
1587860 1301
1587870 1304
1587880 1304
1587890 1306
1587900 1307
1587910 1307
1587920 1307
1587930 1307
1587940 1307
1587950 1305
1587960 1302
1587970 1302
1587980 1299
1587990 1299
1588000 1299
1588010 1299
1588020 1301
1588030 1301
1588040 1304
1588050 1307
1588060 1309
1588070 1309
1588080 1309
1588090 1309
1588100 1309
1588110 1308
1588120 1305
1588130 1305
1588140 1303
1588150 1304
1588160 1304
1588170 1305
1588180 1307
1588190 1307
1588200 1309
1588210 1308
1588220 1308
1588230 1307
1588240 1306
1588250 1306
1588260 1306
1588270 1309
1588280 1309
1588290 1313
1588300 1315
1588310 1315
1588320 1317
1588330 1316
1588340 1316
1588350 1313
1588360 1310
1588370 1310
1588380 1308
1588390 1311
1588400 1311
1588410 1315
1588420 1317
1588430 1317
1588440 1315
1588450 1314
1588460 1314
1588470 1316
1588480 1319
1588490 1319
1588500 1318
1588510 1317
1588520 1317
1588530 1319
1588540 1324
1588550 1324
1588560 1329
1588570 1331
1588580 1333
1588590 1333
1588600 1334
1588610 1334
1588620 1334
1588630 1335
1588640 1341
1588650 1341
1588660 1347
1588670 1351
1588680 1351
1588690 1354
1588700 1350
1588710 1350
1588720 1356
1588730 1361
1588740 1361
1588750 1365
1588760 1370
1588770 1370
1588780 1375
1588790 1378
1588800 1378
1588810 1380
1588820 1383
1588830 1383
1588840 1387
1588850 1392
1588860 1392
1588870 1395
1588880 1398
1588890 1398
1588900 1400
1588910 1402
1588920 1402
1588930 1404
1588940 1408
1588950 1408
1588960 1414
1588970 1420
1588980 1420
1588990 1425
1589000 1430
1589010 1430
1589020 1436
1589030 1443
1589040 1443
1589050 1450
1589060 1453
1589070 1453
1589080 1456
1589090 1460
1589100 1460
1589110 1465
1589120 1471
1589130 1478
1589140 1478
1589150 1486
1589160 1494
1589170 1494
1589180 1502
1589190 1509
1589200 1509
1589210 1516
1589220 1524
1589230 1524
1589240 1531
1589250 1537
1589260 1537
1589270 1542
1589280 1547
1589290 1547
1589300 1550
1589310 1549
1589320 1549
1589330 1550
1589340 1552
1589350 1552
1589360 1554
1589370 1557
1589380 1557
1589390 1560
1589400 1562
1589410 1562
1589420 1565
1589430 1568
1589440 1568
1589450 1570
1589460 1573
1589470 1573
1589480 1575
1589490 1577
1589500 1577
1589510 1577
1589520 1575
1589530 1575
1589540 1577
1589550 1582
1589560 1582
1589570 1584
1589580 1586
1589590 1586
1589600 1587
1589610 1589
1589620 1589
1589630 1590
1589640 1592
1589650 1593
1589660 1593
1589670 1596
1589680 1598
1589690 1598
1589700 1600
1589710 1602
1589720 1602
1589730 1604
1589740 1607
1589750 1607
1589760 1609
1589770 1611
1589780 1611
1589790 1613
1589800 1615
1589810 1615
1589820 1618
1589830 1619
1589840 1619
1589850 1621
1589860 1621
1589870 1621
1589880 1622
1589890 1621
1589900 1621
1589910 1620
1589920 1616
1589930 1619
1589940 1615
1589950 1610
1589960 1610
1589970 1604
1589980 1600
1589990 1600
1590000 1597
1590010 1594
1590020 1594
1590030 1590
1590040 1584
1590050 1584
1590060 1575
1590070 1568
1590080 1568
1590090 1567
1590100 1569
1590110 1569
1590120 1571
1590130 1572
1590140 1572
1590150 1573
1590160 1576
1590170 1576
1590180 1579
1590190 1578
1590200 1576
1590210 1576
1590220 1576
1590230 1578
1590240 1578
1590250 1578
1590260 1579
1590270 1579
1590280 1577
1590290 1576
1590300 1576
1590310 1577
1590320 1578
1590330 1578
1590340 1580
1590350 1580
1590360 1580
1590370 1578
1590380 1574
1590390 1574
1590400 1569
1590410 1565
1590420 1565
1590430 1561
1590440 1555
1590450 1555
1590460 1547
1590470 1540
1590480 1540
1590490 1535
1590500 1529
1590510 1529
1590520 1526
1590530 1526
1590540 1526
1590550 1526
1590560 1523
1590570 1523
1590580 1521
1590590 1528
1590600 1528
1590610 1534
1590620 1534
1590630 1534
1590640 1534
1590650 1533
1590660 1533
1590670 1532
1590680 1534
1590690 1534
1590700 1535
1590710 1539
1590720 1542
1590730 1542
1590740 1545
1590750 1547
1590760 1547
1590770 1549
1590780 1552
1590790 1552
1590800 1554
1590810 1557
1590820 1557
1590830 1559
1590840 1558
1590850 1558
1590860 1555
1590870 1552
1590880 1552
1590890 1552
1590900 1555
1590910 1555
1590920 1559
1590930 1562
1590940 1562
1590950 1566
1590960 1570
1590970 1570
1590980 1572
1590990 1574
1591000 1574
1591010 1577
1591020 1580
1591030 1580
1591040 1582
1591050 1581
1591060 1581
1591070 1579
1591080 1574
1591090 1574
1591100 1572
1591110 1576
1591120 1576
1591130 1581
1591140 1583
1591150 1585
1591160 1585
1591170 1586
1591180 1586
1591190 1588
1591200 1588
1591210 1588
1591220 1587
1591230 1587
1591240 1585
1591250 1585
1591260 1584
1591270 1587
1591280 1587
1591290 1590
1591300 1589
1591310 1589
1591320 1584
1591330 1581
1591340 1581
1591350 1580
1591360 1576
1591370 1576
1591380 1569
1591390 1565
1591400 1565
1591410 1564
1591420 1563
1591430 1563
1591440 1565
1591450 1566
1591460 1566
1591470 1566
1591480 1569
1591490 1569
1591500 1575
1591510 1581
1591520 1581
1591530 1587
1591540 1591
1591550 1591
1591560 1595
1591570 1599
1591580 1599
1591590 1600
1591600 1604
1591610 1604
1591620 1610
1591630 1615
1591640 1615
1591650 1619
1591660 1622
1591670 1622
1591680 1624
1591690 1626
1591700 1626
1591710 1629
1591720 1630
1591730 1630
1591740 1630
1591750 1627
1591760 1627
1591770 1623
1591780 1618
1591790 1615
1591800 1615
1591810 1617
1591820 1617
1591830 1617
1591840 1614
1591850 1607
1591860 1607
1591870 1602
1591880 1603
1591890 1603
1591900 1604
1591910 1604
1591920 1604
1591930 1605
1591940 1608
1591950 1608
1591960 1613
1591970 1617
1591980 1617
1591990 1620
1592000 1625
1592010 1625
1592020 1628
1592030 1633
1592040 1633
1592050 1638
1592060 1643
1592070 1643
1592080 1647
1592090 1653
1592100 1653
1592110 1662
1592120 1670
1592130 1670
1592140 1676
1592150 1682
1592160 1682
1592170 1689
1592180 1694
1592190 1694
1592200 1699
1592210 1705
1592220 1705
1592230 1711
1592240 1717
1592250 1717
1592260 1723
1592270 1728
1592280 1728
1592290 1732
1592300 1736
1592310 1739
1592320 1739
1592330 1742
1592340 1744
1592350 1744
1592360 1747
1592370 1749
1592380 1749
1592390 1751
1592400 1752
1592410 1752
1592420 1750
1592430 1746
1592440 1746
1592450 1746
1592460 1749
1592470 1749
1592480 1752
1592490 1755
1592500 1755
1592510 1757
1592520 1761
1592530 1761
1592540 1766
1592550 1770
1592560 1770
1592570 1774
1592580 1778
1592590 1778
1592600 1781
1592610 1784
1592620 1784
1592630 1788
1592640 1791
1592650 1791
1592660 1794
1592670 1796
1592680 1796
1592690 1798
1592700 1799
1592710 1799
1592720 1800
1592730 1801
1592740 1801
1592750 1802
1592760 1802
1592770 1802
1592780 1801
1592790 1799
1592800 1799
1592810 1799
1592820 1803
1592830 1803
1592840 1808
1592850 1814
1592860 1819
1592870 1819
1592880 1821
1592890 1823
1592900 1823
1592910 1824
1592920 1825
1592930 1825
1592940 1825
1592950 1826
1592960 1826
1592970 1826
1592980 1828
1592990 1828
1593000 1827
1593010 1828
1593020 1828
1593030 1832
1593040 1834
1593050 1834
1593060 1836
1593070 1837
1593080 1837
1593090 1838
1593100 1839
1593110 1839
1593120 1840
1593130 1839
1593140 1839
1593150 1838
1593160 1836
1593170 1836
1593180 1832
1593190 1832
1593200 1832
1593210 1834
1593220 1838
1593230 1838
1593240 1843
1593250 1846
1593260 1846
1593270 1847
1593280 1849
1593290 1849
1593300 1852
1593310 1857
1593320 1857
1593330 1861
1593340 1865
1593350 1865
1593360 1868
1593370 1871
1593380 1873
1593390 1873
1593400 1876
1593410 1879
1593420 1879
1593430 1882
1593440 1884
1593450 1884
1593460 1887
1593470 1889
1593480 1889
1593490 1889
1593500 1883
1593510 1883
1593520 1865
1593530 1845
1593540 1854
1593550 1838
1593560 1827
1593570 1827
1593580 1822
1593590 1817
1593600 1817
1593610 1813
1593620 1809
1593630 1809
1593640 1805
1593650 1802
1593660 1802
1593670 1798
1593680 1796
1593690 1796
1593700 1794
1593710 1791
1593720 1791
1593730 1788
1593740 1787
1593750 1787
1593760 1782
1593770 1777
1593780 1777
1593790 1775
1593800 1775
1593810 1775
1593820 1776
1593830 1778
1593840 1778
1593850 1784
1593860 1789
1593870 1789
1593880 1790
1593890 1790
1593900 1789
1593910 1789
1593920 1788
1593930 1786
1593940 1786
1593950 1783
1593960 1780
1593970 1780
1593980 1778
1593990 1778
1594000 1778
1594010 1780
1594020 1782
1594030 1782
1594040 1782
1594050 1781
1594060 1781
1594070 1781
1594080 1782
1594090 1782
1594100 1783
1594110 1783
1594120 1783
1594130 1782
1594140 1783
1594150 1783
1594160 1787
1594170 1791
1594180 1791
1594190 1793
1594200 1795
1594210 1795
1594220 1799
1594230 1802
1594240 1802
1594250 1804
1594260 1803
1594270 1803
1594280 1802
1594290 1802
1594300 1802
1594310 1802
1594320 1802
1594330 1802
1594340 1801
1594350 1801
1594360 1801
1594370 1803
1594380 1802
1594390 1802
1594400 1801
1594410 1800
1594420 1800
1594430 1797
1594440 1793
1594450 1792
1594460 1792
1594470 1793
1594480 1794
1594490 1794
1594500 1796
1594510 1799
1594520 1799
1594530 1802
1594540 1806
1594550 1806
1594560 1808
1594570 1811
1594580 1811
1594590 1813
1594600 1816
1594610 1816
1594620 1818
1594630 1821
1594640 1821
1594650 1823
1594660 1826
1594670 1826
1594680 1829
1594690 1833
1594700 1833
1594710 1843
1594720 1845
1594730 1845
1594740 1846
1594750 1846
1594760 1846
1594770 1846
1594780 1845
1594790 1845
1594800 1842
1594810 1839
1594820 1839
1594830 1837
1594840 1836
1594850 1836
1594860 1835
1594870 1834
1594880 1834
1594890 1833
1594900 1832
1594910 1832
1594920 1832
1594930 1837
1594940 1837
1594950 1842
1594960 1848
1594970 1853
1594980 1853
1594990 1858
1595000 1862
1595010 1862
1595020 1866
1595030 1870
1595040 1870
1595050 1873
1595060 1876
1595070 1876
1595080 1879
1595090 1881
1595100 1881
1595110 1883
1595120 1884
1595130 1884
1595140 1882
1595150 1875
1595160 1875
1595170 1867
1595180 1858
1595190 1858
1595200 1850
1595210 1843
1595220 1843
1595230 1837
1595240 1827
1595250 1827
1595260 1815
1595270 1806
1595280 1806
1595290 1797
1595300 1787
1595310 1787
1595320 1778
1595330 1771
1595340 1771
1595350 1763
1595360 1757
1595370 1757
1595380 1752
1595390 1749
1595400 1749
1595410 1746
1595420 1744
1595430 1744
1595440 1743
1595450 1743
1595460 1743
1595470 1745
1595480 1748
1595490 1748
1595500 1753
1595510 1756
1595520 1759
1595530 1759
1595540 1757
1595550 1748
1595560 1748
1595570 1738
1595580 1731
1595590 1731
1595600 1717
1595610 1697
1595620 1697
1595630 1682
1595640 1661
1595650 1661
1595660 1642
1595670 1622
1595680 1622
1595690 1602
1595700 1585
1595710 1585
1595720 1563
1595730 1549
1595740 1549
1595750 1544
1595760 1532
1595770 1532
1595780 1520
1595790 1513
1595800 1513
1595810 1506
1595820 1498
1595830 1498
1595840 1492
1595850 1489
1595860 1489
1595870 1479
1595880 1476
1595890 1476
1595900 1472
1595910 1468
1595920 1468
1595930 1465
1595940 1463
1595950 1463
1595960 1461
1595970 1458
1595980 1458
1595990 1455
1596000 1452
1596010 1452
1596020 1449
1596030 1446
1596040 1442
1596050 1442
1596060 1438
1596070 1437
1596080 1437
1596090 1432
1596100 1428
1596110 1428
1596120 1425
1596130 1421
1596140 1421
1596150 1416
1596160 1410
1596170 1410
1596180 1406
1596190 1405
1596200 1405
1596210 1407
1596220 1409
1596230 1409
1596240 1411
1596250 1413
1596260 1413
1596270 1416
1596280 1420
1596290 1420
1596300 1423
1596310 1433
1596320 1433
1596330 1462
1596340 1488
1596350 1488
1596360 1490
1596370 1472
1596380 1472
1596390 1459
1596400 1454
1596410 1454
1596420 1449
1596430 1448
1596440 1448
1596450 1444
1596460 1434
1596470 1434
1596480 1421
1596490 1411
1596500 1411
1596510 1403
1596520 1397
1596530 1397
1596540 1393
1596550 1391
1596560 1387
1596570 1387
1596580 1383
1596590 1379
1596600 1379
1596610 1374
1596620 1372
1596630 1372
1596640 1369
1596650 1367
1596660 1367
1596670 1365
1596680 1362
1596690 1362
1596700 1360
1596710 1360
1596720 1360
1596730 1360
1596740 1362
1596750 1362
1596760 1366
1596770 1370
1596780 1370
1596790 1373
1596800 1373
1596810 1373
1596820 1378
1596830 1383
1596840 1383
1596850 1379
1596860 1377
1596870 1377
1596880 1373
1596890 1366
1596900 1366
1596910 1358
1596920 1350
1596930 1350
1596940 1332
1596950 1315
1596960 1315
1596970 1310
1596980 1307
1596990 1307
1597000 1307
1597010 1306
1597020 1294
1597030 1293
1597040 1291
1597050 1291
1597060 1289
1597070 1279
1597080 1279
1597090 1267
1597100 1258
1597110 1249
1597120 1249
1597130 1241
1597140 1234
1597150 1234
1597160 1226
1597170 1213
1597180 1213
1597190 1203
1597200 1195
1597210 1195
1597220 1189
1597230 1189
1597240 1189
1597250 1186
1597260 1183
1597270 1183
1597280 1177
1597290 1169
1597300 1169
1597310 1162
1597320 1156
1597330 1156
1597340 1150
1597350 1141
1597360 1141
1597370 1131
1597380 1119
1597390 1119
1597400 1114
1597410 1114
1597420 1114
1597430 1117
1597440 1121
1597450 1121
1597460 1124
1597470 1129
1597480 1129
1597490 1135
1597500 1137
1597510 1137
1597520 1136
1597530 1134
1597540 1134
1597550 1132
1597560 1130
1597570 1130
1597580 1128
1597590 1125
1597600 1125
1597610 1122
1597620 1119
1597630 1115
1597640 1115
1597650 1108
1597660 1098
1597670 1098
1597680 1090
1597690 1082
1597700 1082
1597710 1082
1597720 1090
1597730 1090
1597740 1092
1597750 1091
1597760 1091
1597770 1089
1597780 1096
1597790 1096
1597800 1102
1597810 1100
1597820 1100
1597830 1099
1597840 1100
1597850 1100
1597860 1106
1597870 1112
1597880 1112
1597890 1116
1597900 1119
1597910 1119
1597920 1123
1597930 1126
1597940 1126
1597950 1128
1597960 1126
1597970 1126
1597980 1122
1597990 1116
1598000 1116
1598010 1115
1598020 1118
1598030 1118
1598040 1121
1598050 1123
1598060 1123
1598070 1125
1598080 1126
1598090 1126
1598100 1128
1598110 1132
1598120 1132
1598130 1135
1598140 1137
1598150 1137
1598160 1128
1598170 1119
1598180 1111
1598190 1111
1598200 1100
1598210 1091
1598220 1091
1598230 1082
1598240 1075
1598250 1075
1598260 1068
1598270 1059
1598280 1059
1598290 1049
1598300 1043
1598310 1043
1598320 1037
1598330 1027
1598340 1027
1598350 1017
1598360 1011
1598370 1011
1598380 1006
1598390 1002
1598400 1002
1598410 999
1598420 993
1598430 993
1598440 984
1598450 974
1598460 974
1598470 965
1598480 962
1598490 962
1598500 963
1598510 964
1598520 964
1598530 967
1598540 970
1598550 970
1598560 975
1598570 979
1598580 979
1598590 983
1598600 983
1598610 983
1598620 980
1598630 976
1598640 976
1598650 969
1598660 962
1598670 962
1598680 956
1598690 949
1598700 942
1598710 942
1598720 936
1598730 927
1598740 927
1598750 924
1598760 924
1598770 924
1598780 926
1598790 928
1598800 928
1598810 927
1598820 926
1598830 926
1598840 921
1598850 919
1598860 919
1598870 922
1598880 928
1598890 928
1598900 931
1598910 931
1598920 931
1598930 929
1598940 928
1598950 928
1598960 927
1598970 926
1598980 926
1598990 925
1599000 921
1599010 921
1599020 918
1599030 916
1599040 916
1599050 912
1599060 908
1599070 908
1599080 906
1599090 907
1599100 907
1599110 911
1599120 915
1599130 915
1599140 917
1599150 917
1599160 917
1599170 914
1599180 908
1599190 908
1599200 897
1599210 887
1599220 879
1599230 879
1599240 870
1599250 857
1599260 857
1599270 842
1599280 821
1599290 821
1599300 812
1599310 818
1599320 818
1599330 826
1599340 835
1599350 835
1599360 844
1599370 856
1599380 856
1599390 867
1599400 876
1599410 876
1599420 880
1599430 882
1599440 882
1599450 883
1599460 882
1599470 882
1599480 881
1599490 878
1599500 878
1599510 873
1599520 869
1599530 869
1599540 871
1599550 876
1599560 876
1599570 879
1599580 880
1599590 880
1599600 882
1599610 882
1599620 882
1599630 882
1599640 882
1599650 882
1599660 881
1599670 882
1599680 882
1599690 882
1599700 881
1599710 881
1599720 877
1599730 872
1599740 872
1599750 867
1599760 864
1599770 859
1599780 859
1599790 853
1599800 846
1599810 846
1599820 839
1599830 834
1599840 834
1599850 836
1599860 845
1599870 845
1599880 855
1599890 864
1599900 864
1599910 873
1599920 882
1599930 882
1599940 891
1599950 900
1599960 900
1599970 904
1599980 904
1599990 904
