1580000 851
1580010 853
1580020 855
1580030 855
1580040 857
1580050 857
1580060 857
1580070 850
1580080 848
1580090 848
1580100 846
1580110 845
1580120 845
1580130 847
1580140 850
1580150 854
1580160 854
1580170 858
1580180 862
1580190 862
1580200 866
1580210 870
1580220 870
1580230 874
1580240 878
1580250 878
1580260 881
1580270 884
1580280 884
1580290 887
1580300 890
1580310 890
1580320 892
1580330 894
1580340 894
1580350 896
1580360 897
1580370 897
1580380 898
1580390 898
1580400 898
1580410 898
1580420 898
1580430 898
1580440 898
1580450 898
1580460 898
1580470 896
1580480 894
1580490 894
1580500 891
1580510 887
1580520 887
1580530 883
1580540 880
1580550 880
1580560 877
1580570 875
1580580 875
1580590 874
1580600 873
1580610 873
1580620 872
1580630 871
1580640 871
1580650 869
1580660 867
1580670 867
1580680 865
1580690 862
1580700 862
1580710 859
1580720 855
1580730 850
1580740 850
1580750 844
1580760 837
1580770 837
1580780 830
1580790 823
1580800 823
1580810 817
1580820 811
1580830 811
1580840 806
1580850 801
1580860 801
1580870 796
1580880 792
1580890 792
1580900 787
1580910 783
1580920 783
1580930 778
1580940 773
1580950 773
1580960 768
1580970 763
1580980 763
1580990 759
1581000 755
1581010 755
1581020 751
1581030 747
1581040 747
1581050 742
1581060 736
1581070 736
1581080 728
1581090 720
1581100 720
1581110 713
1581120 706
1581130 706
1581140 701
1581150 695
1581160 695
1581170 691
1581180 688
1581190 688
1581200 683
1581210 678
1581220 678
1581230 671
1581240 665
1581250 665
1581260 659
1581270 652
1581280 652
1581290 646
1581300 639
1581310 632
1581320 632
1581330 625
1581340 619
1581350 619
1581360 612
1581370 604
1581380 604
1581390 595
1581400 586
1581410 585
1581420 581
1581430 579
1581440 579
1581450 581
1581460 585
1581470 585
1581480 591
1581490 596
1581500 596
1581510 601
1581520 608
1581530 608
1581540 614
1581550 622
1581560 622
1581570 629
1581580 634
1581590 634
1581600 640
1581610 647
1581620 647
1581630 653
1581640 660
1581650 660
1581660 666
1581670 672
1581680 672
1581690 679
1581700 686
1581710 686
1581720 693
1581730 699
1581740 699
1581750 705
1581760 711
1581770 711
1581780 718
1581790 724
1581800 724
1581810 730
1581820 736
1581830 736
1581840 742
1581850 748
1581860 748
1581870 754
1581880 760
1581890 760
1581900 766
1581910 773
1581920 779
1581930 779
1581940 785
1581950 792
1581960 792
1581970 798
1581980 805
1581990 805
1582000 811
1582010 818
1582020 818
1582030 825
1582040 831
1582050 831
1582060 838
1582070 845
1582080 845
1582090 853
1582100 860
1582110 860
1582120 868
1582130 875
1582140 875
1582150 883
1582160 890
1582170 890
1582180 899
1582190 907
1582200 907
1582210 916
1582220 927
1582230 927
1582240 938
1582250 946
1582260 946
1582270 951
1582280 960
1582290 960
1582300 969
1582310 977
1582320 977
1582330 985
1582340 993
1582350 993
1582360 1001
1582370 1009
1582380 1009
1582390 1018
1582400 1025
1582410 1025
1582420 1033
1582430 1040
1582440 1040
1582450 1048
1582460 1055
1582470 1055
1582480 1062
1582490 1068
1582500 1073
1582510 1073
1582520 1079
1582530 1085
1582540 1085
1582550 1091
1582560 1098
1582570 1098
1582580 1108
1582590 1119
1582600 1119
1582610 1126
1582620 1131
1582630 1131
1582640 1136
1582650 1141
1582660 1141
1582670 1147
1582680 1153
1582690 1153
1582700 1160
1582710 1170
1582720 1170
1582730 1174
1582740 1180
1582750 1180
1582760 1186
1582770 1192
1582780 1192
1582790 1199
1582800 1204
1582810 1204
1582820 1207
1582830 1207
1582840 1207
1582850 1207
1582860 1208
1582870 1208
1582880 1211
1582890 1215
1582900 1215
1582910 1219
1582920 1222
1582930 1222
1582940 1226
1582950 1231
1582960 1231
1582970 1235
1582980 1238
1582990 1238
1583000 1241
1583010 1243
1583020 1243
1583030 1245
1583040 1248
1583050 1248
1583060 1250
1583070 1253
1583080 1256
1583090 1256
1583100 1257
1583110 1255
1583120 1255
1583130 1252
1583140 1246
1583150 1246
1583160 1239
1583170 1234
1583180 1234
1583190 1228
1583200 1225
1583210 1225
1583220 1223
1583230 1221
1583240 1221
1583250 1219
1583260 1218
1583270 1218
1583280 1219
1583290 1221
1583300 1221
1583310 1224
1583320 1228
1583330 1228
1583340 1233
1583350 1237
1583360 1237
1583370 1237
1583380 1234
1583390 1234
1583400 1232
1583410 1232
1583420 1232
1583430 1235
1583440 1240
1583450 1240
1583460 1245
1583470 1251
1583480 1251
1583490 1255
1583500 1261
1583510 1261
1583520 1266
1583530 1270
1583540 1270
1583550 1270
1583560 1271
1583570 1271
1583580 1274
1583590 1278
1583600 1278
1583610 1284
1583620 1289
1583630 1289
1583640 1295
1583650 1300
1583660 1305
1583670 1305
1583680 1311
1583690 1315
1583700 1315
1583710 1319
1583720 1321
1583730 1321
1583740 1322
1583750 1320
1583760 1320
1583770 1315
1583780 1312
1583790 1312
1583800 1308
1583810 1305
1583820 1305
1583830 1303
1583840 1300
1583850 1300
1583860 1297
1583870 1294
1583880 1294
1583890 1292
1583900 1290
1583910 1290
1583920 1288
1583930 1286
1583940 1286
1583950 1284
1583960 1282
1583970 1282
1583980 1282
1583990 1282
1584000 1282
1584010 1280
1584020 1279
1584030 1274
1584040 1270
1584050 1266
1584060 1266
1584070 1262
1584080 1259
1584090 1259
1584100 1258
1584110 1257
1584120 1257
1584130 1258
1584140 1259
1584150 1259
1584160 1262
1584170 1264
1584180 1264
1584190 1266
1584200 1267
1584210 1267
1584220 1269
1584230 1270
1584240 1271
1584250 1271
1584260 1273
1584270 1276
1584280 1276
1584290 1279
1584300 1281
1584310 1281
1584320 1283
1584330 1287
1584340 1287
1584350 1293
1584360 1297
1584370 1297
1584380 1299
1584390 1301
1584400 1301
1584410 1302
1584420 1304
1584430 1304
1584440 1306
1584450 1307
1584460 1307
1584470 1310
1584480 1312
1584490 1312
1584500 1313
1584510 1314
1584520 1314
1584530 1314
1584540 1314
1584550 1314
1584560 1313
1584570 1312
1584580 1312
1584590 1310
1584600 1309
1584610 1309
1584620 1307
1584630 1306
1584640 1306
1584650 1305
1584660 1304
1584670 1304
1584680 1303
1584690 1301
1584700 1301
1584710 1300
1584720 1299
1584730 1299
1584740 1298
1584750 1298
1584760 1298
1584770 1297
1584780 1296
1584790 1296
1584800 1295
1584810 1294
1584820 1294
1584830 1293
1584840 1292
1584850 1291
1584860 1291
1584870 1290
1584880 1290
1584890 1290
1584900 1289
1584910 1288
1584920 1288
1584930 1288
1584940 1287
1584950 1287
1584960 1287
1584970 1285
1584980 1285
1584990 1279
1585000 1272
1585010 1272
1585020 1265
1585030 1258
1585040 1258
1585050 1250
1585060 1241
1585070 1241
1585080 1232
1585090 1222
1585100 1222
1585110 1213
1585120 1206
1585130 1206
1585140 1198
1585150 1191
1585160 1191
1585170 1185
1585180 1180
1585190 1180
1585200 1175
1585210 1170
1585220 1170
1585230 1164
1585240 1159
1585250 1159
1585260 1153
1585270 1147
1585280 1147
1585290 1141
1585300 1136
1585310 1136
1585320 1130
1585330 1125
1585340 1125
1585350 1119
1585360 1114
1585370 1114
1585380 1109
1585390 1105
1585400 1105
1585410 1100
1585420 1096
1585430 1092
1585440 1092
1585450 1088
1585460 1085
1585470 1085
1585480 1082
1585490 1079
1585500 1079
1585510 1077
1585520 1076
1585530 1076
1585540 1075
1585550 1073
1585560 1073
1585570 1071
1585580 1070
1585590 1070
1585600 1069
1585610 1067
1585620 1067
1585630 1064
1585640 1061
1585650 1061
1585660 1059
1585670 1056
1585680 1056
1585690 1055
1585700 1054
1585710 1054
1585720 1053
1585730 1052
1585740 1052
1585750 1050
1585760 1046
1585770 1046
1585780 1041
1585790 1037
1585800 1037
1585810 1034
1585820 1031
1585830 1031
1585840 1028
1585850 1024
1585860 1024
1585870 1019
1585880 1014
1585890 1014
1585900 1007
1585910 1001
1585920 1001
1585930 995
1585940 991
1585950 991
1585960 989
1585970 986
1585980 986
1585990 982
1586000 978
1586010 973
1586020 973
1586030 969
1586040 965
1586050 965
1586060 960
1586070 955
1586080 955
1586090 949
1586100 944
1586110 944
1586120 939
1586130 934
1586140 934
1586150 928
1586160 922
1586170 922
1586180 905
1586190 886
1586200 886
1586210 878
1586220 870
1586230 870
1586240 864
1586250 858
1586260 858
1586270 852
1586280 844
1586290 844
1586300 836
1586310 830
1586320 830
1586330 825
1586340 821
1586350 821
1586360 814
1586370 805
1586380 805
1586390 796
1586400 786
1586410 786
1586420 779
1586430 772
1586440 772
1586450 763
1586460 754
1586470 754
1586480 745
1586490 737
1586500 737
1586510 725
1586520 706
1586530 706
1586540 689
1586550 678
1586560 678
1586570 669
1586580 660
1586590 651
1586600 651
1586610 642
1586620 634
1586630 634
1586640 626
1586650 619
1586660 619
1586670 612
1586680 605
1586690 605
1586700 599
1586710 593
1586720 593
1586730 587
1586740 583
1586750 583
1586760 578
1586770 573
1586780 573
1586790 569
1586800 565
1586810 565
1586820 559
1586830 554
1586840 554
1586850 550
1586860 547
1586870 547
1586880 544
1586890 543
1586900 543
1586910 543
1586920 542
1586930 542
1586940 542
1586950 542
1586960 542
1586970 545
1586980 548
1586990 548
1587000 549
1587010 550
1587020 550
1587030 551
1587040 552
1587050 552
1587060 555
1587070 558
1587080 558
1587090 560
1587100 562
1587110 562
1587120 564
1587130 565
1587140 565
1587150 568
1587160 572
1587170 572
1587180 579
1587190 585
1587200 591
1587210 591
1587220 597
1587230 600
1587240 600
1587250 602
1587260 605
1587270 605
1587280 609
1587290 612
1587300 612
1587310 616
1587320 620
1587330 620
1587340 624
1587350 629
1587360 629
1587370 634
1587380 640
1587390 640
1587400 645
1587410 646
1587420 646
1587430 646
1587440 647
1587450 647
1587460 649
1587470 650
1587480 650
1587490 653
1587500 657
1587510 657
1587520 662
1587530 666
1587540 666
1587550 670
1587560 673
1587570 673
1587580 674
1587590 675
1587600 675
1587610 675
1587620 676
1587630 676
1587640 679
1587650 682
1587660 682
1587670 682
1587680 681
1587690 681
1587700 680
1587710 680
1587720 680
1587730 678
1587740 679
1587750 679
1587760 682
1587770 684
1587780 685
1587790 685
1587800 687
1587810 689
1587820 689
1587830 691
1587840 699
1587850 699
1587860 701
1587870 703
1587880 703
1587890 706
1587900 707
1587910 707
1587920 707
1587930 707
1587940 707
1587950 709
1587960 710
1587970 710
1587980 713
1587990 717
1588000 717
1588010 719
1588020 720
1588030 720
1588040 723
1588050 725
1588060 725
1588070 728
1588080 731
1588090 731
1588100 735
1588110 738
1588120 738
1588130 739
1588140 741
1588150 741
1588160 742
1588170 746
1588180 746
1588190 752
1588200 757
1588210 757
1588220 760
1588230 759
1588240 759
1588250 761
1588260 763
1588270 763
1588280 765
1588290 768
1588300 768
1588310 771
1588320 774
1588330 774
1588340 777
1588350 780
1588360 782
1588370 782
1588380 783
1588390 785
1588400 785
1588410 788
1588420 788
1588430 788
1588440 789
1588450 792
1588460 792
1588470 795
1588480 800
1588490 800
1588500 807
1588510 811
1588520 811
1588530 815
1588540 819
1588550 819
1588560 822
1588570 824
1588580 824
1588590 827
1588600 831
1588610 831
1588620 835
1588630 839
1588640 839
1588650 841
1588660 843
1588670 843
1588680 848
1588690 856
1588700 856
1588710 864
1588720 872
1588730 872
1588740 879
1588750 885
1588760 885
1588770 890
1588780 894
1588790 894
1588800 899
1588810 903
1588820 903
1588830 907
1588840 910
1588850 910
1588860 912
1588870 914
1588880 914
1588890 918
1588900 924
1588910 924
1588920 929
1588930 936
1588940 942
1588950 942
1588960 947
1588970 953
1588980 953
1588990 960
1589000 966
1589010 966
1589020 972
1589030 977
1589040 977
1589050 981
1589060 986
1589070 986
1589080 993
1589090 1000
1589100 1000
1589110 1007
1589120 1014
1589130 1014
1589140 1020
1589150 1028
1589160 1028
1589170 1036
1589180 1044
1589190 1044
1589200 1051
1589210 1057
1589220 1057
1589230 1063
1589240 1070
1589250 1070
1589260 1075
1589270 1081
1589280 1081
1589290 1087
1589300 1094
1589310 1094
1589320 1100
1589330 1106
1589340 1106
1589350 1113
1589360 1120
1589370 1120
1589380 1128
1589390 1135
1589400 1135
1589410 1140
1589420 1146
1589430 1146
1589440 1152
1589450 1159
1589460 1159
1589470 1166
1589480 1173
1589490 1173
1589500 1179
1589510 1186
1589520 1186
1589530 1194
1589540 1202
1589550 1212
1589560 1212
1589570 1224
1589580 1232
1589590 1232
1589600 1238
1589610 1244
1589620 1244
1589630 1253
1589640 1262
1589650 1262
1589660 1267
1589670 1272
1589680 1272
1589690 1278
1589700 1286
1589710 1286
1589720 1296
1589730 1306
1589740 1306
1589750 1315
1589760 1325
1589770 1325
1589780 1330
1589790 1335
1589800 1335
1589810 1342
1589820 1349
1589830 1349
1589840 1355
1589850 1362
1589860 1362
1589870 1368
1589880 1372
1589890 1372
1589900 1375
1589910 1377
1589920 1377
1589930 1379
1589940 1382
1589950 1382
1589960 1384
1589970 1387
1589980 1387
1589990 1389
1590000 1392
1590010 1392
1590020 1394
1590030 1396
1590040 1396
1590050 1398
1590060 1398
1590070 1398
1590080 1398
1590090 1395
1590100 1395
1590110 1391
1590120 1385
1590130 1380
1590140 1380
1590150 1375
1590160 1369
1590170 1369
1590180 1363
1590190 1357
1590200 1357
1590210 1351
1590220 1347
1590230 1347
1590240 1344
1590250 1342
1590260 1342
1590270 1339
1590280 1336
1590290 1336
1590300 1332
1590310 1331
1590320 1331
1590330 1325
1590340 1321
1590350 1321
1590360 1316
1590370 1313
1590380 1313
1590390 1310
1590400 1306
1590410 1306
1590420 1303
1590430 1299
1590440 1299
1590450 1296
1590460 1293
1590470 1293
1590480 1291
1590490 1290
1590500 1290
1590510 1288
1590520 1286
1590530 1286
1590540 1283
1590550 1279
1590560 1279
1590570 1275
1590580 1272
1590590 1272
1590600 1269
1590610 1265
1590620 1265
1590630 1261
1590640 1257
1590650 1257
1590660 1253
1590670 1249
1590680 1249
1590690 1245
1590700 1242
1590710 1240
1590720 1240
1590730 1238
1590740 1237
1590750 1237
1590760 1234
1590770 1232
1590780 1232
1590790 1230
1590800 1229
1590810 1229
1590820 1228
1590830 1227
1590840 1227
1590850 1227
1590860 1228
1590870 1228
1590880 1232
1590890 1236
1590900 1236
1590910 1239
1590920 1240
1590930 1240
1590940 1240
1590950 1238
1590960 1238
1590970 1236
1590980 1234
1590990 1234
1591000 1232
1591010 1231
1591020 1231
1591030 1230
1591040 1228
1591050 1228
1591060 1228
1591070 1227
1591080 1227
1591090 1226
1591100 1224
1591110 1224
1591120 1219
1591130 1211
1591140 1211
1591150 1203
1591160 1195
1591170 1195
1591180 1187
1591190 1180
1591200 1180
1591210 1171
1591220 1163
1591230 1163
1591240 1154
1591250 1147
1591260 1147
1591270 1139
1591280 1132
1591290 1125
1591300 1125
1591310 1118
1591320 1111
1591330 1111
1591340 1104
1591350 1097
1591360 1097
1591370 1090
1591380 1083
1591390 1083
1591400 1076
1591410 1069
1591420 1069
1591430 1063
1591440 1056
1591450 1056
1591460 1050
1591470 1043
1591480 1043
1591490 1037
1591500 1031
1591510 1031
1591520 1023
1591530 1017
1591540 1017
1591550 1011
1591560 1004
1591570 1004
1591580 999
1591590 994
1591600 994
1591610 990
1591620 986
1591630 986
1591640 981
1591650 976
1591660 976
1591670 969
1591680 963
1591690 963
1591700 959
1591710 954
1591720 954
1591730 950
1591740 945
1591750 945
1591760 940
1591770 934
1591780 934
1591790 928
1591800 921
1591810 921
1591820 914
1591830 907
1591840 907
1591850 896
1591860 886
1591870 886
1591880 884
1591890 882
1591900 876
1591910 876
1591920 870
1591930 866
1591940 866
1591950 863
1591960 860
1591970 860
1591980 857
1591990 855
1592000 855
1592010 853
1592020 849
1592030 849
1592040 844
1592050 839
1592060 839
1592070 833
1592080 828
1592090 828
1592100 823
1592110 817
1592120 817
1592130 813
1592140 809
1592150 809
1592160 805
1592170 801
1592180 801
1592190 797
1592200 793
1592210 793
1592220 789
1592230 785
1592240 785
1592250 780
1592260 776
1592270 776
1592280 771
1592290 768
1592300 768
1592310 765
1592320 761
1592330 761
1592340 757
1592350 754
1592360 754
1592370 751
1592380 748
1592390 748
1592400 746
1592410 744
1592420 744
1592430 742
1592440 741
1592450 741
1592460 740
1592470 739
1592480 738
1592490 738
1592500 736
1592510 734
1592520 734
1592530 731
1592540 727
1592550 727
1592560 723
1592570 719
1592580 719
1592590 716
1592600 713
1592610 713
1592620 709
1592630 706
1592640 706
1592650 702
1592660 698
1592670 698
1592680 694
1592690 690
1592700 690
1592710 686
1592720 677
1592730 677
1592740 673
1592750 670
1592760 670
1592770 666
1592780 663
1592790 663
1592800 661
1592810 658
1592820 658
1592830 656
1592840 654
1592850 654
1592860 650
1592870 643
1592880 643
1592890 636
1592900 630
1592910 630
1592920 623
1592930 614
1592940 614
1592950 607
1592960 607
1592970 607
1592980 614
1592990 621
1593000 621
1593010 628
1593020 635
1593030 635
1593040 641
1593050 648
1593060 655
1593070 655
1593080 661
1593090 667
1593100 667
1593110 674
1593120 679
1593130 679
1593140 684
1593150 689
1593160 689
1593170 694
1593180 698
1593190 698
1593200 703
1593210 708
1593220 708
1593230 714
1593240 720
1593250 720
1593260 725
1593270 733
1593280 733
1593290 739
1593300 745
1593310 745
1593320 752
1593330 760
1593340 760
1593350 766
1593360 773
1593370 773
1593380 778
1593390 783
1593400 783
1593410 786
1593420 789
1593430 789
1593440 791
1593450 794
1593460 794
1593470 796
1593480 798
1593490 798
1593500 801
1593510 805
1593520 805
1593530 809
1593540 814
1593550 814
1593560 819
1593570 824
1593580 824
1593590 829
1593600 834
1593610 834
1593620 839
1593630 844
1593640 849
1593650 849
1593660 855
1593670 860
1593680 860
1593690 866
1593700 872
1593710 872
1593720 878
1593730 884
1593740 884
1593750 889
1593760 895
1593770 895
1593780 900
1593790 905
1593800 905
1593810 911
1593820 917
1593830 917
1593840 922
1593850 928
1593860 928
1593870 934
1593880 940
1593890 940
1593900 942
1593910 947
1593920 947
1593930 953
1593940 959
1593950 959
1593960 964
1593970 969
1593980 969
1593990 974
1594000 978
1594010 978
1594020 982
1594030 985
1594040 985
1594050 987
1594060 989
1594070 989
1594080 990
1594090 990
1594100 990
1594110 990
1594120 989
1594130 989
1594140 988
1594150 987
1594160 987
1594170 987
1594180 986
1594190 986
1594200 985
1594210 984
1594220 984
1594230 983
1594240 982
1594250 982
1594260 982
1594270 982
1594280 982
1594290 982
1594300 984
1594310 986
1594320 986
1594330 989
1594340 993
1594350 993
1594360 997
1594370 1002
1594380 1002
1594390 1007
1594400 1012
1594410 1012
1594420 1016
1594430 1022
1594440 1022
1594450 1027
1594460 1032
1594470 1032
1594480 1037
1594490 1042
1594500 1042
1594510 1047
1594520 1051
1594530 1051
1594540 1055
1594550 1058
1594560 1058
1594570 1061
1594580 1063
1594590 1063
1594600 1063
1594610 1060
1594620 1060
1594630 1057
1594640 1053
1594650 1053
1594660 1049
1594670 1046
1594680 1046
1594690 1044
1594700 1042
1594710 1042
1594720 1040
1594730 1039
1594740 1039
1594750 1037
1594760 1035
1594770 1035
1594780 1034
1594790 1032
1594800 1032
1594810 1030
1594820 1027
1594830 1024
1594840 1024
1594850 1021
1594860 1019
1594870 1019
1594880 1018
1594890 1019
1594900 1019
1594910 1019
1594920 1020
1594930 1020
1594940 1020
1594950 1020
1594960 1020
1594970 1020
1594980 1021
1594990 1021
1595000 1023
1595010 1024
1595020 1024
1595030 1025
1595040 1026
1595050 1026
1595060 1027
1595070 1031
1595080 1031
1595090 1031
1595100 1030
1595110 1030
1595120 1029
1595130 1027
1595140 1027
1595150 1025
1595160 1024
1595170 1024
1595180 1023
1595190 1022
1595200 1022
1595210 1021
1595220 1020
1595230 1020
1595240 1020
1595250 1020
1595260 1020
1595270 1019
1595280 1019
1595290 1019
1595300 1018
1595310 1018
1595320 1018
1595330 1016
1595340 1011
1595350 1011
1595360 1007
1595370 1003
1595380 1003
1595390 1001
1595400 1000
1595410 1001
1595420 1001
1595430 1002
1595440 1003
1595450 1003
1595460 1004
1595470 1005
1595480 1005
1595490 1006
1595500 1008
1595510 1008
1595520 1010
1595530 1011
1595540 1011
1595550 1013
1595560 1015
1595570 1015
1595580 1017
1595590 1019
1595600 1019
1595610 1021
1595620 1023
1595630 1023
1595640 1025
1595650 1026
1595660 1026
1595670 1027
1595680 1028
1595690 1028
1595700 1029
1595710 1029
1595720 1029
1595730 1029
1595740 1029
1595750 1029
1595760 1028
1595770 1028
1595780 1028
1595790 1027
1595800 1027
1595810 1027
1595820 1027
1595830 1027
1595840 1027
1595850 1026
1595860 1025
1595870 1025
1595880 1023
1595890 1022
1595900 1022
1595910 1019
1595920 1015
1595930 1015
1595940 1011
1595950 1006
1595960 1006
1595970 1001
1595980 996
1595990 993
1596000 993
1596010 990
1596020 988
1596030 988
1596040 986
1596050 984
1596060 984
1596070 982
1596080 980
1596090 980
1596100 979
1596110 977
1596120 977
1596130 975
1596140 973
1596150 973
1596160 971
1596170 969
1596180 969
1596190 966
1596200 964
1596210 964
1596220 960
1596230 959
1596240 959
1596250 952
1596260 946
1596270 946
1596280 940
1596290 936
1596300 936
1596310 933
1596320 931
1596330 931
1596340 931
1596350 930
1596360 930
1596370 930
1596380 930
1596390 930
1596400 931
1596410 931
1596420 931
1596430 932
1596440 932
1596450 932
1596460 931
1596470 930
1596480 930
1596490 929
1596500 926
1596510 926
1596520 923
1596530 921
1596540 921
1596550 921
1596560 921
1596570 921
1596580 921
1596590 921
1596600 922
1596610 922
1596620 923
1596630 924
1596640 924
1596650 925
1596660 926
1596670 926
1596680 927
1596690 929
1596700 929
1596710 930
1596720 932
1596730 932
1596740 933
1596750 935
1596760 935
1596770 936
1596780 937
1596790 937
1596800 938
1596810 938
1596820 938
1596830 939
1596840 938
1596850 938
1596860 937
1596870 936
1596880 936
1596890 935
1596900 934
1596910 934
1596920 933
1596930 931
1596940 931
1596950 927
1596960 922
1596970 922
1596980 914
1596990 907
1597000 907
1597010 901
1597020 895
1597030 895
1597040 889
1597050 882
1597060 882
1597070 877
1597080 872
1597090 872
1597100 867
1597110 863
1597120 863
1597130 859
1597140 856
1597150 856
1597160 852
1597170 846
1597180 840
1597190 840
1597200 833
1597210 825
1597220 825
1597230 817
1597240 810
1597250 810
1597260 803
1597270 796
1597280 796
1597290 788
1597300 780
1597310 780
1597320 771
1597330 763
1597340 763
1597350 756
1597360 750
1597370 750
1597380 750
1597390 746
1597400 746
1597410 741
1597420 736
1597430 736
1597440 729
1597450 723
1597460 723
1597470 717
1597480 712
1597490 712
1597500 707
1597510 702
1597520 702
1597530 697
1597540 692
1597550 692
1597560 687
1597570 682
1597580 682
1597590 676
1597600 671
1597610 671
1597620 666
1597630 660
1597640 660
1597650 655
1597660 650
1597670 650
1597680 644
1597690 639
1597700 639
1597710 633
1597720 628
1597730 628
1597740 622
1597750 617
1597760 612
1597770 612
1597780 606
1597790 601
1597800 601
1597810 596
1597820 591
1597830 591
1597840 586
1597850 581
1597860 581
1597870 576
1597880 571
1597890 571
1597900 567
1597910 562
1597920 562
1597930 558
1597940 554
1597950 554
1597960 550
1597970 547
1597980 547
1597990 544
1598000 542
1598010 542
1598020 540
1598030 539
1598040 539
1598050 538
1598060 537
1598070 537
1598080 537
1598090 537
1598100 537
1598110 537
1598120 537
1598130 537
1598140 537
1598150 537
1598160 537
1598170 537
1598180 537
1598190 537
1598200 537
1598210 535
1598220 535
1598230 534
1598240 534
1598250 534
1598260 534
1598270 533
1598280 533
1598290 533
1598300 532
1598310 532
1598320 533
1598330 533
1598340 533
1598350 532
1598360 532
1598370 532
1598380 532
1598390 533
1598400 536
1598410 536
1598420 538
1598430 538
1598440 538
1598450 538
1598460 538
1598470 538
1598480 538
1598490 537
1598500 537
1598510 538
1598520 538
1598530 538
1598540 538
1598550 539
1598560 539
1598570 540
1598580 542
1598590 542
1598600 543
1598610 545
1598620 545
1598630 546
1598640 548
1598650 548
1598660 552
1598670 557
1598680 557
1598690 562
1598700 568
1598710 568
1598720 576
1598730 584
1598740 584
1598750 592
1598760 599
1598770 599
1598780 606
1598790 612
1598800 612
1598810 618
1598820 624
1598830 624
1598840 630
1598850 636
1598860 636
1598870 641
1598880 645
1598890 645
1598900 650
1598910 655
1598920 655
1598930 660
1598940 666
1598950 672
1598960 672
1598970 679
1598980 685
1598990 685
1599000 692
1599010 698
1599020 698
1599030 705
1599040 712
1599050 712
1599060 719
1599070 727
1599080 727
1599090 735
1599100 743
1599110 743
1599120 751
1599130 759
1599140 759
1599150 767
1599160 771
1599170 771
1599180 772
1599190 771
1599200 771
1599210 768
1599220 764
1599230 764
1599240 760
1599250 757
1599260 757
1599270 754
1599280 751
1599290 751
1599300 750
1599310 749
1599320 749
1599330 749
1599340 748
1599350 748
1599360 748
1599370 747
1599380 747
1599390 746
1599400 745
1599410 745
1599420 747
1599430 752
1599440 752
1599450 758
1599460 764
1599470 764
1599480 771
1599490 775
1599500 775
1599510 780
1599520 786
1599530 791
1599540 791
1599550 797
1599560 803
1599570 803
1599580 808
1599590 814
1599600 814
1599610 820
1599620 826
1599630 826
1599640 831
1599650 837
1599660 837
1599670 844
1599680 851
1599690 851
1599700 858
1599710 863
1599720 863
1599730 870
1599740 877
1599750 877
1599760 884
1599770 890
1599780 890
1599790 894
1599800 896
1599810 896
1599820 895
1599830 893
1599840 893
1599850 892
1599860 891
1599870 891
1599880 890
1599890 889
1599900 889
1599910 888
1599920 886
1599930 886
1599940 884
1599950 884
1599960 884
1599970 887
1599980 892
1599990 892
