1580000 519
1580010 519
1580020 522
1580030 518
1580040 518
1580050 514
1580060 512
1580070 512
1580080 511
1580090 511
1580100 511
1580110 511
1580120 511
1580130 511
1580140 510
1580150 509
1580160 509
1580170 509
1580180 510
1580190 510
1580200 510
1580210 510
1580220 510
1580230 511
1580240 511
1580250 511
1580260 512
1580270 513
1580280 513
1580290 514
1580300 514
1580310 514
1580320 515
1580330 516
1580340 516
1580350 516
1580360 517
1580370 517
1580380 518
1580390 518
1580400 519
1580410 519
1580420 520
1580430 520
1580440 520
1580450 521
1580460 521
1580470 521
1580480 521
1580490 521
1580500 521
1580510 522
1580520 523
1580530 523
1580540 524
1580550 526
1580560 526
1580570 527
1580580 528
1580590 528
1580600 529
1580610 528
1580620 528
1580630 528
1580640 529
1580650 529
1580660 528
1580670 529
1580680 529
1580690 531
1580700 534
1580710 534
1580720 538
1580730 542
1580740 542
1580750 544
1580760 547
1580770 547
1580780 551
1580790 556
1580800 556
1580810 560
1580820 562
1580830 562
1580840 566
1580850 569
1580860 569
1580870 570
1580880 569
1580890 569
1580900 568
1580910 567
1580920 567
1580930 567
1580940 571
1580950 571
1580960 577
1580970 584
1580980 591
1580990 591
1581000 598
1581010 606
1581020 606
1581030 613
1581040 621
1581050 621
1581060 628
1581070 635
1581080 635
1581090 642
1581100 647
1581110 647
1581120 652
1581130 656
1581140 656
1581150 660
1581160 664
1581170 664
1581180 668
1581190 671
1581200 671
1581210 672
1581220 670
1581230 670
1581240 663
1581250 656
1581260 656
1581270 649
1581280 642
1581290 642
1581300 636
1581310 630
1581320 630
1581330 634
1581340 637
1581350 637
1581360 643
1581370 648
1581380 648
1581390 653
1581400 658
1581410 658
1581420 663
1581430 668
1581440 668
1581450 671
1581460 673
1581470 673
1581480 673
1581490 674
1581500 674
1581510 675
1581520 676
1581530 676
1581540 673
1581550 674
1581560 674
1581570 673
1581580 671
1581590 669
1581600 669
1581610 666
1581620 662
1581630 662
1581640 659
1581650 661
1581660 661
1581670 665
1581680 669
1581690 669
1581700 670
1581710 667
1581720 667
1581730 665
1581740 667
1581750 667
1581760 669
1581770 668
1581780 668
1581790 668
1581800 668
1581810 668
1581820 669
1581830 672
1581840 672
1581850 674
1581860 676
1581870 676
1581880 681
1581890 685
1581900 685
1581910 689
1581920 692
1581930 692
1581940 694
1581950 697
1581960 697
1581970 699
1581980 703
1581990 703
1582000 706
1582010 709
1582020 709
1582030 713
1582040 716
1582050 716
1582060 720
1582070 725
1582080 725
1582090 729
1582100 734
1582110 734
1582120 737
1582130 741
1582140 741
1582150 746
1582160 752
1582170 757
1582180 757
1582190 762
1582200 768
1582210 768
1582220 773
1582230 778
1582240 778
1582250 783
1582260 789
1582270 789
1582280 796
1582290 801
1582300 801
1582310 807
1582320 812
1582330 812
1582340 818
1582350 824
1582360 824
1582370 829
1582380 834
1582390 834
1582400 839
1582410 843
1582420 843
1582430 846
1582440 846
1582450 846
1582460 845
1582470 843
1582480 843
1582490 842
1582500 841
1582510 841
1582520 840
1582530 841
1582540 841
1582550 846
1582560 850
1582570 850
1582580 853
1582590 857
1582600 857
1582610 859
1582620 862
1582630 862
1582640 866
1582650 864
1582660 864
1582670 867
1582680 871
1582690 871
1582700 874
1582710 876
1582720 876
1582730 878
1582740 880
1582750 880
1582760 881
1582770 879
1582780 873
1582790 873
1582800 867
1582810 861
1582820 861
1582830 857
1582840 852
1582850 852
1582860 845
1582870 836
1582880 836
1582890 831
1582900 838
1582910 838
1582920 845
1582930 847
1582940 847
1582950 848
1582960 844
1582970 844
1582980 841
1582990 840
1583000 840
1583010 846
1583020 854
1583030 854
1583040 862
1583050 869
1583060 869
1583070 875
1583080 881
1583090 881
1583100 886
1583110 891
1583120 891
1583130 896
1583140 901
1583150 901
1583160 905
1583170 909
1583180 909
1583190 913
1583200 916
1583210 916
1583220 921
1583230 925
1583240 925
1583250 928
1583260 932
1583270 932
1583280 934
1583290 936
1583300 936
1583310 937
1583320 936
1583330 936
1583340 935
1583350 935
1583360 935
1583370 935
1583380 936
1583390 938
1583400 938
1583410 942
1583420 946
1583430 946
1583440 949
1583450 952
1583460 952
1583470 954
1583480 954
1583490 954
1583500 954
1583510 952
1583520 952
1583530 950
1583540 947
1583550 947
1583560 944
1583570 943
1583580 943
1583590 944
1583600 947
1583610 947
1583620 951
1583630 955
1583640 955
1583650 959
1583660 962
1583670 962
1583680 963
1583690 963
1583700 963
1583710 964
1583720 963
1583730 963
1583740 962
1583750 961
1583760 961
1583770 959
1583780 957
1583790 957
1583800 954
1583810 948
1583820 948
1583830 940
1583840 933
1583850 933
1583860 927
1583870 923
1583880 923
1583890 920
1583900 915
1583910 915
1583920 911
1583930 913
1583940 913
1583950 906
1583960 904
1583970 901
1583980 901
1583990 898
1584000 894
1584010 894
1584020 893
1584030 893
1584040 893
1584050 892
1584060 890
1584070 890
1584080 884
1584090 876
1584100 876
1584110 878
1584120 888
1584130 888
1584140 895
1584150 902
1584160 902
1584170 908
1584180 914
1584190 914
1584200 921
1584210 926
1584220 926
1584230 926
1584240 921
1584250 921
1584260 916
1584270 910
1584280 910
1584290 906
1584300 908
1584310 908
1584320 914
1584330 919
1584340 919
1584350 924
1584360 929
1584370 929
1584380 933
1584390 937
1584400 937
1584410 940
1584420 944
1584430 944
1584440 946
1584450 949
1584460 949
1584470 951
1584480 952
1584490 952
1584500 954
1584510 955
1584520 955
1584530 957
1584540 959
1584550 959
1584560 959
1584570 958
1584580 954
1584590 954
1584600 950
1584610 947
1584620 947
1584630 944
1584640 943
1584650 943
1584660 941
1584670 938
1584680 938
1584690 934
1584700 933
1584710 933
1584720 937
1584730 942
1584740 942
1584750 949
1584760 956
1584770 956
1584780 963
1584790 969
1584800 969
1584810 975
1584820 981
1584830 981
1584840 988
1584850 994
1584860 994
1584870 1001
1584880 1007
1584890 1007
1584900 1014
1584910 1021
1584920 1021
1584930 1026
1584940 1030
1584950 1030
1584960 1031
1584970 1029
1584980 1029
1584990 1026
1585000 1022
1585010 1022
1585020 1019
1585030 1017
1585040 1017
1585050 1015
1585060 1013
1585070 1013
1585080 1010
1585090 1008
1585100 1008
1585110 1007
1585120 1006
1585130 1006
1585140 1008
1585150 1007
1585160 1006
1585170 1006
1585180 1004
1585190 1003
1585200 1003
1585210 1002
1585220 1002
1585230 1002
1585240 996
1585250 998
1585260 998
1585270 1000
1585280 1002
1585290 1002
1585300 1005
1585310 1006
1585320 1006
1585330 1007
1585340 1008
1585350 1008
1585360 1009
1585370 1010
1585380 1010
1585390 1011
1585400 1012
1585410 1012
1585420 1015
1585430 1016
1585440 1016
1585450 1019
1585460 1022
1585470 1022
1585480 1025
1585490 1027
1585500 1027
1585510 1029
1585520 1031
1585530 1031
1585540 1033
1585550 1035
1585560 1035
1585570 1037
1585580 1040
1585590 1040
1585600 1043
1585610 1046
1585620 1046
1585630 1048
1585640 1050
1585650 1050
1585660 1053
1585670 1054
1585680 1054
1585690 1051
1585700 1047
1585710 1047
1585720 1042
1585730 1036
1585740 1030
1585750 1030
1585760 1023
1585770 1015
1585780 1015
1585790 1008
1585800 1001
1585810 1001
1585820 994
1585830 989
1585840 989
1585850 984
1585860 979
1585870 979
1585880 973
1585890 968
1585900 968
1585910 963
1585920 958
1585930 958
1585940 954
1585950 950
1585960 950
1585970 946
1585980 942
1585990 942
1586000 938
1586010 934
1586020 934
1586030 928
1586040 921
1586050 921
1586060 916
1586070 912
1586080 912
1586090 905
1586100 896
1586110 896
1586120 888
1586130 881
1586140 881
1586150 873
1586160 860
1586170 860
1586180 849
1586190 838
1586200 838
1586210 828
1586220 818
1586230 818
1586240 810
1586250 804
1586260 804
1586270 798
1586280 792
1586290 792
1586300 784
1586310 775
1586320 775
1586330 766
1586340 756
1586350 747
1586360 747
1586370 738
1586380 730
1586390 730
1586400 722
1586410 713
1586420 713
1586430 705
1586440 698
1586450 698
1586460 691
1586470 686
1586480 686
1586490 681
1586500 676
1586510 669
1586520 664
1586530 658
1586540 658
1586550 652
1586560 644
1586570 644
1586580 636
1586590 628
1586600 628
1586610 620
1586620 613
1586630 613
1586640 605
1586650 597
1586660 597
1586670 589
1586680 581
1586690 581
1586700 575
1586710 567
1586720 567
1586730 559
1586740 552
1586750 552
1586760 544
1586770 535
1586780 535
1586790 526
1586800 526
1586810 526
1586820 528
1586830 528
1586840 528
1586850 530
1586860 532
1586870 532
1586880 534
1586890 535
1586900 535
1586910 536
1586920 538
1586930 538
1586940 539
1586950 539
1586960 540
1586970 540
1586980 540
1586990 541
1587000 541
1587010 542
1587020 543
1587030 543
1587040 544
1587050 547
1587060 547
1587070 549
1587080 551
1587090 551
1587100 555
1587110 558
1587120 558
1587130 561
1587140 564
1587150 564
1587160 568
1587170 573
1587180 573
1587190 577
1587200 582
1587210 582
1587220 587
1587230 593
1587240 593
1587250 599
1587260 605
1587270 605
1587280 610
1587290 616
1587300 616
1587310 622
1587320 629
1587330 629
1587340 636
1587350 643
1587360 643
1587370 652
1587380 661
1587390 661
1587400 669
1587410 676
1587420 676
1587430 682
1587440 688
1587450 688
1587460 694
1587470 701
1587480 701
1587490 708
1587500 715
1587510 715
1587520 722
1587530 729
1587540 736
1587550 736
1587560 743
1587570 750
1587580 750
1587590 758
1587600 765
1587610 765
1587620 771
1587630 776
1587640 776
1587650 780
1587660 784
1587670 784
1587680 788
1587690 791
1587700 791
1587710 793
1587720 796
1587730 796
1587740 798
1587750 801
1587760 801
1587770 799
1587780 803
1587790 803
1587800 806
1587810 808
1587820 808
1587830 809
1587840 813
1587850 813
1587860 817
1587870 822
1587880 822
1587890 827
1587900 831
1587910 831
1587920 837
1587930 842
1587940 842
1587950 847
1587960 852
1587970 852
1587980 855
1587990 859
1588000 859
1588010 862
1588020 865
1588030 865
1588040 868
1588050 871
1588060 871
1588070 874
1588080 878
1588090 878
1588100 884
1588110 890
1588120 890
1588130 895
1588140 900
1588150 905
1588160 905
1588170 908
1588180 909
1588190 909
1588200 908
1588210 905
1588220 905
1588230 903
1588240 904
1588250 904
1588260 907
1588270 910
1588280 910
1588290 913
1588300 917
1588310 917
1588320 921
1588330 924
1588340 924
1588350 926
1588360 928
1588370 928
1588380 928
1588390 927
1588400 927
1588410 925
1588420 925
1588430 925
1588440 925
1588450 926
1588460 926
1588470 927
1588480 928
1588490 928
1588500 930
1588510 933
1588520 933
1588530 937
1588540 941
1588550 941
1588560 946
1588570 951
1588580 951
1588590 956
1588600 961
1588610 961
1588620 966
1588630 971
1588640 971
1588650 975
1588660 980
1588670 980
1588680 984
1588690 988
1588700 988
1588710 989
1588720 990
1588730 991
1588740 991
1588750 991
1588760 991
1588770 991
1588780 990
1588790 989
1588800 989
1588810 989
1588820 988
1588830 988
1588840 987
1588850 986
1588860 986
1588870 984
1588880 982
1588890 982
1588900 979
1588910 977
1588920 977
1588930 978
1588940 979
1588950 979
1588960 982
1588970 985
1588980 985
1588990 987
1589000 988
1589010 980
1589020 980
1589030 977
1589040 977
1589050 974
1589060 970
1589070 970
1589080 966
1589090 963
1589100 963
1589110 959
1589120 957
1589130 957
1589140 954
1589150 953
1589160 953
1589170 954
1589180 957
1589190 957
1589200 963
1589210 969
1589220 969
1589230 976
1589240 981
1589250 981
1589260 986
1589270 993
1589280 993
1589290 999
1589300 1005
1589310 1005
1589320 1011
1589330 1016
1589340 1022
1589350 1022
1589360 1027
1589370 1032
1589380 1032
1589390 1037
1589400 1042
1589410 1042
1589420 1047
1589430 1053
1589440 1053
1589450 1058
1589460 1063
1589470 1063
1589480 1068
1589490 1073
1589500 1073
1589510 1078
1589520 1082
1589530 1082
1589540 1085
1589550 1089
1589560 1089
1589570 1091
1589580 1093
1589590 1093
1589600 1094
1589610 1094
1589620 1094
1589630 1093
1589640 1092
1589650 1092
1589660 1091
1589670 1089
1589680 1089
1589690 1088
1589700 1086
1589710 1086
1589720 1083
1589730 1080
1589740 1080
1589750 1077
1589760 1073
1589770 1073
1589780 1070
1589790 1068
1589800 1068
1589810 1067
1589820 1066
1589830 1066
1589840 1065
1589850 1063
1589860 1063
1589870 1062
1589880 1060
1589890 1060
1589900 1057
1589910 1052
1589920 1048
1589930 1048
1589940 1048
1589950 1051
1589960 1051
1589970 1055
1589980 1061
1589990 1061
1590000 1067
1590010 1072
1590020 1072
1590030 1078
1590040 1083
1590050 1083
1590060 1089
1590070 1094
1590080 1094
1590090 1100
1590100 1105
1590110 1105
1590120 1110
1590130 1114
1590140 1114
1590150 1119
1590160 1124
1590170 1124
1590180 1129
1590190 1133
1590200 1133
1590210 1137
1590220 1140
1590230 1140
1590240 1138
1590250 1141
1590260 1141
1590270 1139
1590280 1133
1590290 1133
1590300 1126
1590310 1119
1590320 1119
1590330 1112
1590340 1104
1590350 1104
1590360 1097
1590370 1089
1590380 1089
1590390 1083
1590400 1078
1590410 1078
1590420 1074
1590430 1069
1590440 1069
1590450 1063
1590460 1057
1590470 1057
1590480 1052
1590490 1049
1590500 1049
1590510 1045
1590520 1040
1590530 1035
1590540 1035
1590550 1030
1590560 1026
1590570 1026
1590580 1022
1590590 1017
1590600 1017
1590610 1011
1590620 1004
1590630 1004
1590640 998
1590650 993
1590660 993
1590670 987
1590680 983
1590690 983
1590700 981
1590710 978
1590720 978
1590730 975
1590740 973
1590750 973
1590760 974
1590770 977
1590780 977
1590790 979
1590800 980
1590810 980
1590820 981
1590830 982
1590840 982
1590850 984
1590860 987
1590870 987
1590880 990
1590890 992
1590900 992
1590910 994
1590920 996
1590930 996
1590940 997
1590950 998
1590960 998
1590970 999
1590980 998
1590990 998
1591000 998
1591010 997
1591020 997
1591030 995
1591040 992
1591050 992
1591060 989
1591070 986
1591080 986
1591090 982
1591100 976
1591110 971
1591120 971
1591130 968
1591140 964
1591150 964
1591160 960
1591170 955
1591180 955
1591190 951
1591200 952
1591210 952
1591220 953
1591230 953
1591240 953
1591250 951
1591260 947
1591270 947
1591280 946
1591290 946
1591300 946
1591310 946
1591320 946
1591330 946
1591340 947
1591350 950
1591360 950
1591370 955
1591380 958
1591390 958
1591400 963
1591410 967
1591420 967
1591430 971
1591440 971
1591450 967
1591460 967
1591470 965
1591480 965
1591490 961
1591500 958
1591510 958
1591520 953
1591530 947
1591540 947
1591550 942
1591560 936
1591570 936
1591580 927
1591590 919
1591600 919
1591610 913
1591620 905
1591630 905
1591640 898
1591650 893
1591660 893
1591670 889
1591680 886
1591690 886
1591700 882
1591710 879
1591720 876
1591730 876
1591740 873
1591750 871
1591760 871
1591770 868
1591780 865
1591790 865
1591800 861
1591810 856
1591820 856
1591830 850
1591840 844
1591850 844
1591860 838
1591870 833
1591880 833
1591890 826
1591900 819
1591910 819
1591920 813
1591930 809
1591940 809
1591950 806
1591960 803
1591970 803
1591980 800
1591990 796
1592000 796
1592010 793
1592020 788
1592030 788
1592040 783
1592050 779
1592060 779
1592070 775
1592080 771
1592090 771
1592100 767
1592110 763
1592120 763
1592130 759
1592140 755
1592150 755
1592160 750
1592170 746
1592180 746
1592190 742
1592200 738
1592210 738
1592220 735
1592230 731
1592240 731
1592250 728
1592260 723
1592270 723
1592280 719
1592290 715
1592300 715
1592310 713
1592320 710
1592330 707
1592340 707
1592350 704
1592360 700
1592370 700
1592380 697
1592390 694
1592400 694
1592410 692
1592420 689
1592430 689
1592440 686
1592450 682
1592460 682
1592470 678
1592480 675
1592490 675
1592500 675
1592510 677
1592520 677
1592530 677
1592540 675
1592550 675
1592560 672
1592570 667
1592580 667
1592590 661
1592600 655
1592610 655
1592620 651
1592630 648
1592640 648
1592650 650
1592660 648
1592670 648
1592680 645
1592690 641
1592700 641
1592710 639
1592720 636
1592730 636
1592740 634
1592750 631
1592760 631
1592770 629
1592780 627
1592790 627
1592800 626
1592810 627
1592820 627
1592830 629
1592840 631
1592850 631
1592860 632
1592870 633
1592880 633
1592890 634
1592900 635
1592910 634
1592920 634
1592930 632
1592940 630
1592950 630
1592960 626
1592970 619
1592980 619
1592990 612
1593000 607
1593010 607
1593020 601
1593030 595
1593040 595
1593050 589
1593060 585
1593070 585
1593080 582
1593090 581
1593100 581
1593110 581
1593120 579
1593130 579
1593140 577
1593150 576
1593160 576
1593170 578
1593180 581
1593190 581
1593200 583
1593210 585
1593220 585
1593230 587
1593240 589
1593250 589
1593260 591
1593270 594
1593280 594
1593290 596
1593300 599
1593310 599
1593320 601
1593330 603
1593340 603
1593350 606
1593360 608
1593370 608
1593380 611
1593390 615
1593400 615
1593410 619
1593420 623
1593430 623
1593440 628
1593450 633
1593460 633
1593470 638
1593480 642
1593490 642
1593500 646
1593510 649
1593520 652
1593530 652
1593540 654
1593550 656
1593560 656
1593570 657
1593580 657
1593590 657
1593600 659
1593610 661
1593620 661
1593630 664
1593640 665
1593650 665
1593660 666
1593670 667
1593680 667
1593690 668
1593700 671
1593710 671
1593720 674
1593730 678
1593740 678
1593750 681
1593760 684
1593770 684
1593780 687
1593790 691
1593800 691
1593810 695
1593820 699
1593830 704
1593840 708
1593850 712
1593860 712
1593870 716
1593880 719
1593890 719
1593900 721
1593910 723
1593920 723
1593930 725
1593940 728
1593950 728
1593960 730
1593970 732
1593980 732
1593990 733
1594000 733
1594010 733
1594020 734
1594030 735
1594040 735
1594050 736
1594060 738
1594070 738
1594080 741
1594090 743
1594100 746
1594110 746
1594120 750
1594130 754
1594140 754
1594150 758
1594160 761
1594170 761
1594180 765
1594190 769
1594200 769
1594210 773
1594220 777
1594230 777
1594240 780
1594250 784
1594260 784
1594270 788
1594280 792
1594290 792
1594300 796
1594310 801
1594320 801
1594330 806
1594340 811
1594350 811
1594360 816
1594370 821
1594380 821
1594390 825
1594400 830
1594410 830
1594420 835
1594430 839
1594440 839
1594450 841
1594460 838
1594470 838
1594480 834
1594490 829
1594500 829
1594510 823
1594520 818
1594530 818
1594540 814
1594550 809
1594560 809
1594570 806
1594580 802
1594590 802
1594600 799
1594610 797
1594620 797
1594630 794
1594640 792
1594650 792
1594660 790
1594670 787
1594680 787
1594690 784
1594700 782
1594710 779
1594720 779
1594730 778
1594740 777
1594750 777
1594760 779
1594770 782
1594780 782
1594790 785
1594800 786
1594810 786
1594820 786
1594830 786
1594840 786
1594850 785
1594860 785
1594870 785
1594880 785
1594890 784
1594900 784
1594910 784
1594920 785
1594930 785
1594940 787
1594950 789
1594960 789
1594970 793
1594980 797
1594990 797
1595000 800
1595010 799
1595020 799
1595030 800
1595040 801
1595050 801
1595060 802
1595070 802
1595080 802
1595090 801
1595100 803
1595110 803
1595120 805
1595130 806
1595140 806
1595150 807
1595160 808
1595170 808
1595180 809
1595190 811
1595200 811
1595210 814
1595220 816
1595230 816
1595240 818
1595250 820
1595260 820
1595270 822
1595280 825
1595290 827
1595300 827
1595310 829
1595320 831
1595330 831
1595340 833
1595350 834
1595360 834
1595370 836
1595380 838
1595390 838
1595400 841
1595410 843
1595420 843
1595430 844
1595440 844
1595450 844
1595460 844
1595470 847
1595480 847
1595490 851
1595500 856
1595510 856
1595520 861
1595530 865
1595540 865
1595550 869
1595560 873
1595570 873
1595580 875
1595590 877
1595600 877
1595610 879
1595620 880
1595630 880
1595640 880
1595650 881
1595660 881
1595670 880
1595680 879
1595690 879
1595700 877
1595710 874
1595720 874
1595730 871
1595740 867
1595750 867
1595760 863
1595770 859
1595780 859
1595790 857
1595800 856
1595810 856
1595820 856
1595830 856
1595840 856
1595850 856
1595860 856
1595870 856
1595880 856
1595890 856
1595900 856
1595910 856
1595920 855
1595930 854
1595940 854
1595950 854
1595960 853
1595970 853
1595980 853
1595990 855
1596000 855
1596010 856
1596020 857
1596030 857
1596040 858
1596050 859
1596060 859
1596070 860
1596080 860
1596090 860
1596100 860
1596110 860
1596120 860
1596130 860
1596140 861
1596150 861
1596160 856
1596170 857
1596180 857
1596190 858
1596200 859
1596210 859
1596220 859
1596230 860
1596240 860
1596250 862
1596260 865
1596270 865
1596280 867
1596290 869
1596300 869
1596310 871
1596320 873
1596330 873
1596340 875
1596350 877
1596360 877
1596370 878
1596380 878
1596390 878
1596400 878
1596410 877
1596420 877
1596430 877
1596440 875
1596450 875
1596460 874
1596470 872
1596480 872
1596490 871
1596500 871
1596510 872
1596520 872
1596530 872
1596540 872
1596550 872
1596560 872
1596570 871
1596580 871
1596590 870
1596600 869
1596610 869
1596620 868
1596630 868
1596640 868
1596650 867
1596660 866
1596670 866
1596680 865
1596690 864
1596700 864
1596710 862
1596720 861
1596730 861
1596740 859
1596750 856
1596760 856
1596770 852
1596780 847
1596790 847
1596800 841
1596810 834
1596820 834
1596830 829
1596840 823
1596850 823
1596860 817
1596870 813
1596880 813
1596890 809
1596900 807
1596910 807
1596920 806
1596930 803
1596940 803
1596950 800
1596960 800
1596970 800
1596980 800
1596990 800
1597000 800
1597010 800
1597020 800
1597030 800
1597040 798
1597050 797
1597060 797
1597070 796
1597080 794
1597090 792
1597100 792
1597110 789
1597120 786
1597130 786
1597140 781
1597150 777
1597160 777
1597170 776
1597180 774
1597190 774
1597200 770
1597210 769
1597220 769
1597230 772
1597240 774
1597250 774
1597260 775
1597270 776
1597280 776
1597290 777
1597300 777
1597310 770
1597320 769
1597330 768
1597340 768
1597350 768
1597360 767
1597370 767
1597380 767
1597390 767
1597400 767
1597410 767
1597420 769
1597430 769
1597440 770
1597450 772
1597460 772
1597470 773
1597480 774
1597490 774
1597500 775
1597510 772
1597520 772
1597530 768
1597540 763
1597550 763
1597560 756
1597570 748
1597580 748
1597590 741
1597600 733
1597610 733
1597620 727
1597630 721
1597640 721
1597650 715
1597660 708
1597670 708
1597680 701
1597690 693
1597700 685
1597710 685
1597720 677
1597730 670
1597740 670
1597750 664
1597760 656
1597770 656
1597780 649
1597790 642
1597800 642
1597810 635
1597820 629
1597830 629
1597840 622
1597850 616
1597860 616
1597870 610
1597880 606
1597890 606
1597900 600
1597910 594
1597920 594
1597930 588
1597940 582
1597950 582
1597960 576
1597970 571
1597980 571
1597990 565
1598000 559
1598010 559
1598020 552
1598030 546
1598040 546
1598050 538
1598060 529
1598070 529
1598080 525
1598090 524
1598100 524
1598110 524
1598120 523
1598130 523
1598140 523
1598150 522
1598160 522
1598170 522
1598180 522
1598190 522
1598200 523
1598210 523
1598220 523
1598230 523
1598240 523
1598250 523
1598260 523
1598270 523
1598280 523
1598290 523
1598300 523
1598310 523
1598320 523
1598330 523
1598340 524
1598350 524
1598360 525
1598370 525
1598380 525
1598390 525
1598400 525
1598410 525
1598420 525
1598430 525
1598440 525
1598450 525
1598460 525
1598470 525
1598480 525
1598490 525
1598500 525
1598510 525
1598520 526
1598530 526
1598540 526
1598550 526
1598560 526
1598570 526
1598580 527
1598590 527
1598600 527
1598610 527
1598620 527
1598630 527
1598640 527
1598650 527
1598660 527
1598670 528
1598680 528
1598690 528
1598700 529
1598710 529
1598720 530
1598730 531
1598740 531
1598750 533
1598760 535
1598770 535
1598780 538
1598790 540
1598800 540
1598810 543
1598820 547
1598830 547
1598840 551
1598850 556
1598860 556
1598870 562
1598880 568
1598890 572
1598900 572
1598910 576
1598920 579
1598930 579
1598940 581
1598950 582
1598960 582
1598970 584
1598980 586
1598990 586
1599000 587
1599010 589
1599020 589
1599030 591
1599040 593
1599050 593
1599060 596
1599070 598
1599080 598
1599090 600
1599100 603
1599110 603
1599120 606
1599130 608
1599140 608
1599150 612
1599160 615
1599170 615
1599180 619
1599190 624
1599200 624
1599210 628
1599220 632
1599230 632
1599240 636
1599250 640
1599260 640
1599270 644
1599280 648
1599290 648
1599300 652
1599310 657
1599320 657
1599330 661
1599340 665
1599350 665
1599360 668
1599370 671
1599380 671
1599390 674
1599400 676
1599410 676
1599420 679
1599430 682
1599440 682
1599450 684
1599460 685
1599470 685
1599480 685
1599490 686
1599500 687
1599510 687
1599520 687
1599530 685
1599540 685
1599550 680
1599560 675
1599570 675
1599580 667
1599590 665
1599600 665
1599610 664
1599620 665
1599630 665
1599640 665
1599650 666
1599660 666
1599670 668
1599680 670
1599690 670
1599700 675
1599710 681
1599720 681
1599730 686
1599740 692
1599750 692
1599760 698
1599770 703
1599780 703
1599790 709
1599800 714
1599810 714
1599820 720
1599830 725
1599840 725
1599850 731
1599860 737
1599870 737
1599880 743
1599890 747
1599900 747
1599910 752
1599920 756
1599930 756
1599940 759
1599950 760
1599960 760
1599970 761
1599980 761
1599990 761
