1580000 487
1580010 487
1580020 488
1580030 489
1580040 489
1580050 489
1580060 489
1580070 489
1580080 489
1580090 489
1580100 489
1580110 489
1580120 489
1580130 489
1580140 488
1580150 488
1580160 488
1580170 487
1580180 487
1580190 487
1580200 486
1580210 485
1580220 485
1580230 483
1580240 482
1580250 482
1580260 481
1580270 480
1580280 480
1580290 480
1580300 482
1580310 482
1580320 485
1580330 488
1580340 488
1580350 491
1580360 493
1580370 493
1580380 495
1580390 498
1580400 498
1580410 500
1580420 502
1580430 502
1580440 504
1580450 507
1580460 507
1580470 509
1580480 511
1580490 511
1580500 513
1580510 515
1580520 518
1580530 518
1580540 520
1580550 523
1580560 523
1580570 526
1580580 528
1580590 528
1580600 530
1580610 532
1580620 532
1580630 534
1580640 535
1580650 535
1580660 535
1580670 537
1580680 537
1580690 538
1580700 539
1580710 539
1580720 540
1580730 542
1580740 542
1580750 543
1580760 544
1580770 544
1580780 545
1580790 546
1580800 546
1580810 547
1580820 548
1580830 548
1580840 549
1580850 551
1580860 551
1580870 553
1580880 555
1580890 555
1580900 556
1580910 556
1580920 556
1580930 557
1580940 563
1580950 563
1580960 564
1580970 565
1580980 565
1580990 566
1581000 568
1581010 568
1581020 569
1581030 570
1581040 570
1581050 571
1581060 571
1581070 571
1581080 572
1581090 573
1581100 573
1581110 573
1581120 574
1581130 574
1581140 574
1581150 575
1581160 575
1581170 575
1581180 576
1581190 576
1581200 576
1581210 576
1581220 576
1581230 576
1581240 577
1581250 577
1581260 577
1581270 576
1581280 576
1581290 576
1581300 576
1581310 576
1581320 576
1581330 576
1581340 576
1581350 576
1581360 576
1581370 575
1581380 575
1581390 575
1581400 575
1581410 575
1581420 574
1581430 574
1581440 574
1581450 574
1581460 573
1581470 573
1581480 574
1581490 574
1581500 574
1581510 574
1581520 573
1581530 573
1581540 572
1581550 571
1581560 571
1581570 568
1581580 566
1581590 566
1581600 565
1581610 563
1581620 563
1581630 561
1581640 557
1581650 557
1581660 553
1581670 548
1581680 548
1581690 542
1581700 537
1581710 537
1581720 532
1581730 528
1581740 528
1581750 525
1581760 522
1581770 519
1581780 519
1581790 517
1581800 515
1581810 515
1581820 512
1581830 508
1581840 508
1581850 504
1581860 499
1581870 499
1581880 493
1581890 487
1581900 487
1581910 480
1581920 473
1581930 473
1581940 466
1581950 460
1581960 460
1581970 454
1581980 447
1581990 447
1582000 439
1582010 433
1582020 433
1582030 433
1582040 432
1582050 432
1582060 432
1582070 432
1582080 432
1582090 432
1582100 432
1582110 432
1582120 433
1582130 434
1582140 434
1582150 434
1582160 435
1582170 435
1582180 435
1582190 436
1582200 436
1582210 437
1582220 438
1582230 438
1582240 440
1582250 441
1582260 447
1582270 450
1582280 455
1582290 455
1582300 459
1582310 462
1582320 462
1582330 466
1582340 471
1582350 471
1582360 475
1582370 481
1582380 487
1582390 487
1582400 496
1582410 501
1582420 501
1582430 506
1582440 510
1582450 510
1582460 506
1582470 501
1582480 501
1582490 499
1582500 499
1582510 499
1582520 498
1582530 495
1582540 495
1582550 491
1582560 491
1582570 491
1582580 492
1582590 492
1582600 492
1582610 494
1582620 495
1582630 495
1582640 493
1582650 489
1582660 489
1582670 488
1582680 492
1582690 492
1582700 493
1582710 492
1582720 492
1582730 492
1582740 494
1582750 494
1582760 494
1582770 493
1582780 493
1582790 493
1582800 496
1582810 496
1582820 499
1582830 497
1582840 497
1582850 493
1582860 491
1582870 491
1582880 492
1582890 496
1582900 496
1582910 501
1582920 505
1582930 505
1582940 510
1582950 514
1582960 514
1582970 516
1582980 521
1582990 524
1583000 524
1583010 521
1583020 518
1583030 518
1583040 516
1583050 515
1583060 515
1583070 511
1583080 509
1583090 509
1583100 512
1583110 518
1583120 518
1583130 521
1583140 523
1583150 523
1583160 522
1583170 517
1583180 517
1583190 516
1583200 518
1583210 518
1583220 520
1583230 518
1583240 518
1583250 517
1583260 521
1583270 521
1583280 525
1583290 527
1583300 527
1583310 528
1583320 519
1583330 519
1583340 511
1583350 507
1583360 507
1583370 505
1583380 506
1583390 506
1583400 507
1583410 507
1583420 507
1583430 510
1583440 517
1583450 517
1583460 524
1583470 530
1583480 530
1583490 536
1583500 540
1583510 540
1583520 542
1583530 541
1583540 541
1583550 541
1583560 539
1583570 547
1583580 547
1583590 546
1583600 546
1583610 546
1583620 546
1583630 547
1583640 547
1583650 551
1583660 552
1583670 552
1583680 551
1583690 551
1583700 551
1583710 551
1583720 552
1583730 552
1583740 552
1583750 548
1583760 548
1583770 542
1583780 534
1583790 534
1583800 527
1583810 519
1583820 519
1583830 513
1583840 510
1583850 510
1583860 507
1583870 501
1583880 501
1583890 494
1583900 493
1583910 493
1583920 500
1583930 505
1583940 505
1583950 505
1583960 505
1583970 505
1583980 507
1583990 509
1584000 509
1584010 510
1584020 511
1584030 511
1584040 512
1584050 515
1584060 515
1584070 519
1584080 524
1584090 524
1584100 527
1584110 528
1584120 528
1584130 526
1584140 526
1584150 526
1584160 525
1584170 524
1584180 524
1584190 523
1584200 522
1584210 522
1584220 522
1584230 521
1584240 519
1584250 519
1584260 517
1584270 515
1584280 515
1584290 513
1584300 511
1584310 511
1584320 506
1584330 502
1584340 502
1584350 496
1584360 493
1584370 493
1584380 495
1584390 500
1584400 500
1584410 508
1584420 515
1584430 515
1584440 521
1584450 524
1584460 524
1584470 527
1584480 535
1584490 535
1584500 544
1584510 548
1584520 548
1584530 548
1584540 545
1584550 545
1584560 542
1584570 537
1584580 537
1584590 530
1584600 526
1584610 526
1584620 521
1584630 518
1584640 518
1584650 515
1584660 513
1584670 513
1584680 510
1584690 509
1584700 509
1584710 509
1584720 510
1584730 510
1584740 510
1584750 511
1584760 511
1584770 511
1584780 515
1584790 515
1584800 517
1584810 517
1584820 517
1584830 517
1584840 518
1584850 519
1584860 519
1584870 526
1584880 523
1584890 523
1584900 517
1584910 513
1584920 513
1584930 515
1584940 516
1584950 516
1584960 516
1584970 517
1584980 517
1584990 516
1585000 520
1585010 520
1585020 530
1585030 538
1585040 538
1585050 545
1585060 552
1585070 552
1585080 554
1585090 555
1585100 555
1585110 555
1585120 553
1585130 553
1585140 549
1585150 549
1585160 549
1585170 550
1585180 554
1585190 554
1585200 567
1585210 578
1585220 578
1585230 588
1585240 593
1585250 593
1585260 595
1585270 597
1585280 597
1585290 602
1585300 607
1585310 607
1585320 609
1585330 610
1585340 610
1585350 609
1585360 612
1585370 612
1585380 612
1585390 611
1585400 611
1585410 609
1585420 604
1585430 604
1585440 602
1585450 607
1585460 616
1585470 616
1585480 622
1585490 626
1585500 626
1585510 629
1585520 632
1585530 632
1585540 635
1585550 638
1585560 638
1585570 641
1585580 643
1585590 643
1585600 646
1585610 650
1585620 650
1585630 655
1585640 660
1585650 660
1585660 666
1585670 672
1585680 672
1585690 679
1585700 685
1585710 685
1585720 690
1585730 695
1585740 695
1585750 700
1585760 705
1585770 705
1585780 709
1585790 712
1585800 712
1585810 715
1585820 717
1585830 717
1585840 720
1585850 723
1585860 723
1585870 726
1585880 728
1585890 728
1585900 730
1585910 732
1585920 732
1585930 735
1585940 737
1585950 737
1585960 739
1585970 741
1585980 741
1585990 743
1586000 745
1586010 745
1586020 747
1586030 749
1586040 749
1586050 751
1586060 753
1586070 753
1586080 756
1586090 759
1586100 762
1586110 762
1586120 764
1586130 767
1586140 765
1586150 770
1586160 775
1586170 775
1586180 780
1586190 784
1586200 784
1586210 787
1586220 790
1586230 790
1586240 790
1586250 789
1586260 789
1586270 787
1586280 783
1586290 783
1586300 778
1586310 773
1586320 773
1586330 768
1586340 763
1586350 763
1586360 758
1586370 753
1586380 753
1586390 750
1586400 749
1586410 749
1586420 745
1586430 741
1586440 741
1586450 741
1586460 744
1586470 744
1586480 746
1586490 745
1586500 745
1586510 744
1586520 743
1586530 743
1586540 742
1586550 744
1586560 744
1586570 747
1586580 748
1586590 748
1586600 748
1586610 749
1586620 749
1586630 748
1586640 747
1586650 747
1586660 744
1586670 742
1586680 742
1586690 738
1586700 734
1586710 729
1586720 729
1586730 724
1586740 719
1586750 719
1586760 713
1586770 708
1586780 708
1586790 702
1586800 698
1586810 698
1586820 695
1586830 692
1586840 692
1586850 689
1586860 687
1586870 687
1586880 684
1586890 681
1586900 681
1586910 678
1586920 675
1586930 675
1586940 672
1586950 670
1586960 670
1586970 668
1586980 666
1586990 666
1587000 664
1587010 662
1587020 662
1587030 660
1587040 657
1587050 657
1587060 655
1587070 653
1587080 653
1587090 651
1587100 649
1587110 649
1587120 647
1587130 644
1587140 644
1587150 643
1587160 641
1587170 641
1587180 641
1587190 642
1587200 642
1587210 641
1587220 641
1587230 641
1587240 640
1587250 640
1587260 640
1587270 639
1587280 638
1587290 638
1587300 637
1587310 635
1587320 634
1587330 634
1587340 633
1587350 632
1587360 632
1587370 630
1587380 628
1587390 628
1587400 627
1587410 624
1587420 624
1587430 622
1587440 621
1587450 621
1587460 619
1587470 616
1587480 616
1587490 614
1587500 613
1587510 613
1587520 611
1587530 610
1587540 610
1587550 609
1587560 608
1587570 608
1587580 606
1587590 604
1587600 604
1587610 602
1587620 600
1587630 600
1587640 599
1587650 597
1587660 597
1587670 595
1587680 593
1587690 593
1587700 592
1587710 591
1587720 591
1587730 590
1587740 589
1587750 589
1587760 588
1587770 587
1587780 587
1587790 586
1587800 585
1587810 585
1587820 583
1587830 582
1587840 582
1587850 581
1587860 581
1587870 581
1587880 582
1587890 585
1587900 585
1587910 589
1587920 592
1587930 592
1587940 592
1587950 587
1587960 581
1587970 581
1587980 577
1587990 577
1588000 577
1588010 579
1588020 583
1588030 583
1588040 588
1588050 593
1588060 593
1588070 597
1588080 599
1588090 599
1588100 600
1588110 598
1588120 598
1588130 592
1588140 586
1588150 586
1588160 581
1588170 575
1588180 575
1588190 571
1588200 568
1588210 568
1588220 566
1588230 565
1588240 565
1588250 566
1588260 570
1588270 570
1588280 577
1588290 583
1588300 583
1588310 588
1588320 593
1588330 593
1588340 598
1588350 603
1588360 603
1588370 607
1588380 611
1588390 611
1588400 614
1588410 616
1588420 616
1588430 616
1588440 616
1588450 616
1588460 614
1588470 611
1588480 611
1588490 606
1588500 600
1588510 600
1588520 597
1588530 598
1588540 598
1588550 598
1588560 598
1588570 597
1588580 597
1588590 596
1588600 595
1588610 595
1588620 592
1588630 588
1588640 588
1588650 587
1588660 585
1588670 585
1588680 586
1588690 586
1588700 586
1588710 587
1588720 587
1588730 587
1588740 586
1588750 585
1588760 585
1588770 583
1588780 582
1588790 582
1588800 580
1588810 578
1588820 578
1588830 576
1588840 574
1588850 574
1588860 572
1588870 569
1588880 569
1588890 565
1588900 562
1588910 562
1588920 560
1588930 558
1588940 558
1588950 557
1588960 556
1588970 556
1588980 554
1588990 551
1589000 551
1589010 547
1589020 544
1589030 544
1589040 540
1589050 536
1589060 536
1589070 533
1589080 531
1589090 531
1589100 529
1589110 526
1589120 526
1589130 522
1589140 520
1589150 520
1589160 520
1589170 521
1589180 521
1589190 521
1589200 521
1589210 521
1589220 521
1589230 521
1589240 520
1589250 520
1589260 520
1589270 520
1589280 520
1589290 521
1589300 521
1589310 521
1589320 521
1589330 522
1589340 522
1589350 522
1589360 523
1589370 523
1589380 523
1589390 523
1589400 523
1589410 523
1589420 524
1589430 524
1589440 524
1589450 525
1589460 525
1589470 525
1589480 526
1589490 526
1589500 527
1589510 527
1589520 527
1589530 528
1589540 529
1589550 529
1589560 530
1589570 531
1589580 531
1589590 531
1589600 532
1589610 532
1589620 533
1589630 533
1589640 533
1589650 534
1589660 535
1589670 535
1589680 536
1589690 537
1589700 537
1589710 538
1589720 539
1589730 539
1589740 540
1589750 541
1589760 541
1589770 542
1589780 543
1589790 543
1589800 544
1589810 545
1589820 547
1589830 547
1589840 548
1589850 550
1589860 550
1589870 552
1589880 555
1589890 555
1589900 557
1589910 558
1589920 558
1589930 560
1589940 561
1589950 561
1589960 562
1589970 564
1589980 564
1589990 566
1590000 568
1590010 568
1590020 569
1590030 572
1590040 572
1590050 574
1590060 576
1590070 576
1590080 578
1590090 580
1590100 580
1590110 582
1590120 584
1590130 584
1590140 586
1590150 588
1590160 588
1590170 589
1590180 591
1590190 591
1590200 593
1590210 594
1590220 594
1590230 596
1590240 597
1590250 597
1590260 599
1590270 601
1590280 601
1590290 603
1590300 604
1590310 604
1590320 605
1590330 605
1590340 605
1590350 605
1590360 607
1590370 607
1590380 608
1590390 609
1590400 609
1590410 613
1590420 618
1590430 623
1590440 623
1590450 629
1590460 634
1590470 634
1590480 639
1590490 644
1590500 644
1590510 649
1590520 654
1590530 654
1590540 660
1590550 665
1590560 665
1590570 671
1590580 676
1590590 676
1590600 682
1590610 688
1590620 688
1590630 694
1590640 700
1590650 700
1590660 705
1590670 710
1590680 710
1590690 715
1590700 718
1590710 718
1590720 720
1590730 722
1590740 722
1590750 723
1590760 725
1590770 725
1590780 727
1590790 728
1590800 728
1590810 729
1590820 730
1590830 730
1590840 732
1590850 733
1590860 733
1590870 735
1590880 736
1590890 736
1590900 736
1590910 737
1590920 737
1590930 738
1590940 740
1590950 740
1590960 743
1590970 745
1590980 745
1590990 745
1591000 742
1591010 742
1591020 744
1591030 752
1591040 760
1591050 760
1591060 767
1591070 774
1591080 774
1591090 780
1591100 786
1591110 786
1591120 791
1591130 797
1591140 797
1591150 803
1591160 807
1591170 807
1591180 811
1591190 815
1591200 815
1591210 819
1591220 822
1591230 822
1591240 825
1591250 825
1591260 825
1591270 825
1591280 825
1591290 825
1591300 823
1591310 819
1591320 819
1591330 815
1591340 816
1591350 816
1591360 821
1591370 827
1591380 827
1591390 833
1591400 840
1591410 840
1591420 846
1591430 853
1591440 853
1591450 859
1591460 865
1591470 865
1591480 870
1591490 875
1591500 875
1591510 880
1591520 885
1591530 885
1591540 888
1591550 892
1591560 892
1591570 894
1591580 897
1591590 897
1591600 900
1591610 903
1591620 903
1591630 906
1591640 911
1591650 911
1591660 917
1591670 924
1591680 931
1591690 931
1591700 937
1591710 943
1591720 943
1591730 948
1591740 953
1591750 953
1591760 959
1591770 963
1591780 963
1591790 963
1591800 959
1591810 959
1591820 955
1591830 953
1591840 953
1591850 951
1591860 952
1591870 952
1591880 954
1591890 956
1591900 956
1591910 958
1591920 960
1591930 960
1591940 961
1591950 963
1591960 963
1591970 965
1591980 964
1591990 964
1592000 963
1592010 961
1592020 961
1592030 958
1592040 955
1592050 955
1592060 952
1592070 950
1592080 950
1592090 950
1592100 951
1592110 951
1592120 955
1592130 960
1592140 960
1592150 963
1592160 965
1592170 965
1592180 967
1592190 970
1592200 970
1592210 973
1592220 975
1592230 975
1592240 978
1592250 980
1592260 980
1592270 984
1592280 987
1592290 990
1592300 995
1592310 999
1592320 1003
1592330 1003
1592340 1004
1592350 1001
1592360 1001
1592370 995
1592380 988
1592390 988
1592400 982
1592410 975
1592420 975
1592430 970
1592440 963
1592450 963
1592460 955
1592470 950
1592480 950
1592490 946
1592500 939
1592510 939
1592520 932
1592530 926
1592540 926
1592550 921
1592560 918
1592570 918
1592580 915
1592590 908
1592600 908
1592610 901
1592620 894
1592630 894
1592640 891
1592650 892
1592660 892
1592670 891
1592680 888
1592690 888
1592700 883
1592710 877
1592720 877
1592730 871
1592740 867
1592750 867
1592760 862
1592770 860
1592780 860
1592790 858
1592800 854
1592810 854
1592820 851
1592830 848
1592840 848
1592850 847
1592860 848
1592870 848
1592880 850
1592890 853
1592900 855
1592910 855
1592920 857
1592930 857
1592940 857
1592950 856
1592960 852
1592970 852
1592980 847
1592990 841
1593000 841
1593010 834
1593020 828
1593030 828
1593040 821
1593050 814
1593060 814
1593070 807
1593080 801
1593090 801
1593100 796
1593110 792
1593120 792
1593130 789
1593140 786
1593150 786
1593160 781
1593170 776
1593180 776
1593190 771
1593200 764
1593210 764
1593220 758
1593230 755
1593240 755
1593250 756
1593260 756
1593270 756
1593280 754
1593290 753
1593300 753
1593310 751
1593320 748
1593330 748
1593340 742
1593350 740
1593360 740
1593370 743
1593380 745
1593390 745
1593400 744
1593410 742
1593420 742
1593430 742
1593440 747
1593450 747
1593460 754
1593470 762
1593480 762
1593490 769
1593500 775
1593510 775
1593520 777
1593530 772
1593540 765
1593550 765
1593560 759
1593570 752
1593580 752
1593590 745
1593600 742
1593610 742
1593620 739
1593630 733
1593640 733
1593650 726
1593660 720
1593670 720
1593680 719
1593690 722
1593700 722
1593710 722
1593720 718
1593730 718
1593740 720
1593750 727
1593760 727
1593770 733
1593780 739
1593790 739
1593800 743
1593810 746
1593820 746
1593830 750
1593840 752
1593850 752
1593860 753
1593870 755
1593880 755
1593890 759
1593900 766
1593910 766
1593920 773
1593930 781
1593940 781
1593950 788
1593960 794
1593970 794
1593980 799
1593990 802
1594000 802
1594010 799
1594020 792
1594030 792
1594040 784
1594050 777
1594060 777
1594070 772
1594080 765
1594090 765
1594100 758
1594110 750
1594120 750
1594130 743
1594140 735
1594150 727
1594160 727
1594170 719
1594180 712
1594190 712
1594200 707
1594210 707
1594220 707
1594230 710
1594240 712
1594250 712
1594260 711
1594270 709
1594280 709
1594290 705
1594300 703
1594310 703
1594320 703
1594330 703
1594340 703
1594350 703
1594360 703
1594370 703
1594380 702
1594390 703
1594400 703
1594410 707
1594420 713
1594430 713
1594440 719
1594450 724
1594460 724
1594470 729
1594480 733
1594490 733
1594500 738
1594510 743
1594520 743
1594530 748
1594540 752
1594550 752
1594560 757
1594570 762
1594580 762
1594590 768
1594600 774
1594610 774
1594620 780
1594630 786
1594640 786
1594650 793
1594660 799
1594670 802
1594680 807
1594690 809
1594700 809
1594710 811
1594720 810
1594730 810
1594740 808
1594750 803
1594760 803
1594770 798
1594780 794
1594790 789
1594800 789
1594810 785
1594820 781
1594830 781
1594840 778
1594850 774
1594860 774
1594870 769
1594880 764
1594890 764
1594900 759
1594910 753
1594920 753
1594930 747
1594940 743
1594950 743
1594960 739
1594970 732
1594980 732
1594990 723
1595000 715
1595010 715
1595020 707
1595030 700
1595040 700
1595050 693
1595060 687
1595070 687
1595080 682
1595090 675
1595100 675
1595110 669
1595120 662
1595130 662
1595140 655
1595150 649
1595160 649
1595170 644
1595180 639
1595190 639
1595200 634
1595210 629
1595220 629
1595230 624
1595240 619
1595250 619
1595260 612
1595270 606
1595280 606
1595290 600
1595300 594
1595310 594
1595320 590
1595330 588
1595340 588
1595350 591
1595360 595
1595370 595
1595380 596
1595390 595
1595400 595
1595410 595
1595420 596
1595430 597
1595440 597
1595450 600
1595460 602
1595470 602
1595480 604
1595490 607
1595500 607
1595510 613
1595520 620
1595530 620
1595540 622
1595550 622
1595560 622
1595570 623
1595580 632
1595590 632
1595600 639
1595610 641
1595620 641
1595630 636
1595640 632
1595650 632
1595660 629
1595670 621
1595680 621
1595690 613
1595700 608
1595710 608
1595720 607
1595730 604
1595740 604
1595750 596
1595760 587
1595770 587
1595780 581
1595790 578
1595800 578
1595810 575
1595820 573
1595830 580
1595840 576
1595850 571
1595860 571
1595870 567
1595880 564
1595890 564
1595900 562
1595910 558
1595920 558
1595930 554
1595940 551
1595950 551
1595960 548
1595970 545
1595980 545
1595990 542
1596000 539
1596010 536
1596020 536
1596030 534
1596040 532
1596050 532
1596060 530
1596070 527
1596080 527
1596090 523
1596100 519
1596110 519
1596120 517
1596130 515
1596140 515
1596150 514
1596160 511
1596170 511
1596180 507
1596190 502
1596200 502
1596210 498
1596220 496
1596230 496
1596240 494
1596250 493
1596260 493
1596270 493
1596280 493
1596290 493
1596300 493
1596310 492
1596320 492
1596330 492
1596340 492
1596350 492
1596360 492
1596370 492
1596380 492
1596390 494
1596400 499
1596410 499
1596420 504
1596430 508
1596440 508
1596450 511
1596460 512
1596470 512
1596480 509
1596490 504
1596500 504
1596510 500
1596520 499
1596530 499
1596540 498
1596550 499
1596560 499
1596570 499
1596580 498
1596590 498
1596600 498
1596610 498
1596620 498
1596630 497
1596640 497
1596650 496
1596660 496
1596670 496
1596680 496
1596690 496
1596700 495
1596710 493
1596720 493
1596730 492
1596740 492
1596750 492
1596760 492
1596770 492
1596780 492
1596790 492
1596800 492
1596810 492
1596820 492
1596830 492
1596840 492
1596850 493
1596860 493
1596870 493
1596880 493
1596890 493
1596900 493
1596910 494
1596920 494
1596930 494
1596940 494
1596950 494
1596960 494
1596970 494
1596980 494
1596990 494
1597000 494
1597010 494
1597020 494
1597030 494
1597040 493
1597050 493
1597060 493
1597070 493
1597080 493
1597090 492
1597100 494
1597110 494
1597120 495
1597130 496
1597140 496
1597150 495
1597160 495
1597170 495
1597180 495
1597190 495
1597200 495
1597210 496
1597220 496
1597230 496
1597240 496
1597250 496
1597260 496
1597270 496
1597280 495
1597290 495
1597300 495
1597310 496
1597320 496
1597330 496
1597340 496
1597350 496
1597360 496
1597370 496
1597380 496
1597390 496
1597400 496
1597410 496
1597420 496
1597430 496
1597440 497
1597450 497
1597460 497
1597470 497
1597480 497
1597490 497
1597500 497
1597510 497
1597520 497
1597530 497
1597540 497
1597550 498
1597560 499
1597570 499
1597580 499
1597590 499
1597600 499
1597610 500
1597620 504
1597630 504
1597640 509
1597650 515
1597660 515
1597670 521
1597680 526
1597690 526
1597700 525
1597710 523
1597720 523
1597730 526
1597740 529
1597750 529
1597760 530
1597770 531
1597780 531
1597790 534
1597800 537
1597810 537
1597820 540
1597830 542
1597840 542
1597850 544
1597860 545
1597870 545
1597880 547
1597890 550
1597900 554
1597910 554
1597920 558
1597930 563
1597940 563
1597950 568
1597960 572
1597970 572
1597980 575
1597990 578
1598000 578
1598010 581
1598020 582
1598030 582
1598040 582
1598050 580
1598060 580
1598070 580
1598080 580
1598090 580
1598100 579
1598110 576
1598120 581
1598130 578
1598140 575
1598150 575
1598160 572
1598170 571
1598180 571
1598190 571
1598200 572
1598210 572
1598220 573
1598230 575
1598240 575
1598250 579
1598260 583
1598270 583
1598280 587
1598290 591
1598300 591
1598310 594
1598320 598
1598330 598
1598340 602
1598350 606
1598360 606
1598370 609
1598380 613
1598390 613
1598400 618
1598410 622
1598420 622
1598430 626
1598440 630
1598450 630
1598460 635
1598470 640
1598480 640
1598490 645
1598500 651
1598510 658
1598520 658
1598530 664
1598540 670
1598550 670
1598560 676
1598570 682
1598580 682
1598590 688
1598600 693
1598610 693
1598620 697
1598630 699
1598640 699
1598650 701
1598660 698
1598670 698
1598680 693
1598690 690
1598700 690
1598710 688
1598720 683
1598730 683
1598740 677
1598750 672
1598760 672
1598770 667
1598780 664
1598790 664
1598800 662
1598810 661
1598820 661
1598830 661
1598840 665
1598850 665
1598860 671
1598870 677
1598880 677
1598890 683
1598900 688
1598910 688
1598920 692
1598930 695
1598940 695
1598950 697
1598960 697
1598970 697
1598980 697
1598990 697
1599000 697
1599010 695
1599020 694
1599030 694
1599040 693
1599050 691
1599060 691
1599070 689
1599080 685
1599090 685
1599100 681
1599110 677
1599120 673
1599130 673
1599140 666
1599150 659
1599160 659
1599170 657
1599180 658
1599190 658
1599200 658
1599210 660
1599220 660
1599230 664
1599240 669
1599250 675
1599260 679
1599270 685
1599280 685
1599290 690
1599300 691
1599310 691
1599320 691
1599330 688
1599340 688
1599350 684
1599360 679
1599370 679
1599380 674
1599390 668
1599400 668
1599410 664
1599420 662
1599430 662
1599440 659
1599450 656
1599460 656
1599470 656
1599480 659
1599490 659
1599500 660
1599510 656
1599520 656
1599530 650
1599540 647
1599550 647
1599560 646
1599570 647
1599580 647
1599590 651
1599600 654
1599610 654
1599620 655
1599630 653
1599640 653
1599650 650
1599660 646
1599670 646
1599680 642
1599690 638
1599700 638
1599710 635
1599720 634
1599730 634
1599740 634
1599750 634
1599760 633
1599770 633
1599780 632
1599790 631
1599800 631
1599810 631
1599820 632
1599830 632
1599840 632
1599850 633
1599860 633
1599870 635
1599880 637
1599890 637
1599900 638
1599910 639
1599920 639
1599930 640
1599940 641
1599950 641
1599960 642
1599970 644
1599980 644
1599990 645
