1580000 794
1580010 800
1580020 800
1580030 806
1580040 813
1580050 813
1580060 820
1580070 827
1580080 827
1580090 833
1580100 839
1580110 839
1580120 844
1580130 850
1580140 855
1580150 855
1580160 861
1580170 867
1580180 867
1580190 872
1580200 877
1580210 877
1580220 881
1580230 883
1580240 883
1580250 885
1580260 887
1580270 887
1580280 888
1580290 889
1580300 889
1580310 888
1580320 886
1580330 886
1580340 885
1580350 884
1580360 884
1580370 882
1580380 881
1580390 881
1580400 879
1580410 876
1580420 876
1580430 873
1580440 871
1580450 871
1580460 868
1580470 865
1580480 865
1580490 863
1580500 859
1580510 859
1580520 856
1580530 852
1580540 852
1580550 849
1580560 845
1580570 845
1580580 842
1580590 839
1580600 839
1580610 835
1580620 832
1580630 832
1580640 829
1580650 826
1580660 826
1580670 823
1580680 820
1580690 820
1580700 817
1580710 815
1580720 815
1580730 812
1580740 809
1580750 809
1580760 806
1580770 803
1580780 803
1580790 800
1580800 798
1580810 796
1580820 796
1580830 795
1580840 793
1580850 793
1580860 791
1580870 789
1580880 789
1580890 786
1580900 783
1580910 783
1580920 780
1580930 777
1580940 777
1580950 774
1580960 769
1580970 769
1580980 764
1580990 758
1581000 758
1581010 752
1581020 746
1581030 746
1581040 739
1581050 733
1581060 733
1581070 727
1581080 720
1581090 720
1581100 712
1581110 703
1581120 703
1581130 696
1581140 690
1581150 690
1581160 687
1581170 684
1581180 684
1581190 686
1581200 683
1581210 683
1581220 679
1581230 676
1581240 676
1581250 672
1581260 668
1581270 668
1581280 664
1581290 659
1581300 659
1581310 655
1581320 651
1581330 651
1581340 647
1581350 641
1581360 641
1581370 634
1581380 627
1581390 627
1581400 621
1581410 611
1581420 611
1581430 603
1581440 594
1581450 590
1581460 590
1581470 597
1581480 605
1581490 605
1581500 612
1581510 615
1581520 615
1581530 615
1581540 615
1581550 615
1581560 620
1581570 624
1581580 624
1581590 629
1581600 634
1581610 634
1581620 638
1581630 642
1581640 642
1581650 644
1581660 644
1581670 644
1581680 645
1581690 644
1581700 644
1581710 645
1581720 648
1581730 648
1581740 650
1581750 652
1581760 652
1581770 654
1581780 657
1581790 657
1581800 660
1581810 664
1581820 664
1581830 669
1581840 672
1581850 672
1581860 674
1581870 675
1581880 675
1581890 674
1581900 672
1581910 672
1581920 669
1581930 666
1581940 666
1581950 662
1581960 656
1581970 656
1581980 650
1581990 646
1582000 646
1582010 643
1582020 640
1582030 640
1582040 637
1582050 635
1582060 635
1582070 632
1582080 629
1582090 629
1582100 627
1582110 626
1582120 624
1582130 624
1582140 619
1582150 616
1582160 616
1582170 614
1582180 611
1582190 611
1582200 607
1582210 603
1582220 603
1582230 599
1582240 596
1582250 596
1582260 593
1582270 591
1582280 591
1582290 589
1582300 588
1582310 588
1582320 586
1582330 583
1582340 583
1582350 581
1582360 579
1582370 579
1582380 576
1582390 571
1582400 571
1582410 563
1582420 557
1582430 557
1582440 553
1582450 549
1582460 549
1582470 547
1582480 544
1582490 544
1582500 540
1582510 533
1582520 528
1582530 521
1582540 515
1582550 515
1582560 509
1582570 504
1582580 504
1582590 497
1582600 491
1582610 491
1582620 488
1582630 488
1582640 488
1582650 491
1582660 494
1582670 494
1582680 499
1582690 501
1582700 501
1582710 498
1582720 499
1582730 499
1582740 504
1582750 509
1582760 509
1582770 512
1582780 515
1582790 517
1582800 517
1582810 520
1582820 523
1582830 523
1582840 525
1582850 528
1582860 528
1582870 534
1582880 539
1582890 539
1582900 540
1582910 541
1582920 541
1582930 545
1582940 549
1582950 549
1582960 552
1582970 553
1582980 553
1582990 554
1583000 553
1583010 553
1583020 552
1583030 550
1583040 550
1583050 548
1583060 546
1583070 546
1583080 544
1583090 541
1583100 541
1583110 537
1583120 533
1583130 533
1583140 528
1583150 523
1583160 523
1583170 516
1583180 507
1583190 507
1583200 499
1583210 492
1583220 492
1583230 486
1583240 479
1583250 479
1583260 472
1583270 466
1583280 466
1583290 459
1583300 453
1583310 453
1583320 447
1583330 443
1583340 443
1583350 439
1583360 435
1583370 435
1583380 431
1583390 428
1583400 428
1583410 427
1583420 426
1583430 426
1583440 426
1583450 426
1583460 426
1583470 426
1583480 425
1583490 425
1583500 425
1583510 425
1583520 424
1583530 424
1583540 423
1583550 422
1583560 422
1583570 418
1583580 414
1583590 414
1583600 411
1583610 409
1583620 409
1583630 408
1583640 408
1583650 408
1583660 408
1583670 404
1583680 404
1583690 394
1583700 389
1583710 389
1583720 387
1583730 388
1583740 388
1583750 387
1583760 386
1583770 386
1583780 383
1583790 383
1583800 383
1583810 383
1583820 383
1583830 383
1583840 385
1583850 386
1583860 386
1583870 386
1583880 385
1583890 385
1583900 385
1583910 389
1583920 389
1583930 394
1583940 397
1583950 397
1583960 397
1583970 396
1583980 396
1583990 393
1584000 392
1584010 392
1584020 392
1584030 393
1584040 393
1584050 393
1584060 394
1584070 394
1584080 396
1584090 400
1584100 400
1584110 400
1584120 402
1584130 405
1584140 405
1584150 408
1584160 413
1584170 413
1584180 415
1584190 419
1584200 419
1584210 420
1584220 420
1584230 420
1584240 421
1584250 421
1584260 421
1584270 420
1584280 420
1584290 420
1584300 420
1584310 420
1584320 420
1584330 419
1584340 419
1584350 419
1584360 420
1584370 419
1584380 419
1584390 419
1584400 417
1584410 417
1584420 414
1584430 411
1584440 411
1584450 407
1584460 405
1584470 405
1584480 403
1584490 402
1584500 402
1584510 402
1584520 403
1584530 403
1584540 404
1584550 405
1584560 405
1584570 407
1584580 410
1584590 410
1584600 412
1584610 415
1584620 415
1584630 418
1584640 419
1584650 419
1584660 419
1584670 418
1584680 418
1584690 418
1584700 418
1584710 418
1584720 418
1584730 418
1584740 418
1584750 418
1584760 418
1584770 418
1584780 418
1584790 418
1584800 418
1584810 418
1584820 418
1584830 419
1584840 419
1584850 420
1584860 422
1584870 422
1584880 424
1584890 426
1584900 426
1584910 427
1584920 427
1584930 427
1584940 427
1584950 427
1584960 427
1584970 427
1584980 427
1584990 427
1585000 427
1585010 428
1585020 428
1585030 431
1585040 435
1585050 435
1585060 439
1585070 441
1585080 441
1585090 443
1585100 445
1585110 444
1585120 446
1585130 448
1585140 448
1585150 451
1585160 454
1585170 454
1585180 457
1585190 460
1585200 460
1585210 461
1585220 463
1585230 463
1585240 464
1585250 466
1585260 466
1585270 469
1585280 471
1585290 471
1585300 473
1585310 476
1585320 476
1585330 479
1585340 483
1585350 483
1585360 487
1585370 491
1585380 491
1585390 494
1585400 495
1585410 495
1585420 497
1585430 499
1585440 501
1585450 501
1585460 502
1585470 503
1585480 503
1585490 504
1585500 505
1585510 505
1585520 506
1585530 507
1585540 507
1585550 508
1585560 509
1585570 509
1585580 510
1585590 511
1585600 511
1585610 513
1585620 515
1585630 515
1585640 517
1585650 519
1585660 519
1585670 521
1585680 523
1585690 523
1585700 525
1585710 527
1585720 527
1585730 528
1585740 529
1585750 529
1585760 531
1585770 531
1585780 531
1585790 532
1585800 533
1585810 533
1585820 533
1585830 533
1585840 533
1585850 533
1585860 532
1585870 532
1585880 531
1585890 530
1585900 530
1585910 530
1585920 530
1585930 530
1585940 530
1585950 530
1585960 530
1585970 531
1585980 531
1585990 531
1586000 532
1586010 533
1586020 533
1586030 533
1586040 534
1586050 534
1586060 534
1586070 532
1586080 532
1586090 529
1586100 531
1586110 535
1586120 535
1586130 538
1586140 538
1586150 538
1586160 538
1586170 538
1586180 538
1586190 538
1586200 540
1586210 540
1586220 542
1586230 544
1586240 544
1586250 546
1586260 547
1586270 547
1586280 548
1586290 549
1586300 549
1586310 550
1586320 551
1586330 551
1586340 551
1586350 552
1586360 552
1586370 552
1586380 552
1586390 548
1586400 549
1586410 549
1586420 549
1586430 549
1586440 549
1586450 549
1586460 550
1586470 551
1586480 551
1586490 551
1586500 552
1586510 552
1586520 552
1586530 553
1586540 553
1586550 554
1586560 555
1586570 555
1586580 556
1586590 557
1586600 557
1586610 559
1586620 559
1586630 559
1586640 559
1586650 558
1586660 558
1586670 558
1586680 558
1586690 558
1586700 558
1586710 558
1586720 558
1586730 558
1586740 558
1586750 558
1586760 557
1586770 556
1586780 554
1586790 554
1586800 553
1586810 551
1586820 551
1586830 550
1586840 548
1586850 548
1586860 546
1586870 543
1586880 543
1586890 538
1586900 535
1586910 535
1586920 534
1586930 531
1586940 531
1586950 528
1586960 528
1586970 528
1586980 531
1586990 533
1587000 533
1587010 534
1587020 533
1587030 533
1587040 529
1587050 527
1587060 527
1587070 528
1587080 527
1587090 527
1587100 526
1587110 525
1587120 525
1587130 525
1587140 524
1587150 524
1587160 522
1587170 520
1587180 520
1587190 520
1587200 519
1587210 519
1587220 518
1587230 516
1587240 516
1587250 515
1587260 514
1587270 514
1587280 514
1587290 513
1587300 513
1587310 512
1587320 510
1587330 510
1587340 508
1587350 507
1587360 507
1587370 506
1587380 504
1587390 504
1587400 504
1587410 503
1587420 503
1587430 502
1587440 501
1587450 500
1587460 500
1587470 499
1587480 498
1587490 498
1587500 497
1587510 495
1587520 495
1587530 493
1587540 491
1587550 491
1587560 490
1587570 489
1587580 489
1587590 488
1587600 485
1587610 485
1587620 484
1587630 483
1587640 483
1587650 479
1587660 478
1587670 478
1587680 476
1587690 474
1587700 474
1587710 473
1587720 472
1587730 472
1587740 471
1587750 471
1587760 471
1587770 470
1587780 469
1587790 469
1587800 468
1587810 466
1587820 466
1587830 466
1587840 466
1587850 466
1587860 468
1587870 470
1587880 470
1587890 473
1587900 474
1587910 474
1587920 476
1587930 478
1587940 478
1587950 481
1587960 483
1587970 483
1587980 486
1587990 490
1588000 490
1588010 493
1588020 495
1588030 495
1588040 494
1588050 493
1588060 493
1588070 493
1588080 493
1588090 493
1588100 492
1588110 492
1588120 490
1588130 490
1588140 487
1588150 482
1588160 482
1588170 478
1588180 475
1588190 475
1588200 473
1588210 472
1588220 472
1588230 471
1588240 469
1588250 469
1588260 467
1588270 466
1588280 466
1588290 466
1588300 466
1588310 466
1588320 467
1588330 467
1588340 467
1588350 468
1588360 467
1588370 467
1588380 462
1588390 458
1588400 458
1588410 456
1588420 456
1588430 456
1588440 456
1588450 456
1588460 456
1588470 456
1588480 456
1588490 456
1588500 456
1588510 457
1588520 457
1588530 458
1588540 459
1588550 459
1588560 461
1588570 464
1588580 464
1588590 467
1588600 471
1588610 471
1588620 476
1588630 480
1588640 480
1588650 484
1588660 488
1588670 488
1588680 491
1588690 493
1588700 493
1588710 494
1588720 495
1588730 495
1588740 496
1588750 499
1588760 502
1588770 502
1588780 504
1588790 505
1588800 505
1588810 507
1588820 510
1588830 510
1588840 514
1588850 516
1588860 516
1588870 519
1588880 522
1588890 518
1588900 522
1588910 526
1588920 526
1588930 529
1588940 532
1588950 532
1588960 535
1588970 538
1588980 538
1588990 541
1589000 544
1589010 544
1589020 548
1589030 551
1589040 551
1589050 554
1589060 557
1589070 557
1589080 561
1589090 564
1589100 564
1589110 568
1589120 571
1589130 571
1589140 576
1589150 579
1589160 579
1589170 580
1589180 580
1589190 580
1589200 580
1589210 584
1589220 584
1589230 589
1589240 594
1589250 594
1589260 599
1589270 602
1589280 602
1589290 606
1589300 610
1589310 610
1589320 614
1589330 618
1589340 618
1589350 623
1589360 627
1589370 627
1589380 630
1589390 634
1589400 634
1589410 639
1589420 644
1589430 648
1589440 648
1589450 652
1589460 655
1589470 655
1589480 656
1589490 656
1589500 656
1589510 657
1589520 661
1589530 661
1589540 667
1589550 673
1589560 673
1589570 678
1589580 683
1589590 683
1589600 688
1589610 693
1589620 693
1589630 697
1589640 701
1589650 701
1589660 703
1589670 703
1589680 703
1589690 705
1589700 710
1589710 710
1589720 716
1589730 722
1589740 722
1589750 728
1589760 732
1589770 732
1589780 737
1589790 741
1589800 741
1589810 745
1589820 748
1589830 748
1589840 752
1589850 755
1589860 755
1589870 757
1589880 758
1589890 758
1589900 758
1589910 759
1589920 759
1589930 761
1589940 765
1589950 765
1589960 770
1589970 776
1589980 776
1589990 782
1590000 789
1590010 789
1590020 795
1590030 801
1590040 801
1590050 807
1590060 812
1590070 812
1590080 816
1590090 818
1590100 820
1590110 820
1590120 815
1590130 816
1590140 816
1590150 817
1590160 817
1590170 817
1590180 817
1590190 817
1590200 817
1590210 817
1590220 817
1590230 817
1590240 816
1590250 816
1590260 816
1590270 816
1590280 816
1590290 816
1590300 817
1590310 817
1590320 817
1590330 817
1590340 817
1590350 817
1590360 816
1590370 815
1590380 815
1590390 812
1590400 808
1590410 808
1590420 802
1590430 795
1590440 795
1590450 788
1590460 784
1590470 784
1590480 781
1590490 779
1590500 779
1590510 776
1590520 769
1590530 769
1590540 766
1590550 768
1590560 768
1590570 771
1590580 773
1590590 773
1590600 777
1590610 781
1590620 781
1590630 784
1590640 787
1590650 787
1590660 789
1590670 791
1590680 791
1590690 792
1590700 792
1590710 792
1590720 792
1590730 791
1590740 791
1590750 789
1590760 788
1590770 787
1590780 787
1590790 785
1590800 783
1590810 783
1590820 782
1590830 780
1590840 780
1590850 777
1590860 772
1590870 772
1590880 764
1590890 755
1590900 755
1590910 746
1590920 743
1590930 743
1590940 748
1590950 751
1590960 751
1590970 752
1590980 752
1590990 752
1591000 751
1591010 749
1591020 749
1591030 746
1591040 742
1591050 742
1591060 738
1591070 738
1591080 738
1591090 742
1591100 746
1591110 746
1591120 750
1591130 754
1591140 754
1591150 756
1591160 758
1591170 758
1591180 760
1591190 760
1591200 760
1591210 760
1591220 759
1591230 759
1591240 754
1591250 749
1591260 749
1591270 745
1591280 741
1591290 741
1591300 736
1591310 729
1591320 729
1591330 721
1591340 712
1591350 712
1591360 707
1591370 704
1591380 704
1591390 702
1591400 705
1591410 705
1591420 710
1591430 714
1591440 721
1591450 721
1591460 728
1591470 735
1591480 735
1591490 742
1591500 748
1591510 748
1591520 753
1591530 758
1591540 758
1591550 764
1591560 769
1591570 769
1591580 774
1591590 778
1591600 778
1591610 783
1591620 787
1591630 787
1591640 791
1591650 795
1591660 795
1591670 798
1591680 802
1591690 802
1591700 805
1591710 807
1591720 807
1591730 809
1591740 811
1591750 811
1591760 812
1591770 814
1591780 814
1591790 815
1591800 816
1591810 816
1591820 816
1591830 816
1591840 816
1591850 816
1591860 815
1591870 815
1591880 813
1591890 810
1591900 810
1591910 807
1591920 804
1591930 804
1591940 801
1591950 798
1591960 798
1591970 796
1591980 793
1591990 793
1592000 787
1592010 781
1592020 781
1592030 776
1592040 773
1592050 773
1592060 770
1592070 770
1592080 770
1592090 774
1592100 777
1592110 779
1592120 779
1592130 781
1592140 782
1592150 782
1592160 782
1592170 783
1592180 783
1592190 783
1592200 783
1592210 783
1592220 783
1592230 783
1592240 783
1592250 783
1592260 781
1592270 781
1592280 779
1592290 775
1592300 775
1592310 768
1592320 763
1592330 763
1592340 759
1592350 756
1592360 756
1592370 756
1592380 761
1592390 761
1592400 765
1592410 770
1592420 770
1592430 774
1592440 777
1592450 777
1592460 777
1592470 774
1592480 774
1592490 771
1592500 768
1592510 768
1592520 764
1592530 759
1592540 754
1592550 750
1592560 745
1592570 745
1592580 741
1592590 738
1592600 738
1592610 734
1592620 728
1592630 728
1592640 723
1592650 720
1592660 720
1592670 717
1592680 715
1592690 715
1592700 712
1592710 708
1592720 708
1592730 705
1592740 702
1592750 702
1592760 698
1592770 695
1592780 692
1592790 692
1592800 690
1592810 688
1592820 688
1592830 686
1592840 685
1592850 685
1592860 683
1592870 680
1592880 680
1592890 677
1592900 675
1592910 675
1592920 675
1592930 674
1592940 674
1592950 673
1592960 672
1592970 672
1592980 670
1592990 668
1593000 668
1593010 666
1593020 664
1593030 664
1593040 662
1593050 660
1593060 660
1593070 658
1593080 653
1593090 653
1593100 645
1593110 638
1593120 638
1593130 633
1593140 631
1593150 631
1593160 631
1593170 632
1593180 632
1593190 633
1593200 636
1593210 636
1593220 638
1593230 641
1593240 641
1593250 642
1593260 644
1593270 644
1593280 645
1593290 645
1593300 645
1593310 644
1593320 639
1593330 639
1593340 632
1593350 625
1593360 625
1593370 619
1593380 613
1593390 613
1593400 607
1593410 604
1593420 602
1593430 602
1593440 602
1593450 603
1593460 603
1593470 606
1593480 609
1593490 609
1593500 612
1593510 614
1593520 614
1593530 615
1593540 615
1593550 615
1593560 613
1593570 610
1593580 610
1593590 608
1593600 606
1593610 606
1593620 604
1593630 602
1593640 602
1593650 601
1593660 599
1593670 599
1593680 597
1593690 593
1593700 593
1593710 588
1593720 583
1593730 583
1593740 578
1593750 571
1593760 571
1593770 566
1593780 560
1593790 560
1593800 555
1593810 552
1593820 552
1593830 550
1593840 550
1593850 550
1593860 549
1593870 548
1593880 548
1593890 548
1593900 548
1593910 548
1593920 547
1593930 548
1593940 548
1593950 548
1593960 548
1593970 548
1593980 548
1593990 547
1594000 547
1594010 547
1594020 547
1594030 547
1594040 547
1594050 547
1594060 547
1594070 547
1594080 546
1594090 545
1594100 545
1594110 544
1594120 543
1594130 543
1594140 543
1594150 542
1594160 542
1594170 542
1594180 542
1594190 542
1594200 542
1594210 542
1594220 542
1594230 542
1594240 541
1594250 541
1594260 540
1594270 539
1594280 539
1594290 537
1594300 535
1594310 535
1594320 533
1594330 531
1594340 531
1594350 528
1594360 526
1594370 526
1594380 523
1594390 520
1594400 520
1594410 516
1594420 511
1594430 511
1594440 504
1594450 498
1594460 498
1594470 491
1594480 485
1594490 485
1594500 480
1594510 475
1594520 475
1594530 471
1594540 469
1594550 469
1594560 468
1594570 468
1594580 468
1594590 468
1594600 468
1594610 468
1594620 467
1594630 467
1594640 467
1594650 466
1594660 466
1594670 466
1594680 466
1594690 466
1594700 466
1594710 466
1594720 466
1594730 466
1594740 466
1594750 466
1594760 466
1594770 466
1594780 466
1594790 466
1594800 466
1594810 466
1594820 466
1594830 466
1594840 466
1594850 466
1594860 466
1594870 464
1594880 458
1594890 458
1594900 451
1594910 451
1594920 451
1594930 456
1594940 463
1594950 463
1594960 468
1594970 475
1594980 475
1594990 482
1595000 487
1595010 487
1595020 491
1595030 494
1595040 494
1595050 495
1595060 496
1595070 496
1595080 497
1595090 498
1595100 498
1595110 499
1595120 499
1595130 499
1595140 499
1595150 500
1595160 500
1595170 500
1595180 499
1595190 499
1595200 498
1595210 497
1595220 497
1595230 495
1595240 494
1595250 494
1595260 492
1595270 491
1595280 491
1595290 490
1595300 490
1595310 490
1595320 491
1595330 491
1595340 491
1595350 491
1595360 490
1595370 490
1595380 489
1595390 488
1595400 488
1595410 489
1595420 489
1595430 488
1595440 488
1595450 488
1595460 489
1595470 489
1595480 488
1595490 488
1595500 488
1595510 488
1595520 489
1595530 489
1595540 490
1595550 491
1595560 491
1595570 492
1595580 492
1595590 492
1595600 491
1595610 491
1595620 491
1595630 492
1595640 493
1595650 493
1595660 494
1595670 495
1595680 495
1595690 495
1595700 496
1595710 496
1595720 496
1595730 497
1595740 497
1595750 497
1595760 498
1595770 498
1595780 499
1595790 500
1595800 500
1595810 501
1595820 501
1595830 501
1595840 502
1595850 502
1595860 502
1595870 503
1595880 503
1595890 503
1595900 504
1595910 505
1595920 505
1595930 506
1595940 507
1595950 507
1595960 507
1595970 509
1595980 509
1595990 510
1596000 512
1596010 512
1596020 513
1596030 513
1596040 513
1596050 513
1596060 519
1596070 519
1596080 520
1596090 520
1596100 522
1596110 522
1596120 523
1596130 525
1596140 525
1596150 526
1596160 527
1596170 527
1596180 528
1596190 530
1596200 530
1596210 531
1596220 532
1596230 532
1596240 532
1596250 532
1596260 532
1596270 532
1596280 532
1596290 532
1596300 532
1596310 532
1596320 532
1596330 532
1596340 533
1596350 533
1596360 533
1596370 534
1596380 534
1596390 536
1596400 536
1596410 536
1596420 537
1596430 537
1596440 537
1596450 537
1596460 538
1596470 538
1596480 538
1596490 539
1596500 539
1596510 539
1596520 540
1596530 540
1596540 539
1596550 538
1596560 538
1596570 539
1596580 543
1596590 543
1596600 548
1596610 550
1596620 550
1596630 554
1596640 559
1596650 559
1596660 563
1596670 565
1596680 565
1596690 568
1596700 573
1596710 573
1596720 578
1596730 584
1596740 584
1596750 589
1596760 593
1596770 597
1596780 597
1596790 601
1596800 605
1596810 605
1596820 608
1596830 612
1596840 612
1596850 616
1596860 620
1596870 620
1596880 623
1596890 625
1596900 625
1596910 627
1596920 630
1596930 630
1596940 634
1596950 639
1596960 639
1596970 643
1596980 647
1596990 647
1597000 650
1597010 652
1597020 652
1597030 655
1597040 659
1597050 659
1597060 664
1597070 670
1597080 670
1597090 677
1597100 684
1597110 684
1597120 691
1597130 698
1597140 698
1597150 705
1597160 711
1597170 711
1597180 718
1597190 724
1597200 724
1597210 729
1597220 735
1597230 735
1597240 741
1597250 746
1597260 746
1597270 750
1597280 754
1597290 754
1597300 757
1597310 760
1597320 760
1597330 764
1597340 769
1597350 769
1597360 774
1597370 780
1597380 780
1597390 785
1597400 790
1597410 795
1597420 795
1597430 800
1597440 805
1597450 805
1597460 809
1597470 813
1597480 813
1597490 817
1597500 821
1597510 821
1597520 825
1597530 829
1597540 829
1597550 834
1597560 838
1597570 838
1597580 843
1597590 847
1597600 847
1597610 852
1597620 856
1597630 856
1597640 860
1597650 864
1597660 864
1597670 867
1597680 868
1597690 868
1597700 866
1597710 863
1597720 863
1597730 860
1597740 858
1597750 858
1597760 856
1597770 854
1597780 854
1597790 854
1597800 853
1597810 853
1597820 852
1597830 851
1597840 851
1597850 851
1597860 850
1597870 850
1597880 850
1597890 850
1597900 850
1597910 851
1597920 853
1597930 853
1597940 855
1597950 857
1597960 857
1597970 861
1597980 864
1597990 864
1598000 867
1598010 870
1598020 870
1598030 871
1598040 871
1598050 871
1598060 870
1598070 868
1598080 867
1598090 867
1598100 865
1598110 864
1598120 864
1598130 863
1598140 861
1598150 861
1598160 860
1598170 859
1598180 859
1598190 856
1598200 853
1598210 853
1598220 848
1598230 843
1598240 843
1598250 839
1598260 836
1598270 836
1598280 833
1598290 829
1598300 829
1598310 827
1598320 824
1598330 824
1598340 826
1598350 833
1598360 833
1598370 838
1598380 843
1598390 843
1598400 848
1598410 853
1598420 853
1598430 858
1598440 863
1598450 863
1598460 869
1598470 874
1598480 874
1598490 879
1598500 885
1598510 885
1598520 890
1598530 895
1598540 895
1598550 901
1598560 906
1598570 906
1598580 911
1598590 916
1598600 916
1598610 920
1598620 923
1598630 923
1598640 926
1598650 927
1598660 927
1598670 926
1598680 922
1598690 922
1598700 917
1598710 911
1598720 911
1598730 907
1598740 903
1598750 900
1598760 900
1598770 898
1598780 895
1598790 895
1598800 893
1598810 890
1598820 890
1598830 887
1598840 885
1598850 885
1598860 882
1598870 878
1598880 878
1598890 872
1598900 866
1598910 866
1598920 859
1598930 854
1598940 854
1598950 850
1598960 847
1598970 847
1598980 845
1598990 843
1599000 843
1599010 841
1599020 837
1599030 837
1599040 832
1599050 826
1599060 826
1599070 819
1599080 813
1599090 813
1599100 806
1599110 800
1599120 800
1599130 795
1599140 790
1599150 790
1599160 785
1599170 780
1599180 780
1599190 774
1599200 770
1599210 770
1599220 765
1599230 761
1599240 761
1599250 754
1599260 749
1599270 749
1599280 743
1599290 738
1599300 738
1599310 739
1599320 743
1599330 743
1599340 746
1599350 750
1599360 750
1599370 753
1599380 755
1599390 755
1599400 756
1599410 756
1599420 757
1599430 757
1599440 759
1599450 762
1599460 762
1599470 767
1599480 769
1599490 769
1599500 771
1599510 775
1599520 775
1599530 780
1599540 784
1599550 784
1599560 788
1599570 791
1599580 791
1599590 792
1599600 794
1599610 794
1599620 795
1599630 795
1599640 795
1599650 795
1599660 794
1599670 794
1599680 792
1599690 790
1599700 790
1599710 789
1599720 787
1599730 787
1599740 783
1599750 778
1599760 778
1599770 774
1599780 770
1599790 770
1599800 767
1599810 766
1599820 766
1599830 763
1599840 760
1599850 760
1599860 758
1599870 756
1599880 756
1599890 755
1599900 753
1599910 753
1599920 751
1599930 748
1599940 748
1599950 747
1599960 746
1599970 746
1599980 745
1599990 743
