1580000 799
1580010 799
1580020 800
1580030 801
1580040 801
1580050 803
1580060 804
1580070 804
1580080 805
1580090 807
1580100 807
1580110 808
1580120 811
1580130 811
1580140 812
1580150 812
1580160 812
1580170 812
1580180 812
1580190 812
1580200 811
1580210 811
1580220 811
1580230 810
1580240 810
1580250 810
1580260 810
1580270 811
1580280 811
1580290 812
1580300 812
1580310 812
1580320 810
1580330 805
1580340 805
1580350 799
1580360 792
1580370 792
1580380 784
1580390 776
1580400 776
1580410 769
1580420 761
1580430 761
1580440 754
1580450 747
1580460 747
1580470 740
1580480 733
1580490 733
1580500 726
1580510 719
1580520 713
1580530 713
1580540 708
1580550 702
1580560 702
1580570 697
1580580 693
1580590 693
1580600 687
1580610 681
1580620 681
1580630 674
1580640 668
1580650 668
1580660 661
1580670 655
1580680 655
1580690 649
1580700 643
1580710 643
1580720 636
1580730 629
1580740 629
1580750 621
1580760 614
1580770 614
1580780 607
1580790 600
1580800 600
1580810 594
1580820 588
1580830 588
1580840 582
1580850 581
1580860 581
1580870 581
1580880 581
1580890 581
1580900 585
1580910 590
1580920 590
1580930 596
1580940 601
1580950 601
1580960 606
1580970 611
1580980 611
1580990 617
1581000 623
1581010 623
1581020 629
1581030 635
1581040 635
1581050 641
1581060 647
1581070 647
1581080 653
1581090 660
1581100 660
1581110 666
1581120 672
1581130 672
1581140 678
1581150 684
1581160 684
1581170 690
1581180 695
1581190 695
1581200 701
1581210 706
1581220 706
1581230 710
1581240 713
1581250 714
1581260 714
1581270 712
1581280 710
1581290 710
1581300 707
1581310 703
1581320 703
1581330 700
1581340 697
1581350 697
1581360 694
1581370 692
1581380 692
1581390 689
1581400 685
1581410 685
1581420 682
1581430 679
1581440 679
1581450 677
1581460 674
1581470 674
1581480 671
1581490 669
1581500 669
1581510 667
1581520 665
1581530 665
1581540 663
1581550 662
1581560 662
1581570 662
1581580 663
1581590 663
1581600 664
1581610 666
1581620 666
1581630 668
1581640 670
1581650 670
1581660 672
1581670 674
1581680 674
1581690 677
1581700 680
1581710 680
1581720 684
1581730 689
1581740 689
1581750 694
1581760 700
1581770 700
1581780 706
1581790 711
1581800 711
1581810 716
1581820 722
1581830 722
1581840 727
1581850 733
1581860 733
1581870 738
1581880 744
1581890 744
1581900 749
1581910 754
1581920 754
1581930 760
1581940 765
1581950 771
1581960 771
1581970 776
1581980 783
1581990 783
1582000 789
1582010 794
1582020 794
1582030 800
1582040 805
1582050 805
1582060 810
1582070 815
1582080 815
1582090 820
1582100 824
1582110 824
1582120 829
1582130 833
1582140 833
1582150 837
1582160 841
1582170 841
1582180 845
1582190 849
1582200 849
1582210 853
1582220 857
1582230 857
1582240 862
1582250 867
1582260 867
1582270 867
1582280 861
1582290 861
1582300 852
1582310 843
1582320 843
1582330 835
1582340 827
1582350 827
1582360 820
1582370 814
1582380 814
1582390 806
1582400 797
1582410 797
1582420 790
1582430 785
1582440 785
1582450 780
1582460 775
1582470 775
1582480 768
1582490 761
1582500 761
1582510 755
1582520 749
1582530 751
1582540 746
1582550 741
1582560 741
1582570 736
1582580 731
1582590 731
1582600 726
1582610 721
1582620 721
1582630 716
1582640 711
1582650 711
1582660 708
1582670 704
1582680 698
1582690 698
1582700 694
1582710 691
1582720 691
1582730 687
1582740 683
1582750 683
1582760 680
1582770 679
1582780 679
1582790 678
1582800 677
1582810 677
1582820 675
1582830 671
1582840 671
1582850 667
1582860 662
1582870 662
1582880 656
1582890 651
1582900 651
1582910 646
1582920 643
1582930 643
1582940 639
1582950 635
1582960 635
1582970 631
1582980 625
1582990 625
1583000 620
1583010 613
1583020 613
1583030 606
1583040 599
1583050 599
1583060 594
1583070 587
1583080 587
1583090 580
1583100 573
1583110 573
1583120 567
1583130 560
1583140 560
1583150 554
1583160 549
1583170 549
1583180 544
1583190 539
1583200 539
1583210 535
1583220 531
1583230 531
1583240 526
1583250 522
1583260 522
1583270 518
1583280 514
1583290 514
1583300 511
1583310 507
1583320 507
1583330 503
1583340 499
1583350 499
1583360 495
1583370 493
1583380 490
1583390 490
1583400 488
1583410 484
1583420 484
1583430 481
1583440 478
1583450 478
1583460 476
1583470 474
1583480 474
1583490 473
1583500 472
1583510 472
1583520 472
1583530 471
1583540 471
1583550 470
1583560 468
1583570 468
1583580 466
1583590 464
1583600 464
1583610 463
1583620 462
1583630 462
1583640 461
1583650 459
1583660 459
1583670 456
1583680 455
1583690 455
1583700 453
1583710 451
1583720 451
1583730 449
1583740 448
1583750 448
1583760 446
1583770 444
1583780 444
1583790 443
1583800 441
1583810 441
1583820 439
1583830 437
1583840 437
1583850 434
1583860 433
1583870 433
1583880 430
1583890 428
1583900 428
1583910 427
1583920 426
1583930 426
1583940 424
1583950 423
1583960 423
1583970 423
1583980 421
1583990 421
1584000 416
1584010 409
1584020 409
1584030 402
1584040 397
1584050 397
1584060 393
1584070 392
1584080 392
1584090 390
1584100 391
1584110 392
1584120 392
1584130 393
1584140 393
1584150 393
1584160 393
1584170 393
1584180 393
1584190 394
1584200 396
1584210 396
1584220 398
1584230 397
1584240 397
1584250 395
1584260 393
1584270 393
1584280 392
1584290 391
1584300 391
1584310 389
1584320 388
1584330 388
1584340 385
1584350 383
1584360 383
1584370 382
1584380 382
1584390 382
1584400 382
1584410 381
1584420 381
1584430 381
1584440 383
1584450 383
1584460 386
1584470 388
1584480 388
1584490 386
1584500 385
1584510 385
1584520 382
1584530 381
1584540 381
1584550 382
1584560 384
1584570 384
1584580 391
1584590 399
1584600 399
1584610 405
1584620 405
1584630 405
1584640 404
1584650 405
1584660 405
1584670 405
1584680 403
1584690 403
1584700 399
1584710 394
1584720 394
1584730 389
1584740 384
1584750 384
1584760 376
1584770 374
1584780 374
1584790 371
1584800 372
1584810 372
1584820 370
1584830 370
1584840 372
1584850 372
1584860 381
1584870 394
1584880 394
1584890 399
1584900 400
1584910 400
1584920 400
1584930 400
1584940 400
1584950 400
1584960 400
1584970 400
1584980 400
1584990 401
1585000 401
1585010 402
1585020 405
1585030 405
1585040 408
1585050 408
1585060 408
1585070 408
1585080 407
1585090 407
1585100 407
1585110 407
1585120 407
1585130 407
1585140 407
1585150 407
1585160 407
1585170 407
1585180 407
1585190 407
1585200 407
1585210 407
1585220 407
1585230 407
1585240 407
1585250 407
1585260 407
1585270 407
1585280 407
1585290 407
1585300 407
1585310 406
1585320 406
1585330 406
1585340 407
1585350 408
1585360 408
1585370 409
1585380 410
1585390 410
1585400 411
1585410 411
1585420 411
1585430 412
1585440 414
1585450 414
1585460 415
1585470 417
1585480 417
1585490 420
1585500 425
1585510 425
1585520 429
1585530 431
1585540 433
1585550 433
1585560 433
1585570 434
1585580 434
1585590 435
1585600 436
1585610 436
1585620 437
1585630 439
1585640 439
1585650 440
1585660 441
1585670 441
1585680 442
1585690 443
1585700 443
1585710 442
1585720 442
1585730 442
1585740 441
1585750 440
1585760 440
1585770 438
1585780 436
1585790 436
1585800 434
1585810 430
1585820 430
1585830 426
1585840 421
1585850 421
1585860 418
1585870 418
1585880 418
1585890 418
1585900 417
1585910 417
1585920 417
1585930 417
1585940 417
1585950 417
1585960 417
1585970 417
1585980 418
1585990 418
1586000 418
1586010 419
1586020 421
1586030 421
1586040 421
1586050 418
1586060 418
1586070 417
1586080 418
1586090 418
1586100 418
1586110 417
1586120 417
1586130 417
1586140 417
1586150 417
1586160 417
1586170 421
1586180 421
1586190 432
1586200 438
1586210 438
1586220 440
1586230 442
1586240 442
1586250 444
1586260 446
1586270 448
1586280 448
1586290 451
1586300 454
1586310 454
1586320 457
1586330 460
1586340 460
1586350 463
1586360 466
1586370 466
1586380 469
1586390 473
1586400 476
1586410 480
1586420 484
1586430 484
1586440 488
1586450 491
1586460 491
1586470 496
1586480 500
1586490 500
1586500 504
1586510 509
1586520 509
1586530 513
1586540 517
1586550 517
1586560 522
1586570 526
1586580 526
1586590 530
1586600 534
1586610 534
1586620 540
1586630 546
1586640 546
1586650 552
1586660 559
1586670 559
1586680 567
1586690 575
1586700 575
1586710 579
1586720 582
1586730 582
1586740 587
1586750 592
1586760 592
1586770 596
1586780 601
1586790 601
1586800 604
1586810 606
1586820 606
1586830 607
1586840 608
1586850 608
1586860 609
1586870 609
1586880 609
1586890 610
1586900 610
1586910 610
1586920 610
1586930 611
1586940 611
1586950 611
1586960 612
1586970 612
1586980 612
1586990 612
1587000 612
1587010 612
1587020 615
1587030 625
1587040 625
1587050 638
1587060 646
1587070 646
1587080 652
1587090 665
1587100 665
1587110 675
1587120 678
1587130 678
1587140 686
1587150 690
1587160 690
1587170 692
1587180 696
1587190 696
1587200 701
1587210 707
1587220 707
1587230 715
1587240 723
1587250 723
1587260 729
1587270 734
1587280 734
1587290 739
1587300 744
1587310 744
1587320 747
1587330 750
1587340 750
1587350 754
1587360 758
1587370 758
1587380 762
1587390 767
1587400 767
1587410 772
1587420 776
1587430 776
1587440 781
1587450 786
1587460 786
1587470 791
1587480 796
1587490 796
1587500 801
1587510 805
1587520 805
1587530 809
1587540 813
1587550 813
1587560 818
1587570 822
1587580 822
1587590 827
1587600 831
1587610 831
1587620 834
1587630 837
1587640 837
1587650 840
1587660 849
1587670 849
1587680 853
1587690 857
1587700 861
1587710 861
1587720 864
1587730 865
1587740 865
1587750 865
1587760 865
1587770 865
1587780 864
1587790 862
1587800 862
1587810 860
1587820 859
1587830 859
1587840 857
1587850 857
1587860 857
1587870 858
1587880 857
1587890 857
1587900 857
1587910 856
1587920 856
1587930 855
1587940 854
1587950 854
1587960 853
1587970 852
1587980 852
1587990 853
1588000 851
1588010 851
1588020 849
1588030 847
1588040 847
1588050 845
1588060 845
1588070 845
1588080 845
1588090 846
1588100 846
1588110 847
1588120 848
1588130 848
1588140 847
1588150 845
1588160 845
1588170 845
1588180 847
1588190 847
1588200 850
1588210 854
1588220 854
1588230 858
1588240 862
1588250 862
1588260 867
1588270 873
1588280 873
1588290 878
1588300 883
1588310 883
1588320 886
1588330 890
1588340 890
1588350 893
1588360 896
1588370 896
1588380 899
1588390 902
1588400 906
1588410 906
1588420 909
1588430 913
1588440 913
1588450 916
1588460 918
1588470 918
1588480 920
1588490 923
1588500 923
1588510 927
1588520 930
1588530 930
1588540 934
1588550 938
1588560 938
1588570 942
1588580 945
1588590 945
1588600 949
1588610 953
1588620 953
1588630 955
1588640 958
1588650 958
1588660 961
1588670 963
1588680 963
1588690 964
1588700 965
1588710 965
1588720 968
1588730 970
1588740 970
1588750 972
1588760 974
1588770 974
1588780 976
1588790 978
1588800 978
1588810 981
1588820 983
1588830 983
1588840 986
1588850 990
1588860 990
1588870 994
1588880 997
1588890 997
1588900 1005
1588910 1008
1588920 1008
1588930 1010
1588940 1012
1588950 1012
1588960 1014
1588970 1016
1588980 1016
1588990 1018
1589000 1019
1589010 1019
1589020 1019
1589030 1019
1589040 1019
1589050 1021
1589060 1022
1589070 1022
1589080 1023
1589090 1024
1589100 1024
1589110 1024
1589120 1025
1589130 1026
1589140 1026
1589150 1027
1589160 1029
1589170 1029
1589180 1031
1589190 1033
1589200 1033
1589210 1036
1589220 1040
1589230 1040
1589240 1044
1589250 1049
1589260 1049
1589270 1052
1589280 1054
1589290 1054
1589300 1055
1589310 1055
1589320 1055
1589330 1055
1589340 1055
1589350 1055
1589360 1056
1589370 1057
1589380 1057
1589390 1051
1589400 1039
1589410 1039
1589420 1032
1589430 1028
1589440 1028
1589450 1039
1589460 1059
1589470 1059
1589480 1071
1589490 1068
1589500 1068
1589510 1070
1589520 1064
1589530 1064
1589540 1047
1589550 1019
1589560 1019
1589570 990
1589580 991
1589590 991
1589600 992
1589610 993
1589620 993
1589630 996
1589640 1001
1589650 1001
1589660 1006
1589670 1003
1589680 1003
1589690 993
1589700 984
1589710 984
1589720 980
1589730 978
1589740 978
1589750 979
1589760 981
1589770 981
1589780 989
1589790 1002
1589800 1002
1589810 1019
1589820 1039
1589830 1039
1589840 1048
1589850 1041
1589860 1032
1589870 1032
1589880 1022
1589890 1018
1589900 1018
1589910 1020
1589920 1013
1589930 1013
1589940 1000
1589950 992
1589960 992
1589970 987
1589980 983
1589990 983
1590000 977
1590010 979
1590020 979
1590030 981
1590040 975
1590050 975
1590060 972
1590070 973
1590080 973
1590090 974
1590100 972
1590110 972
1590120 979
1590130 997
1590140 997
1590150 996
1590160 993
1590170 993
1590180 994
1590190 1000
1590200 1000
1590210 1006
1590220 1011
1590230 1011
1590240 1015
1590250 1019
1590260 1019
1590270 1021
1590280 1021
1590290 1021
1590300 1023
1590310 1023
1590320 1023
1590330 1021
1590340 1021
1590350 1021
1590360 1022
1590370 1026
1590380 1026
1590390 1029
1590400 1029
1590410 1029
1590420 1029
1590430 1030
1590440 1030
1590450 1033
1590460 1040
1590470 1040
1590480 1045
1590490 1043
1590500 1043
1590510 1044
1590520 1036
1590530 1036
1590540 1017
1590550 1008
1590560 1007
1590570 1007
1590580 1005
1590590 1004
1590600 1004
1590610 1004
1590620 1005
1590630 1005
1590640 1007
1590650 1008
1590660 1008
1590670 1010
1590680 1013
1590690 1013
1590700 1016
1590710 1020
1590720 1020
1590730 1024
1590740 1027
1590750 1027
1590760 1030
1590770 1033
1590780 1033
1590790 1038
1590800 1043
1590810 1043
1590820 1047
1590830 1052
1590840 1052
1590850 1056
1590860 1061
1590870 1061
1590880 1067
1590890 1072
1590900 1072
1590910 1076
1590920 1080
1590930 1080
1590940 1084
1590950 1088
1590960 1088
1590970 1091
1590980 1093
1590990 1093
1591000 1095
1591010 1095
1591020 1095
1591030 1095
1591040 1094
1591050 1094
1591060 1094
1591070 1096
1591080 1096
1591090 1098
1591100 1102
1591110 1102
1591120 1108
1591130 1112
1591140 1112
1591150 1114
1591160 1116
1591170 1116
1591180 1119
1591190 1119
1591200 1119
1591210 1119
1591220 1119
1591230 1119
1591240 1120
1591250 1120
1591260 1120
1591270 1119
1591280 1119
1591290 1118
1591300 1118
1591310 1117
1591320 1115
1591330 1115
1591340 1116
1591350 1112
1591360 1112
1591370 1105
1591380 1099
1591390 1099
1591400 1096
1591410 1093
1591420 1093
1591430 1091
1591440 1088
1591450 1088
1591460 1086
1591470 1084
1591480 1084
1591490 1082
1591500 1080
1591510 1080
1591520 1077
1591530 1076
1591540 1076
1591550 1074
1591560 1073
1591570 1073
1591580 1072
1591590 1071
1591600 1071
1591610 1070
1591620 1069
1591630 1069
1591640 1068
1591650 1067
1591660 1067
1591670 1067
1591680 1067
1591690 1067
1591700 1066
1591710 1066
1591720 1066
1591730 1067
1591740 1067
1591750 1067
1591760 1067
1591770 1067
1591780 1067
1591790 1065
1591800 1063
1591810 1063
1591820 1061
1591830 1059
1591840 1059
1591850 1057
1591860 1056
1591870 1056
1591880 1055
1591890 1054
1591900 1054
1591910 1055
1591920 1055
1591930 1055
1591940 1056
1591950 1056
1591960 1056
1591970 1057
1591980 1058
1591990 1058
1592000 1058
1592010 1059
1592020 1060
1592030 1060
1592040 1061
1592050 1062
1592060 1062
1592070 1063
1592080 1064
1592090 1064
1592100 1065
1592110 1065
1592120 1065
1592130 1067
1592140 1069
1592150 1069
1592160 1070
1592170 1072
1592180 1072
1592190 1074
1592200 1076
1592210 1076
1592220 1078
1592230 1080
1592240 1080
1592250 1082
1592260 1084
1592270 1084
1592280 1085
1592290 1085
1592300 1085
1592310 1086
1592320 1087
1592330 1087
1592340 1088
1592350 1089
1592360 1089
1592370 1091
1592380 1092
1592390 1092
1592400 1093
1592410 1095
1592420 1095
1592430 1097
1592440 1099
1592450 1099
1592460 1101
1592470 1103
1592480 1103
1592490 1106
1592500 1108
1592510 1108
1592520 1111
1592530 1113
1592540 1108
1592550 1110
1592560 1113
1592570 1113
1592580 1115
1592590 1118
1592600 1118
1592610 1121
1592620 1123
1592630 1123
1592640 1126
1592650 1128
1592660 1128
1592670 1130
1592680 1132
1592690 1132
1592700 1135
1592710 1137
1592720 1139
1592730 1139
1592740 1141
1592750 1144
1592760 1144
1592770 1145
1592780 1147
1592790 1147
1592800 1149
1592810 1150
1592820 1150
1592830 1152
1592840 1153
1592850 1153
1592860 1154
1592870 1155
1592880 1155
1592890 1155
1592900 1155
1592910 1155
1592920 1155
1592930 1154
1592940 1154
1592950 1153
1592960 1150
1592970 1150
1592980 1142
1592990 1134
1593000 1134
1593010 1127
1593020 1119
1593030 1119
1593040 1111
1593050 1103
1593060 1103
1593070 1096
1593080 1090
1593090 1090
1593100 1084
1593110 1080
1593120 1080
1593130 1076
1593140 1071
1593150 1071
1593160 1067
1593170 1062
1593180 1062
1593190 1058
1593200 1054
1593210 1054
1593220 1052
1593230 1049
1593240 1049
1593250 1045
1593260 1042
1593270 1042
1593280 1039
1593290 1036
1593300 1036
1593310 1032
1593320 1029
1593330 1029
1593340 1027
1593350 1025
1593360 1025
1593370 1024
1593380 1023
1593390 1023
1593400 1022
1593410 1022
1593420 1022
1593430 1021
1593440 1020
1593450 1019
1593460 1019
1593470 1018
1593480 1018
1593490 1018
1593500 1016
1593510 1014
1593520 1014
1593530 1011
1593540 1008
1593550 1008
1593560 1007
1593570 1005
1593580 1005
1593590 1004
1593600 1003
1593610 1003
1593620 1002
1593630 1001
1593640 1001
1593650 1001
1593660 1001
1593670 1001
1593680 1001
1593690 1002
1593700 1002
1593710 1003
1593720 1005
1593730 997
1593740 999
1593750 1000
1593760 1000
1593770 1000
1593780 997
1593790 997
1593800 994
1593810 990
1593820 990
1593830 992
1593840 997
1593850 997
1593860 999
1593870 999
1593880 999
1593890 997
1593900 994
1593910 994
1593920 990
1593930 983
1593940 983
1593950 980
1593960 985
1593970 985
1593980 990
1593990 992
1594000 992
1594010 993
1594020 997
1594030 997
1594040 1002
1594050 1009
1594060 1009
1594070 1014
1594080 1020
1594090 1020
1594100 1025
1594110 1030
1594120 1030
1594130 1034
1594140 1039
1594150 1044
1594160 1044
1594170 1050
1594180 1055
1594190 1055
1594200 1060
1594210 1064
1594220 1064
1594230 1068
1594240 1071
1594250 1071
1594260 1072
1594270 1073
1594280 1073
1594290 1073
1594300 1073
1594310 1073
1594320 1072
1594330 1070
1594340 1070
1594350 1068
1594360 1065
1594370 1065
1594380 1061
1594390 1056
1594400 1056
1594410 1052
1594420 1048
1594430 1048
1594440 1045
1594450 1042
1594460 1042
1594470 1038
1594480 1032
1594490 1032
1594500 1028
1594510 1028
1594520 1028
1594530 1030
1594540 1030
1594550 1030
1594560 1028
1594570 1027
1594580 1027
1594590 1026
1594600 1025
1594610 1025
1594620 1023
1594630 1023
1594640 1023
1594650 1023
1594660 1024
1594670 1024
1594680 1025
1594690 1026
1594700 1026
1594710 1027
1594720 1029
1594730 1029
1594740 1030
1594750 1032
1594760 1032
1594770 1035
1594780 1038
1594790 1038
1594800 1039
1594810 1041
1594820 1041
1594830 1042
1594840 1043
1594850 1043
1594860 1043
1594870 1044
1594880 1044
1594890 1044
1594900 1043
1594910 1032
1594920 1032
1594930 1034
1594940 1039
1594950 1039
1594960 1043
1594970 1051
1594980 1051
1594990 1060
1595000 1066
1595010 1066
1595020 1071
1595030 1077
1595040 1077
1595050 1082
1595060 1086
1595070 1086
1595080 1091
1595090 1098
1595100 1098
1595110 1106
1595120 1113
1595130 1113
1595140 1121
1595150 1130
1595160 1130
1595170 1140
1595180 1150
1595190 1150
1595200 1157
1595210 1163
1595220 1163
1595230 1162
1595240 1146
1595250 1146
1595260 1124
1595270 1100
1595280 1100
1595290 1079
1595300 1068
1595310 1068
1595320 1063
1595330 1058
1595340 1058
1595350 1054
1595360 1049
1595370 1049
1595380 1044
1595390 1039
1595400 1039
1595410 1036
1595420 1031
1595430 1031
1595440 1023
1595450 1015
1595460 1015
1595470 1012
1595480 1009
1595490 1009
1595500 1005
1595510 999
1595520 999
1595530 995
1595540 989
1595550 989
1595560 985
1595570 985
1595580 986
1595590 986
1595600 984
1595610 981
1595620 981
1595630 978
1595640 976
1595650 976
1595660 974
1595670 970
1595680 970
1595690 965
1595700 960
1595710 960
1595720 955
1595730 950
1595740 950
1595750 944
1595760 938
1595770 938
1595780 937
1595790 937
1595800 937
1595810 934
1595820 931
1595830 931
1595840 929
1595850 926
1595860 926
1595870 922
1595880 917
1595890 917
1595900 912
1595910 907
1595920 907
1595930 901
1595940 894
1595950 894
1595960 890
1595970 892
1595980 892
1595990 897
1596000 905
1596010 905
1596020 910
1596030 912
1596040 912
1596050 915
1596060 919
1596070 916
1596080 920
1596090 923
1596100 923
1596110 927
1596120 929
1596130 929
1596140 932
1596150 935
1596160 935
1596170 938
1596180 941
1596190 941
1596200 944
1596210 946
1596220 946
1596230 949
1596240 953
1596250 953
1596260 958
1596270 962
1596280 962
1596290 965
1596300 969
1596310 972
1596320 972
1596330 974
1596340 977
1596350 977
1596360 978
1596370 980
1596380 980
1596390 982
1596400 984
1596410 984
1596420 986
1596430 987
1596440 987
1596450 989
1596460 990
1596470 990
1596480 990
1596490 991
1596500 991
1596510 990
1596520 989
1596530 989
1596540 987
1596550 983
1596560 983
1596570 979
1596580 974
1596590 974
1596600 969
1596610 964
1596620 964
1596630 959
1596640 953
1596650 953
1596660 946
1596670 938
1596680 938
1596690 934
1596700 935
1596710 935
1596720 934
1596730 929
1596740 929
1596750 927
1596760 928
1596770 928
1596780 925
1596790 918
1596800 918
1596810 913
1596820 914
1596830 914
1596840 914
1596850 908
1596860 908
1596870 905
1596880 906
1596890 906
1596900 906
1596910 907
1596920 907
1596930 908
1596940 911
1596950 911
1596960 914
1596970 919
1596980 919
1596990 924
1597000 928
1597010 930
1597020 930
1597030 930
1597040 931
1597050 931
1597060 931
1597070 931
1597080 931
1597090 932
1597100 932
1597110 932
1597120 932
1597130 931
1597140 931
1597150 931
1597160 930
1597170 930
1597180 931
1597190 930
1597200 930
1597210 928
1597220 919
1597230 919
1597240 921
1597250 922
1597260 922
1597270 922
1597280 922
1597290 922
1597300 923
1597310 925
1597320 925
1597330 928
1597340 929
1597350 929
1597360 930
1597370 932
1597380 932
1597390 934
1597400 935
1597410 935
1597420 935
1597430 933
1597440 933
1597450 929
1597460 923
1597470 923
1597480 916
1597490 909
1597500 909
1597510 902
1597520 897
1597530 897
1597540 892
1597550 885
1597560 885
1597570 883
1597580 883
1597590 883
1597600 880
1597610 879
1597620 879
1597630 879
1597640 878
1597650 878
1597660 879
1597670 879
1597680 879
1597690 878
1597700 878
1597710 878
1597720 880
1597730 885
1597740 891
1597750 891
1597760 896
1597770 901
1597780 901
1597790 906
1597800 910
1597810 910
1597820 914
1597830 916
1597840 916
1597850 917
1597860 917
1597870 917
1597880 918
1597890 919
1597900 919
1597910 919
1597920 920
1597930 920
1597940 919
1597950 919
1597960 919
1597970 917
1597980 915
1597990 915
1598000 913
1598010 911
1598020 911
1598030 910
1598040 909
1598050 909
1598060 908
1598070 908
1598080 908
1598090 909
1598100 910
1598110 910
1598120 911
1598130 913
1598140 913
1598150 916
1598160 918
1598170 918
1598180 920
1598190 921
1598200 921
1598210 923
1598220 925
1598230 925
1598240 926
1598250 927
1598260 927
1598270 929
1598280 932
1598290 932
1598300 934
1598310 936
1598320 936
1598330 939
1598340 941
1598350 941
1598360 937
1598370 938
1598380 938
1598390 940
1598400 941
1598410 941
1598420 942
1598430 943
1598440 943
1598450 945
1598460 946
1598470 948
1598480 948
1598490 949
1598500 951
1598510 951
1598520 953
1598530 954
1598540 954
1598550 955
1598560 956
1598570 956
1598580 957
1598590 958
1598600 958
1598610 958
1598620 959
1598630 959
1598640 958
1598650 959
1598660 959
1598670 962
1598680 964
1598690 964
1598700 965
1598710 966
1598720 966
1598730 966
1598740 967
1598750 967
1598760 968
1598770 969
1598780 969
1598790 970
1598800 970
1598810 970
1598820 970
1598830 970
1598840 970
1598850 969
1598860 970
1598870 970
1598880 971
1598890 971
1598900 971
1598910 971
1598920 970
1598930 970
1598940 970
1598950 969
1598960 969
1598970 968
1598980 967
1598990 967
1599000 966
1599010 965
1599020 965
1599030 964
1599040 963
1599050 963
1599060 963
1599070 963
1599080 963
1599090 963
1599100 963
1599110 963
1599120 962
1599130 962
1599140 962
1599150 961
1599160 960
1599170 958
1599180 958
1599190 957
1599200 956
1599210 956
1599220 955
1599230 954
1599240 954
1599250 952
1599260 949
1599270 949
1599280 946
1599290 941
1599300 941
1599310 936
1599320 931
1599330 931
1599340 925
1599350 918
1599360 918
1599370 912
1599380 905
1599390 905
1599400 898
1599410 890
1599420 890
1599430 883
1599440 876
1599450 876
1599460 868
1599470 861
1599480 861
1599490 858
1599500 852
1599510 852
1599520 846
1599530 841
1599540 841
1599550 835
1599560 831
1599570 831
1599580 827
1599590 823
1599600 823
1599610 819
1599620 815
1599630 815
1599640 810
1599650 805
1599660 805
1599670 801
1599680 798
1599690 798
1599700 794
1599710 789
1599720 789
1599730 782
1599740 774
1599750 774
1599760 769
1599770 764
1599780 764
1599790 760
1599800 756
1599810 756
1599820 752
1599830 749
1599840 749
1599850 743
1599860 737
1599870 737
1599880 732
1599890 726
1599900 721
1599910 721
1599920 715
1599930 710
1599940 710
1599950 706
1599960 701
1599970 701
1599980 696
1599990 692
