1580000 524
1580010 524
1580020 524
1580030 523
1580040 522
1580050 522
1580060 521
1580070 522
1580080 522
1580090 522
1580100 522
1580110 522
1580120 523
1580130 523
1580140 523
1580150 522
1580160 521
1580170 521
1580180 521
1580190 522
1580200 522
1580210 522
1580220 523
1580230 523
1580240 524
1580250 525
1580260 525
1580270 524
1580280 524
1580290 524
1580300 524
1580310 525
1580320 525
1580330 525
1580340 525
1580350 525
1580360 526
1580370 526
1580380 526
1580390 527
1580400 529
1580410 529
1580420 530
1580430 531
1580440 531
1580450 528
1580460 529
1580470 529
1580480 531
1580490 535
1580500 538
1580510 538
1580520 542
1580530 546
1580540 546
1580550 549
1580560 553
1580570 553
1580580 557
1580590 561
1580600 561
1580610 565
1580620 568
1580630 568
1580640 572
1580650 576
1580660 576
1580670 580
1580680 584
1580690 584
1580700 587
1580710 589
1580720 589
1580730 590
1580740 591
1580750 591
1580760 592
1580770 595
1580780 595
1580790 597
1580800 601
1580810 601
1580820 605
1580830 609
1580840 609
1580850 613
1580860 616
1580870 616
1580880 619
1580890 622
1580900 622
1580910 624
1580920 626
1580930 626
1580940 628
1580950 630
1580960 630
1580970 632
1580980 634
1580990 634
1581000 635
1581010 635
1581020 635
1581030 635
1581040 635
1581050 635
1581060 635
1581070 634
1581080 634
1581090 634
1581100 633
1581110 633
1581120 632
1581130 630
1581140 630
1581150 628
1581160 622
1581170 622
1581180 613
1581190 606
1581200 606
1581210 598
1581220 590
1581230 579
1581240 579
1581250 565
1581260 537
1581270 537
1581280 529
1581290 523
1581300 523
1581310 518
1581320 517
1581330 517
1581340 521
1581350 528
1581360 528
1581370 535
1581380 542
1581390 542
1581400 549
1581410 558
1581420 558
1581430 567
1581440 573
1581450 573
1581460 574
1581470 572
1581480 572
1581490 571
1581500 572
1581510 572
1581520 576
1581530 587
1581540 587
1581550 598
1581560 601
1581570 601
1581580 593
1581590 584
1581600 584
1581610 585
1581620 588
1581630 588
1581640 590
1581650 594
1581660 594
1581670 598
1581680 601
1581690 601
1581700 601
1581710 602
1581720 602
1581730 601
1581740 599
1581750 599
1581760 599
1581770 599
1581780 596
1581790 598
1581800 603
1581810 603
1581820 609
1581830 614
1581840 614
1581850 617
1581860 618
1581870 618
1581880 619
1581890 620
1581900 620
1581910 621
1581920 622
1581930 622
1581940 624
1581950 625
1581960 627
1581970 627
1581980 630
1581990 633
1582000 633
1582010 637
1582020 641
1582030 641
1582040 644
1582050 646
1582060 646
1582070 645
1582080 643
1582090 643
1582100 641
1582110 638
1582120 638
1582130 634
1582140 632
1582150 632
1582160 633
1582170 632
1582180 632
1582190 632
1582200 634
1582210 634
1582220 636
1582230 636
1582240 636
1582250 633
1582260 625
1582270 625
1582280 623
1582290 621
1582300 621
1582310 621
1582320 625
1582330 625
1582340 629
1582350 626
1582360 626
1582370 629
1582380 626
1582390 626
1582400 618
1582410 616
1582420 616
1582430 624
1582440 624
1582450 624
1582460 623
1582470 596
1582480 596
1582490 586
1582500 580
1582510 580
1582520 574
1582530 571
1582540 571
1582550 568
1582560 565
1582570 565
1582580 560
1582590 556
1582600 556
1582610 551
1582620 546
1582630 546
1582640 541
1582650 536
1582660 536
1582670 531
1582680 525
1582690 520
1582700 520
1582710 515
1582720 510
1582730 510
1582740 505
1582750 501
1582760 501
1582770 496
1582780 492
1582790 492
1582800 487
1582810 482
1582820 482
1582830 478
1582840 473
1582850 473
1582860 468
1582870 464
1582880 464
1582890 460
1582900 457
1582910 457
1582920 454
1582930 453
1582940 453
1582950 452
1582960 451
1582970 451
1582980 450
1582990 450
1583000 450
1583010 449
1583020 448
1583030 448
1583040 446
1583050 445
1583060 445
1583070 444
1583080 443
1583090 443
1583100 440
1583110 438
1583120 438
1583130 437
1583140 435
1583150 435
1583160 434
1583170 433
1583180 433
1583190 429
1583200 424
1583210 424
1583220 420
1583230 419
1583240 419
1583250 418
1583260 417
1583270 417
1583280 415
1583290 412
1583300 412
1583310 407
1583320 404
1583330 404
1583340 403
1583350 403
1583360 403
1583370 404
1583380 404
1583390 404
1583400 405
1583410 404
1583420 403
1583430 403
1583440 403
1583450 403
1583460 403
1583470 402
1583480 402
1583490 402
1583500 402
1583510 401
1583520 401
1583530 400
1583540 400
1583550 400
1583560 401
1583570 400
1583580 400
1583590 400
1583600 400
1583610 400
1583620 401
1583630 402
1583640 402
1583650 402
1583660 401
1583670 401
1583680 401
1583690 401
1583700 401
1583710 401
1583720 401
1583730 401
1583740 400
1583750 400
1583760 400
1583770 399
1583780 399
1583790 399
1583800 399
1583810 400
1583820 400
1583830 403
1583840 409
1583850 409
1583860 414
1583870 419
1583880 419
1583890 422
1583900 424
1583910 424
1583920 426
1583930 428
1583940 428
1583950 431
1583960 433
1583970 433
1583980 436
1583990 439
1584000 439
1584010 442
1584020 446
1584030 446
1584040 449
1584050 451
1584060 451
1584070 452
1584080 452
1584090 452
1584100 452
1584110 452
1584120 452
1584130 453
1584140 452
1584150 450
1584160 450
1584170 447
1584180 446
1584190 446
1584200 444
1584210 443
1584220 443
1584230 441
1584240 440
1584250 440
1584260 439
1584270 438
1584280 438
1584290 438
1584300 437
1584310 437
1584320 435
1584330 434
1584340 434
1584350 433
1584360 432
1584370 432
1584380 431
1584390 430
1584400 429
1584410 429
1584420 429
1584430 429
1584440 430
1584450 431
1584460 431
1584470 432
1584480 431
1584490 431
1584500 431
1584510 430
1584520 430
1584530 430
1584540 430
1584550 430
1584560 431
1584570 431
1584580 431
1584590 431
1584600 432
1584610 432
1584620 431
1584630 424
1584640 424
1584650 417
1584660 412
1584670 412
1584680 408
1584690 406
1584700 406
1584710 405
1584720 403
1584730 403
1584740 402
1584750 402
1584760 402
1584770 401
1584780 401
1584790 401
1584800 401
1584810 401
1584820 401
1584830 401
1584840 401
1584850 401
1584860 401
1584870 401
1584880 400
1584890 400
1584900 399
1584910 397
1584920 397
1584930 397
1584940 397
1584950 397
1584960 397
1584970 394
1584980 394
1584990 388
1585000 378
1585010 378
1585020 371
1585030 368
1585040 368
1585050 368
1585060 368
1585070 368
1585080 368
1585090 368
1585100 368
1585110 369
1585120 372
1585130 372
1585140 379
1585150 385
1585160 385
1585170 389
1585180 393
1585190 393
1585200 395
1585210 397
1585220 397
1585230 398
1585240 398
1585250 398
1585260 397
1585270 397
1585280 397
1585290 397
1585300 397
1585310 397
1585320 397
1585330 397
1585340 397
1585350 397
1585360 398
1585370 398
1585380 399
1585390 400
1585400 400
1585410 401
1585420 401
1585430 401
1585440 401
1585450 401
1585460 401
1585470 403
1585480 405
1585490 405
1585500 406
1585510 410
1585520 410
1585530 410
1585540 410
1585550 410
1585560 410
1585570 410
1585580 410
1585590 410
1585600 410
1585610 410
1585620 410
1585630 411
1585640 412
1585650 412
1585660 412
1585670 412
1585680 412
1585690 412
1585700 411
1585710 411
1585720 411
1585730 411
1585740 411
1585750 411
1585760 411
1585770 411
1585780 411
1585790 411
1585800 411
1585810 411
1585820 411
1585830 411
1585840 411
1585850 412
1585860 412
1585870 412
1585880 412
1585890 412
1585900 413
1585910 414
1585920 414
1585930 415
1585940 416
1585950 416
1585960 417
1585970 418
1585980 418
1585990 419
1586000 420
1586010 420
1586020 422
1586030 423
1586040 423
1586050 424
1586060 426
1586070 426
1586080 428
1586090 431
1586100 431
1586110 432
1586120 435
1586130 435
1586140 438
1586150 440
1586160 440
1586170 442
1586180 445
1586190 445
1586200 447
1586210 448
1586220 448
1586230 451
1586240 453
1586250 453
1586260 457
1586270 459
1586280 459
1586290 461
1586300 463
1586310 463
1586320 465
1586330 467
1586340 470
1586350 470
1586360 473
1586370 476
1586380 476
1586390 479
1586400 482
1586410 482
1586420 485
1586430 488
1586440 488
1586450 491
1586460 493
1586470 493
1586480 496
1586490 499
1586500 499
1586510 503
1586520 506
1586530 506
1586540 510
1586550 513
1586560 513
1586570 517
1586580 520
1586590 520
1586600 524
1586610 528
1586620 528
1586630 531
1586640 534
1586650 534
1586660 537
1586670 540
1586680 540
1586690 541
1586700 541
1586710 541
1586720 541
1586730 542
1586740 542
1586750 543
1586760 545
1586770 545
1586780 549
1586790 553
1586800 553
1586810 557
1586820 560
1586830 560
1586840 563
1586850 566
1586860 566
1586870 570
1586880 572
1586890 572
1586900 575
1586910 580
1586920 580
1586930 585
1586940 590
1586950 586
1586960 591
1586970 596
1586980 596
1586990 601
1587000 606
1587010 606
1587020 612
1587030 619
1587040 619
1587050 624
1587060 630
1587070 636
1587080 636
1587090 642
1587100 648
1587110 648
1587120 653
1587130 659
1587140 659
1587150 665
1587160 671
1587170 671
1587180 677
1587190 683
1587200 683
1587210 689
1587220 695
1587230 695
1587240 701
1587250 707
1587260 707
1587270 714
1587280 720
1587290 720
1587300 727
1587310 733
1587320 733
1587330 740
1587340 748
1587350 748
1587360 756
1587370 762
1587380 762
1587390 768
1587400 775
1587410 775
1587420 783
1587430 791
1587440 791
1587450 796
1587460 800
1587470 800
1587480 803
1587490 806
1587500 806
1587510 808
1587520 810
1587530 810
1587540 812
1587550 815
1587560 815
1587570 817
1587580 818
1587590 818
1587600 819
1587610 820
1587620 820
1587630 821
1587640 823
1587650 823
1587660 825
1587670 828
1587680 828
1587690 832
1587700 835
1587710 835
1587720 839
1587730 842
1587740 842
1587750 846
1587760 849
1587770 849
1587780 853
1587790 857
1587800 861
1587810 861
1587820 864
1587830 868
1587840 868
1587850 872
1587860 876
1587870 876
1587880 879
1587890 883
1587900 883
1587910 886
1587920 890
1587930 890
1587940 892
1587950 894
1587960 894
1587970 897
1587980 900
1587990 900
1588000 902
1588010 903
1588020 903
1588030 905
1588040 908
1588050 908
1588060 913
1588070 919
1588080 919
1588090 924
1588100 929
1588110 929
1588120 935
1588130 941
1588140 941
1588150 945
1588160 949
1588170 949
1588180 951
1588190 953
1588200 953
1588210 955
1588220 957
1588230 957
1588240 959
1588250 961
1588260 961
1588270 962
1588280 964
1588290 964
1588300 964
1588310 963
1588320 963
1588330 960
1588340 959
1588350 959
1588360 960
1588370 960
1588380 960
1588390 962
1588400 964
1588410 964
1588420 964
1588430 963
1588440 963
1588450 964
1588460 967
1588470 967
1588480 970
1588490 971
1588500 971
1588510 973
1588520 976
1588530 979
1588540 979
1588550 983
1588560 987
1588570 987
1588580 992
1588590 996
1588600 996
1588610 998
1588620 998
1588630 998
1588640 994
1588650 990
1588660 990
1588670 987
1588680 986
1588690 986
1588700 984
1588710 983
1588720 983
1588730 983
1588740 984
1588750 984
1588760 985
1588770 985
1588780 985
1588790 985
1588800 986
1588810 986
1588820 989
1588830 991
1588840 991
1588850 992
1588860 993
1588870 993
1588880 994
1588890 995
1588900 995
1588910 997
1588920 1000
1588930 1000
1588940 1005
1588950 1009
1588960 1009
1588970 1014
1588980 1015
1588990 1015
1589000 1015
1589010 1015
1589020 1015
1589030 1013
1589040 1012
1589050 1012
1589060 1010
1589070 1007
1589080 1007
1589090 1006
1589100 1005
1589110 1005
1589120 1005
1589130 1005
1589140 1005
1589150 1006
1589160 1006
1589170 1006
1589180 1005
1589190 1003
1589200 1003
1589210 996
1589220 986
1589230 986
1589240 980
1589250 980
1589260 982
1589270 982
1589280 984
1589290 989
1589300 989
1589310 995
1589320 1001
1589330 1001
1589340 1007
1589350 1012
1589360 1012
1589370 1018
1589380 1024
1589390 1024
1589400 1030
1589410 1034
1589420 1034
1589430 1039
1589440 1046
1589450 1046
1589460 1048
1589470 1049
1589480 1049
1589490 1050
1589500 1049
1589510 1049
1589520 1049
1589530 1050
1589540 1050
1589550 1052
1589560 1055
1589570 1055
1589580 1056
1589590 1056
1589600 1056
1589610 1053
1589620 1053
1589630 1053
1589640 1054
1589650 1058
1589660 1058
1589670 1059
1589680 1059
1589690 1059
1589700 1058
1589710 1057
1589720 1057
1589730 1055
1589740 1053
1589750 1053
1589760 1051
1589770 1049
1589780 1049
1589790 1046
1589800 1044
1589810 1044
1589820 1041
1589830 1038
1589840 1038
1589850 1036
1589860 1035
1589870 1035
1589880 1035
1589890 1037
1589900 1037
1589910 1040
1589920 1042
1589930 1042
1589940 1043
1589950 1038
1589960 1038
1589970 1031
1589980 1026
1589990 1023
1590000 1023
1590010 1021
1590020 1019
1590030 1019
1590040 1015
1590050 1012
1590060 1012
1590070 1009
1590080 1009
1590090 1009
1590100 1011
1590110 1013
1590120 1013
1590130 1016
1590140 1020
1590150 1020
1590160 1025
1590170 1029
1590180 1029
1590190 1032
1590200 1033
1590210 1033
1590220 1032
1590230 1031
1590240 1031
1590250 1030
1590260 1029
1590270 1029
1590280 1028
1590290 1028
1590300 1028
1590310 1027
1590320 1027
1590330 1027
1590340 1026
1590350 1025
1590360 1025
1590370 1025
1590380 1024
1590390 1024
1590400 1022
1590410 1020
1590420 1020
1590430 1018
1590440 1017
1590450 1017
1590460 1016
1590470 1017
1590480 1017
1590490 1017
1590500 1017
1590510 1017
1590520 1017
1590530 1016
1590540 1016
1590550 1015
1590560 1013
1590570 1013
1590580 1011
1590590 1010
1590600 1010
1590610 1008
1590620 1007
1590630 1007
1590640 1007
1590650 1007
1590660 1001
1590670 1000
1590680 1000
1590690 1000
1590700 999
1590710 998
1590720 998
1590730 998
1590740 997
1590750 996
1590760 996
1590770 996
1590780 995
1590790 995
1590800 995
1590810 996
1590820 996
1590830 996
1590840 995
1590850 995
1590860 995
1590870 996
1590880 996
1590890 997
1590900 997
1590910 997
1590920 995
1590930 994
1590940 994
1590950 995
1590960 996
1590970 996
1590980 998
1590990 1001
1591000 1001
1591010 1004
1591020 1007
1591030 1007
1591040 1009
1591050 1012
1591060 1012
1591070 1014
1591080 1017
1591090 1017
1591100 1021
1591110 1024
1591120 1024
1591130 1027
1591140 1030
1591150 1030
1591160 1033
1591170 1035
1591180 1035
1591190 1037
1591200 1039
1591210 1039
1591220 1041
1591230 1042
1591240 1042
1591250 1044
1591260 1044
1591270 1044
1591280 1045
1591290 1046
1591300 1046
1591310 1047
1591320 1047
1591330 1047
1591340 1048
1591350 1048
1591360 1048
1591370 1049
1591380 1048
1591390 1048
1591400 1046
1591410 1047
1591420 1049
1591430 1049
1591440 1049
1591450 1049
1591460 1049
1591470 1050
1591480 1050
1591490 1050
1591500 1050
1591510 1050
1591520 1050
1591530 1050
1591540 1050
1591550 1050
1591560 1049
1591570 1048
1591580 1048
1591590 1048
1591600 1047
1591610 1047
1591620 1045
1591630 1044
1591640 1044
1591650 1043
1591660 1042
1591670 1042
1591680 1041
1591690 1040
1591700 1040
1591710 1039
1591720 1039
1591730 1039
1591740 1039
1591750 1038
1591760 1038
1591770 1036
1591780 1036
1591790 1036
1591800 1037
1591810 1036
1591820 1036
1591830 1036
1591840 1035
1591850 1035
1591860 1034
1591870 1037
1591880 1037
1591890 1036
1591900 1035
1591910 1035
1591920 1034
1591930 1034
1591940 1034
1591950 1033
1591960 1031
1591970 1031
1591980 1029
1591990 1028
1592000 1028
1592010 1027
1592020 1025
1592030 1025
1592040 1023
1592050 1021
1592060 1021
1592070 1019
1592080 1017
1592090 1017
1592100 1015
1592110 1013
1592120 1013
1592130 1012
1592140 1010
1592150 1007
1592160 1007
1592170 1004
1592180 1001
1592190 1001
1592200 999
1592210 997
1592220 997
1592230 995
1592240 994
1592250 994
1592260 992
1592270 991
1592280 991
1592290 990
1592300 990
1592310 990
1592320 990
1592330 990
1592340 990
1592350 990
1592360 989
1592370 989
1592380 989
1592390 989
1592400 989
1592410 988
1592420 987
1592430 987
1592440 986
1592450 985
1592460 985
1592470 983
1592480 982
1592490 982
1592500 980
1592510 979
1592520 979
1592530 977
1592540 975
1592550 975
1592560 972
1592570 970
1592580 970
1592590 967
1592600 965
1592610 965
1592620 963
1592630 961
1592640 961
1592650 958
1592660 956
1592670 956
1592680 953
1592690 950
1592700 950
1592710 947
1592720 944
1592730 944
1592740 940
1592750 937
1592760 937
1592770 934
1592780 931
1592790 931
1592800 928
1592810 924
1592820 924
1592830 919
1592840 913
1592850 913
1592860 907
1592870 901
1592880 896
1592890 896
1592900 891
1592910 887
1592920 887
1592930 884
1592940 884
1592950 884
1592960 885
1592970 888
1592980 888
1592990 892
1593000 895
1593010 895
1593020 898
1593030 901
1593040 901
1593050 904
1593060 905
1593070 900
1593080 900
1593090 900
1593100 900
1593110 900
1593120 901
1593130 901
1593140 900
1593150 900
1593160 900
1593170 900
1593180 899
1593190 899
1593200 899
1593210 898
1593220 898
1593230 897
1593240 897
1593250 897
1593260 897
1593270 897
1593280 897
1593290 898
1593300 899
1593310 899
1593320 901
1593330 903
1593340 903
1593350 905
1593360 906
1593370 906
1593380 907
1593390 907
1593400 907
1593410 907
1593420 907
1593430 907
1593440 907
1593450 906
1593460 906
1593470 906
1593480 905
1593490 905
1593500 904
1593510 902
1593520 902
1593530 901
1593540 899
1593550 899
1593560 896
1593570 893
1593580 893
1593590 889
1593600 883
1593610 874
1593620 874
1593630 863
1593640 854
1593650 854
1593660 846
1593670 837
1593680 837
1593690 828
1593700 819
1593710 819
1593720 812
1593730 806
1593740 806
1593750 800
1593760 795
1593770 795
1593780 790
1593790 785
1593800 785
1593810 782
1593820 778
1593830 778
1593840 773
1593850 768
1593860 768
1593870 761
1593880 755
1593890 755
1593900 750
1593910 746
1593920 746
1593930 742
1593940 740
1593950 740
1593960 737
1593970 733
1593980 733
1593990 728
1594000 724
1594010 724
1594020 720
1594030 719
1594040 719
1594050 717
1594060 716
1594070 716
1594080 715
1594090 715
1594100 715
1594110 714
1594120 712
1594130 712
1594140 709
1594150 707
1594160 707
1594170 706
1594180 705
1594190 705
1594200 705
1594210 703
1594220 703
1594230 702
1594240 699
1594250 697
1594260 696
1594270 695
1594280 695
1594290 694
1594300 693
1594310 693
1594320 692
1594330 690
1594340 690
1594350 690
1594360 690
1594370 689
1594380 689
1594390 689
1594400 690
1594410 690
1594420 691
1594430 692
1594440 692
1594450 693
1594460 693
1594470 693
1594480 693
1594490 693
1594500 693
1594510 693
1594520 691
1594530 691
1594540 690
1594550 683
1594560 683
1594570 677
1594580 679
1594590 679
1594600 683
1594610 689
1594620 689
1594630 696
1594640 704
1594650 704
1594660 709
1594670 715
1594680 715
1594690 720
1594700 732
1594710 732
1594720 744
1594730 750
1594740 750
1594750 756
1594760 762
1594770 762
1594780 766
1594790 767
1594800 767
1594810 767
1594820 768
1594830 768
1594840 770
1594850 771
1594860 771
1594870 769
1594880 767
1594890 767
1594900 765
1594910 764
1594920 764
1594930 764
1594940 766
1594950 766
1594960 769
1594970 772
1594980 772
1594990 776
1595000 780
1595010 780
1595020 784
1595030 787
1595040 787
1595050 790
1595060 794
1595070 798
1595080 798
1595090 803
1595100 808
1595110 808
1595120 813
1595130 818
1595140 818
1595150 822
1595160 826
1595170 826
1595180 827
1595190 827
1595200 827
1595210 827
1595220 827
1595230 827
1595240 826
1595250 824
1595260 824
1595270 820
1595280 814
1595290 814
1595300 803
1595310 793
1595320 793
1595330 788
1595340 785
1595350 785
1595360 782
1595370 777
1595380 777
1595390 773
1595400 769
1595410 769
1595420 759
1595430 755
1595440 755
1595450 752
1595460 749
1595470 749
1595480 746
1595490 743
1595500 743
1595510 739
1595520 735
1595530 735
1595540 731
1595550 726
1595560 726
1595570 720
1595580 714
1595590 714
1595600 708
1595610 703
1595620 703
1595630 698
1595640 693
1595650 693
1595660 688
1595670 683
1595680 683
1595690 677
1595700 671
1595710 671
1595720 664
1595730 658
1595740 658
1595750 653
1595760 648
1595770 648
1595780 643
1595790 637
1595800 633
1595810 633
1595820 631
1595830 630
1595840 630
1595850 629
1595860 627
1595870 627
1595880 625
1595890 622
1595900 622
1595910 617
1595920 613
1595930 613
1595940 613
1595950 613
1595960 613
1595970 613
1595980 613
1595990 613
1596000 612
1596010 613
1596020 613
1596030 615
1596040 617
1596050 617
1596060 621
1596070 622
1596080 622
1596090 622
1596100 623
1596110 623
1596120 623
1596130 624
1596140 624
1596150 626
1596160 628
1596170 628
1596180 629
1596190 631
1596200 631
1596210 632
1596220 634
1596230 634
1596240 635
1596250 637
1596260 637
1596270 638
1596280 639
1596290 639
1596300 640
1596310 640
1596320 640
1596330 641
1596340 642
1596350 642
1596360 643
1596370 643
1596380 643
1596390 644
1596400 644
1596410 644
1596420 643
1596430 643
1596440 643
1596450 644
1596460 644
1596470 644
1596480 645
1596490 645
1596500 645
1596510 646
1596520 647
1596530 647
1596540 647
1596550 647
1596560 647
1596570 645
1596580 646
1596590 647
1596600 647
1596610 648
1596620 649
1596630 649
1596640 650
1596650 651
1596660 651
1596670 652
1596680 653
1596690 653
1596700 654
1596710 655
1596720 655
1596730 656
1596740 657
1596750 657
1596760 657
1596770 658
1596780 658
1596790 659
1596800 659
1596810 659
1596820 659
1596830 660
1596840 660
1596850 660
1596860 659
1596870 659
1596880 659
1596890 658
1596900 658
1596910 657
1596920 656
1596930 656
1596940 655
1596950 652
1596960 652
1596970 648
1596980 643
1596990 643
1597000 639
1597010 635
1597020 635
1597030 631
1597040 628
1597050 628
1597060 626
1597070 625
1597080 625
1597090 624
1597100 624
1597110 624
1597120 623
1597130 623
1597140 623
1597150 621
1597160 619
1597170 619
1597180 617
1597190 615
1597200 615
1597210 613
1597220 612
1597230 612
1597240 610
1597250 609
1597260 608
1597270 608
1597280 607
1597290 606
1597300 606
1597310 606
1597320 605
1597330 605
1597340 604
1597350 603
1597360 603
1597370 601
1597380 601
1597390 601
1597400 601
1597410 601
1597420 601
1597430 601
1597440 603
1597450 603
1597460 604
1597470 605
1597480 605
1597490 609
1597500 612
1597510 612
1597520 614
1597530 616
1597540 616
1597550 619
1597560 622
1597570 622
1597580 625
1597590 629
1597600 629
1597610 633
1597620 635
1597630 635
1597640 638
1597650 643
1597660 643
1597670 645
1597680 648
1597690 648
1597700 650
1597710 653
1597720 652
1597730 655
1597740 658
1597750 658
1597760 660
1597770 663
1597780 663
1597790 666
1597800 668
1597810 668
1597820 671
1597830 673
1597840 673
1597850 675
1597860 677
1597870 677
1597880 679
1597890 681
1597900 681
1597910 684
1597920 686
1597930 686
1597940 687
1597950 689
1597960 689
1597970 691
1597980 692
1597990 693
1598000 693
1598010 693
1598020 694
1598030 694
1598040 696
1598050 697
1598060 697
1598070 698
1598080 699
1598090 699
1598100 699
1598110 700
1598120 700
1598130 701
1598140 703
1598150 703
1598160 706
1598170 710
1598180 710
1598190 714
1598200 716
1598210 716
1598220 717
1598230 719
1598240 719
1598250 721
1598260 722
1598270 722
1598280 724
1598290 725
1598300 725
1598310 727
1598320 728
1598330 728
1598340 730
1598350 732
1598360 732
1598370 733
1598380 734
1598390 734
1598400 736
1598410 736
1598420 736
1598430 737
1598440 739
1598450 739
1598460 740
1598470 742
1598480 742
1598490 743
1598500 744
1598510 744
1598520 746
1598530 746
1598540 746
1598550 747
1598560 748
1598570 748
1598580 749
1598590 749
1598600 749
1598610 750
1598620 750
1598630 750
1598640 751
1598650 751
1598660 751
1598670 751
1598680 749
1598690 749
1598700 745
1598710 742
1598720 739
1598730 739
1598740 736
1598750 733
1598760 733
1598770 730
1598780 728
1598790 728
1598800 726
1598810 725
1598820 725
1598830 724
1598840 724
1598850 719
1598860 719
1598870 719
1598880 719
1598890 718
1598900 718
1598910 718
1598920 718
1598930 718
1598940 718
1598950 718
1598960 719
1598970 719
1598980 719
1598990 720
1599000 720
1599010 721
1599020 721
1599030 721
1599040 721
1599050 721
1599060 721
1599070 722
1599080 722
1599090 722
1599100 723
1599110 725
1599120 725
1599130 726
1599140 727
1599150 727
1599160 729
1599170 731
1599180 731
1599190 732
1599200 729
1599210 729
1599220 722
1599230 718
1599240 718
1599250 718
1599260 716
1599270 716
1599280 712
1599290 705
1599300 705
1599310 698
1599320 691
1599330 691
1599340 683
1599350 675
1599360 675
1599370 668
1599380 661
1599390 661
1599400 654
1599410 648
1599420 648
1599430 642
1599440 636
1599450 632
1599460 632
1599470 630
1599480 628
1599490 628
1599500 626
1599510 624
1599520 624
1599530 623
1599540 623
1599550 623
1599560 623
1599570 622
1599580 622
1599590 621
1599600 619
1599610 619
1599620 616
1599630 615
1599640 615
1599650 614
1599660 613
1599670 613
1599680 609
1599690 606
1599700 606
1599710 603
1599720 601
1599730 601
1599740 598
1599750 594
1599760 594
1599770 592
1599780 590
1599790 590
1599800 588
1599810 585
1599820 585
1599830 584
1599840 582
1599850 582
1599860 579
1599870 575
1599880 575
1599890 572
1599900 569
1599910 569
1599920 564
1599930 558
1599940 558
1599950 551
1599960 545
1599970 545
1599980 539
1599990 534
