1580000 531
1580010 532
1580020 532
1580030 532
1580040 533
1580050 533
1580060 533
1580070 532
1580080 532
1580090 532
1580100 532
1580110 532
1580120 533
1580130 534
1580140 534
1580150 534
1580160 536
1580170 536
1580180 537
1580190 537
1580200 537
1580210 538
1580220 538
1580230 538
1580240 538
1580250 537
1580260 537
1580270 536
1580280 536
1580290 536
1580300 536
1580310 536
1580320 536
1580330 537
1580340 536
1580350 536
1580360 537
1580370 539
1580380 539
1580390 541
1580400 544
1580410 546
1580420 546
1580430 549
1580440 553
1580450 553
1580460 556
1580470 554
1580480 554
1580490 558
1580500 562
1580510 562
1580520 566
1580530 569
1580540 569
1580550 572
1580560 575
1580570 575
1580580 578
1580590 581
1580600 581
1580610 584
1580620 588
1580630 588
1580640 593
1580650 600
1580660 600
1580670 611
1580680 618
1580690 618
1580700 622
1580710 624
1580720 624
1580730 622
1580740 618
1580750 618
1580760 614
1580770 612
1580780 612
1580790 612
1580800 614
1580810 614
1580820 616
1580830 618
1580840 618
1580850 621
1580860 623
1580870 623
1580880 625
1580890 628
1580900 628
1580910 631
1580920 634
1580930 634
1580940 636
1580950 637
1580960 637
1580970 640
1580980 641
1580990 641
1581000 643
1581010 644
1581020 644
1581030 644
1581040 644
1581050 644
1581060 644
1581070 643
1581080 643
1581090 643
1581100 642
1581110 642
1581120 641
1581130 639
1581140 638
1581150 638
1581160 634
1581170 627
1581180 627
1581190 619
1581200 612
1581210 612
1581220 607
1581230 591
1581240 591
1581250 551
1581260 540
1581270 540
1581280 533
1581290 527
1581300 527
1581310 521
1581320 522
1581330 522
1581340 526
1581350 532
1581360 532
1581370 539
1581380 546
1581390 546
1581400 551
1581410 557
1581420 557
1581430 562
1581440 567
1581450 567
1581460 572
1581470 576
1581480 576
1581490 584
1581500 596
1581510 596
1581520 607
1581530 611
1581540 611
1581550 615
1581560 619
1581570 619
1581580 620
1581590 618
1581600 618
1581610 615
1581620 613
1581630 613
1581640 612
1581650 612
1581660 612
1581670 612
1581680 612
1581690 612
1581700 612
1581710 612
1581720 612
1581730 610
1581740 609
1581750 609
1581760 611
1581770 611
1581780 611
1581790 609
1581800 607
1581810 607
1581820 609
1581830 610
1581840 610
1581850 613
1581860 617
1581870 621
1581880 621
1581890 624
1581900 627
1581910 627
1581920 630
1581930 633
1581940 633
1581950 635
1581960 639
1581970 639
1581980 643
1581990 645
1582000 645
1582010 647
1582020 649
1582030 649
1582040 651
1582050 652
1582060 652
1582070 653
1582080 655
1582090 655
1582100 655
1582110 656
1582120 656
1582130 657
1582140 659
1582150 659
1582160 660
1582170 663
1582180 663
1582190 667
1582200 671
1582210 671
1582220 674
1582230 676
1582240 676
1582250 682
1582260 687
1582270 687
1582280 675
1582290 679
1582300 679
1582310 679
1582320 667
1582330 667
1582340 665
1582350 664
1582360 664
1582370 661
1582380 659
1582390 659
1582400 657
1582410 656
1582420 656
1582430 653
1582440 647
1582450 647
1582460 639
1582470 631
1582480 631
1582490 622
1582500 613
1582510 613
1582520 604
1582530 599
1582540 599
1582550 594
1582560 589
1582570 589
1582580 584
1582590 578
1582600 572
1582610 572
1582620 566
1582630 560
1582640 560
1582650 554
1582660 548
1582670 548
1582680 543
1582690 538
1582700 538
1582710 534
1582720 530
1582730 530
1582740 525
1582750 520
1582760 520
1582770 515
1582780 511
1582790 511
1582800 506
1582810 501
1582820 501
1582830 496
1582840 491
1582850 491
1582860 486
1582870 482
1582880 482
1582890 478
1582900 474
1582910 474
1582920 470
1582930 467
1582940 467
1582950 465
1582960 463
1582970 463
1582980 461
1582990 459
1583000 459
1583010 458
1583020 457
1583030 457
1583040 456
1583050 455
1583060 455
1583070 454
1583080 453
1583090 453
1583100 451
1583110 449
1583120 447
1583130 444
1583140 443
1583150 443
1583160 441
1583170 440
1583180 440
1583190 439
1583200 437
1583210 437
1583220 435
1583230 433
1583240 433
1583250 432
1583260 432
1583270 432
1583280 430
1583290 423
1583300 423
1583310 418
1583320 416
1583330 414
1583340 414
1583350 412
1583360 410
1583370 410
1583380 410
1583390 409
1583400 409
1583410 407
1583420 405
1583430 405
1583440 403
1583450 403
1583460 403
1583470 404
1583480 405
1583490 405
1583500 407
1583510 405
1583520 405
1583530 403
1583540 402
1583550 402
1583560 401
1583570 401
1583580 401
1583590 401
1583600 401
1583610 401
1583620 401
1583630 400
1583640 400
1583650 399
1583660 398
1583670 398
1583680 398
1583690 398
1583700 398
1583710 398
1583720 399
1583730 399
1583740 399
1583750 399
1583760 399
1583770 399
1583780 399
1583790 399
1583800 398
1583810 398
1583820 398
1583830 398
1583840 399
1583850 399
1583860 400
1583870 401
1583880 401
1583890 402
1583900 403
1583910 403
1583920 406
1583930 412
1583940 412
1583950 417
1583960 420
1583970 420
1583980 423
1583990 425
1584000 425
1584010 427
1584020 429
1584030 429
1584040 431
1584050 434
1584060 437
1584070 437
1584080 439
1584090 441
1584100 441
1584110 441
1584120 441
1584130 441
1584140 440
1584150 440
1584160 440
1584170 441
1584180 441
1584190 441
1584200 441
1584210 441
1584220 441
1584230 441
1584240 441
1584250 441
1584260 440
1584270 439
1584280 439
1584290 438
1584300 436
1584310 436
1584320 435
1584330 434
1584340 434
1584350 433
1584360 432
1584370 432
1584380 431
1584390 430
1584400 430
1584410 429
1584420 428
1584430 428
1584440 427
1584450 426
1584460 426
1584470 424
1584480 423
1584490 423
1584500 423
1584510 422
1584520 422
1584530 421
1584540 422
1584550 422
1584560 424
1584570 424
1584580 424
1584590 423
1584600 423
1584610 423
1584620 419
1584630 414
1584640 414
1584650 410
1584660 407
1584670 407
1584680 406
1584690 405
1584700 405
1584710 405
1584720 403
1584730 403
1584740 401
1584750 401
1584760 401
1584770 401
1584780 400
1584790 400
1584800 400
1584810 400
1584820 401
1584830 401
1584840 401
1584850 400
1584860 400
1584870 398
1584880 398
1584890 398
1584900 398
1584910 397
1584920 397
1584930 389
1584940 376
1584950 376
1584960 372
1584970 368
1584980 368
1584990 368
1585000 368
1585010 368
1585020 368
1585030 368
1585040 368
1585050 371
1585060 376
1585070 376
1585080 382
1585090 388
1585100 388
1585110 391
1585120 394
1585130 394
1585140 395
1585150 396
1585160 396
1585170 397
1585180 398
1585190 398
1585200 398
1585210 398
1585220 398
1585230 398
1585240 398
1585250 398
1585260 399
1585270 399
1585280 399
1585290 400
1585300 400
1585310 400
1585320 400
1585330 400
1585340 400
1585350 401
1585360 401
1585370 401
1585380 402
1585390 403
1585400 403
1585410 404
1585420 405
1585430 405
1585440 406
1585450 406
1585460 406
1585470 406
1585480 408
1585490 410
1585500 410
1585510 410
1585520 410
1585530 410
1585540 410
1585550 410
1585560 410
1585570 410
1585580 410
1585590 410
1585600 411
1585610 411
1585620 411
1585630 412
1585640 412
1585650 412
1585660 412
1585670 412
1585680 412
1585690 412
1585700 412
1585710 412
1585720 412
1585730 412
1585740 412
1585750 412
1585760 412
1585770 412
1585780 412
1585790 412
1585800 412
1585810 412
1585820 412
1585830 412
1585840 412
1585850 412
1585860 412
1585870 413
1585880 413
1585890 413
1585900 414
1585910 415
1585920 415
1585930 416
1585940 418
1585950 418
1585960 419
1585970 420
1585980 420
1585990 422
1586000 423
1586010 423
1586020 424
1586030 426
1586040 426
1586050 427
1586060 429
1586070 429
1586080 432
1586090 434
1586100 434
1586110 436
1586120 437
1586130 437
1586140 440
1586150 442
1586160 442
1586170 444
1586180 447
1586190 447
1586200 449
1586210 452
1586220 455
1586230 455
1586240 457
1586250 459
1586260 459
1586270 461
1586280 463
1586290 463
1586300 465
1586310 468
1586320 468
1586330 471
1586340 474
1586350 474
1586360 477
1586370 480
1586380 480
1586390 484
1586400 486
1586410 486
1586420 489
1586430 492
1586440 492
1586450 495
1586460 498
1586470 498
1586480 500
1586490 503
1586500 503
1586510 506
1586520 509
1586530 509
1586540 513
1586550 518
1586560 518
1586570 521
1586580 524
1586590 524
1586600 529
1586610 533
1586620 533
1586630 537
1586640 541
1586650 541
1586660 544
1586670 548
1586680 548
1586690 551
1586700 553
1586710 553
1586720 555
1586730 556
1586740 556
1586750 559
1586760 561
1586770 561
1586780 564
1586790 569
1586800 569
1586810 574
1586820 579
1586830 579
1586840 584
1586850 589
1586860 589
1586870 593
1586880 596
1586890 596
1586900 599
1586910 601
1586920 601
1586930 603
1586940 607
1586950 611
1586960 611
1586970 611
1586980 616
1586990 616
1587000 622
1587010 627
1587020 627
1587030 633
1587040 639
1587050 639
1587060 644
1587070 650
1587080 650
1587090 656
1587100 661
1587110 661
1587120 667
1587130 673
1587140 673
1587150 679
1587160 686
1587170 686
1587180 693
1587190 700
1587200 700
1587210 706
1587220 712
1587230 712
1587240 716
1587250 721
1587260 721
1587270 727
1587280 735
1587290 735
1587300 743
1587310 752
1587320 752
1587330 758
1587340 764
1587350 764
1587360 770
1587370 775
1587380 775
1587390 780
1587400 783
1587410 783
1587420 784
1587430 786
1587440 786
1587450 788
1587460 790
1587470 790
1587480 792
1587490 794
1587500 794
1587510 797
1587520 801
1587530 801
1587540 805
1587550 808
1587560 808
1587570 811
1587580 813
1587590 813
1587600 816
1587610 819
1587620 819
1587630 822
1587640 824
1587650 824
1587660 826
1587670 828
1587680 830
1587690 830
1587700 832
1587710 834
1587720 834
1587730 836
1587740 838
1587750 838
1587760 841
1587770 844
1587780 844
1587790 847
1587800 851
1587810 851
1587820 854
1587830 857
1587840 857
1587850 861
1587860 865
1587870 865
1587880 869
1587890 873
1587900 873
1587910 877
1587920 879
1587930 879
1587940 882
1587950 884
1587960 884
1587970 887
1587980 891
1587990 891
1588000 896
1588010 901
1588020 901
1588030 906
1588040 912
1588050 912
1588060 918
1588070 922
1588080 922
1588090 927
1588100 931
1588110 931
1588120 934
1588130 938
1588140 938
1588150 942
1588160 947
1588170 947
1588180 953
1588190 960
1588200 960
1588210 965
1588220 965
1588230 965
1588240 968
1588250 972
1588260 972
1588270 977
1588280 980
1588290 980
1588300 982
1588310 984
1588320 984
1588330 985
1588340 985
1588350 985
1588360 983
1588370 981
1588380 981
1588390 980
1588400 982
1588410 985
1588420 985
1588430 987
1588440 990
1588450 990
1588460 992
1588470 994
1588480 994
1588490 995
1588500 996
1588510 996
1588520 1000
1588530 1007
1588540 1007
1588550 1018
1588560 1024
1588570 1024
1588580 1028
1588590 1031
1588600 1031
1588610 1030
1588620 1026
1588630 1026
1588640 1021
1588650 1017
1588660 1017
1588670 1013
1588680 1008
1588690 1008
1588700 1006
1588710 1005
1588720 1005
1588730 1003
1588740 1003
1588750 1003
1588760 1003
1588770 1002
1588780 1002
1588790 1003
1588800 1005
1588810 1005
1588820 1007
1588830 1009
1588840 1009
1588850 1011
1588860 1013
1588870 1013
1588880 1016
1588890 1019
1588900 1019
1588910 1020
1588920 1022
1588930 1022
1588940 1026
1588950 1029
1588960 1029
1588970 1031
1588980 1031
1588990 1031
1589000 1032
1589010 1033
1589020 1033
1589030 1033
1589040 1032
1589050 1032
1589060 1029
1589070 1027
1589080 1027
1589090 1026
1589100 1025
1589110 1025
1589120 1024
1589130 1024
1589140 1025
1589150 1025
1589160 1023
1589170 1018
1589180 1018
1589190 1012
1589200 1007
1589210 1007
1589220 1004
1589230 1005
1589240 1005
1589250 1011
1589260 1015
1589270 1015
1589280 1018
1589290 1017
1589300 1017
1589310 1017
1589320 1025
1589330 1025
1589340 1034
1589350 1039
1589360 1039
1589370 1040
1589380 1042
1589390 1042
1589400 1044
1589410 1045
1589420 1045
1589430 1047
1589440 1049
1589450 1049
1589460 1049
1589470 1054
1589480 1054
1589490 1059
1589500 1065
1589510 1065
1589520 1070
1589530 1074
1589540 1074
1589550 1076
1589560 1078
1589570 1078
1589580 1080
1589590 1082
1589600 1082
1589610 1083
1589620 1083
1589630 1083
1589640 1084
1589650 1084
1589660 1084
1589670 1085
1589680 1086
1589690 1086
1589700 1087
1589710 1086
1589720 1086
1589730 1087
1589740 1086
1589750 1086
1589760 1083
1589770 1080
1589780 1080
1589790 1076
1589800 1072
1589810 1072
1589820 1070
1589830 1072
1589840 1072
1589850 1070
1589860 1067
1589870 1067
1589880 1067
1589890 1071
1589900 1074
1589910 1074
1589920 1074
1589930 1075
1589940 1075
1589950 1077
1589960 1077
1589970 1077
1589980 1077
1589990 1075
1590000 1075
1590010 1069
1590020 1063
1590030 1063
1590040 1061
1590050 1058
1590060 1058
1590070 1048
1590080 1040
1590090 1040
1590100 1037
1590110 1037
1590120 1037
1590130 1038
1590140 1040
1590150 1040
1590160 1043
1590170 1046
1590180 1046
1590190 1049
1590200 1052
1590210 1052
1590220 1055
1590230 1056
1590240 1056
1590250 1055
1590260 1055
1590270 1055
1590280 1054
1590290 1054
1590300 1054
1590310 1053
1590320 1052
1590330 1052
1590340 1050
1590350 1050
1590360 1050
1590370 1050
1590380 1048
1590390 1048
1590400 1046
1590410 1044
1590420 1044
1590430 1042
1590440 1040
1590450 1040
1590460 1039
1590470 1038
1590480 1038
1590490 1037
1590500 1037
1590510 1037
1590520 1037
1590530 1037
1590540 1037
1590550 1036
1590560 1035
1590570 1035
1590580 1034
1590590 1033
1590600 1031
1590610 1031
1590620 1030
1590630 1028
1590640 1028
1590650 1026
1590660 1025
1590670 1025
1590680 1019
1590690 1017
1590700 1017
1590710 1016
1590720 1015
1590730 1015
1590740 1014
1590750 1013
1590760 1013
1590770 1012
1590780 1011
1590790 1011
1590800 1011
1590810 1010
1590820 1010
1590830 1010
1590840 1009
1590850 1009
1590860 1009
1590870 1009
1590880 1009
1590890 1009
1590900 1009
1590910 1009
1590920 1009
1590930 1009
1590940 1009
1590950 1009
1590960 1012
1590970 1012
1590980 1014
1590990 1015
1591000 1015
1591010 1016
1591020 1016
1591030 1016
1591040 1016
1591050 1017
1591060 1017
1591070 1017
1591080 1017
1591090 1017
1591100 1016
1591110 1016
1591120 1016
1591130 1018
1591140 1020
1591150 1020
1591160 1023
1591170 1026
1591180 1026
1591190 1029
1591200 1030
1591210 1030
1591220 1032
1591230 1033
1591240 1033
1591250 1034
1591260 1035
1591270 1035
1591280 1036
1591290 1037
1591300 1037
1591310 1037
1591320 1037
1591330 1037
1591340 1037
1591350 1037
1591360 1038
1591370 1038
1591380 1038
1591390 1036
1591400 1036
1591410 1036
1591420 1036
1591430 1036
1591440 1037
1591450 1038
1591460 1038
1591470 1038
1591480 1038
1591490 1038
1591500 1038
1591510 1037
1591520 1037
1591530 1037
1591540 1037
1591550 1037
1591560 1036
1591570 1036
1591580 1036
1591590 1035
1591600 1034
1591610 1034
1591620 1032
1591630 1031
1591640 1031
1591650 1030
1591660 1029
1591670 1029
1591680 1028
1591690 1027
1591700 1027
1591710 1024
1591720 1022
1591730 1022
1591740 1022
1591750 1020
1591760 1020
1591770 1021
1591780 1022
1591790 1022
1591800 1022
1591810 1021
1591820 1021
1591830 1019
1591840 1018
1591850 1018
1591860 1017
1591870 1016
1591880 1016
1591890 1019
1591900 1018
1591910 1018
1591920 1017
1591930 1015
1591940 1015
1591950 1013
1591960 1012
1591970 1012
1591980 1011
1591990 1010
1592000 1010
1592010 1008
1592020 1007
1592030 1007
1592040 1005
1592050 1003
1592060 1001
1592070 1001
1592080 999
1592090 997
1592100 997
1592110 996
1592120 994
1592130 994
1592140 992
1592150 989
1592160 989
1592170 987
1592180 986
1592190 986
1592200 984
1592210 982
1592220 982
1592230 981
1592240 980
1592250 980
1592260 978
1592270 976
1592280 976
1592290 975
1592300 975
1592310 975
1592320 975
1592330 974
1592340 974
1592350 973
1592360 972
1592370 972
1592380 971
1592390 970
1592400 970
1592410 969
1592420 967
1592430 967
1592440 966
1592450 965
1592460 965
1592470 963
1592480 962
1592490 962
1592500 960
1592510 958
1592520 958
1592530 957
1592540 954
1592550 954
1592560 952
1592570 950
1592580 950
1592590 948
1592600 945
1592610 945
1592620 943
1592630 941
1592640 941
1592650 938
1592660 935
1592670 935
1592680 933
1592690 930
1592700 930
1592710 928
1592720 926
1592730 926
1592740 923
1592750 920
1592760 920
1592770 917
1592780 914
1592790 910
1592800 910
1592810 906
1592820 902
1592830 902
1592840 897
1592850 892
1592860 892
1592870 889
1592880 890
1592890 890
1592900 893
1592910 896
1592920 896
1592930 900
1592940 904
1592950 904
1592960 908
1592970 910
1592980 910
1592990 913
1593000 916
1593010 916
1593020 919
1593030 921
1593040 921
1593050 923
1593060 925
1593070 925
1593080 922
1593090 923
1593100 923
1593110 923
1593120 923
1593130 923
1593140 924
1593150 924
1593160 924
1593170 924
1593180 924
1593190 924
1593200 924
1593210 925
1593220 925
1593230 925
1593240 925
1593250 925
1593260 925
1593270 925
1593280 925
1593290 926
1593300 928
1593310 928
1593320 929
1593330 930
1593340 930
1593350 932
1593360 933
1593370 933
1593380 934
1593390 934
1593400 934
1593410 935
1593420 934
1593430 934
1593440 934
1593450 933
1593460 933
1593470 932
1593480 931
1593490 931
1593500 930
1593510 928
1593520 927
1593530 927
1593540 924
1593550 922
1593560 922
1593570 915
1593580 904
1593590 904
1593600 894
1593610 885
1593620 885
1593630 877
1593640 870
1593650 870
1593660 862
1593670 854
1593680 854
1593690 846
1593700 837
1593710 837
1593720 829
1593730 822
1593740 822
1593750 815
1593760 808
1593770 808
1593780 801
1593790 795
1593800 795
1593810 790
1593820 785
1593830 785
1593840 781
1593850 776
1593860 776
1593870 772
1593880 769
1593890 769
1593900 766
1593910 763
1593920 763
1593930 759
1593940 755
1593950 755
1593960 752
1593970 749
1593980 749
1593990 747
1594000 745
1594010 745
1594020 743
1594030 740
1594040 740
1594050 737
1594060 732
1594070 732
1594080 727
1594090 724
1594100 724
1594110 722
1594120 723
1594130 723
1594140 723
1594150 723
1594160 723
1594170 722
1594180 719
1594190 719
1594200 717
1594210 716
1594220 716
1594230 716
1594240 718
1594250 719
1594260 719
1594270 712
1594280 713
1594290 713
1594300 714
1594310 715
1594320 715
1594330 717
1594340 718
1594350 718
1594360 717
1594370 717
1594380 717
1594390 718
1594400 719
1594410 719
1594420 719
1594430 719
1594440 719
1594450 718
1594460 717
1594470 717
1594480 716
1594490 716
1594500 716
1594510 715
1594520 711
1594530 711
1594540 703
1594550 699
1594560 699
1594570 700
1594580 705
1594590 705
1594600 711
1594610 715
1594620 715
1594630 719
1594640 724
1594650 724
1594660 730
1594670 736
1594680 736
1594690 742
1594700 748
1594710 748
1594720 754
1594730 761
1594740 761
1594750 768
1594760 775
1594770 775
1594780 781
1594790 788
1594800 788
1594810 793
1594820 797
1594830 797
1594840 799
1594850 800
1594860 800
1594870 800
1594880 800
1594890 800
1594900 798
1594910 796
1594920 796
1594930 796
1594940 798
1594950 800
1594960 800
1594970 803
1594980 805
1594990 805
1595000 807
1595010 810
1595020 810
1595030 813
1595040 817
1595050 817
1595060 820
1595070 823
1595080 823
1595090 827
1595100 831
1595110 831
1595120 835
1595130 839
1595140 839
1595150 843
1595160 847
1595170 847
1595180 852
1595190 856
1595200 856
1595210 858
1595220 856
1595230 856
1595240 851
1595250 847
1595260 847
1595270 843
1595280 838
1595290 838
1595300 834
1595310 831
1595320 831
1595330 824
1595340 815
1595350 815
1595360 809
1595370 804
1595380 804
1595390 800
1595400 797
1595410 797
1595420 793
1595430 789
1595440 782
1595450 777
1595460 772
1595470 772
1595480 768
1595490 763
1595500 763
1595510 758
1595520 754
1595530 754
1595540 749
1595550 744
1595560 744
1595570 738
1595580 733
1595590 733
1595600 729
1595610 725
1595620 725
1595630 720
1595640 715
1595650 715
1595660 709
1595670 703
1595680 697
1595690 697
1595700 691
1595710 686
1595720 686
1595730 680
1595740 672
1595750 672
1595760 663
1595770 655
1595780 655
1595790 650
1595800 648
1595810 648
1595820 647
1595830 645
1595840 645
1595850 642
1595860 637
1595870 637
1595880 632
1595890 627
1595900 627
1595910 625
1595920 625
1595930 625
1595940 625
1595950 624
1595960 624
1595970 623
1595980 624
1595990 624
1596000 627
1596010 630
1596020 630
1596030 633
1596040 636
1596050 636
1596060 638
1596070 640
1596080 640
1596090 640
1596100 641
1596110 641
1596120 642
1596130 642
1596140 642
1596150 643
1596160 644
1596170 644
1596180 645
1596190 646
1596200 646
1596210 647
1596220 648
1596230 648
1596240 649
1596250 650
1596260 650
1596270 651
1596280 650
1596290 650
1596300 649
1596310 649
1596320 649
1596330 649
1596340 650
1596350 650
1596360 652
1596370 654
1596380 654
1596390 656
1596400 656
1596410 655
1596420 655
1596430 656
1596440 657
1596450 657
1596460 657
1596470 657
1596480 657
1596490 658
1596500 659
1596510 659
1596520 660
1596530 660
1596540 660
1596550 660
1596560 660
1596570 660
1596580 660
1596590 658
1596600 658
1596610 659
1596620 660
1596630 660
1596640 661
1596650 661
1596660 661
1596670 662
1596680 663
1596690 663
1596700 664
1596710 665
1596720 665
1596730 665
1596740 666
1596750 666
1596760 666
1596770 666
1596780 666
1596790 666
1596800 667
1596810 667
1596820 667
1596830 667
1596840 667
1596850 667
1596860 666
1596870 666
1596880 666
1596890 665
1596900 665
1596910 664
1596920 662
1596930 662
1596940 660
1596950 658
1596960 658
1596970 657
1596980 654
1596990 654
1597000 649
1597010 644
1597020 644
1597030 641
1597040 639
1597050 639
1597060 638
1597070 636
1597080 636
1597090 635
1597100 634
1597110 634
1597120 633
1597130 632
1597140 630
1597150 630
1597160 628
1597170 627
1597180 627
1597190 625
1597200 624
1597210 624
1597220 623
1597230 622
1597240 622
1597250 621
1597260 620
1597270 620
1597280 619
1597290 618
1597300 618
1597310 616
1597320 614
1597330 614
1597340 612
1597350 611
1597360 611
1597370 610
1597380 609
1597390 609
1597400 609
1597410 609
1597420 609
1597430 610
1597440 611
1597450 611
1597460 612
1597470 612
1597480 612
1597490 613
1597500 616
1597510 616
1597520 616
1597530 617
1597540 617
1597550 620
1597560 625
1597570 625
1597580 629
1597590 632
1597600 632
1597610 636
1597620 639
1597630 639
1597640 642
1597650 645
1597660 645
1597670 647
1597680 649
1597690 649
1597700 651
1597710 652
1597720 652
1597730 653
1597740 657
1597750 657
1597760 659
1597770 660
1597780 660
1597790 662
1597800 663
1597810 663
1597820 666
1597830 669
1597840 669
1597850 672
1597860 674
1597870 676
1597880 676
1597890 678
1597900 680
1597910 680
1597920 682
1597930 683
1597940 683
1597950 685
1597960 687
1597970 687
1597980 689
1597990 691
1598000 691
1598010 694
1598020 696
1598030 696
1598040 698
1598050 699
1598060 699
1598070 701
1598080 702
1598090 702
1598100 704
1598110 706
1598120 706
1598130 709
1598140 711
1598150 711
1598160 713
1598170 715
1598180 715
1598190 717
1598200 719
1598210 719
1598220 720
1598230 722
1598240 722
1598250 724
1598260 725
1598270 725
1598280 726
1598290 728
1598300 728
1598310 729
1598320 731
1598330 731
1598340 732
1598350 734
1598360 734
1598370 735
1598380 736
1598390 736
1598400 737
1598410 738
1598420 738
1598430 740
1598440 741
1598450 741
1598460 742
1598470 743
1598480 743
1598490 744
1598500 746
1598510 746
1598520 747
1598530 748
1598540 748
1598550 749
1598560 750
1598570 750
1598580 751
1598590 752
1598600 752
1598610 752
1598620 752
1598630 753
1598640 753
1598650 753
1598660 753
1598670 753
1598680 753
1598690 753
1598700 753
1598710 752
1598720 751
1598730 751
1598740 749
1598750 746
1598760 746
1598770 744
1598780 741
1598790 741
1598800 739
1598810 736
1598820 736
1598830 734
1598840 733
1598850 733
1598860 733
1598870 729
1598880 729
1598890 729
1598900 728
1598910 728
1598920 727
1598930 727
1598940 727
1598950 727
1598960 727
1598970 727
1598980 728
1598990 728
1599000 728
1599010 729
1599020 730
1599030 730
1599040 731
1599050 731
1599060 731
1599070 732
1599080 733
1599090 733
1599100 733
1599110 732
1599120 732
1599130 731
1599140 730
1599150 730
1599160 728
1599170 726
1599180 726
1599190 723
1599200 721
1599210 721
1599220 717
1599230 713
1599240 713
1599250 710
1599260 706
1599270 706
1599280 702
1599290 698
1599300 698
1599310 694
1599320 689
1599330 684
1599340 684
1599350 679
1599360 674
1599370 674
1599380 668
1599390 662
1599400 662
1599410 656
1599420 650
1599430 650
1599440 646
1599450 643
1599460 643
1599470 642
1599480 640
1599490 640
1599500 638
1599510 637
1599520 637
1599530 635
1599540 634
1599550 634
1599560 632
1599570 630
1599580 630
1599590 628
1599600 625
1599610 625
1599620 623
1599630 620
1599640 620
1599650 617
1599660 615
1599670 615
1599680 612
1599690 607
1599700 607
1599710 603
1599720 599
1599730 599
1599740 596
1599750 594
1599760 594
1599770 592
1599780 589
1599790 589
1599800 587
1599810 585
1599820 585
1599830 583
1599840 581
1599850 581
1599860 579
1599870 577
1599880 577
1599890 571
1599900 565
1599910 565
1599920 559
1599930 553
1599940 553
1599950 548
1599960 543
1599970 543
1599980 538
1599990 536
