1580000 534
1580010 535
1580020 532
1580030 532
1580040 533
1580050 533
1580060 533
1580070 532
1580080 532
1580090 532
1580100 532
1580110 532
1580120 533
1580130 534
1580140 534
1580150 534
1580160 536
1580170 536
1580180 537
1580190 537
1580200 537
1580210 538
1580220 538
1580230 538
1580240 538
1580250 537
1580260 537
1580270 536
1580280 536
1580290 536
1580300 536
1580310 536
1580320 536
1580330 537
1580340 536
1580350 536
1580360 537
1580370 539
1580380 539
1580390 541
1580400 544
1580410 546
1580420 546
1580430 549
1580440 553
1580450 553
1580460 556
1580470 560
1580480 560
1580490 564
1580500 568
1580510 568
1580520 572
1580530 575
1580540 575
1580550 578
1580560 581
1580570 581
1580580 584
1580590 586
1580600 586
1580610 589
1580620 593
1580630 593
1580640 599
1580650 606
1580660 606
1580670 616
1580680 622
1580690 622
1580700 625
1580710 626
1580720 626
1580730 625
1580740 620
1580750 620
1580760 616
1580770 614
1580780 614
1580790 615
1580800 616
1580810 616
1580820 618
1580830 620
1580840 620
1580850 623
1580860 625
1580870 625
1580880 627
1580890 629
1580900 629
1580910 632
1580920 635
1580930 635
1580940 638
1580950 639
1580960 639
1580970 642
1580980 644
1580990 644
1581000 645
1581010 646
1581020 646
1581030 646
1581040 646
1581050 646
1581060 646
1581070 646
1581080 646
1581090 645
1581100 644
1581110 643
1581120 643
1581130 642
1581140 640
1581150 640
1581160 636
1581170 629
1581180 629
1581190 621
1581200 615
1581210 615
1581220 610
1581230 593
1581240 593
1581250 552
1581260 543
1581270 543
1581280 536
1581290 530
1581300 530
1581310 523
1581320 523
1581330 523
1581340 527
1581350 531
1581360 532
1581370 539
1581380 546
1581390 546
1581400 551
1581410 557
1581420 557
1581430 562
1581440 567
1581450 567
1581460 572
1581470 576
1581480 576
1581490 584
1581500 596
1581510 596
1581520 607
1581530 611
1581540 611
1581550 615
1581560 619
1581570 619
1581580 620
1581590 618
1581600 618
1581610 615
1581620 613
1581630 613
1581640 612
1581650 612
1581660 612
1581670 612
1581680 612
1581690 612
1581700 612
1581710 612
1581720 612
1581730 610
1581740 609
1581750 609
1581760 611
1581770 611
1581780 611
1581790 609
1581800 609
1581810 609
1581820 611
1581830 612
1581840 614
1581850 614
1581860 618
1581870 621
1581880 621
1581890 625
1581900 628
1581910 628
1581920 631
1581930 633
1581940 633
1581950 636
1581960 638
1581970 638
1581980 641
1581990 644
1582000 644
1582010 646
1582020 649
1582030 649
1582040 651
1582050 654
1582060 654
1582070 656
1582080 658
1582090 658
1582100 659
1582110 662
1582120 662
1582130 665
1582140 670
1582150 670
1582160 671
1582170 671
1582180 671
1582190 676
1582200 681
1582210 681
1582220 688
1582230 693
1582240 693
1582250 697
1582260 704
1582270 704
1582280 711
1582290 716
1582300 716
1582310 718
1582320 695
1582330 695
1582340 688
1582350 683
1582360 683
1582370 671
1582380 666
1582390 666
1582400 665
1582410 663
1582420 663
1582430 657
1582440 652
1582450 652
1582460 644
1582470 633
1582480 633
1582490 624
1582500 616
1582510 616
1582520 610
1582530 605
1582540 605
1582550 600
1582560 595
1582570 590
1582580 590
1582590 583
1582600 577
1582610 577
1582620 570
1582630 564
1582640 564
1582650 558
1582660 553
1582670 553
1582680 543
1582690 538
1582700 538
1582710 534
1582720 530
1582730 530
1582740 525
1582750 520
1582760 520
1582770 515
1582780 511
1582790 511
1582800 506
1582810 501
1582820 501
1582830 496
1582840 491
1582850 491
1582860 486
1582870 482
1582880 482
1582890 478
1582900 474
1582910 474
1582920 470
1582930 467
1582940 467
1582950 465
1582960 463
1582970 463
1582980 461
1582990 459
1583000 459
1583010 458
1583020 457
1583030 457
1583040 456
1583050 455
1583060 455
1583070 454
1583080 453
1583090 453
1583100 451
1583110 449
1583120 449
1583130 447
1583140 445
1583150 445
1583160 444
1583170 442
1583180 442
1583190 441
1583200 439
1583210 439
1583220 437
1583230 435
1583240 435
1583250 434
1583260 433
1583270 433
1583280 432
1583290 427
1583300 422
1583310 422
1583320 419
1583330 417
1583340 417
1583350 415
1583360 415
1583370 415
1583380 414
1583390 413
1583400 413
1583410 412
1583420 410
1583430 410
1583440 408
1583450 409
1583460 409
1583470 409
1583480 408
1583490 408
1583500 407
1583510 407
1583520 407
1583530 406
1583540 404
1583550 404
1583560 402
1583570 402
1583580 402
1583590 401
1583600 401
1583610 401
1583620 401
1583630 400
1583640 400
1583650 400
1583660 400
1583670 400
1583680 399
1583690 398
1583700 398
1583710 397
1583720 398
1583730 398
1583740 399
1583750 399
1583760 399
1583770 399
1583780 398
1583790 398
1583800 398
1583810 397
1583820 397
1583830 397
1583840 398
1583850 398
1583860 400
1583870 401
1583880 401
1583890 401
1583900 402
1583910 402
1583920 404
1583930 407
1583940 407
1583950 411
1583960 414
1583970 414
1583980 418
1583990 425
1584000 425
1584010 427
1584020 429
1584030 431
1584040 431
1584050 434
1584060 437
1584070 437
1584080 439
1584090 441
1584100 441
1584110 441
1584120 441
1584130 441
1584140 440
1584150 440
1584160 440
1584170 441
1584180 441
1584190 441
1584200 441
1584210 441
1584220 441
1584230 441
1584240 441
1584250 441
1584260 440
1584270 439
1584280 439
1584290 438
1584300 436
1584310 436
1584320 435
1584330 434
1584340 434
1584350 433
1584360 432
1584370 432
1584380 431
1584390 430
1584400 430
1584410 429
1584420 428
1584430 428
1584440 427
1584450 425
1584460 425
1584470 424
1584480 422
1584490 422
1584500 421
1584510 420
1584520 420
1584530 420
1584540 421
1584550 421
1584560 422
1584570 422
1584580 422
1584590 421
1584600 419
1584610 419
1584620 415
1584630 411
1584640 411
1584650 408
1584660 406
1584670 406
1584680 405
1584690 405
1584700 405
1584710 404
1584720 403
1584730 403
1584740 401
1584750 401
1584760 400
1584770 400
1584780 400
1584790 400
1584800 400
1584810 400
1584820 401
1584830 401
1584840 401
1584850 400
1584860 400
1584870 398
1584880 398
1584890 398
1584900 397
1584910 392
1584920 392
1584930 380
1584940 370
1584950 370
1584960 368
1584970 368
1584980 368
1584990 368
1585000 368
1585010 368
1585020 368
1585030 372
1585040 372
1585050 378
1585060 383
1585070 383
1585080 390
1585090 391
1585100 391
1585110 393
1585120 395
1585130 395
1585140 395
1585150 397
1585160 397
1585170 398
1585180 398
1585190 398
1585200 398
1585210 398
1585220 398
1585230 398
1585240 399
1585250 399
1585260 399
1585270 399
1585280 399
1585290 400
1585300 400
1585310 400
1585320 400
1585330 400
1585340 400
1585350 401
1585360 401
1585370 401
1585380 402
1585390 403
1585400 403
1585410 404
1585420 405
1585430 405
1585440 406
1585450 406
1585460 406
1585470 406
1585480 408
1585490 410
1585500 410
1585510 410
1585520 410
1585530 410
1585540 410
1585550 410
1585560 410
1585570 410
1585580 410
1585590 410
1585600 411
1585610 411
1585620 411
1585630 412
1585640 412
1585650 412
1585660 412
1585670 412
1585680 412
1585690 412
1585700 412
1585710 412
1585720 412
1585730 412
1585740 412
1585750 412
1585760 412
1585770 412
1585780 411
1585790 412
1585800 412
1585810 412
1585820 412
1585830 412
1585840 412
1585850 412
1585860 412
1585870 413
1585880 414
1585890 414
1585900 415
1585910 416
1585920 416
1585930 417
1585940 418
1585950 418
1585960 419
1585970 420
1585980 420
1585990 422
1586000 423
1586010 423
1586020 425
1586030 426
1586040 426
1586050 428
1586060 430
1586070 430
1586080 432
1586090 435
1586100 435
1586110 436
1586120 437
1586130 437
1586140 441
1586150 443
1586160 443
1586170 445
1586180 447
1586190 447
1586200 449
1586210 452
1586220 455
1586230 455
1586240 457
1586250 460
1586260 460
1586270 462
1586280 465
1586290 465
1586300 467
1586310 469
1586320 469
1586330 471
1586340 474
1586350 474
1586360 477
1586370 480
1586380 480
1586390 483
1586400 486
1586410 486
1586420 488
1586430 491
1586440 491
1586450 494
1586460 497
1586470 497
1586480 500
1586490 503
1586500 503
1586510 506
1586520 509
1586530 509
1586540 513
1586550 518
1586560 518
1586570 521
1586580 524
1586590 524
1586600 529
1586610 533
1586620 533
1586630 537
1586640 541
1586650 541
1586660 544
1586670 548
1586680 548
1586690 551
1586700 553
1586710 553
1586720 555
1586730 556
1586740 556
1586750 559
1586760 561
1586770 561
1586780 564
1586790 569
1586800 569
1586810 574
1586820 579
1586830 579
1586840 584
1586850 589
1586860 589
1586870 593
1586880 596
1586890 596
1586900 599
1586910 601
1586920 601
1586930 603
1586940 607
1586950 611
1586960 611
1586970 615
1586980 621
1586990 621
1587000 626
1587010 631
1587020 631
1587030 637
1587040 643
1587050 643
1587060 648
1587070 654
1587080 654
1587090 660
1587100 666
1587110 666
1587120 672
1587130 678
1587140 678
1587150 684
1587160 691
1587170 691
1587180 697
1587190 703
1587200 703
1587210 709
1587220 714
1587230 714
1587240 718
1587250 723
1587260 723
1587270 729
1587280 737
1587290 737
1587300 746
1587310 756
1587320 756
1587330 762
1587340 767
1587350 767
1587360 772
1587370 777
1587380 777
1587390 780
1587400 782
1587410 782
1587420 784
1587430 785
1587440 785
1587450 786
1587460 788
1587470 788
1587480 791
1587490 793
1587500 793
1587510 797
1587520 802
1587530 802
1587540 806
1587550 809
1587560 809
1587570 812
1587580 815
1587590 815
1587600 818
1587610 821
1587620 821
1587630 823
1587640 825
1587650 825
1587660 826
1587670 828
1587680 829
1587690 829
1587700 832
1587710 834
1587720 834
1587730 836
1587740 838
1587750 838
1587760 840
1587770 841
1587780 841
1587790 844
1587800 847
1587810 851
1587820 854
1587830 857
1587840 857
1587850 861
1587860 865
1587870 865
1587880 869
1587890 873
1587900 873
1587910 877
1587920 879
1587930 879
1587940 882
1587950 884
1587960 884
1587970 887
1587980 891
1587990 891
1588000 896
1588010 901
1588020 901
1588030 906
1588040 912
1588050 912
1588060 918
1588070 922
1588080 922
1588090 927
1588100 931
1588110 931
1588120 934
1588130 938
1588140 938
1588150 942
1588160 947
1588170 947
1588180 953
1588190 960
1588200 960
1588210 965
1588220 969
1588230 969
1588240 973
1588250 978
1588260 978
1588270 981
1588280 984
1588290 984
1588300 986
1588310 988
1588320 988
1588330 990
1588340 991
1588350 991
1588360 991
1588370 989
1588380 989
1588390 987
1588400 989
1588410 992
1588420 992
1588430 994
1588440 996
1588450 996
1588460 999
1588470 1002
1588480 1002
1588490 1004
1588500 1005
1588510 1005
1588520 1009
1588530 1017
1588540 1017
1588550 1028
1588560 1034
1588570 1034
1588580 1037
1588590 1041
1588600 1041
1588610 1038
1588620 1032
1588630 1032
1588640 1028
1588650 1024
1588660 1024
1588670 1020
1588680 1015
1588690 1015
1588700 1013
1588710 1012
1588720 1012
1588730 1010
1588740 1011
1588750 1011
1588760 1011
1588770 1009
1588780 1009
1588790 1008
1588800 1008
1588810 1008
1588820 1010
1588830 1013
1588840 1013
1588850 1014
1588860 1016
1588870 1016
1588880 1019
1588890 1022
1588900 1022
1588910 1023
1588920 1025
1588930 1025
1588940 1029
1588950 1032
1588960 1032
1588970 1034
1588980 1036
1588990 1036
1589000 1036
1589010 1037
1589020 1037
1589030 1037
1589040 1037
1589050 1032
1589060 1029
1589070 1027
1589080 1027
1589090 1026
1589100 1025
1589110 1025
1589120 1024
1589130 1024
1589140 1025
1589150 1025
1589160 1023
1589170 1018
1589180 1018
1589190 1012
1589200 1007
1589210 1007
1589220 1004
1589230 1005
1589240 1005
1589250 1011
1589260 1015
1589270 1015
1589280 1018
1589290 1017
1589300 1017
1589310 1017
1589320 1025
1589330 1025
1589340 1034
1589350 1039
1589360 1039
1589370 1040
1589380 1042
1589390 1042
1589400 1044
1589410 1045
1589420 1045
1589430 1047
1589440 1049
1589450 1049
1589460 1054
1589470 1058
1589480 1058
1589490 1062
1589500 1067
1589510 1067
1589520 1073
1589530 1077
1589540 1077
1589550 1080
1589560 1083
1589570 1083
1589580 1085
1589590 1087
1589600 1087
1589610 1088
1589620 1089
1589630 1089
1589640 1089
1589650 1089
1589660 1089
1589670 1090
1589680 1091
1589690 1091
1589700 1092
1589710 1092
1589720 1092
1589730 1093
1589740 1093
1589750 1093
1589760 1090
1589770 1086
1589780 1086
1589790 1081
1589800 1077
1589810 1077
1589820 1076
1589830 1077
1589840 1076
1589850 1076
1589860 1074
1589870 1075
1589880 1075
1589890 1079
1589900 1082
1589910 1082
1589920 1083
1589930 1083
1589940 1083
1589950 1085
1589960 1086
1589970 1086
1589980 1088
1589990 1087
1590000 1087
1590010 1080
1590020 1074
1590030 1074
1590040 1072
1590050 1069
1590060 1069
1590070 1063
1590080 1056
1590090 1056
1590100 1052
1590110 1047
1590120 1047
1590130 1049
1590140 1053
1590150 1053
1590160 1052
1590170 1052
1590180 1052
1590190 1054
1590200 1057
1590210 1057
1590220 1060
1590230 1062
1590240 1062
1590250 1062
1590260 1061
1590270 1061
1590280 1054
1590290 1054
1590300 1054
1590310 1053
1590320 1052
1590330 1052
1590340 1050
1590350 1050
1590360 1050
1590370 1050
1590380 1048
1590390 1048
1590400 1046
1590410 1044
1590420 1044
1590430 1042
1590440 1040
1590450 1040
1590460 1039
1590470 1038
1590480 1038
1590490 1037
1590500 1037
1590510 1037
1590520 1037
1590530 1037
1590540 1037
1590550 1036
1590560 1035
1590570 1034
1590580 1034
1590590 1033
1590600 1031
1590610 1031
1590620 1030
1590630 1028
1590640 1028
1590650 1026
1590660 1025
1590670 1025
1590680 1024
1590690 1023
1590700 1023
1590710 1022
1590720 1020
1590730 1020
1590740 1018
1590750 1017
1590760 1017
1590770 1016
1590780 1015
1590790 1015
1590800 1015
1590810 1015
1590820 1015
1590830 1014
1590840 1014
1590850 1014
1590860 1013
1590870 1014
1590880 1014
1590890 1014
1590900 1013
1590910 1013
1590920 1013
1590930 1012
1590940 1012
1590950 1012
1590960 1015
1590970 1015
1590980 1018
1590990 1019
1591000 1019
1591010 1020
1591020 1020
1591030 1020
1591040 1020
1591050 1020
1591060 1020
1591070 1020
1591080 1020
1591090 1020
1591100 1020
1591110 1020
1591120 1020
1591130 1020
1591140 1021
1591150 1021
1591160 1022
1591170 1024
1591180 1024
1591190 1026
1591200 1028
1591210 1028
1591220 1030
1591230 1032
1591240 1032
1591250 1033
1591260 1034
1591270 1034
1591280 1035
1591290 1035
1591300 1035
1591310 1035
1591320 1035
1591330 1035
1591340 1035
1591350 1035
1591360 1035
1591370 1035
1591380 1035
1591390 1034
1591400 1034
1591410 1033
1591420 1034
1591430 1034
1591440 1035
1591450 1035
1591460 1035
1591470 1036
1591480 1035
1591490 1038
1591500 1038
1591510 1037
1591520 1037
1591530 1037
1591540 1037
1591550 1037
1591560 1036
1591570 1036
1591580 1036
1591590 1035
1591600 1034
1591610 1034
1591620 1032
1591630 1031
1591640 1031
1591650 1030
1591660 1029
1591670 1029
1591680 1028
1591690 1027
1591700 1027
1591710 1024
1591720 1022
1591730 1022
1591740 1022
1591750 1020
1591760 1020
1591770 1021
1591780 1022
1591790 1022
1591800 1022
1591810 1021
1591820 1021
1591830 1019
1591840 1018
1591850 1018
1591860 1017
1591870 1016
1591880 1016
1591890 1015
1591900 1014
1591910 1014
1591920 1013
1591930 1012
1591940 1012
1591950 1009
1591960 1008
1591970 1008
1591980 1007
1591990 1006
1592000 1006
1592010 1004
1592020 1003
1592030 1001
1592040 1001
1592050 999
1592060 997
1592070 997
1592080 995
1592090 994
1592100 994
1592110 991
1592120 990
1592130 990
1592140 988
1592150 986
1592160 986
1592170 984
1592180 983
1592190 983
1592200 981
1592210 980
1592220 980
1592230 978
1592240 977
1592250 977
1592260 976
1592270 975
1592280 975
1592290 974
1592300 973
1592310 973
1592320 972
1592330 972
1592340 972
1592350 970
1592360 967
1592370 967
1592380 966
1592390 965
1592400 965
1592410 964
1592420 962
1592430 962
1592440 961
1592450 960
1592460 960
1592470 958
1592480 956
1592490 956
1592500 955
1592510 953
1592520 953
1592530 951
1592540 949
1592550 949
1592560 947
1592570 945
1592580 945
1592590 942
1592600 940
1592610 940
1592620 938
1592630 936
1592640 936
1592650 933
1592660 930
1592670 930
1592680 927
1592690 930
1592700 930
1592710 928
1592720 926
1592730 926
1592740 923
1592750 920
1592760 917
1592770 917
1592780 914
1592790 910
1592800 910
1592810 906
1592820 902
1592830 902
1592840 897
1592850 892
1592860 892
1592870 889
1592880 890
1592890 890
1592900 893
1592910 896
1592920 896
1592930 900
1592940 904
1592950 904
1592960 908
1592970 910
1592980 910
1592990 913
1593000 916
1593010 916
1593020 919
1593030 921
1593040 921
1593050 923
1593060 925
1593070 925
1593080 926
1593090 927
1593100 927
1593110 928
1593120 929
1593130 929
1593140 929
1593150 930
1593160 930
1593170 930
1593180 930
1593190 930
1593200 930
1593210 931
1593220 931
1593230 931
1593240 931
1593250 931
1593260 932
1593270 932
1593280 932
1593290 933
1593300 935
1593310 935
1593320 936
1593330 937
1593340 937
1593350 938
1593360 940
1593370 940
1593380 941
1593390 941
1593400 941
1593410 942
1593420 941
1593430 941
1593440 940
1593450 940
1593460 940
1593470 939
1593480 938
1593490 936
1593500 936
1593510 934
1593520 933
1593530 933
1593540 930
1593550 927
1593560 927
1593570 920
1593580 908
1593590 908
1593600 897
1593610 888
1593620 888
1593630 880
1593640 873
1593650 873
1593660 865
1593670 858
1593680 858
1593690 850
1593700 843
1593710 843
1593720 836
1593730 830
1593740 830
1593750 823
1593760 816
1593770 816
1593780 808
1593790 802
1593800 802
1593810 796
1593820 791
1593830 791
1593840 785
1593850 780
1593860 780
1593870 776
1593880 769
1593890 769
1593900 766
1593910 763
1593920 763
1593930 759
1593940 755
1593950 755
1593960 752
1593970 749
1593980 749
1593990 747
1594000 745
1594010 745
1594020 743
1594030 740
1594040 740
1594050 737
1594060 732
1594070 732
1594080 727
1594090 724
1594100 724
1594110 722
1594120 723
1594130 723
1594140 723
1594150 723
1594160 723
1594170 722
1594180 719
1594190 719
1594200 717
1594210 716
1594220 716
1594230 716
1594240 718
1594250 719
1594260 719
1594270 719
1594280 721
1594290 721
1594300 724
1594310 726
1594320 726
1594330 728
1594340 729
1594350 729
1594360 729
1594370 729
1594380 729
1594390 729
1594400 729
1594410 729
1594420 729
1594430 726
1594440 726
1594450 724
1594460 723
1594470 723
1594480 722
1594490 721
1594500 721
1594510 720
1594520 717
1594530 717
1594540 712
1594550 706
1594560 706
1594570 704
1594580 709
1594590 709
1594600 715
1594610 719
1594620 719
1594630 723
1594640 728
1594650 728
1594660 733
1594670 739
1594680 739
1594690 745
1594700 752
1594710 752
1594720 759
1594730 765
1594740 765
1594750 772
1594760 779
1594770 779
1594780 786
1594790 792
1594800 792
1594810 799
1594820 804
1594830 804
1594840 807
1594850 808
1594860 808
1594870 808
1594880 807
1594890 807
1594900 805
1594910 804
1594920 804
1594930 805
1594940 808
1594950 810
1594960 810
1594970 812
1594980 814
1594990 814
1595000 816
1595010 818
1595020 818
1595030 820
1595040 823
1595050 817
1595060 820
1595070 823
1595080 823
1595090 827
1595100 831
1595110 831
1595120 835
1595130 839
1595140 839
1595150 843
1595160 847
1595170 847
1595180 852
1595190 856
1595200 856
1595210 858
1595220 856
1595230 856
1595240 851
1595250 847
1595260 847
1595270 843
1595280 838
1595290 838
1595300 834
1595310 831
1595320 831
1595330 824
1595340 815
1595350 815
1595360 809
1595370 804
1595380 804
1595390 800
1595400 797
1595410 797
1595420 793
1595430 789
1595440 789
1595450 784
1595460 779
1595470 779
1595480 772
1595490 765
1595500 765
1595510 758
1595520 752
1595530 752
1595540 747
1595550 742
1595560 742
1595570 736
1595580 731
1595590 731
1595600 727
1595610 724
1595620 724
1595630 721
1595640 717
1595650 717
1595660 712
1595670 707
1595680 701
1595690 701
1595700 695
1595710 689
1595720 689
1595730 684
1595740 675
1595750 675
1595760 665
1595770 659
1595780 659
1595790 654
1595800 652
1595810 652
1595820 651
1595830 648
1595840 648
1595850 643
1595860 637
1595870 637
1595880 632
1595890 629
1595900 629
1595910 628
1595920 631
1595930 631
1595940 632
1595950 630
1595960 630
1595970 629
1595980 630
1595990 630
1596000 632
1596010 634
1596020 634
1596030 637
1596040 640
1596050 640
1596060 642
1596070 643
1596080 643
1596090 644
1596100 645
1596110 645
1596120 646
1596130 647
1596140 647
1596150 647
1596160 648
1596170 648
1596180 650
1596190 652
1596200 652
1596210 647
1596220 648
1596230 648
1596240 649
1596250 650
1596260 650
1596270 651
1596280 650
1596290 650
1596300 649
1596310 649
1596320 649
1596330 649
1596340 650
1596350 650
1596360 652
1596370 654
1596380 654
1596390 656
1596400 656
1596410 655
1596420 655
1596430 656
1596440 657
1596450 657
1596460 657
1596470 657
1596480 657
1596490 658
1596500 659
1596510 659
1596520 660
1596530 660
1596540 660
1596550 660
1596560 660
1596570 660
1596580 660
1596590 661
1596600 661
1596610 661
1596620 662
1596630 662
1596640 664
1596650 665
1596660 665
1596670 665
1596680 665
1596690 665
1596700 666
1596710 667
1596720 667
1596730 668
1596740 668
1596750 668
1596760 668
1596770 669
1596780 669
1596790 669
1596800 669
1596810 669
1596820 669
1596830 669
1596840 669
1596850 669
1596860 669
1596870 669
1596880 668
1596890 667
1596900 667
1596910 666
1596920 664
1596930 664
1596940 662
1596950 660
1596960 660
1596970 659
1596980 656
1596990 656
1597000 651
1597010 647
1597020 647
1597030 644
1597040 642
1597050 642
1597060 641
1597070 638
1597080 638
1597090 637
1597100 636
1597110 635
1597120 635
1597130 634
1597140 632
1597150 632
1597160 630
1597170 629
1597180 629
1597190 628
1597200 627
1597210 627
1597220 626
1597230 625
1597240 625
1597250 624
1597260 623
1597270 623
1597280 621
1597290 620
1597300 620
1597310 618
1597320 616
1597330 616
1597340 615
1597350 614
1597360 611
1597370 610
1597380 609
1597390 609
1597400 609
1597410 609
1597420 609
1597430 610
1597440 611
1597450 611
1597460 612
1597470 612
1597480 612
1597490 613
1597500 616
1597510 616
1597520 616
1597530 617
1597540 617
1597550 620
1597560 625
1597570 625
1597580 629
1597590 632
1597600 632
1597610 636
1597620 639
1597630 639
1597640 642
1597650 645
1597660 645
1597670 647
1597680 649
1597690 649
1597700 651
1597710 652
1597720 652
1597730 653
1597740 654
1597750 654
1597760 656
1597770 658
1597780 658
1597790 660
1597800 662
1597810 662
1597820 666
1597830 668
1597840 671
1597850 671
1597860 673
1597870 675
1597880 675
1597890 677
1597900 679
1597910 679
1597920 682
1597930 684
1597940 684
1597950 686
1597960 688
1597970 688
1597980 690
1597990 692
1598000 692
1598010 694
1598020 697
1598030 697
1598040 698
1598050 700
1598060 700
1598070 701
1598080 703
1598090 703
1598100 705
1598110 706
1598120 706
1598130 709
1598140 711
1598150 711
1598160 713
1598170 715
1598180 715
1598190 717
1598200 719
1598210 719
1598220 721
1598230 723
1598240 723
1598250 724
1598260 726
1598270 726
1598280 727
1598290 728
1598300 728
1598310 730
1598320 731
1598330 731
1598340 733
1598350 734
1598360 734
1598370 735
1598380 737
1598390 737
1598400 738
1598410 739
1598420 739
1598430 740
1598440 741
1598450 741
1598460 742
1598470 743
1598480 743
1598490 745
1598500 746
1598510 746
1598520 747
1598530 748
1598540 748
1598550 749
1598560 750
1598570 751
1598580 751
1598590 752
1598600 752
1598610 752
1598620 752
1598630 753
1598640 753
1598650 753
1598660 753
1598670 753
1598680 753
1598690 753
1598700 753
1598710 752
1598720 751
1598730 751
1598740 749
1598750 746
1598760 746
1598770 744
1598780 741
1598790 741
1598800 739
1598810 736
1598820 736
1598830 734
1598840 733
1598850 733
1598860 733
1598870 732
1598880 732
1598890 731
1598900 730
1598910 730
1598920 730
1598930 729
1598940 729
1598950 729
1598960 730
1598970 730
1598980 731
1598990 732
1599000 732
1599010 732
1599020 732
1599030 732
1599040 732
1599050 732
1599060 732
1599070 732
1599080 731
1599090 731
1599100 731
1599110 729
1599120 729
1599130 728
1599140 727
1599150 727
1599160 725
1599170 722
1599180 722
1599190 720
1599200 717
1599210 717
1599220 714
1599230 710
1599240 710
1599250 707
1599260 703
1599270 703
1599280 698
1599290 694
1599300 690
1599310 690
1599320 686
1599330 681
1599340 681
1599350 677
1599360 673
1599370 673
1599380 668
1599390 662
1599400 662
1599410 656
1599420 652
1599430 652
1599440 649
1599450 647
1599460 647
1599470 644
1599480 643
1599490 643
1599500 641
1599510 639
1599520 639
1599530 637
1599540 636
1599550 636
1599560 633
1599570 631
1599580 631
1599590 629
1599600 626
1599610 626
1599620 623
1599630 620
1599640 620
1599650 617
1599660 615
1599670 615
1599680 612
1599690 607
1599700 607
1599710 603
1599720 599
1599730 599
1599740 596
1599750 594
1599760 594
1599770 592
1599780 589
1599790 589
1599800 587
1599810 585
1599820 585
1599830 583
1599840 581
1599850 581
1599860 579
1599870 577
1599880 577
1599890 571
1599900 565
1599910 565
1599920 559
1599930 553
1599940 553
1599950 548
1599960 543
1599970 543
1599980 538
1599990 533
