1580000 534
1580010 534
1580020 535
1580030 535
1580040 535
1580050 535
1580060 535
1580070 535
1580080 536
1580090 536
1580100 537
1580110 538
1580120 538
1580130 538
1580140 539
1580150 539
1580160 543
1580170 542
1580180 542
1580190 541
1580200 539
1580210 539
1580220 537
1580230 537
1580240 537
1580250 537
1580260 537
1580270 537
1580280 537
1580290 537
1580300 537
1580310 536
1580320 536
1580330 536
1580340 536
1580350 537
1580360 537
1580370 537
1580380 536
1580390 536
1580400 534
1580410 532
1580420 530
1580430 530
1580440 527
1580450 525
1580460 525
1580470 524
1580480 522
1580490 522
1580500 521
1580510 520
1580520 520
1580530 520
1580540 520
1580550 520
1580560 519
1580570 517
1580580 517
1580590 516
1580600 517
1580610 517
1580620 518
1580630 518
1580640 518
1580650 517
1580660 517
1580670 517
1580680 515
1580690 513
1580700 513
1580710 510
1580720 506
1580730 506
1580740 503
1580750 500
1580760 500
1580770 497
1580780 495
1580790 495
1580800 492
1580810 489
1580820 489
1580830 486
1580840 485
1580850 485
1580860 483
1580870 479
1580880 479
1580890 476
1580900 473
1580910 473
1580920 470
1580930 467
1580940 467
1580950 465
1580960 463
1580970 463
1580980 462
1580990 461
1581000 461
1581010 461
1581020 461
1581030 461
1581040 461
1581050 462
1581060 462
1581070 463
1581080 463
1581090 463
1581100 463
1581110 463
1581120 463
1581130 462
1581140 461
1581150 462
1581160 462
1581170 461
1581180 460
1581190 460
1581200 460
1581210 459
1581220 459
1581230 458
1581240 457
1581250 457
1581260 457
1581270 456
1581280 456
1581290 456
1581300 456
1581310 456
1581320 455
1581330 455
1581340 455
1581350 455
1581360 454
1581370 454
1581380 454
1581390 454
1581400 454
1581410 454
1581420 453
1581430 453
1581440 453
1581450 453
1581460 453
1581470 453
1581480 453
1581490 453
1581500 454
1581510 454
1581520 454
1581530 456
1581540 458
1581550 458
1581560 461
1581570 464
1581580 464
1581590 466
1581600 467
1581610 467
1581620 468
1581630 469
1581640 469
1581650 469
1581660 470
1581670 470
1581680 470
1581690 470
1581700 470
1581710 469
1581720 469
1581730 469
1581740 467
1581750 465
1581760 465
1581770 462
1581780 456
1581790 456
1581800 451
1581810 446
1581820 446
1581830 441
1581840 437
1581850 437
1581860 434
1581870 431
1581880 429
1581890 429
1581900 429
1581910 429
1581920 429
1581930 429
1581940 431
1581950 431
1581960 432
1581970 432
1581980 432
1581990 432
1582000 432
1582010 432
1582020 432
1582030 432
1582040 432
1582050 432
1582060 432
1582070 432
1582080 432
1582090 432
1582100 432
1582110 432
1582120 432
1582130 432
1582140 433
1582150 434
1582160 434
1582170 437
1582180 435
1582190 435
1582200 429
1582210 429
1582220 429
1582230 430
1582240 433
1582250 433
1582260 438
1582270 436
1582280 436
1582290 432
1582300 431
1582310 431
1582320 433
1582330 434
1582340 434
1582350 435
1582360 436
1582370 436
1582380 437
1582390 439
1582400 439
1582410 440
1582420 442
1582430 442
1582440 444
1582450 447
1582460 447
1582470 450
1582480 454
1582490 454
1582500 458
1582510 462
1582520 462
1582530 467
1582540 473
1582550 473
1582560 478
1582570 483
1582580 483
1582590 488
1582600 493
1582610 493
1582620 498
1582630 503
1582640 508
1582650 508
1582660 511
1582670 515
1582680 515
1582690 517
1582700 519
1582710 519
1582720 519
1582730 520
1582740 520
1582750 520
1582760 521
1582770 521
1582780 522
1582790 522
1582800 522
1582810 522
1582820 528
1582830 528
1582840 529
1582850 530
1582860 530
1582870 531
1582880 533
1582890 533
1582900 535
1582910 537
1582920 537
1582930 538
1582940 539
1582950 539
1582960 540
1582970 541
1582980 541
1582990 542
1583000 544
1583010 544
1583020 546
1583030 548
1583040 548
1583050 550
1583060 551
1583070 551
1583080 553
1583090 554
1583100 554
1583110 556
1583120 557
1583130 557
1583140 558
1583150 559
1583160 559
1583170 561
1583180 564
1583190 564
1583200 567
1583210 570
1583220 570
1583230 572
1583240 575
1583250 575
1583260 578
1583270 581
1583280 581
1583290 584
1583300 587
1583310 587
1583320 590
1583330 595
1583340 595
1583350 599
1583360 603
1583370 608
1583380 608
1583390 612
1583400 616
1583410 616
1583420 620
1583430 623
1583440 623
1583450 626
1583460 628
1583470 628
1583480 632
1583490 636
1583500 636
1583510 641
1583520 647
1583530 647
1583540 653
1583550 659
1583560 659
1583570 666
1583580 672
1583590 672
1583600 679
1583610 685
1583620 685
1583630 690
1583640 694
1583650 694
1583660 697
1583670 698
1583680 698
1583690 698
1583700 697
1583710 697
1583720 694
1583730 692
1583740 692
1583750 691
1583760 689
1583770 689
1583780 687
1583790 685
1583800 685
1583810 684
1583820 683
1583830 683
1583840 682
1583850 682
1583860 682
1583870 682
1583880 681
1583890 681
1583900 676
1583910 669
1583920 669
1583930 662
1583940 654
1583950 654
1583960 647
1583970 641
1583980 641
1583990 634
1584000 627
1584010 627
1584020 622
1584030 617
1584040 617
1584050 613
1584060 609
1584070 609
1584080 605
1584090 602
1584100 599
1584110 599
1584120 597
1584130 599
1584140 599
1584150 598
1584160 597
1584170 597
1584180 595
1584190 593
1584200 593
1584210 590
1584220 588
1584230 588
1584240 587
1584250 585
1584260 585
1584270 582
1584280 579
1584290 579
1584300 576
1584310 573
1584320 573
1584330 570
1584340 567
1584350 567
1584360 564
1584370 560
1584380 560
1584390 555
1584400 549
1584410 549
1584420 542
1584430 534
1584440 534
1584450 528
1584460 523
1584470 523
1584480 520
1584490 517
1584500 517
1584510 514
1584520 512
1584530 512
1584540 509
1584550 507
1584560 507
1584570 505
1584580 503
1584590 503
1584600 502
1584610 499
1584620 499
1584630 497
1584640 495
1584650 495
1584660 494
1584670 493
1584680 493
1584690 492
1584700 490
1584710 490
1584720 487
1584730 485
1584740 485
1584750 482
1584760 479
1584770 479
1584780 477
1584790 475
1584800 475
1584810 476
1584820 475
1584830 475
1584840 474
1584850 472
1584860 470
1584870 470
1584880 468
1584890 466
1584900 466
1584910 465
1584920 466
1584930 466
1584940 466
1584950 465
1584960 465
1584970 463
1584980 455
1584990 455
1585000 448
1585010 448
1585020 448
1585030 449
1585040 450
1585050 450
1585060 448
1585070 446
1585080 446
1585090 444
1585100 441
1585110 441
1585120 438
1585130 435
1585140 435
1585150 432
1585160 429
1585170 429
1585180 427
1585190 426
1585200 426
1585210 424
1585220 423
1585230 423
1585240 422
1585250 422
1585260 422
1585270 421
1585280 420
1585290 420
1585300 418
1585310 417
1585320 417
1585330 415
1585340 413
1585350 413
1585360 412
1585370 410
1585380 410
1585390 408
1585400 406
1585410 407
1585420 405
1585430 403
1585440 403
1585450 401
1585460 400
1585470 400
1585480 399
1585490 398
1585500 398
1585510 398
1585520 398
1585530 398
1585540 398
1585550 398
1585560 398
1585570 398
1585580 398
1585590 398
1585600 398
1585610 398
1585620 399
1585630 399
1585640 398
1585650 397
1585660 397
1585670 396
1585680 395
1585690 395
1585700 394
1585710 394
1585720 394
1585730 394
1585740 393
1585750 393
1585760 388
1585770 377
1585780 377
1585790 367
1585800 365
1585810 365
1585820 365
1585830 366
1585840 366
1585850 368
1585860 369
1585870 369
1585880 369
1585890 370
1585900 370
1585910 378
1585920 390
1585930 390
1585940 392
1585950 393
1585960 393
1585970 393
1585980 396
1585990 396
1586000 399
1586010 401
1586020 401
1586030 402
1586040 402
1586050 402
1586060 402
1586070 402
1586080 402
1586090 403
1586100 403
1586110 403
1586120 403
1586130 403
1586140 403
1586150 403
1586160 403
1586170 403
1586180 403
1586190 403
1586200 403
1586210 403
1586220 404
1586230 404
1586240 404
1586250 404
1586260 404
1586270 405
1586280 406
1586290 406
1586300 407
1586310 408
1586320 409
1586330 409
1586340 410
1586350 411
1586360 411
1586370 412
1586380 413
1586390 413
1586400 414
1586410 415
1586420 415
1586430 416
1586440 417
1586450 417
1586460 417
1586470 417
1586480 417
1586490 419
1586500 421
1586510 421
1586520 424
1586530 427
1586540 427
1586550 431
1586560 435
1586570 435
1586580 439
1586590 443
1586600 443
1586610 447
1586620 452
1586630 452
1586640 456
1586650 462
1586660 462
1586670 467
1586680 473
1586690 473
1586700 479
1586710 485
1586720 485
1586730 490
1586740 496
1586750 496
1586760 502
1586770 509
1586780 509
1586790 515
1586800 521
1586810 521
1586820 527
1586830 534
1586840 534
1586850 541
1586860 546
1586870 546
1586880 554
1586890 561
1586900 561
1586910 568
1586920 574
1586930 574
1586940 581
1586950 587
1586960 587
1586970 593
1586980 599
1586990 599
1587000 604
1587010 609
1587020 609
1587030 614
1587040 619
1587050 624
1587060 624
1587070 629
1587080 634
1587090 634
1587100 638
1587110 642
1587120 642
1587130 646
1587140 652
1587150 652
1587160 657
1587170 661
1587180 661
1587190 665
1587200 666
1587210 666
1587220 667
1587230 669
1587240 669
1587250 671
1587260 672
1587270 672
1587280 675
1587290 677
1587300 677
1587310 680
1587320 682
1587330 682
1587340 685
1587350 689
1587360 689
1587370 693
1587380 695
1587390 695
1587400 697
1587410 700
1587420 700
1587430 703
1587440 706
1587450 706
1587460 708
1587470 711
1587480 711
1587490 714
1587500 717
1587510 717
1587520 720
1587530 722
1587540 722
1587550 723
1587560 725
1587570 725
1587580 726
1587590 729
1587600 729
1587610 731
1587620 734
1587630 734
1587640 738
1587650 742
1587660 742
1587670 747
1587680 758
1587690 758
1587700 774
1587710 777
1587720 777
1587730 773
1587740 768
1587750 768
1587760 763
1587770 761
1587780 761
1587790 761
1587800 761
1587810 761
1587820 761
1587830 761
1587840 762
1587850 762
1587860 764
1587870 767
1587880 767
1587890 770
1587900 773
1587910 773
1587920 776
1587930 779
1587940 770
1587950 772
1587960 771
1587970 771
1587980 768
1587990 769
1588000 769
1588010 769
1588020 767
1588030 767
1588040 764
1588050 765
1588060 765
1588070 765
1588080 758
1588090 758
1588100 753
1588110 750
1588120 750
1588130 747
1588140 743
1588150 743
1588160 732
1588170 720
1588180 720
1588190 715
1588200 712
1588210 712
1588220 708
1588230 703
1588240 703
1588250 698
1588260 691
1588270 691
1588280 684
1588290 677
1588300 677
1588310 674
1588320 678
1588330 678
1588340 677
1588350 675
1588360 675
1588370 673
1588380 671
1588390 671
1588400 668
1588410 665
1588420 665
1588430 660
1588440 657
1588450 657
1588460 653
1588470 648
1588480 648
1588490 645
1588500 647
1588510 647
1588520 650
1588530 651
1588540 652
1588550 652
1588560 651
1588570 650
1588580 650
1588590 646
1588600 640
1588610 640
1588620 636
1588630 637
1588640 637
1588650 642
1588660 649
1588670 649
1588680 656
1588690 662
1588700 662
1588710 667
1588720 672
1588730 672
1588740 677
1588750 683
1588760 683
1588770 688
1588780 692
1588790 692
1588800 698
1588810 703
1588820 703
1588830 708
1588840 713
1588850 713
1588860 718
1588870 723
1588880 723
1588890 727
1588900 736
1588910 736
1588920 750
1588930 754
1588940 754
1588950 755
1588960 757
1588970 757
1588980 757
1588990 756
1589000 756
1589010 755
1589020 756
1589030 756
1589040 758
1589050 762
1589060 762
1589070 766
1589080 772
1589090 772
1589100 778
1589110 780
1589120 780
1589130 780
1589140 782
1589150 782
1589160 787
1589170 793
1589180 797
1589190 803
1589200 811
1589210 811
1589220 817
1589230 818
1589240 818
1589250 819
1589260 821
1589270 824
1589280 824
1589290 829
1589300 834
1589310 834
1589320 839
1589330 843
1589340 843
1589350 848
1589360 852
1589370 852
1589380 855
1589390 856
1589400 856
1589410 855
1589420 854
1589430 854
1589440 853
1589450 854
1589460 854
1589470 858
1589480 863
1589490 863
1589500 868
1589510 873
1589520 873
1589530 877
1589540 880
1589550 880
1589560 882
1589570 884
1589580 884
1589590 885
1589600 886
1589610 886
1589620 887
1589630 888
1589640 888
1589650 889
1589660 890
1589670 890
1589680 892
1589690 894
1589700 894
1589710 897
1589720 900
1589730 900
1589740 903
1589750 906
1589760 906
1589770 908
1589780 910
1589790 910
1589800 910
1589810 911
1589820 911
1589830 911
1589840 911
1589850 911
1589860 910
1589870 909
1589880 909
1589890 908
1589900 908
1589910 908
1589920 910
1589930 912
1589940 912
1589950 914
1589960 917
1589970 917
1589980 920
1589990 926
1590000 926
1590010 933
1590020 939
1590030 946
1590040 946
1590050 954
1590060 969
1590070 969
1590080 987
1590090 995
1590100 995
1590110 999
1590120 1000
1590130 1000
1590140 1001
1590150 1001
1590160 1001
1590170 996
1590180 993
1590190 993
1590200 995
1590210 996
1590220 996
1590230 995
1590240 994
1590250 994
1590260 994
1590270 994
1590280 994
1590290 990
1590300 989
1590310 989
1590320 989
1590330 988
1590340 988
1590350 987
1590360 987
1590370 987
1590380 989
1590390 991
1590400 991
1590410 997
1590420 1000
1590430 1000
1590440 1004
1590450 1008
1590460 1008
1590470 1012
1590480 1016
1590490 1016
1590500 1020
1590510 1024
1590520 1024
1590530 1028
1590540 1034
1590550 1034
1590560 1041
1590570 1046
1590580 1046
1590590 1047
1590600 1047
1590610 1047
1590620 1050
1590630 1055
1590640 1055
1590650 1059
1590660 1063
1590670 1063
1590680 1067
1590690 1072
1590700 1072
1590710 1076
1590720 1081
1590730 1081
1590740 1085
1590750 1090
1590760 1094
1590770 1094
1590780 1099
1590790 1103
1590800 1103
1590810 1107
1590820 1112
1590830 1112
1590840 1116
1590850 1121
1590860 1121
1590870 1126
1590880 1130
1590890 1130
1590900 1134
1590910 1139
1590920 1139
1590930 1144
1590940 1149
1590950 1149
1590960 1154
1590970 1158
1590980 1158
1590990 1163
1591000 1167
1591010 1167
1591020 1171
1591030 1175
1591040 1175
1591050 1178
1591060 1181
1591070 1181
1591080 1184
1591090 1188
1591100 1188
1591110 1193
1591120 1198
1591130 1198
1591140 1202
1591150 1207
1591160 1207
1591170 1213
1591180 1218
1591190 1218
1591200 1223
1591210 1228
1591220 1228
1591230 1234
1591240 1238
1591250 1238
1591260 1240
1591270 1240
1591280 1240
1591290 1240
1591300 1240
1591310 1240
1591320 1239
1591330 1237
1591340 1237
1591350 1236
1591360 1234
1591370 1234
1591380 1232
1591390 1231
1591400 1231
1591410 1229
1591420 1227
1591430 1227
1591440 1225
1591450 1224
1591460 1224
1591470 1222
1591480 1220
1591490 1219
1591500 1219
1591510 1217
1591520 1216
1591530 1216
1591540 1214
1591550 1213
1591560 1213
1591570 1210
1591580 1208
1591590 1208
1591600 1207
1591610 1205
1591620 1200
1591630 1197
1591640 1195
1591650 1195
1591660 1193
1591670 1191
1591680 1191
1591690 1189
1591700 1187
1591710 1187
1591720 1184
1591730 1181
1591740 1181
1591750 1178
1591760 1175
1591770 1175
1591780 1173
1591790 1169
1591800 1169
1591810 1166
1591820 1163
1591830 1163
1591840 1160
1591850 1157
1591860 1157
1591870 1153
1591880 1150
1591890 1150
1591900 1146
1591910 1143
1591920 1143
1591930 1139
1591940 1135
1591950 1135
1591960 1132
1591970 1129
1591980 1129
1591990 1125
1592000 1121
1592010 1121
1592020 1118
1592030 1115
1592040 1115
1592050 1112
1592060 1108
1592070 1108
1592080 1104
1592090 1100
1592100 1100
1592110 1097
1592120 1093
1592130 1093
1592140 1090
1592150 1087
1592160 1087
1592170 1084
1592180 1081
1592190 1081
1592200 1077
1592210 1074
1592220 1072
1592230 1072
1592240 1070
1592250 1069
1592260 1069
1592270 1067
1592280 1065
1592290 1065
1592300 1064
1592310 1062
1592320 1062
1592330 1060
1592340 1058
1592350 1058
1592360 1056
1592370 1053
1592380 1053
1592390 1050
1592400 1047
1592410 1047
1592420 1044
1592430 1041
1592440 1041
1592450 1038
1592460 1035
1592470 1035
1592480 1031
1592490 1027
1592500 1027
1592510 1023
1592520 1018
1592530 1018
1592540 1014
1592550 1009
1592560 1009
1592570 1005
1592580 1000
1592590 1000
1592600 994
1592610 989
1592620 989
1592630 983
1592640 976
1592650 976
1592660 969
1592670 966
1592680 966
1592690 967
1592700 965
1592710 965
1592720 963
1592730 961
1592740 961
1592750 958
1592760 954
1592770 954
1592780 950
1592790 946
1592800 946
1592810 942
1592820 933
1592830 933
1592840 931
1592850 928
1592860 928
1592870 924
1592880 921
1592890 921
1592900 917
1592910 912
1592920 912
1592930 906
1592940 902
1592950 902
1592960 901
1592970 898
1592980 895
1592990 895
1593000 891
1593010 887
1593020 887
1593030 884
1593040 880
1593050 880
1593060 876
1593070 873
1593080 873
1593090 869
1593100 866
1593110 866
1593120 862
1593130 859
1593140 859
1593150 856
1593160 852
1593170 852
1593180 848
1593190 844
1593200 844
1593210 842
1593220 841
1593230 841
1593240 839
1593250 837
1593260 837
1593270 835
1593280 834
1593290 834
1593300 833
1593310 831
1593320 831
1593330 829
1593340 827
1593350 827
1593360 825
1593370 823
1593380 823
1593390 820
1593400 818
1593410 818
1593420 817
1593430 815
1593440 815
1593450 813
1593460 809
1593470 809
1593480 806
1593490 803
1593500 803
1593510 800
1593520 797
1593530 797
1593540 794
1593550 791
1593560 791
1593570 788
1593580 785
1593590 785
1593600 782
1593610 780
1593620 780
1593630 777
1593640 774
1593650 774
1593660 771
1593670 768
1593680 768
1593690 765
1593700 762
1593710 759
1593720 759
1593730 755
1593740 752
1593750 752
1593760 750
1593770 748
1593780 748
1593790 746
1593800 744
1593810 744
1593820 741
1593830 739
1593840 739
1593850 737
1593860 736
1593870 736
1593880 735
1593890 733
1593900 733
1593910 731
1593920 728
1593930 728
1593940 725
1593950 723
1593960 723
1593970 721
1593980 716
1593990 716
1594000 709
1594010 711
1594020 711
1594030 710
1594040 708
1594050 708
1594060 707
1594070 705
1594080 705
1594090 704
1594100 704
1594110 704
1594120 703
1594130 703
1594140 703
1594150 703
1594160 702
1594170 702
1594180 700
1594190 700
1594200 700
1594210 701
1594220 701
1594230 701
1594240 701
1594250 701
1594260 701
1594270 701
1594280 700
1594290 700
1594300 700
1594310 700
1594320 700
1594330 700
1594340 701
1594350 701
1594360 701
1594370 700
1594380 700
1594390 699
1594400 697
1594410 697
1594420 697
1594430 696
1594440 695
1594450 695
1594460 694
1594470 692
1594480 692
1594490 689
1594500 686
1594510 686
1594520 682
1594530 677
1594540 677
1594550 673
1594560 669
1594570 669
1594580 666
1594590 663
1594600 663
1594610 660
1594620 656
1594630 656
1594640 653
1594650 650
1594660 650
1594670 646
1594680 642
1594690 642
1594700 637
1594710 633
1594720 633
1594730 627
1594740 623
1594750 623
1594760 620
1594770 616
1594780 616
1594790 612
1594800 607
1594810 607
1594820 600
1594830 593
1594840 593
1594850 585
1594860 579
1594870 579
1594880 574
1594890 569
1594900 569
1594910 564
1594920 559
1594930 559
1594940 555
1594950 552
1594960 552
1594970 548
1594980 544
1594990 544
1595000 539
1595010 535
1595020 535
1595030 529
1595040 520
1595050 520
1595060 509
1595070 500
1595080 500
1595090 494
1595100 490
1595110 490
1595120 492
1595130 498
1595140 498
1595150 501
1595160 502
1595170 497
1595180 498
1595190 499
1595200 499
1595210 499
1595220 500
1595230 500
1595240 500
1595250 500
1595260 499
1595270 499
1595280 498
1595290 498
1595300 498
1595310 498
1595320 497
1595330 497
1595340 498
1595350 497
1595360 497
1595370 499
1595380 501
1595390 501
1595400 502
1595410 503
1595420 503
1595430 504
1595440 506
1595450 506
1595460 507
1595470 509
1595480 509
1595490 511
1595500 513
1595510 513
1595520 514
1595530 515
1595540 515
1595550 517
1595560 521
1595570 521
1595580 525
1595590 529
1595600 529
1595610 532
1595620 535
1595630 535
1595640 537
1595650 540
1595660 540
1595670 543
1595680 546
1595690 546
1595700 548
1595710 549
1595720 549
1595730 550
1595740 552
1595750 552
1595760 554
1595770 556
1595780 556
1595790 559
1595800 561
1595810 561
1595820 562
1595830 563
1595840 563
1595850 564
1595860 564
1595870 564
1595880 564
1595890 564
1595900 564
1595910 563
1595920 561
1595930 560
1595940 560
1595950 558
1595960 556
1595970 556
1595980 553
1595990 551
1596000 551
1596010 549
1596020 546
1596030 546
1596040 543
1596050 541
1596060 541
1596070 540
1596080 538
1596090 538
1596100 536
1596110 533
1596120 533
1596130 530
1596140 528
1596150 528
1596160 525
1596170 523
1596180 523
1596190 521
1596200 518
1596210 518
1596220 515
1596230 512
1596240 512
1596250 509
1596260 507
1596270 507
1596280 506
1596290 501
1596300 501
1596310 496
1596320 492
1596330 496
1596340 490
1596350 488
1596360 488
1596370 487
1596380 478
1596390 478
1596400 469
1596410 465
1596420 465
1596430 462
1596440 458
1596450 458
1596460 456
1596470 454
1596480 454
1596490 455
1596500 457
1596510 457
1596520 458
1596530 457
1596540 457
1596550 457
1596560 458
1596570 458
1596580 459
1596590 460
1596600 460
1596610 460
1596620 462
1596630 462
1596640 465
1596650 467
1596660 469
1596670 469
1596680 470
1596690 472
1596700 472
1596710 474
1596720 476
1596730 476
1596740 477
1596750 478
1596760 478
1596770 478
1596780 479
1596790 479
1596800 479
1596810 479
1596820 479
1596830 479
1596840 478
1596850 478
1596860 478
1596870 478
1596880 478
1596890 478
1596900 479
1596910 479
1596920 479
1596930 480
1596940 480
1596950 480
1596960 481
1596970 481
1596980 482
1596990 484
1597000 484
1597010 485
1597020 486
1597030 486
1597040 486
1597050 486
1597060 486
1597070 486
1597080 486
1597090 486
1597100 486
1597110 485
1597120 485
1597130 484
1597140 482
1597150 482
1597160 481
1597170 478
1597180 478
1597190 475
1597200 474
1597210 474
1597220 475
1597230 477
1597240 477
1597250 478
1597260 479
1597270 479
1597280 479
1597290 480
1597300 480
1597310 481
1597320 482
1597330 482
1597340 484
1597350 487
1597360 487
1597370 489
1597380 492
1597390 494
1597400 494
1597410 495
1597420 497
1597430 497
1597440 499
1597450 501
1597460 501
1597470 504
1597480 504
1597490 504
1597500 507
1597510 509
1597520 509
1597530 512
1597540 516
1597550 516
1597560 519
1597570 521
1597580 521
1597590 524
1597600 528
1597610 528
1597620 533
1597630 538
1597640 538
1597650 542
1597660 545
1597670 545
1597680 548
1597690 551
1597700 551
1597710 554
1597720 558
1597730 558
1597740 562
1597750 564
1597760 564
1597770 567
1597780 567
1597790 567
1597800 567
1597810 569
1597820 569
1597830 571
1597840 574
1597850 574
1597860 576
1597870 579
1597880 579
1597890 582
1597900 584
1597910 584
1597920 587
1597930 589
1597940 589
1597950 592
1597960 594
1597970 594
1597980 596
1597990 598
1598000 598
1598010 599
1598020 601
1598030 601
1598040 603
1598050 605
1598060 605
1598070 606
1598080 607
1598090 607
1598100 608
1598110 609
1598120 609
1598130 610
1598140 611
1598150 612
1598160 612
1598170 613
1598180 615
1598190 615
1598200 616
1598210 617
1598220 617
1598230 618
1598240 619
1598250 619
1598260 620
1598270 621
1598280 621
1598290 621
1598300 622
1598310 622
1598320 622
1598330 622
1598340 622
1598350 621
1598360 619
1598370 619
1598380 617
1598390 616
1598400 616
1598410 615
1598420 614
1598430 614
1598440 614
1598450 613
1598460 613
1598470 612
1598480 613
1598490 613
1598500 615
1598510 616
1598520 616
1598530 617
1598540 618
1598550 618
1598560 620
1598570 621
1598580 621
1598590 621
1598600 621
1598610 622
1598620 623
1598630 625
1598640 625
1598650 627
1598660 629
1598670 629
1598680 631
1598690 633
1598700 633
1598710 635
1598720 637
1598730 637
1598740 638
1598750 640
1598760 640
1598770 642
1598780 644
1598790 644
1598800 646
1598810 648
1598820 648
1598830 650
1598840 652
1598850 652
1598860 653
1598870 656
1598880 658
1598890 658
1598900 661
1598910 666
1598920 666
1598930 671
1598940 674
1598950 674
1598960 678
1598970 681
1598980 681
1598990 683
1599000 686
1599010 686
1599020 687
1599030 688
1599040 688
1599050 689
1599060 690
1599070 690
1599080 692
1599090 694
1599100 694
1599110 695
1599120 696
1599130 696
1599140 698
1599150 700
1599160 700
1599170 704
1599180 706
1599190 706
1599200 708
1599210 710
1599220 710
1599230 712
1599240 714
1599250 714
1599260 715
1599270 717
1599280 717
1599290 719
1599300 720
1599310 720
1599320 721
1599330 721
1599340 721
1599350 721
1599360 721
1599370 721
1599380 722
1599390 723
1599400 723
1599410 725
1599420 726
1599430 726
1599440 727
1599450 728
1599460 728
1599470 729
1599480 730
1599490 730
1599500 731
1599510 732
1599520 732
1599530 733
1599540 734
1599550 734
1599560 735
1599570 735
1599580 735
1599590 726
1599600 703
1599610 686
1599620 686
1599630 678
1599640 671
1599650 671
1599660 664
1599670 656
1599680 656
1599690 648
1599700 639
1599710 639
1599720 631
1599730 623
1599740 623
1599750 615
1599760 607
1599770 607
1599780 599
1599790 592
1599800 592
1599810 584
1599820 576
1599830 576
1599840 569
1599850 562
1599860 562
1599870 555
1599880 548
1599890 548
1599900 542
1599910 536
1599920 536
1599930 530
1599940 525
1599950 525
1599960 518
1599970 511
1599980 511
1599990 505
