1580000 716
1580010 716
1580020 720
1580030 722
1580040 722
1580050 725
1580060 727
1580070 727
1580080 730
1580090 733
1580100 733
1580110 736
1580120 738
1580130 738
1580140 740
1580150 743
1580160 743
1580170 745
1580180 749
1580190 749
1580200 752
1580210 755
1580220 755
1580230 758
1580240 761
1580250 761
1580260 764
1580270 767
1580280 767
1580290 770
1580300 773
1580310 773
1580320 775
1580330 777
1580340 781
1580350 781
1580360 784
1580370 786
1580380 786
1580390 789
1580400 791
1580410 791
1580420 793
1580430 795
1580440 795
1580450 797
1580460 799
1580470 799
1580480 800
1580490 801
1580500 801
1580510 801
1580520 802
1580530 802
1580540 802
1580550 802
1580560 802
1580570 802
1580580 802
1580590 802
1580600 801
1580610 801
1580620 801
1580630 801
1580640 800
1580650 800
1580660 800
1580670 799
1580680 799
1580690 798
1580700 798
1580710 798
1580720 797
1580730 796
1580740 796
1580750 795
1580760 795
1580770 795
1580780 794
1580790 793
1580800 793
1580810 792
1580820 790
1580830 790
1580840 788
1580850 787
1580860 787
1580870 787
1580880 787
1580890 787
1580900 788
1580910 788
1580920 788
1580930 788
1580940 787
1580950 787
1580960 787
1580970 787
1580980 787
1580990 787
1581000 787
1581010 787
1581020 787
1581030 787
1581040 787
1581050 788
1581060 789
1581070 789
1581080 790
1581090 792
1581100 793
1581110 793
1581120 795
1581130 796
1581140 796
1581150 798
1581160 800
1581170 800
1581180 801
1581190 802
1581200 802
1581210 804
1581220 805
1581230 805
1581240 805
1581250 805
1581260 805
1581270 804
1581280 803
1581290 803
1581300 802
1581310 800
1581320 800
1581330 798
1581340 795
1581350 795
1581360 791
1581370 787
1581380 787
1581390 783
1581400 780
1581410 780
1581420 776
1581430 772
1581440 772
1581450 768
1581460 764
1581470 764
1581480 760
1581490 755
1581500 755
1581510 750
1581520 745
1581530 745
1581540 740
1581550 734
1581560 734
1581570 729
1581580 725
1581590 725
1581600 722
1581610 720
1581620 720
1581630 718
1581640 717
1581650 717
1581660 715
1581670 713
1581680 714
1581690 712
1581700 710
1581710 710
1581720 708
1581730 705
1581740 705
1581750 703
1581760 699
1581770 699
1581780 696
1581790 693
1581800 693
1581810 690
1581820 687
1581830 687
1581840 686
1581850 681
1581860 681
1581870 677
1581880 670
1581890 663
1581900 663
1581910 657
1581920 652
1581930 652
1581940 647
1581950 644
1581960 644
1581970 641
1581980 638
1581990 638
1582000 635
1582010 631
1582020 631
1582030 627
1582040 624
1582050 624
1582060 620
1582070 617
1582080 617
1582090 614
1582100 611
1582110 611
1582120 608
1582130 605
1582140 605
1582150 601
1582160 597
1582170 597
1582180 592
1582190 586
1582200 586
1582210 582
1582220 578
1582230 578
1582240 573
1582250 570
1582260 570
1582270 567
1582280 564
1582290 564
1582300 560
1582310 557
1582320 557
1582330 553
1582340 550
1582350 550
1582360 546
1582370 542
1582380 542
1582390 539
1582400 535
1582410 535
1582420 531
1582430 527
1582440 527
1582450 526
1582460 524
1582470 524
1582480 522
1582490 520
1582500 520
1582510 518
1582520 516
1582530 516
1582540 514
1582550 513
1582560 513
1582570 511
1582580 509
1582590 509
1582600 507
1582610 505
1582620 505
1582630 503
1582640 501
1582650 499
1582660 499
1582670 497
1582680 495
1582690 495
1582700 493
1582710 491
1582720 491
1582730 489
1582740 487
1582750 487
1582760 484
1582770 481
1582780 481
1582790 479
1582800 478
1582810 478
1582820 477
1582830 475
1582840 475
1582850 474
1582860 473
1582870 473
1582880 471
1582890 470
1582900 470
1582910 470
1582920 468
1582930 468
1582940 466
1582950 465
1582960 465
1582970 465
1582980 465
1582990 465
1583000 465
1583010 466
1583020 466
1583030 466
1583040 466
1583050 466
1583060 466
1583070 466
1583080 466
1583090 466
1583100 466
1583110 466
1583120 467
1583130 469
1583140 469
1583150 469
1583160 470
1583170 470
1583180 471
1583190 472
1583200 472
1583210 472
1583220 474
1583230 474
1583240 476
1583250 478
1583260 478
1583270 481
1583280 483
1583290 483
1583300 485
1583310 488
1583320 488
1583330 490
1583340 492
1583350 492
1583360 494
1583370 496
1583380 496
1583390 498
1583400 500
1583410 502
1583420 502
1583430 504
1583440 507
1583450 507
1583460 510
1583470 512
1583480 512
1583490 515
1583500 517
1583510 517
1583520 519
1583530 521
1583540 521
1583550 523
1583560 525
1583570 525
1583580 527
1583590 529
1583600 529
1583610 532
1583620 534
1583630 534
1583640 537
1583650 539
1583660 539
1583670 541
1583680 543
1583690 543
1583700 545
1583710 547
1583720 547
1583730 549
1583740 550
1583750 550
1583760 551
1583770 552
1583780 552
1583790 553
1583800 554
1583810 554
1583820 555
1583830 555
1583840 555
1583850 556
1583860 557
1583870 557
1583880 558
1583890 559
1583900 559
1583910 559
1583920 560
1583930 560
1583940 560
1583950 561
1583960 561
1583970 561
1583980 561
1583990 561
1584000 562
1584010 563
1584020 563
1584030 563
1584040 563
1584050 563
1584060 564
1584070 564
1584080 564
1584090 565
1584100 565
1584110 565
1584120 565
1584130 565
1584140 565
1584150 565
1584160 565
1584170 565
1584180 565
1584190 565
1584200 565
1584210 565
1584220 564
1584230 564
1584240 564
1584250 564
1584260 563
1584270 563
1584280 563
1584290 563
1584300 561
1584310 561
1584320 561
1584330 561
1584340 560
1584350 560
1584360 560
1584370 560
1584380 559
1584390 559
1584400 559
1584410 559
1584420 559
1584430 559
1584440 558
1584450 558
1584460 558
1584470 558
1584480 558
1584490 557
1584500 556
1584510 556
1584520 555
1584530 554
1584540 554
1584550 553
1584560 552
1584570 552
1584580 551
1584590 550
1584600 550
1584610 549
1584620 548
1584630 548
1584640 546
1584650 545
1584660 545
1584670 543
1584680 541
1584690 541
1584700 538
1584710 536
1584720 536
1584730 532
1584740 530
1584750 530
1584760 526
1584770 523
1584780 523
1584790 521
1584800 518
1584810 518
1584820 516
1584830 515
1584840 515
1584850 513
1584860 512
1584870 512
1584880 510
1584890 509
1584900 509
1584910 507
1584920 507
1584930 507
1584940 506
1584950 505
1584960 504
1584970 504
1584980 501
1584990 499
1585000 499
1585010 497
1585020 497
1585030 497
1585040 495
1585050 493
1585060 493
1585070 493
1585080 494
1585090 494
1585100 493
1585110 492
1585120 492
1585130 490
1585140 489
1585150 489
1585160 487
1585170 485
1585180 485
1585190 484
1585200 483
1585210 483
1585220 481
1585230 479
1585240 479
1585250 478
1585260 476
1585270 476
1585280 475
1585290 473
1585300 473
1585310 472
1585320 471
1585330 471
1585340 470
1585350 469
1585360 469
1585370 468
1585380 467
1585390 467
1585400 466
1585410 465
1585420 465
1585430 464
1585440 462
1585450 462
1585460 461
1585470 460
1585480 460
1585490 459
1585500 458
1585510 458
1585520 456
1585530 454
1585540 454
1585550 453
1585560 451
1585570 451
1585580 449
1585590 447
1585600 447
1585610 445
1585620 443
1585630 443
1585640 442
1585650 441
1585660 441
1585670 440
1585680 438
1585690 438
1585700 437
1585710 435
1585720 434
1585730 434
1585740 433
1585750 432
1585760 432
1585770 431
1585780 431
1585790 431
1585800 430
1585810 426
1585820 426
1585830 419
1585840 413
1585850 413
1585860 407
1585870 403
1585880 403
1585890 400
1585900 396
1585910 396
1585920 391
1585930 389
1585940 389
1585950 388
1585960 387
1585970 387
1585980 385
1585990 381
1586000 381
1586010 374
1586020 366
1586030 366
1586040 361
1586050 361
1586060 361
1586070 361
1586080 362
1586090 362
1586100 365
1586110 369
1586120 369
1586130 372
1586140 376
1586150 376
1586160 379
1586170 382
1586180 382
1586190 384
1586200 386
1586210 386
1586220 387
1586230 389
1586240 389
1586250 392
1586260 395
1586270 395
1586280 397
1586290 400
1586300 400
1586310 404
1586320 408
1586330 408
1586340 412
1586350 417
1586360 417
1586370 421
1586380 425
1586390 425
1586400 429
1586410 434
1586420 434
1586430 438
1586440 442
1586450 442
1586460 446
1586470 450
1586480 454
1586490 454
1586500 458
1586510 461
1586520 461
1586530 465
1586540 470
1586550 470
1586560 474
1586570 478
1586580 478
1586590 482
1586600 486
1586610 486
1586620 489
1586630 493
1586640 493
1586650 496
1586660 500
1586670 500
1586680 504
1586690 507
1586700 507
1586710 511
1586720 514
1586730 514
1586740 517
1586750 519
1586760 519
1586770 522
1586780 524
1586790 524
1586800 525
1586810 528
1586820 528
1586830 530
1586840 533
1586850 529
1586860 530
1586870 533
1586880 533
1586890 534
1586900 536
1586910 536
1586920 538
1586930 541
1586940 541
1586950 544
1586960 546
1586970 546
1586980 548
1586990 549
1587000 549
1587010 550
1587020 552
1587030 552
1587040 553
1587050 556
1587060 556
1587070 559
1587080 563
1587090 563
1587100 567
1587110 569
1587120 569
1587130 573
1587140 577
1587150 577
1587160 580
1587170 583
1587180 583
1587190 587
1587200 590
1587210 590
1587220 593
1587230 597
1587240 597
1587250 600
1587260 603
1587270 606
1587280 606
1587290 608
1587300 609
1587310 609
1587320 611
1587330 614
1587340 614
1587350 616
1587360 619
1587370 619
1587380 622
1587390 625
1587400 625
1587410 627
1587420 630
1587430 630
1587440 633
1587450 636
1587460 636
1587470 639
1587480 642
1587490 642
1587500 645
1587510 649
1587520 649
1587530 652
1587540 656
1587550 656
1587560 660
1587570 663
1587580 663
1587590 667
1587600 671
1587610 671
1587620 675
1587630 679
1587640 679
1587650 683
1587660 687
1587670 687
1587680 692
1587690 696
1587700 696
1587710 701
1587720 706
1587730 706
1587740 710
1587750 714
1587760 714
1587770 718
1587780 722
1587790 722
1587800 725
1587810 729
1587820 729
1587830 732
1587840 736
1587850 736
1587860 739
1587870 742
1587880 742
1587890 746
1587900 749
1587910 749
1587920 753
1587930 756
1587940 756
1587950 759
1587960 762
1587970 762
1587980 765
1587990 766
1588000 766
1588010 767
1588020 767
1588030 767
1588040 767
1588050 767
1588060 766
1588070 766
1588080 764
1588090 762
1588100 762
1588110 757
1588120 756
1588130 756
1588140 755
1588150 754
1588160 754
1588170 755
1588180 756
1588190 756
1588200 756
1588210 755
1588220 755
1588230 752
1588240 750
1588250 750
1588260 749
1588270 750
1588280 750
1588290 752
1588300 755
1588310 755
1588320 757
1588330 758
1588340 758
1588350 759
1588360 759
1588370 759
1588380 761
1588390 762
1588400 762
1588410 763
1588420 766
1588430 766
1588440 768
1588450 771
1588460 771
1588470 772
1588480 774
1588490 774
1588500 775
1588510 776
1588520 776
1588530 777
1588540 778
1588550 778
1588560 779
1588570 780
1588580 780
1588590 781
1588600 782
1588610 782
1588620 783
1588630 785
1588640 785
1588650 786
1588660 787
1588670 787
1588680 788
1588690 789
1588700 789
1588710 790
1588720 791
1588730 791
1588740 792
1588750 793
1588760 793
1588770 793
1588780 793
1588790 793
1588800 793
1588810 793
1588820 793
1588830 793
1588840 792
1588850 792
1588860 792
1588870 791
1588880 790
1588890 790
1588900 790
1588910 789
1588920 789
1588930 787
1588940 786
1588950 786
1588960 785
1588970 783
1588980 783
1588990 782
1589000 779
1589010 779
1589020 777
1589030 774
1589040 774
1589050 770
1589060 765
1589070 765
1589080 759
1589090 753
1589100 753
1589110 748
1589120 742
1589130 742
1589140 735
1589150 728
1589160 728
1589170 721
1589180 713
1589190 713
1589200 706
1589210 698
1589220 698
1589230 691
1589240 684
1589250 684
1589260 678
1589270 671
1589280 671
1589290 664
1589300 656
1589310 656
1589320 649
1589330 641
1589340 641
1589350 636
1589360 629
1589370 629
1589380 623
1589390 616
1589400 616
1589410 609
1589420 601
1589430 601
1589440 592
1589450 588
1589460 588
1589470 590
1589480 595
1589490 595
1589500 599
1589510 601
1589520 601
1589530 602
1589540 602
1589550 600
1589560 600
1589570 594
1589580 587
1589590 587
1589600 583
1589610 582
1589620 582
1589630 581
1589640 580
1589650 580
1589660 579
1589670 579
1589680 579
1589690 578
1589700 578
1589710 578
1589720 576
1589730 574
1589740 574
1589750 574
1589760 576
1589770 576
1589780 578
1589790 579
1589800 579
1589810 581
1589820 583
1589830 583
1589840 584
1589850 587
1589860 587
1589870 590
1589880 591
1589890 591
1589900 593
1589910 594
1589920 594
1589930 596
1589940 597
1589950 597
1589960 598
1589970 598
1589980 598
1589990 597
1590000 597
1590010 597
1590020 596
1590030 596
1590040 596
1590050 595
1590060 595
1590070 595
1590080 595
1590090 595
1590100 595
1590110 595
1590120 595
1590130 595
1590140 595
1590150 594
1590160 594
1590170 594
1590180 593
1590190 593
1590200 592
1590210 591
1590220 591
1590230 590
1590240 590
1590250 590
1590260 589
1590270 588
1590280 588
1590290 587
1590300 587
1590310 587
1590320 587
1590330 588
1590340 589
1590350 589
1590360 590
1590370 591
1590380 591
1590390 592
1590400 595
1590410 595
1590420 599
1590430 605
1590440 605
1590450 611
1590460 616
1590470 616
1590480 619
1590490 621
1590500 621
1590510 623
1590520 624
1590530 624
1590540 624
1590550 625
1590560 625
1590570 623
1590580 623
1590590 623
1590600 623
1590610 623
1590620 623
1590630 623
1590640 623
1590650 623
1590660 622
1590670 622
1590680 622
1590690 623
1590700 623
1590710 623
1590720 624
1590730 624
1590740 624
1590750 624
1590760 624
1590770 624
1590780 624
1590790 624
1590800 624
1590810 624
1590820 625
1590830 625
1590840 625
1590850 626
1590860 626
1590870 626
1590880 625
1590890 625
1590900 625
1590910 628
1590920 628
1590930 631
1590940 634
1590950 634
1590960 636
1590970 639
1590980 639
1590990 642
1591000 645
1591010 645
1591020 648
1591030 652
1591040 652
1591050 655
1591060 659
1591070 659
1591080 661
1591090 664
1591100 665
1591110 665
1591120 667
1591130 671
1591140 671
1591150 675
1591160 680
1591170 680
1591180 684
1591190 688
1591200 688
1591210 692
1591220 697
1591230 697
1591240 701
1591250 706
1591260 706
1591270 711
1591280 716
1591290 716
1591300 720
1591310 723
1591320 723
1591330 727
1591340 728
1591350 728
1591360 727
1591370 725
1591380 725
1591390 721
1591400 719
1591410 719
1591420 725
1591430 735
1591440 735
1591450 742
1591460 747
1591470 747
1591480 752
1591490 756
1591500 756
1591510 759
1591520 763
1591530 763
1591540 766
1591550 770
1591560 770
1591570 773
1591580 778
1591590 778
1591600 783
1591610 789
1591620 789
1591630 794
1591640 799
1591650 799
1591660 803
1591670 807
1591680 807
1591690 811
1591700 814
1591710 814
1591720 817
1591730 822
1591740 822
1591750 827
1591760 831
1591770 831
1591780 841
1591790 846
1591800 846
1591810 849
1591820 852
1591830 852
1591840 854
1591850 856
1591860 861
1591870 861
1591880 866
1591890 871
1591900 871
1591910 875
1591920 879
1591930 879
1591940 883
1591950 888
1591960 888
1591970 892
1591980 896
1591990 896
1592000 900
1592010 904
1592020 904
1592030 907
1592040 911
1592050 911
1592060 915
1592070 919
1592080 919
1592090 923
1592100 927
1592110 927
1592120 930
1592130 934
1592140 934
1592150 937
1592160 941
1592170 941
1592180 945
1592190 949
1592200 949
1592210 953
1592220 958
1592230 958
1592240 962
1592250 966
1592260 966
1592270 969
1592280 972
1592290 972
1592300 977
1592310 982
1592320 982
1592330 986
1592340 990
1592350 990
1592360 995
1592370 999
1592380 999
1592390 1002
1592400 1004
1592410 1004
1592420 1007
1592430 1008
1592440 1008
1592450 1010
1592460 1010
1592470 1010
1592480 1011
1592490 1011
1592500 1011
1592510 1012
1592520 1012
1592530 1012
1592540 1012
1592550 1012
1592560 1012
1592570 1012
1592580 1013
1592590 1013
1592600 1013
1592610 1013
1592620 1013
1592630 1013
1592640 1014
1592650 1014
1592660 1014
1592670 1014
1592680 1013
1592690 1013
1592700 1013
1592710 1013
1592720 1013
1592730 1012
1592740 1012
1592750 1012
1592760 1011
1592770 1010
1592780 1010
1592790 1010
1592800 1009
1592810 1009
1592820 1007
1592830 1005
1592840 1005
1592850 1003
1592860 1000
1592870 1000
1592880 997
1592890 994
1592900 994
1592910 992
1592920 989
1592930 989
1592940 988
1592950 987
1592960 987
1592970 986
1592980 979
1592990 979
1593000 980
1593010 982
1593020 982
1593030 983
1593040 984
1593050 984
1593060 985
1593070 986
1593080 986
1593090 987
1593100 988
1593110 988
1593120 988
1593130 988
1593140 988
1593150 988
1593160 988
1593170 988
1593180 988
1593190 988
1593200 988
1593210 988
1593220 987
1593230 987
1593240 988
1593250 988
1593260 988
1593270 988
1593280 988
1593290 988
1593300 989
1593310 990
1593320 990
1593330 991
1593340 992
1593350 992
1593360 993
1593370 994
1593380 994
1593390 995
1593400 996
1593410 996
1593420 996
1593430 996
1593440 996
1593450 996
1593460 995
1593470 994
1593480 994
1593490 993
1593500 991
1593510 991
1593520 988
1593530 985
1593540 985
1593550 980
1593560 975
1593570 975
1593580 971
1593590 968
1593600 968
1593610 965
1593620 961
1593630 961
1593640 959
1593650 956
1593660 956
1593670 951
1593680 946
1593690 946
1593700 944
1593710 942
1593720 942
1593730 941
1593740 940
1593750 940
1593760 939
1593770 939
1593780 939
1593790 939
1593800 940
1593810 940
1593820 941
1593830 942
1593840 942
1593850 943
1593860 944
1593870 944
1593880 945
1593890 944
1593900 944
1593910 945
1593920 947
1593930 947
1593940 949
1593950 950
1593960 950
1593970 951
1593980 952
1593990 952
1594000 953
1594010 954
1594020 954
1594030 956
1594040 957
1594050 957
1594060 959
1594070 960
1594080 960
1594090 962
1594100 964
1594110 964
1594120 966
1594130 968
1594140 968
1594150 969
1594160 967
1594170 969
1594180 969
1594190 971
1594200 973
1594210 973
1594220 974
1594230 974
1594240 974
1594250 974
1594260 973
1594270 973
1594280 972
1594290 971
1594300 971
1594310 970
1594320 969
1594330 969
1594340 967
1594350 965
1594360 965
1594370 963
1594380 961
1594390 961
1594400 958
1594410 956
1594420 956
1594430 952
1594440 950
1594450 950
1594460 948
1594470 945
1594480 945
1594490 942
1594500 939
1594510 939
1594520 937
1594530 934
1594540 934
1594550 930
1594560 927
1594570 927
1594580 925
1594590 922
1594600 922
1594610 919
1594620 917
1594630 917
1594640 915
1594650 913
1594660 913
1594670 910
1594680 908
1594690 908
1594700 907
1594710 906
1594720 906
1594730 904
1594740 902
1594750 902
1594760 901
1594770 900
1594780 900
1594790 900
1594800 902
1594810 902
1594820 902
1594830 901
1594840 901
1594850 899
1594860 896
1594870 896
1594880 894
1594890 892
1594900 892
1594910 890
1594920 889
1594930 887
1594940 887
1594950 881
1594960 877
1594970 877
1594980 875
1594990 873
1595000 873
1595010 872
1595020 872
1595030 872
1595040 873
1595050 874
1595060 874
1595070 875
1595080 875
1595090 875
1595100 875
1595110 874
1595120 874
1595130 874
1595140 876
1595150 876
1595160 879
1595170 881
1595180 881
1595190 883
1595200 885
1595210 885
1595220 888
1595230 891
1595240 891
1595250 895
1595260 899
1595270 899
1595280 903
1595290 908
1595300 908
1595310 910
1595320 908
1595330 911
1595340 907
1595350 903
1595360 903
1595370 901
1595380 898
1595390 898
1595400 896
1595410 894
1595420 894
1595430 891
1595440 889
1595450 889
1595460 886
1595470 884
1595480 884
1595490 881
1595500 879
1595510 879
1595520 876
1595530 874
1595540 874
1595550 873
1595560 870
1595570 870
1595580 867
1595590 864
1595600 864
1595610 861
1595620 858
1595630 858
1595640 853
1595650 849
1595660 849
1595670 845
1595680 840
1595690 835
1595700 835
1595710 831
1595720 826
1595730 826
1595740 821
1595750 815
1595760 815
1595770 810
1595780 805
1595790 805
1595800 801
1595810 796
1595820 796
1595830 792
1595840 789
1595850 789
1595860 785
1595870 781
1595880 781
1595890 777
1595900 773
1595910 773
1595920 769
1595930 765
1595940 765
1595950 760
1595960 755
1595970 755
1595980 750
1595990 745
1596000 745
1596010 739
1596020 733
1596030 733
1596040 727
1596050 720
1596060 720
1596070 715
1596080 714
1596090 714
1596100 715
1596110 716
1596120 716
1596130 718
1596140 722
1596150 722
1596160 726
1596170 726
1596180 726
1596190 729
1596200 736
1596210 736
1596220 742
1596230 747
1596240 747
1596250 753
1596260 756
1596270 756
1596280 756
1596290 755
1596300 755
1596310 754
1596320 751
1596330 751
1596340 749
1596350 748
1596360 748
1596370 746
1596380 743
1596390 743
1596400 741
1596410 737
1596420 737
1596430 735
1596440 732
1596450 732
1596460 728
1596470 725
1596480 721
1596490 722
1596500 718
1596510 713
1596520 713
1596530 708
1596540 701
1596550 701
1596560 694
1596570 687
1596580 687
1596590 681
1596600 674
1596610 674
1596620 667
1596630 660
1596640 660
1596650 654
1596660 647
1596670 647
1596680 641
1596690 635
1596700 635
1596710 629
1596720 622
1596730 622
1596740 616
1596750 610
1596760 610
1596770 603
1596780 597
1596790 597
1596800 591
1596810 586
1596820 586
1596830 580
1596840 575
1596850 575
1596860 570
1596870 567
1596880 567
1596890 565
1596900 561
1596910 561
1596920 557
1596930 553
1596940 553
1596950 547
1596960 540
1596970 540
1596980 532
1596990 517
1597000 517
1597010 501
1597020 493
1597030 493
1597040 487
1597050 481
1597060 481
1597070 475
1597080 472
1597090 472
1597100 469
1597110 468
1597120 468
1597130 465
1597140 461
1597150 461
1597160 457
1597170 453
1597180 453
1597190 448
1597200 443
1597210 443
1597220 437
1597230 432
1597240 425
1597250 425
1597260 420
1597270 416
1597280 416
1597290 411
1597300 407
1597310 407
1597320 403
1597330 399
1597340 399
1597350 396
1597360 393
1597370 393
1597380 392
1597390 389
1597400 389
1597410 387
1597420 384
1597430 384
1597440 381
1597450 378
1597460 378
1597470 377
1597480 375
1597490 375
1597500 373
1597510 372
1597520 372
1597530 371
1597540 370
1597550 370
1597560 369
1597570 369
1597580 369
1597590 369
1597600 368
1597610 368
1597620 368
1597630 368
1597640 367
1597650 368
1597660 367
1597670 367
1597680 367
1597690 366
1597700 366
1597710 365
1597720 363
1597730 363
1597740 363
1597750 362
1597760 362
1597770 361
1597780 360
1597790 360
1597800 359
1597810 358
1597820 358
1597830 354
1597840 345
1597850 345
1597860 339
1597870 336
1597880 336
1597890 332
1597900 330
1597910 330
1597920 330
1597930 330
1597940 330
1597950 330
1597960 330
1597970 330
1597980 330
1597990 330
1598000 330
1598010 330
1598020 330
1598030 330
1598040 330
1598050 330
1598060 330
1598070 330
1598080 330
1598090 330
1598100 330
1598110 331
1598120 332
1598130 332
1598140 336
1598150 342
1598160 342
1598170 346
1598180 348
1598190 348
1598200 349
1598210 349
1598220 349
1598230 349
1598240 349
1598250 349
1598260 349
1598270 349
1598280 349
1598290 349
1598300 349
1598310 349
1598320 349
1598330 350
1598340 350
1598350 350
1598360 350
1598370 350
1598380 350
1598390 351
1598400 351
1598410 351
1598420 351
1598430 351
1598440 352
1598450 351
1598460 351
1598470 351
1598480 351
1598490 351
1598500 351
1598510 351
1598520 351
1598530 351
1598540 351
1598550 351
1598560 351
1598570 351
1598580 351
1598590 351
1598600 352
1598610 352
1598620 352
1598630 352
1598640 352
1598650 352
1598660 352
1598670 352
1598680 352
1598690 352
1598700 352
1598710 352
1598720 352
1598730 352
1598740 352
1598750 352
1598760 352
1598770 352
1598780 352
1598790 352
1598800 352
1598810 352
1598820 352
1598830 352
1598840 352
1598850 351
1598860 351
1598870 351
1598880 351
1598890 351
1598900 351
1598910 351
1598920 351
1598930 351
1598940 351
1598950 351
1598960 351
1598970 351
1598980 351
1598990 351
1599000 351
1599010 351
1599020 351
1599030 351
1599040 351
1599050 351
1599060 352
1599070 352
1599080 353
1599090 354
1599100 354
1599110 354
1599120 354
1599130 354
1599140 354
1599150 355
1599160 355
1599170 355
1599180 356
1599190 356
1599200 357
1599210 359
1599220 359
1599230 361
1599240 364
1599250 364
1599260 366
1599270 366
1599280 366
1599290 367
1599300 368
1599310 368
1599320 369
1599330 369
1599340 369
1599350 369
1599360 369
1599370 369
1599380 369
1599390 370
1599400 370
1599410 371
1599420 372
1599430 372
1599440 373
1599450 374
1599460 374
1599470 374
1599480 375
1599490 375
1599500 375
1599510 376
1599520 376
1599530 376
1599540 377
1599550 377
1599560 377
1599570 377
1599580 377
1599590 377
1599600 377
1599610 378
1599620 378
1599630 378
1599640 378
1599650 378
1599660 378
1599670 378
1599680 378
1599690 379
1599700 379
1599710 379
1599720 379
1599730 379
1599740 379
1599750 379
1599760 379
1599770 379
1599780 379
1599790 379
1599800 379
1599810 379
1599820 380
1599830 380
1599840 380
1599850 380
1599860 380
1599870 380
1599880 380
1599890 380
1599900 381
1599910 381
1599920 381
1599930 381
1599940 381
1599950 381
1599960 382
1599970 382
1599980 382
1599990 382
