1580000 714
1580010 714
1580020 718
1580030 721
1580040 721
1580050 722
1580060 724
1580070 724
1580080 726
1580090 729
1580100 729
1580110 732
1580120 735
1580130 735
1580140 738
1580150 741
1580160 741
1580170 744
1580180 747
1580190 747
1580200 750
1580210 752
1580220 752
1580230 755
1580240 758
1580250 758
1580260 761
1580270 764
1580280 767
1580290 767
1580300 770
1580310 773
1580320 773
1580330 775
1580340 778
1580350 779
1580360 782
1580370 785
1580380 785
1580390 788
1580400 790
1580410 790
1580420 793
1580430 795
1580440 795
1580450 797
1580460 799
1580470 799
1580480 801
1580490 803
1580500 803
1580510 804
1580520 805
1580530 805
1580540 806
1580550 806
1580560 806
1580570 807
1580580 807
1580590 807
1580600 807
1580610 807
1580620 807
1580630 807
1580640 806
1580650 806
1580660 806
1580670 805
1580680 805
1580690 804
1580700 804
1580710 804
1580720 803
1580730 802
1580740 802
1580750 802
1580760 801
1580770 801
1580780 799
1580790 798
1580800 798
1580810 796
1580820 794
1580830 794
1580840 795
1580850 795
1580860 795
1580870 796
1580880 796
1580890 796
1580900 795
1580910 795
1580920 795
1580930 794
1580940 794
1580950 794
1580960 793
1580970 793
1580980 793
1580990 793
1581000 793
1581010 793
1581020 793
1581030 793
1581040 793
1581050 794
1581060 795
1581070 796
1581080 796
1581090 797
1581100 798
1581110 798
1581120 799
1581130 800
1581140 800
1581150 801
1581160 802
1581170 802
1581180 803
1581190 804
1581200 804
1581210 804
1581220 804
1581230 804
1581240 804
1581250 803
1581260 803
1581270 802
1581280 800
1581290 800
1581300 798
1581310 796
1581320 796
1581330 793
1581340 789
1581350 789
1581360 786
1581370 783
1581380 783
1581390 780
1581400 776
1581410 776
1581420 773
1581430 769
1581440 769
1581450 765
1581460 761
1581470 761
1581480 757
1581490 753
1581500 753
1581510 749
1581520 743
1581530 743
1581540 737
1581550 732
1581560 732
1581570 727
1581580 723
1581590 723
1581600 721
1581610 719
1581620 719
1581630 717
1581640 716
1581650 716
1581660 714
1581670 712
1581680 712
1581690 711
1581700 709
1581710 709
1581720 706
1581730 703
1581740 703
1581750 701
1581760 698
1581770 698
1581780 695
1581790 692
1581800 692
1581810 690
1581820 687
1581830 683
1581840 683
1581850 680
1581860 676
1581870 676
1581880 670
1581890 665
1581900 665
1581910 661
1581920 655
1581930 655
1581940 650
1581950 645
1581960 645
1581970 641
1581980 638
1581990 638
1582000 635
1582010 631
1582020 631
1582030 627
1582040 622
1582050 622
1582060 619
1582070 616
1582080 616
1582090 613
1582100 609
1582110 609
1582120 606
1582130 602
1582140 602
1582150 598
1582160 594
1582170 594
1582180 589
1582190 583
1582200 583
1582210 579
1582220 574
1582230 574
1582240 571
1582250 568
1582260 568
1582270 565
1582280 562
1582290 562
1582300 557
1582310 552
1582320 552
1582330 548
1582340 544
1582350 544
1582360 541
1582370 538
1582380 538
1582390 534
1582400 531
1582410 531
1582420 528
1582430 525
1582440 525
1582450 523
1582460 521
1582470 521
1582480 520
1582490 517
1582500 517
1582510 514
1582520 513
1582530 513
1582540 511
1582550 510
1582560 510
1582570 509
1582580 507
1582590 505
1582600 505
1582610 504
1582620 502
1582630 502
1582640 500
1582650 497
1582660 497
1582670 495
1582680 493
1582690 493
1582700 491
1582710 489
1582720 489
1582730 487
1582740 485
1582750 485
1582760 483
1582770 482
1582780 482
1582790 480
1582800 479
1582810 479
1582820 478
1582830 476
1582840 476
1582850 475
1582860 474
1582870 474
1582880 472
1582890 472
1582900 472
1582910 471
1582920 469
1582930 469
1582940 466
1582950 466
1582960 466
1582970 466
1582980 467
1582990 467
1583000 468
1583010 468
1583020 468
1583030 468
1583040 468
1583050 468
1583060 468
1583070 468
1583080 468
1583090 469
1583100 469
1583110 469
1583120 469
1583130 470
1583140 470
1583150 472
1583160 473
1583170 473
1583180 474
1583190 475
1583200 475
1583210 476
1583220 478
1583230 478
1583240 480
1583250 482
1583260 482
1583270 485
1583280 487
1583290 487
1583300 489
1583310 492
1583320 492
1583330 494
1583340 496
1583350 496
1583360 498
1583370 500
1583380 503
1583390 503
1583400 506
1583410 508
1583420 508
1583430 510
1583440 513
1583450 513
1583460 515
1583470 517
1583480 517
1583490 519
1583500 521
1583510 521
1583520 523
1583530 525
1583540 525
1583550 527
1583560 528
1583570 528
1583580 530
1583590 533
1583600 533
1583610 535
1583620 537
1583630 537
1583640 539
1583650 541
1583660 541
1583670 543
1583680 545
1583690 545
1583700 547
1583710 549
1583720 549
1583730 551
1583740 551
1583750 551
1583760 552
1583770 553
1583780 553
1583790 554
1583800 555
1583810 555
1583820 556
1583830 558
1583840 558
1583850 558
1583860 560
1583870 560
1583880 560
1583890 561
1583900 561
1583910 562
1583920 563
1583930 563
1583940 563
1583950 564
1583960 564
1583970 564
1583980 564
1583990 564
1584000 565
1584010 566
1584020 566
1584030 566
1584040 567
1584050 567
1584060 567
1584070 567
1584080 567
1584090 567
1584100 568
1584110 568
1584120 568
1584130 568
1584140 568
1584150 568
1584160 568
1584170 567
1584180 567
1584190 567
1584200 567
1584210 567
1584220 566
1584230 566
1584240 566
1584250 566
1584260 566
1584270 566
1584280 566
1584290 566
1584300 566
1584310 564
1584320 564
1584330 564
1584340 564
1584350 563
1584360 563
1584370 563
1584380 563
1584390 563
1584400 562
1584410 562
1584420 562
1584430 562
1584440 562
1584450 562
1584460 562
1584470 562
1584480 562
1584490 561
1584500 560
1584510 560
1584520 560
1584530 559
1584540 559
1584550 558
1584560 557
1584570 557
1584580 555
1584590 554
1584600 554
1584610 553
1584620 551
1584630 551
1584640 550
1584650 548
1584660 548
1584670 546
1584680 542
1584690 542
1584700 538
1584710 533
1584720 533
1584730 530
1584740 528
1584750 528
1584760 526
1584770 523
1584780 523
1584790 521
1584800 520
1584810 520
1584820 519
1584830 518
1584840 518
1584850 515
1584860 513
1584870 513
1584880 513
1584890 513
1584900 512
1584910 512
1584920 509
1584930 507
1584940 507
1584950 504
1584960 502
1584970 502
1584980 500
1584990 499
1585000 499
1585010 499
1585020 498
1585030 498
1585040 497
1585050 496
1585060 496
1585070 497
1585080 497
1585090 497
1585100 495
1585110 494
1585120 494
1585130 493
1585140 491
1585150 491
1585160 489
1585170 487
1585180 487
1585190 486
1585200 485
1585210 485
1585220 483
1585230 481
1585240 481
1585250 479
1585260 477
1585270 477
1585280 475
1585290 474
1585300 474
1585310 473
1585320 472
1585330 472
1585340 471
1585350 470
1585360 470
1585370 469
1585380 468
1585390 468
1585400 467
1585410 466
1585420 466
1585430 465
1585440 464
1585450 464
1585460 463
1585470 462
1585480 462
1585490 460
1585500 459
1585510 459
1585520 457
1585530 455
1585540 455
1585550 453
1585560 451
1585570 451
1585580 449
1585590 447
1585600 447
1585610 445
1585620 444
1585630 444
1585640 443
1585650 442
1585660 441
1585670 441
1585680 440
1585690 438
1585700 438
1585710 436
1585720 435
1585730 435
1585740 433
1585750 432
1585760 432
1585770 432
1585780 431
1585790 431
1585800 430
1585810 428
1585820 428
1585830 422
1585840 414
1585850 414
1585860 408
1585870 403
1585880 403
1585890 400
1585900 396
1585910 396
1585920 392
1585930 390
1585940 390
1585950 388
1585960 388
1585970 388
1585980 387
1585990 384
1586000 384
1586010 376
1586020 368
1586030 368
1586040 362
1586050 361
1586060 361
1586070 361
1586080 361
1586090 361
1586100 363
1586110 368
1586120 368
1586130 373
1586140 377
1586150 377
1586160 381
1586170 383
1586180 383
1586190 385
1586200 388
1586210 388
1586220 390
1586230 392
1586240 392
1586250 393
1586260 396
1586270 396
1586280 398
1586290 401
1586300 401
1586310 404
1586320 408
1586330 408
1586340 412
1586350 416
1586360 416
1586370 420
1586380 424
1586390 424
1586400 427
1586410 432
1586420 432
1586430 436
1586440 441
1586450 446
1586460 446
1586470 451
1586480 456
1586490 456
1586500 460
1586510 464
1586520 464
1586530 469
1586540 473
1586550 473
1586560 477
1586570 480
1586580 480
1586590 484
1586600 487
1586610 487
1586620 491
1586630 495
1586640 495
1586650 499
1586660 503
1586670 503
1586680 507
1586690 511
1586700 511
1586710 514
1586720 517
1586730 517
1586740 519
1586750 522
1586760 522
1586770 525
1586780 528
1586790 528
1586800 530
1586810 533
1586820 533
1586830 536
1586840 538
1586850 538
1586860 538
1586870 539
1586880 539
1586890 540
1586900 542
1586910 542
1586920 545
1586930 548
1586940 548
1586950 550
1586960 552
1586970 552
1586980 555
1586990 558
1587000 558
1587010 559
1587020 560
1587030 560
1587040 561
1587050 563
1587060 563
1587070 565
1587080 568
1587090 568
1587100 572
1587110 575
1587120 575
1587130 577
1587140 579
1587150 579
1587160 580
1587170 582
1587180 582
1587190 585
1587200 588
1587210 592
1587220 592
1587230 596
1587240 600
1587250 600
1587260 603
1587270 607
1587280 607
1587290 609
1587300 610
1587310 610
1587320 612
1587330 616
1587340 616
1587350 620
1587360 625
1587370 625
1587380 629
1587390 631
1587400 631
1587410 634
1587420 636
1587430 636
1587440 639
1587450 641
1587460 641
1587470 643
1587480 645
1587490 645
1587500 648
1587510 650
1587520 650
1587530 652
1587540 655
1587550 655
1587560 657
1587570 660
1587580 660
1587590 664
1587600 667
1587610 667
1587620 670
1587630 674
1587640 674
1587650 678
1587660 682
1587670 682
1587680 686
1587690 691
1587700 691
1587710 696
1587720 701
1587730 701
1587740 705
1587750 710
1587760 710
1587770 715
1587780 719
1587790 719
1587800 723
1587810 727
1587820 727
1587830 732
1587840 736
1587850 736
1587860 740
1587870 744
1587880 744
1587890 748
1587900 752
1587910 752
1587920 756
1587930 760
1587940 760
1587950 763
1587960 767
1587970 770
1587980 770
1587990 772
1588000 774
1588010 774
1588020 776
1588030 777
1588040 777
1588050 777
1588060 776
1588070 776
1588080 774
1588090 771
1588100 771
1588110 769
1588120 763
1588130 763
1588140 762
1588150 761
1588160 761
1588170 762
1588180 762
1588190 762
1588200 761
1588210 758
1588220 758
1588230 756
1588240 755
1588250 755
1588260 755
1588270 756
1588280 756
1588290 759
1588300 762
1588310 762
1588320 764
1588330 765
1588340 765
1588350 766
1588360 767
1588370 767
1588380 769
1588390 770
1588400 770
1588410 772
1588420 773
1588430 773
1588440 776
1588450 777
1588460 777
1588470 777
1588480 778
1588490 778
1588500 779
1588510 780
1588520 780
1588530 781
1588540 782
1588550 782
1588560 783
1588570 785
1588580 785
1588590 786
1588600 787
1588610 787
1588620 788
1588630 789
1588640 789
1588650 791
1588660 792
1588670 792
1588680 793
1588690 794
1588700 794
1588710 795
1588720 796
1588730 797
1588740 797
1588750 797
1588760 797
1588770 797
1588780 798
1588790 798
1588800 798
1588810 798
1588820 797
1588830 797
1588840 797
1588850 797
1588860 797
1588870 796
1588880 795
1588890 795
1588900 795
1588910 794
1588920 794
1588930 793
1588940 792
1588950 792
1588960 791
1588970 790
1588980 790
1588990 788
1589000 786
1589010 786
1589020 783
1589030 779
1589040 779
1589050 772
1589060 765
1589070 765
1589080 758
1589090 751
1589100 751
1589110 745
1589120 738
1589130 738
1589140 731
1589150 723
1589160 723
1589170 715
1589180 708
1589190 708
1589200 701
1589210 694
1589220 694
1589230 687
1589240 681
1589250 681
1589260 674
1589270 668
1589280 668
1589290 661
1589300 654
1589310 654
1589320 647
1589330 641
1589340 641
1589350 635
1589360 628
1589370 628
1589380 620
1589390 613
1589400 613
1589410 604
1589420 597
1589430 597
1589440 598
1589450 603
1589460 603
1589470 606
1589480 607
1589490 607
1589500 608
1589510 609
1589520 609
1589530 609
1589540 605
1589550 598
1589560 598
1589570 592
1589580 589
1589590 589
1589600 587
1589610 587
1589620 587
1589630 586
1589640 585
1589650 585
1589660 585
1589670 585
1589680 585
1589690 585
1589700 585
1589710 585
1589720 585
1589730 584
1589740 584
1589750 582
1589760 581
1589770 581
1589780 581
1589790 582
1589800 582
1589810 584
1589820 585
1589830 585
1589840 587
1589850 591
1589860 591
1589870 592
1589880 593
1589890 593
1589900 595
1589910 597
1589920 597
1589930 598
1589940 600
1589950 600
1589960 601
1589970 602
1589980 602
1589990 602
1590000 602
1590010 602
1590020 601
1590030 600
1590040 600
1590050 600
1590060 600
1590070 600
1590080 599
1590090 599
1590100 599
1590110 599
1590120 599
1590130 599
1590140 599
1590150 598
1590160 598
1590170 597
1590180 597
1590190 597
1590200 595
1590210 594
1590220 594
1590230 594
1590240 593
1590250 593
1590260 593
1590270 593
1590280 593
1590290 593
1590300 594
1590310 595
1590320 595
1590330 596
1590340 597
1590350 597
1590360 598
1590370 598
1590380 598
1590390 598
1590400 599
1590410 599
1590420 602
1590430 607
1590440 607
1590450 614
1590460 619
1590470 619
1590480 622
1590490 624
1590500 624
1590510 626
1590520 628
1590530 628
1590540 629
1590550 630
1590560 630
1590570 631
1590580 629
1590590 629
1590600 630
1590610 630
1590620 630
1590630 630
1590640 630
1590650 630
1590660 629
1590670 629
1590680 629
1590690 628
1590700 627
1590710 627
1590720 628
1590730 628
1590740 628
1590750 628
1590760 629
1590770 629
1590780 629
1590790 629
1590800 629
1590810 628
1590820 628
1590830 628
1590840 629
1590850 630
1590860 630
1590870 630
1590880 630
1590890 630
1590900 630
1590910 630
1590920 630
1590930 630
1590940 632
1590950 632
1590960 635
1590970 638
1590980 638
1590990 641
1591000 643
1591010 643
1591020 646
1591030 649
1591040 652
1591050 652
1591060 655
1591070 656
1591080 656
1591090 657
1591100 658
1591110 658
1591120 659
1591130 662
1591140 662
1591150 666
1591160 670
1591170 670
1591180 674
1591190 678
1591200 678
1591210 682
1591220 686
1591230 686
1591240 690
1591250 695
1591260 695
1591270 699
1591280 703
1591290 703
1591300 708
1591310 712
1591320 712
1591330 715
1591340 715
1591350 715
1591360 712
1591370 709
1591380 709
1591390 713
1591400 722
1591410 722
1591420 727
1591430 731
1591440 731
1591450 735
1591460 738
1591470 738
1591480 741
1591490 744
1591500 744
1591510 747
1591520 750
1591530 750
1591540 754
1591550 758
1591560 758
1591570 762
1591580 767
1591590 767
1591600 772
1591610 777
1591620 777
1591630 782
1591640 786
1591650 786
1591660 789
1591670 792
1591680 792
1591690 795
1591700 801
1591710 801
1591720 806
1591730 810
1591740 810
1591750 814
1591760 818
1591770 818
1591780 823
1591790 834
1591800 835
1591810 835
1591820 837
1591830 840
1591840 840
1591850 845
1591860 850
1591870 850
1591880 854
1591890 858
1591900 858
1591910 862
1591920 867
1591930 867
1591940 871
1591950 876
1591960 876
1591970 880
1591980 884
1591990 884
1592000 888
1592010 891
1592020 891
1592030 895
1592040 899
1592050 899
1592060 903
1592070 907
1592080 907
1592090 911
1592100 914
1592110 914
1592120 918
1592130 922
1592140 922
1592150 926
1592160 930
1592170 930
1592180 934
1592190 938
1592200 938
1592210 942
1592220 946
1592230 946
1592240 950
1592250 954
1592260 954
1592270 958
1592280 962
1592290 962
1592300 967
1592310 972
1592320 972
1592330 976
1592340 980
1592350 980
1592360 984
1592370 988
1592380 988
1592390 991
1592400 994
1592410 994
1592420 998
1592430 1001
1592440 1001
1592450 1004
1592460 1006
1592470 1006
1592480 1009
1592490 1011
1592500 1011
1592510 1014
1592520 1015
1592530 1015
1592540 1016
1592550 1016
1592560 1017
1592570 1017
1592580 1017
1592590 1018
1592600 1018
1592610 1019
1592620 1019
1592630 1019
1592640 1020
1592650 1020
1592660 1020
1592670 1021
1592680 1021
1592690 1021
1592700 1021
1592710 1021
1592720 1021
1592730 1021
1592740 1022
1592750 1022
1592760 1022
1592770 1022
1592780 1022
1592790 1021
1592800 1020
1592810 1020
1592820 1019
1592830 1018
1592840 1018
1592850 1016
1592860 1014
1592870 1014
1592880 1011
1592890 1008
1592900 1008
1592910 1006
1592920 1004
1592930 1004
1592940 1003
1592950 1002
1592960 1002
1592970 1001
1592980 1002
1592990 994
1593000 995
1593010 996
1593020 996
1593030 997
1593040 999
1593050 999
1593060 999
1593070 1000
1593080 1000
1593090 1000
1593100 1001
1593110 1001
1593120 1001
1593130 1001
1593140 1001
1593150 1001
1593160 1000
1593170 1000
1593180 1000
1593190 1000
1593200 1000
1593210 1000
1593220 1000
1593230 1000
1593240 1000
1593250 1000
1593260 1000
1593270 1000
1593280 1000
1593290 1000
1593300 1001
1593310 1001
1593320 1001
1593330 1002
1593340 1003
1593350 1004
1593360 1004
1593370 1004
1593380 1005
1593390 1005
1593400 1006
1593410 1006
1593420 1006
1593430 1006
1593440 1005
1593450 1005
1593460 1004
1593470 1003
1593480 1003
1593490 1001
1593500 999
1593510 999
1593520 996
1593530 992
1593540 992
1593550 987
1593560 981
1593570 981
1593580 976
1593590 972
1593600 972
1593610 968
1593620 966
1593630 966
1593640 965
1593650 961
1593660 961
1593670 957
1593680 953
1593690 953
1593700 951
1593710 950
1593720 950
1593730 948
1593740 947
1593750 947
1593760 946
1593770 946
1593780 946
1593790 947
1593800 948
1593810 948
1593820 949
1593830 950
1593840 950
1593850 951
1593860 952
1593870 952
1593880 953
1593890 953
1593900 953
1593910 953
1593920 953
1593930 953
1593940 955
1593950 957
1593960 957
1593970 958
1593980 959
1593990 959
1594000 960
1594010 961
1594020 961
1594030 963
1594040 964
1594050 964
1594060 966
1594070 967
1594080 967
1594090 969
1594100 971
1594110 973
1594120 973
1594130 974
1594140 975
1594150 975
1594160 975
1594170 974
1594180 974
1594190 975
1594200 976
1594210 976
1594220 976
1594230 975
1594240 975
1594250 974
1594260 973
1594270 973
1594280 972
1594290 971
1594300 971
1594310 970
1594320 968
1594330 968
1594340 967
1594350 966
1594360 966
1594370 964
1594380 962
1594390 962
1594400 961
1594410 959
1594420 959
1594430 956
1594440 955
1594450 955
1594460 953
1594470 951
1594480 951
1594490 949
1594500 947
1594510 947
1594520 945
1594530 943
1594540 943
1594550 940
1594560 938
1594570 938
1594580 936
1594590 933
1594600 933
1594610 931
1594620 929
1594630 929
1594640 927
1594650 923
1594660 923
1594670 920
1594680 918
1594690 918
1594700 917
1594710 916
1594720 916
1594730 914
1594740 913
1594750 913
1594760 911
1594770 909
1594780 909
1594790 907
1594800 906
1594810 906
1594820 907
1594830 907
1594840 907
1594850 904
1594860 901
1594870 898
1594880 898
1594890 895
1594900 892
1594910 892
1594920 890
1594930 887
1594940 887
1594950 885
1594960 883
1594970 883
1594980 882
1594990 880
1595000 880
1595010 879
1595020 880
1595030 880
1595040 881
1595050 882
1595060 882
1595070 882
1595080 881
1595090 881
1595100 881
1595110 883
1595120 883
1595130 885
1595140 887
1595150 887
1595160 889
1595170 891
1595180 891
1595190 892
1595200 893
1595210 893
1595220 894
1595230 896
1595240 896
1595250 898
1595260 902
1595270 902
1595280 905
1595290 907
1595300 907
1595310 907
1595320 903
1595330 903
1595340 901
1595350 898
1595360 898
1595370 895
1595380 893
1595390 893
1595400 891
1595410 889
1595420 889
1595430 886
1595440 884
1595450 884
1595460 882
1595470 879
1595480 879
1595490 877
1595500 874
1595510 874
1595520 871
1595530 868
1595540 868
1595550 866
1595560 862
1595570 862
1595580 858
1595590 855
1595600 855
1595610 854
1595620 851
1595630 847
1595640 847
1595650 843
1595660 840
1595670 840
1595680 835
1595690 830
1595700 830
1595710 826
1595720 821
1595730 821
1595740 816
1595750 811
1595760 811
1595770 806
1595780 803
1595790 803
1595800 799
1595810 795
1595820 795
1595830 791
1595840 788
1595850 788
1595860 784
1595870 779
1595880 779
1595890 775
1595900 771
1595910 771
1595920 766
1595930 762
1595940 762
1595950 758
1595960 753
1595970 753
1595980 748
1595990 743
1596000 743
1596010 737
1596020 732
1596030 732
1596040 727
1596050 726
1596060 726
1596070 728
1596080 728
1596090 728
1596100 729
1596110 732
1596120 732
1596130 736
1596140 740
1596150 740
1596160 746
1596170 752
1596180 752
1596190 754
1596200 755
1596210 755
1596220 756
1596230 756
1596240 756
1596250 755
1596260 754
1596270 754
1596280 753
1596290 751
1596300 751
1596310 749
1596320 747
1596330 747
1596340 744
1596350 742
1596360 742
1596370 740
1596380 738
1596390 738
1596400 735
1596410 732
1596420 729
1596430 729
1596440 726
1596450 723
1596460 723
1596470 720
1596480 716
1596490 716
1596500 715
1596510 710
1596520 710
1596530 706
1596540 701
1596550 701
1596560 696
1596570 691
1596580 691
1596590 685
1596600 679
1596610 679
1596620 672
1596630 664
1596640 664
1596650 657
1596660 651
1596670 651
1596680 645
1596690 639
1596700 639
1596710 632
1596720 624
1596730 624
1596740 616
1596750 610
1596760 610
1596770 603
1596780 597
1596790 597
1596800 592
1596810 589
1596820 589
1596830 586
1596840 584
1596850 584
1596860 582
1596870 580
1596880 580
1596890 577
1596900 574
1596910 574
1596920 570
1596930 563
1596940 563
1596950 555
1596960 547
1596970 547
1596980 539
1596990 530
1597000 530
1597010 517
1597020 508
1597030 508
1597040 504
1597050 498
1597060 498
1597070 493
1597080 488
1597090 488
1597100 484
1597110 480
1597120 480
1597130 477
1597140 473
1597150 473
1597160 468
1597170 464
1597180 458
1597190 458
1597200 453
1597210 448
1597220 448
1597230 443
1597240 437
1597250 437
1597260 432
1597270 426
1597280 426
1597290 421
1597300 416
1597310 416
1597320 411
1597330 407
1597340 407
1597350 405
1597360 401
1597370 401
1597380 397
1597390 393
1597400 393
1597410 390
1597420 388
1597430 388
1597440 386
1597450 384
1597460 384
1597470 382
1597480 379
1597490 379
1597500 377
1597510 375
1597520 375
1597530 373
1597540 373
1597550 373
1597560 372
1597570 371
1597580 371
1597590 371
1597600 369
1597610 369
1597620 368
1597630 369
1597640 369
1597650 369
1597660 370
1597670 370
1597680 370
1597690 370
1597700 370
1597710 369
1597720 369
1597730 369
1597740 369
1597750 369
1597760 369
1597770 369
1597780 368
1597790 368
1597800 367
1597810 364
1597820 364
1597830 359
1597840 351
1597850 351
1597860 343
1597870 339
1597880 339
1597890 335
1597900 331
1597910 331
1597920 330
1597930 330
1597940 330
1597950 330
1597960 330
1597970 330
1597980 330
1597990 330
1598000 330
1598010 330
1598020 330
1598030 330
1598040 330
1598050 330
1598060 330
1598070 330
1598080 330
1598090 330
1598100 330
1598110 330
1598120 330
1598130 330
1598140 330
1598150 331
1598160 331
1598170 333
1598180 339
1598190 339
1598200 344
1598210 348
1598220 348
1598230 348
1598240 349
1598250 349
1598260 349
1598270 349
1598280 349
1598290 349
1598300 349
1598310 349
1598320 349
1598330 350
1598340 350
1598350 350
1598360 350
1598370 350
1598380 350
1598390 350
1598400 350
1598410 351
1598420 351
1598430 351
1598440 352
1598450 352
1598460 352
1598470 352
1598480 352
1598490 352
1598500 351
1598510 351
1598520 351
1598530 351
1598540 351
1598550 351
1598560 351
1598570 351
1598580 351
1598590 351
1598600 351
1598610 351
1598620 351
1598630 352
1598640 352
1598650 352
1598660 352
1598670 352
1598680 352
1598690 352
1598700 352
1598710 352
1598720 352
1598730 352
1598740 352
1598750 352
1598760 352
1598770 352
1598780 352
1598790 352
1598800 352
1598810 352
1598820 352
1598830 352
1598840 352
1598850 352
1598860 352
1598870 352
1598880 352
1598890 352
1598900 352
1598910 352
1598920 352
1598930 352
1598940 352
1598950 352
1598960 352
1598970 352
1598980 352
1598990 351
1599000 351
1599010 351
1599020 351
1599030 351
1599040 351
1599050 352
1599060 353
1599070 353
1599080 353
1599090 353
1599100 353
1599110 352
1599120 351
1599130 351
1599140 351
1599150 351
1599160 351
1599170 352
1599180 352
1599190 352
1599200 354
1599210 354
1599220 354
1599230 355
1599240 355
1599250 355
1599260 356
1599270 357
1599280 357
1599290 357
1599300 359
1599310 359
1599320 360
1599330 360
1599340 360
1599350 361
1599360 363
1599370 363
1599380 365
1599390 367
1599400 367
1599410 368
1599420 368
1599430 368
1599440 369
1599450 370
1599460 370
1599470 370
1599480 372
1599490 373
1599500 373
1599510 374
1599520 375
1599530 375
1599540 375
1599550 375
1599560 375
1599570 375
1599580 376
1599590 376
1599600 376
1599610 376
1599620 376
1599630 376
1599640 377
1599650 377
1599660 377
1599670 377
1599680 377
1599690 378
1599700 378
1599710 378
1599720 378
1599730 378
1599740 378
1599750 378
1599760 378
1599770 378
1599780 378
1599790 378
1599800 378
1599810 379
1599820 379
1599830 379
1599840 379
1599850 379
1599860 379
1599870 379
1599880 379
1599890 379
1599900 380
1599910 380
1599920 380
1599930 380
1599940 380
1599950 380
1599960 380
1599970 380
1599980 380
1599990 381
