1580000 447
1580010 447
1580020 446
1580030 445
1580040 445
1580050 444
1580060 443
1580070 443
1580080 442
1580090 441
1580100 441
1580110 440
1580120 439
1580130 439
1580140 439
1580150 439
1580160 439
1580170 439
1580180 440
1580190 440
1580200 440
1580210 441
1580220 441
1580230 442
1580240 442
1580250 442
1580260 443
1580270 444
1580280 444
1580290 444
1580300 445
1580310 445
1580320 445
1580330 445
1580340 445
1580350 445
1580360 445
1580370 445
1580380 445
1580390 445
1580400 445
1580410 445
1580420 445
1580430 445
1580440 444
1580450 444
1580460 444
1580470 443
1580480 442
1580490 442
1580500 440
1580510 439
1580520 440
1580530 439
1580540 439
1580550 439
1580560 439
1580570 440
1580580 441
1580590 441
1580600 442
1580610 443
1580620 443
1580630 444
1580640 445
1580650 445
1580660 446
1580670 447
1580680 447
1580690 448
1580700 449
1580710 449
1580720 450
1580730 450
1580740 450
1580750 451
1580760 452
1580770 452
1580780 453
1580790 453
1580800 453
1580810 454
1580820 454
1580830 454
1580840 455
1580850 455
1580860 455
1580870 455
1580880 456
1580890 456
1580900 456
1580910 456
1580920 456
1580930 457
1580940 457
1580950 457
1580960 458
1580970 458
1580980 458
1580990 458
1581000 458
1581010 458
1581020 458
1581030 458
1581040 458
1581050 458
1581060 458
1581070 458
1581080 458
1581090 458
1581100 458
1581110 457
1581120 457
1581130 457
1581140 457
1581150 457
1581160 457
1581170 457
1581180 457
1581190 457
1581200 457
1581210 456
1581220 456
1581230 456
1581240 456
1581250 456
1581260 456
1581270 455
1581280 455
1581290 455
1581300 455
1581310 455
1581320 455
1581330 454
1581340 454
1581350 454
1581360 454
1581370 454
1581380 453
1581390 453
1581400 453
1581410 453
1581420 452
1581430 452
1581440 452
1581450 451
1581460 451
1581470 451
1581480 450
1581490 449
1581500 449
1581510 449
1581520 448
1581530 448
1581540 447
1581550 446
1581560 446
1581570 446
1581580 445
1581590 445
1581600 443
1581610 442
1581620 442
1581630 441
1581640 439
1581650 439
1581660 438
1581670 437
1581680 437
1581690 436
1581700 434
1581710 434
1581720 433
1581730 432
1581740 432
1581750 430
1581760 429
1581770 429
1581780 428
1581790 427
1581800 427
1581810 427
1581820 426
1581830 426
1581840 425
1581850 425
1581860 425
1581870 424
1581880 424
1581890 424
1581900 423
1581910 423
1581920 423
1581930 422
1581940 421
1581950 421
1581960 420
1581970 419
1581980 419
1581990 417
1582000 415
1582010 415
1582020 413
1582030 412
1582040 412
1582050 411
1582060 410
1582070 410
1582080 414
1582090 419
1582100 419
1582110 422
1582120 423
1582130 423
1582140 423
1582150 424
1582160 424
1582170 424
1582180 425
1582190 425
1582200 425
1582210 425
1582220 425
1582230 426
1582240 426
1582250 426
1582260 426
1582270 426
1582280 426
1582290 426
1582300 426
1582310 426
1582320 426
1582330 426
1582340 426
1582350 426
1582360 426
1582370 426
1582380 426
1582390 426
1582400 426
1582410 426
1582420 426
1582430 426
1582440 426
1582450 426
1582460 426
1582470 426
1582480 426
1582490 426
1582500 426
1582510 426
1582520 426
1582530 426
1582540 426
1582550 426
1582560 426
1582570 425
1582580 425
1582590 425
1582600 425
1582610 424
1582620 424
1582630 421
1582640 415
1582650 415
1582660 410
1582670 408
1582680 408
1582690 406
1582700 405
1582710 405
1582720 404
1582730 405
1582740 405
1582750 406
1582760 406
1582770 406
1582780 406
1582790 407
1582800 407
1582810 408
1582820 409
1582830 409
1582840 409
1582850 410
1582860 410
1582870 410
1582880 410
1582890 410
1582900 410
1582910 410
1582920 410
1582930 411
1582940 411
1582950 411
1582960 412
1582970 412
1582980 412
1582990 412
1583000 414
1583010 414
1583020 415
1583030 415
1583040 415
1583050 416
1583060 416
1583070 416
1583080 416
1583090 416
1583100 416
1583110 417
1583120 418
1583130 418
1583140 418
1583150 418
1583160 418
1583170 419
1583180 417
1583190 417
1583200 416
1583210 417
1583220 417
1583230 419
1583240 418
1583250 418
1583260 418
1583270 418
1583280 418
1583290 419
1583300 420
1583310 420
1583320 422
1583330 424
1583340 425
1583350 425
1583360 428
1583370 430
1583380 430
1583390 431
1583400 432
1583410 432
1583420 432
1583430 433
1583440 433
1583450 434
1583460 434
1583470 434
1583480 435
1583490 435
1583500 435
1583510 436
1583520 437
1583530 437
1583540 438
1583550 439
1583560 439
1583570 440
1583580 441
1583590 441
1583600 442
1583610 442
1583620 442
1583630 443
1583640 443
1583650 443
1583660 444
1583670 444
1583680 444
1583690 444
1583700 445
1583710 445
1583720 445
1583730 444
1583740 444
1583750 444
1583760 443
1583770 443
1583780 440
1583790 440
1583800 440
1583810 442
1583820 443
1583830 443
1583840 443
1583850 444
1583860 444
1583870 445
1583880 446
1583890 446
1583900 446
1583910 447
1583920 447
1583930 447
1583940 448
1583950 448
1583960 449
1583970 449
1583980 449
1583990 449
1584000 450
1584010 450
1584020 450
1584030 451
1584040 451
1584050 451
1584060 451
1584070 451
1584080 451
1584090 451
1584100 451
1584110 451
1584120 450
1584130 450
1584140 449
1584150 449
1584160 449
1584170 448
1584180 447
1584190 447
1584200 446
1584210 445
1584220 445
1584230 444
1584240 443
1584250 441
1584260 441
1584270 440
1584280 438
1584290 438
1584300 437
1584310 435
1584320 435
1584330 434
1584340 433
1584350 433
1584360 432
1584370 432
1584380 432
1584390 431
1584400 431
1584410 431
1584420 431
1584430 430
1584440 430
1584450 429
1584460 427
1584470 427
1584480 427
1584490 426
1584500 426
1584510 426
1584520 426
1584530 426
1584540 426
1584550 427
1584560 427
1584570 428
1584580 429
1584590 429
1584600 430
1584610 432
1584620 432
1584630 433
1584640 435
1584650 435
1584660 436
1584670 437
1584680 437
1584690 438
1584700 439
1584710 439
1584720 440
1584730 441
1584740 441
1584750 442
1584760 443
1584770 443
1584780 443
1584790 444
1584800 444
1584810 445
1584820 446
1584830 446
1584840 447
1584850 448
1584860 448
1584870 448
1584880 449
1584890 449
1584900 450
1584910 450
1584920 450
1584930 451
1584940 451
1584950 451
1584960 452
1584970 453
1584980 453
1584990 454
1585000 455
1585010 455
1585020 455
1585030 456
1585040 456
1585050 456
1585060 456
1585070 456
1585080 456
1585090 456
1585100 456
1585110 456
1585120 456
1585130 456
1585140 455
1585150 454
1585160 454
1585170 453
1585180 451
1585190 449
1585200 449
1585210 447
1585220 444
1585230 444
1585240 442
1585250 441
1585260 441
1585270 440
1585280 439
1585290 439
1585300 438
1585310 436
1585320 436
1585330 436
1585340 437
1585350 437
1585360 440
1585370 441
1585380 441
1585390 442
1585400 444
1585410 444
1585420 445
1585430 447
1585440 447
1585450 448
1585460 449
1585470 449
1585480 451
1585490 452
1585500 452
1585510 453
1585520 455
1585530 455
1585540 456
1585550 457
1585560 457
1585570 458
1585580 459
1585590 459
1585600 460
1585610 461
1585620 461
1585630 462
1585640 463
1585650 463
1585660 463
1585670 464
1585680 464
1585690 464
1585700 464
1585710 464
1585720 464
1585730 464
1585740 464
1585750 464
1585760 466
1585770 466
1585780 467
1585790 468
1585800 468
1585810 468
1585820 468
1585830 468
1585840 468
1585850 467
1585860 467
1585870 467
1585880 467
1585890 467
1585900 466
1585910 465
1585920 465
1585930 465
1585940 464
1585950 464
1585960 463
1585970 463
1585980 463
1585990 462
1586000 461
1586010 461
1586020 460
1586030 458
1586040 458
1586050 456
1586060 453
1586070 453
1586080 451
1586090 449
1586100 448
1586110 448
1586120 446
1586130 444
1586140 444
1586150 443
1586160 441
1586170 441
1586180 440
1586190 438
1586200 438
1586210 437
1586220 437
1586230 437
1586240 435
1586250 434
1586260 434
1586270 433
1586280 431
1586290 431
1586300 430
1586310 429
1586320 429
1586330 426
1586340 424
1586350 424
1586360 423
1586370 423
1586380 423
1586390 421
1586400 420
1586410 420
1586420 419
1586430 418
1586440 418
1586450 419
1586460 419
1586470 419
1586480 419
1586490 419
1586500 419
1586510 419
1586520 419
1586530 419
1586540 419
1586550 418
1586560 418
1586570 418
1586580 418
1586590 418
1586600 418
1586610 419
1586620 419
1586630 420
1586640 421
1586650 421
1586660 421
1586670 421
1586680 421
1586690 422
1586700 422
1586710 422
1586720 422
1586730 422
1586740 422
1586750 422
1586760 422
1586770 422
1586780 421
1586790 421
1586800 421
1586810 421
1586820 420
1586830 420
1586840 419
1586850 418
1586860 418
1586870 417
1586880 416
1586890 416
1586900 415
1586910 414
1586920 414
1586930 413
1586940 412
1586950 412
1586960 410
1586970 409
1586980 409
1586990 407
1587000 406
1587010 406
1587020 404
1587030 402
1587040 400
1587050 400
1587060 399
1587070 398
1587080 398
1587090 397
1587100 397
1587110 397
1587120 396
1587130 396
1587140 396
1587150 396
1587160 395
1587170 395
1587180 395
1587190 394
1587200 394
1587210 394
1587220 393
1587230 393
1587240 392
1587250 392
1587260 392
1587270 393
1587280 393
1587290 393
1587300 392
1587310 392
1587320 392
1587330 393
1587340 395
1587350 395
1587360 395
1587370 394
1587380 394
1587390 393
1587400 394
1587410 394
1587420 395
1587430 395
1587440 395
1587450 394
1587460 394
1587470 394
1587480 394
1587490 393
1587500 393
1587510 393
1587520 394
1587530 394
1587540 394
1587550 394
1587560 394
1587570 394
1587580 394
1587590 394
1587600 394
1587610 395
1587620 395
1587630 396
1587640 396
1587650 396
1587660 397
1587670 397
1587680 397
1587690 398
1587700 398
1587710 398
1587720 399
1587730 399
1587740 399
1587750 400
1587760 401
1587770 401
1587780 401
1587790 400
1587800 400
1587810 400
1587820 400
1587830 400
1587840 400
1587850 400
1587860 400
1587870 401
1587880 403
1587890 403
1587900 406
1587910 408
1587920 408
1587930 409
1587940 410
1587950 411
1587960 411
1587970 411
1587980 412
1587990 412
1588000 413
1588010 413
1588020 413
1588030 414
1588040 415
1588050 415
1588060 415
1588070 415
1588080 415
1588090 416
1588100 416
1588110 416
1588120 417
1588130 417
1588140 417
1588150 418
1588160 418
1588170 418
1588180 418
1588190 418
1588200 418
1588210 417
1588220 417
1588230 417
1588240 416
1588250 416
1588260 416
1588270 415
1588280 414
1588290 413
1588300 412
1588310 410
1588320 410
1588330 408
1588340 406
1588350 406
1588360 404
1588370 403
1588380 403
1588390 402
1588400 401
1588410 401
1588420 400
1588430 400
1588440 400
1588450 399
1588460 398
1588470 398
1588480 398
1588490 397
1588500 397
1588510 396
1588520 395
1588530 395
1588540 394
1588550 394
1588560 394
1588570 393
1588580 392
1588590 392
1588600 391
1588610 391
1588620 391
1588630 390
1588640 391
1588650 391
1588660 391
1588670 391
1588680 391
1588690 391
1588700 391
1588710 391
1588720 391
1588730 391
1588740 391
1588750 391
1588760 391
1588770 391
1588780 391
1588790 391
1588800 391
1588810 391
1588820 391
1588830 391
1588840 391
1588850 391
1588860 391
1588870 391
1588880 391
1588890 391
1588900 391
1588910 391
1588920 391
1588930 391
1588940 391
1588950 391
1588960 391
1588970 391
1588980 391
1588990 391
1589000 390
1589010 390
1589020 390
1589030 390
1589040 389
1589050 389
1589060 388
1589070 385
1589080 385
1589090 379
1589100 374
1589110 374
1589120 370
1589130 367
1589140 367
1589150 364
1589160 363
1589170 363
1589180 362
1589190 360
1589200 360
1589210 358
1589220 355
1589230 355
1589240 351
1589250 347
1589260 347
1589270 343
1589280 338
1589290 338
1589300 336
1589310 334
1589320 334
1589330 334
1589340 334
1589350 334
1589360 334
1589370 334
1589380 334
1589390 334
1589400 337
1589410 337
1589420 340
1589430 340
1589440 340
1589450 341
1589460 341
1589470 341
1589480 341
1589490 341
1589500 341
1589510 341
1589520 341
1589530 341
1589540 340
1589550 340
1589560 340
1589570 340
1589580 341
1589590 341
1589600 341
1589610 341
1589620 341
1589630 341
1589640 341
1589650 341
1589660 342
1589670 343
1589680 343
1589690 346
1589700 350
1589710 350
1589720 354
1589730 358
1589740 358
1589750 362
1589760 367
1589770 367
1589780 371
1589790 374
1589800 378
1589810 378
1589820 383
1589830 388
1589840 388
1589850 393
1589860 397
1589870 397
1589880 397
1589890 397
1589900 397
1589910 398
1589920 398
1589930 398
1589940 398
1589950 398
1589960 398
1589970 397
1589980 398
1589990 398
1590000 398
1590010 397
1590020 397
1590030 398
1590040 397
1590050 397
1590060 397
1590070 398
1590080 398
1590090 398
1590100 398
1590110 398
1590120 398
1590130 398
1590140 398
1590150 398
1590160 398
1590170 398
1590180 399
1590190 399
1590200 399
1590210 399
1590220 399
1590230 399
1590240 400
1590250 400
1590260 400
1590270 400
1590280 400
1590290 400
1590300 401
1590310 401
1590320 401
1590330 402
1590340 402
1590350 402
1590360 402
1590370 402
1590380 402
1590390 403
1590400 403
1590410 403
1590420 404
1590430 404
1590440 404
1590450 405
1590460 405
1590470 405
1590480 406
1590490 406
1590500 406
1590510 407
1590520 408
1590530 408
1590540 408
1590550 409
1590560 409
1590570 410
1590580 411
1590590 411
1590600 411
1590610 412
1590620 412
1590630 413
1590640 414
1590650 414
1590660 414
1590670 415
1590680 415
1590690 416
1590700 416
1590710 416
1590720 417
1590730 417
1590740 417
1590750 417
1590760 418
1590770 419
1590780 419
1590790 419
1590800 420
1590810 420
1590820 420
1590830 421
1590840 421
1590850 421
1590860 421
1590870 421
1590880 421
1590890 421
1590900 421
1590910 421
1590920 421
1590930 421
1590940 421
1590950 421
1590960 421
1590970 421
1590980 420
1590990 420
1591000 420
1591010 419
1591020 419
1591030 419
1591040 418
1591050 418
1591060 418
1591070 417
1591080 417
1591090 416
1591100 416
1591110 416
1591120 415
1591130 414
1591140 414
1591150 413
1591160 413
1591170 413
1591180 412
1591190 411
1591200 411
1591210 411
1591220 409
1591230 409
1591240 407
1591250 405
1591260 405
1591270 403
1591280 401
1591290 401
1591300 400
1591310 398
1591320 398
1591330 398
1591340 398
1591350 398
1591360 398
1591370 398
1591380 398
1591390 399
1591400 401
1591410 401
1591420 404
1591430 406
1591440 406
1591450 408
1591460 410
1591470 410
1591480 412
1591490 414
1591500 414
1591510 415
1591520 417
1591530 417
1591540 418
1591550 419
1591560 419
1591570 421
1591580 421
1591590 421
1591600 422
1591610 423
1591620 423
1591630 424
1591640 425
1591650 425
1591660 425
1591670 425
1591680 425
1591690 425
1591700 425
1591710 426
1591720 426
1591730 426
1591740 427
1591750 427
1591760 428
1591770 428
1591780 428
1591790 429
1591800 430
1591810 430
1591820 431
1591830 432
1591840 432
1591850 433
1591860 434
1591870 434
1591880 434
1591890 435
1591900 435
1591910 435
1591920 435
1591930 435
1591940 434
1591950 439
1591960 439
1591970 440
1591980 442
1591990 442
1592000 444
1592010 446
1592020 446
1592030 448
1592040 450
1592050 450
1592060 450
1592070 451
1592080 451
1592090 453
1592100 455
1592110 455
1592120 457
1592130 459
1592140 459
1592150 461
1592160 463
1592170 463
1592180 464
1592190 465
1592200 465
1592210 467
1592220 468
1592230 468
1592240 470
1592250 471
1592260 471
1592270 473
1592280 474
1592290 474
1592300 475
1592310 476
1592320 476
1592330 477
1592340 478
1592350 478
1592360 479
1592370 480
1592380 480
1592390 481
1592400 481
1592410 481
1592420 482
1592430 482
1592440 482
1592450 481
1592460 481
1592470 481
1592480 480
1592490 479
1592500 479
1592510 477
1592520 474
1592530 474
1592540 470
1592550 466
1592560 466
1592570 463
1592580 461
1592590 460
1592600 460
1592610 459
1592620 458
1592630 458
1592640 460
1592650 461
1592660 461
1592670 461
1592680 461
1592690 461
1592700 460
1592710 458
1592720 458
1592730 455
1592740 451
1592750 451
1592760 447
1592770 445
1592780 445
1592790 444
1592800 442
1592810 442
1592820 440
1592830 442
1592840 442
1592850 445
1592860 450
1592870 450
1592880 454
1592890 457
1592900 457
1592910 461
1592920 463
1592930 463
1592940 465
1592950 467
1592960 467
1592970 470
1592980 472
1592990 472
1593000 475
1593010 477
1593020 477
1593030 479
1593040 481
1593050 481
1593060 483
1593070 485
1593080 485
1593090 488
1593100 489
1593110 489
1593120 491
1593130 493
1593140 493
1593150 496
1593160 498
1593170 498
1593180 500
1593190 502
1593200 502
1593210 504
1593220 506
1593230 506
1593240 508
1593250 510
1593260 510
1593270 511
1593280 513
1593290 513
1593300 514
1593310 516
1593320 516
1593330 517
1593340 519
1593350 519
1593360 520
1593370 521
1593380 521
1593390 522
1593400 523
1593410 523
1593420 524
1593430 525
1593440 525
1593450 525
1593460 525
1593470 525
1593480 524
1593490 523
1593500 523
1593510 522
1593520 520
1593530 517
1593540 517
1593550 515
1593560 514
1593570 514
1593580 512
1593590 511
1593600 511
1593610 510
1593620 509
1593630 509
1593640 509
1593650 508
1593660 508
1593670 507
1593680 507
1593690 507
1593700 507
1593710 508
1593720 508
1593730 509
1593740 510
1593750 510
1593760 510
1593770 511
1593780 511
1593790 512
1593800 512
1593810 512
1593820 512
1593830 514
1593840 514
1593850 516
1593860 517
1593870 517
1593880 518
1593890 520
1593900 520
1593910 521
1593920 523
1593930 523
1593940 525
1593950 527
1593960 527
1593970 528
1593980 531
1593990 531
1594000 533
1594010 535
1594020 535
1594030 538
1594040 542
1594050 542
1594060 544
1594070 547
1594080 547
1594090 549
1594100 552
1594110 552
1594120 554
1594130 557
1594140 557
1594150 559
1594160 561
1594170 561
1594180 563
1594190 565
1594200 565
1594210 568
1594220 569
1594230 569
1594240 571
1594250 572
1594260 572
1594270 573
1594280 575
1594290 575
1594300 576
1594310 577
1594320 577
1594330 577
1594340 578
1594350 578
1594360 579
1594370 580
1594380 580
1594390 580
1594400 581
1594410 581
1594420 581
1594430 581
1594440 581
1594450 581
1594460 580
1594470 580
1594480 580
1594490 580
1594500 580
1594510 580
1594520 580
1594530 580
1594540 580
1594550 580
1594560 580
1594570 580
1594580 579
1594590 579
1594600 579
1594610 579
1594620 579
1594630 579
1594640 579
1594650 579
1594660 579
1594670 578
1594680 578
1594690 578
1594700 578
1594710 577
1594720 577
1594730 576
1594740 576
1594750 576
1594760 575
1594770 573
1594780 573
1594790 572
1594800 570
1594810 570
1594820 569
1594830 568
1594840 568
1594850 567
1594860 565
1594870 565
1594880 564
1594890 563
1594900 563
1594910 561
1594920 558
1594930 558
1594940 555
1594950 551
1594960 551
1594970 548
1594980 546
1594990 546
1595000 544
1595010 543
1595020 543
1595030 542
1595040 542
1595050 542
1595060 542
1595070 541
1595080 541
1595090 538
1595100 535
1595110 535
1595120 533
1595130 530
1595140 530
1595150 528
1595160 525
1595170 525
1595180 522
1595190 519
1595200 519
1595210 516
1595220 514
1595230 514
1595240 512
1595250 511
1595260 511
1595270 509
1595280 507
1595290 507
1595300 504
1595310 501
1595320 501
1595330 497
1595340 493
1595350 493
1595360 493
1595370 497
1595380 497
1595390 497
1595400 497
1595410 498
1595420 498
1595430 499
1595440 501
1595450 501
1595460 502
1595470 504
1595480 504
1595490 506
1595500 505
1595510 505
1595520 505
1595530 505
1595540 505
1595550 505
1595560 504
1595570 504
1595580 503
1595590 505
1595600 505
1595610 506
1595620 506
1595630 506
1595640 505
1595650 503
1595660 503
1595670 503
1595680 507
1595690 507
1595700 507
1595710 506
1595720 506
1595730 508
1595740 512
1595750 512
1595760 514
1595770 516
1595780 516
1595790 517
1595800 519
1595810 519
1595820 521
1595830 522
1595840 522
1595850 524
1595860 525
1595870 525
1595880 527
1595890 528
1595900 528
1595910 529
1595920 530
1595930 530
1595940 531
1595950 532
1595960 532
1595970 533
1595980 534
1595990 534
1596000 535
1596010 535
1596020 535
1596030 535
1596040 535
1596050 535
1596060 535
1596070 535
1596080 535
1596090 535
1596100 534
1596110 534
1596120 534
1596130 533
1596140 533
1596150 532
1596160 532
1596170 532
1596180 532
1596190 532
1596200 532
1596210 533
1596220 534
1596230 534
1596240 535
1596250 536
1596260 536
1596270 537
1596280 538
1596290 539
1596300 539
1596310 540
1596320 541
1596330 541
1596340 542
1596350 543
1596360 543
1596370 544
1596380 545
1596390 545
1596400 546
1596410 547
1596420 547
1596430 548
1596440 549
1596450 549
1596460 550
1596470 551
1596480 551
1596490 551
1596500 552
1596510 552
1596520 552
1596530 553
1596540 553
1596550 553
1596560 553
1596570 553
1596580 552
1596590 552
1596600 552
1596610 552
1596620 551
1596630 551
1596640 550
1596650 549
1596660 550
1596670 549
1596680 548
1596690 548
1596700 548
1596710 547
1596720 547
1596730 546
1596740 544
1596750 544
1596760 543
1596770 541
1596780 541
1596790 540
1596800 539
1596810 539
1596820 537
1596830 536
1596840 536
1596850 535
1596860 533
1596870 533
1596880 532
1596890 531
1596900 531
1596910 530
1596920 528
1596930 528
1596940 527
1596950 527
1596960 527
1596970 526
1596980 526
1596990 526
1597000 525
1597010 524
1597020 524
1597030 523
1597040 522
1597050 522
1597060 521
1597070 521
1597080 521
1597090 520
1597100 520
1597110 520
1597120 519
1597130 518
1597140 518
1597150 516
1597160 513
1597170 513
1597180 513
1597190 512
1597200 512
1597210 512
1597220 511
1597230 509
1597240 509
1597250 507
1597260 504
1597270 504
1597280 501
1597290 497
1597300 497
1597310 493
1597320 490
1597330 490
1597340 487
1597350 484
1597360 484
1597370 480
1597380 477
1597390 477
1597400 477
1597410 476
1597420 476
1597430 474
1597440 472
1597450 472
1597460 470
1597470 467
1597480 467
1597490 465
1597500 462
1597510 462
1597520 458
1597530 455
1597540 455
1597550 452
1597560 448
1597570 448
1597580 443
1597590 438
1597600 438
1597610 433
1597620 427
1597630 427
1597640 423
1597650 425
1597660 425
1597670 429
1597680 432
1597690 432
1597700 433
1597710 434
1597720 434
1597730 435
1597740 435
1597750 435
1597760 436
1597770 435
1597780 435
1597790 435
1597800 438
1597810 438
1597820 437
1597830 436
1597840 436
1597850 434
1597860 432
1597870 432
1597880 431
1597890 429
1597900 429
1597910 426
1597920 424
1597930 424
1597940 422
1597950 419
1597960 419
1597970 418
1597980 415
1597990 415
1598000 413
1598010 409
1598020 409
1598030 405
1598040 402
1598050 402
1598060 400
1598070 397
1598080 397
1598090 394
1598100 391
1598110 391
1598120 386
1598130 382
1598140 379
1598150 379
1598160 376
1598170 374
1598180 374
1598190 372
1598200 369
1598210 369
1598220 367
1598230 364
1598240 364
1598250 360
1598260 356
1598270 356
1598280 352
1598290 349
1598300 349
1598310 348
1598320 350
1598330 350
1598340 350
1598350 349
1598360 349
1598370 348
1598380 347
1598390 347
1598400 346
1598410 346
1598420 346
1598430 345
1598440 344
1598450 344
1598460 342
1598470 340
1598480 340
1598490 338
1598500 337
1598510 337
1598520 335
1598530 332
1598540 332
1598550 331
1598560 330
1598570 330
1598580 329
1598590 328
1598600 328
1598610 327
1598620 326
1598630 326
1598640 325
1598650 325
1598660 325
1598670 324
1598680 324
1598690 324
1598700 324
1598710 324
1598720 324
1598730 324
1598740 324
1598750 324
1598760 323
1598770 323
1598780 323
1598790 323
1598800 323
1598810 323
1598820 323
1598830 323
1598840 323
1598850 322
1598860 322
1598870 322
1598880 322
1598890 322
1598900 322
1598910 322
1598920 318
1598930 318
1598940 314
1598950 314
1598960 314
1598970 314
1598980 314
1598990 314
1599000 314
1599010 314
1599020 314
1599030 314
1599040 314
1599050 314
1599060 314
1599070 314
1599080 314
1599090 314
1599100 314
1599110 314
1599120 314
1599130 314
1599140 314
1599150 314
1599160 314
1599170 314
1599180 314
1599190 314
1599200 314
1599210 314
1599220 314
1599230 314
1599240 314
1599250 314
1599260 316
1599270 316
1599280 321
1599290 325
1599300 325
1599310 326
1599320 327
1599330 327
1599340 327
1599350 327
1599360 327
1599370 328
1599380 330
1599390 330
1599400 334
1599410 342
1599420 342
1599430 347
1599440 347
1599450 347
1599460 348
1599470 348
1599480 348
1599490 348
1599500 348
1599510 348
1599520 348
1599530 348
1599540 348
1599550 348
1599560 348
1599570 348
1599580 348
1599590 349
1599600 349
1599610 349
1599620 349
1599630 349
1599640 349
1599650 349
1599660 349
1599670 349
1599680 349
1599690 349
1599700 349
1599710 350
1599720 350
1599730 350
1599740 350
1599750 350
1599760 350
1599770 350
1599780 350
1599790 350
1599800 350
1599810 350
1599820 350
1599830 350
1599840 350
1599850 351
1599860 351
1599870 351
1599880 351
1599890 352
1599900 352
1599910 352
1599920 352
1599930 352
1599940 352
1599950 353
1599960 353
1599970 353
1599980 354
1599990 354
