1580000 458
1580010 458
1580020 458
1580030 458
1580040 457
1580050 457
1580060 457
1580070 456
1580080 455
1580090 455
1580100 455
1580110 454
1580120 454
1580130 453
1580140 452
1580150 452
1580160 450
1580170 449
1580180 449
1580190 447
1580200 445
1580210 445
1580220 444
1580230 443
1580240 443
1580250 442
1580260 441
1580270 441
1580280 441
1580290 440
1580300 440
1580310 440
1580320 439
1580330 439
1580340 439
1580350 438
1580360 438
1580370 438
1580380 437
1580390 437
1580400 437
1580410 436
1580420 435
1580430 435
1580440 434
1580450 433
1580460 433
1580470 432
1580480 431
1580490 431
1580500 430
1580510 429
1580520 429
1580530 429
1580540 428
1580550 428
1580560 427
1580570 427
1580580 427
1580590 428
1580600 430
1580610 430
1580620 431
1580630 433
1580640 433
1580650 434
1580660 435
1580670 435
1580680 436
1580690 437
1580700 437
1580710 438
1580720 438
1580730 438
1580740 439
1580750 440
1580760 440
1580770 440
1580780 441
1580790 441
1580800 442
1580810 442
1580820 442
1580830 443
1580840 444
1580850 444
1580860 444
1580870 445
1580880 445
1580890 445
1580900 445
1580910 445
1580920 446
1580930 446
1580940 446
1580950 447
1580960 447
1580970 447
1580980 447
1580990 447
1581000 447
1581010 447
1581020 447
1581030 447
1581040 448
1581050 449
1581060 449
1581070 449
1581080 449
1581090 449
1581100 450
1581110 450
1581120 450
1581130 450
1581140 450
1581150 450
1581160 450
1581170 450
1581180 450
1581190 450
1581200 450
1581210 450
1581220 450
1581230 451
1581240 451
1581250 451
1581260 451
1581270 450
1581280 450
1581290 450
1581300 450
1581310 450
1581320 450
1581330 450
1581340 450
1581350 450
1581360 449
1581370 449
1581380 449
1581390 449
1581400 449
1581410 449
1581420 449
1581430 449
1581440 449
1581450 449
1581460 449
1581470 449
1581480 449
1581490 449
1581500 449
1581510 448
1581520 448
1581530 448
1581540 448
1581550 448
1581560 448
1581570 448
1581580 448
1581590 448
1581600 447
1581610 447
1581620 447
1581630 447
1581640 447
1581650 446
1581660 446
1581670 446
1581680 445
1581690 445
1581700 445
1581710 444
1581720 443
1581730 443
1581740 443
1581750 441
1581760 441
1581770 440
1581780 439
1581790 439
1581800 437
1581810 436
1581820 436
1581830 434
1581840 432
1581850 432
1581860 431
1581870 429
1581880 429
1581890 427
1581900 426
1581910 426
1581920 424
1581930 424
1581940 424
1581950 423
1581960 422
1581970 422
1581980 421
1581990 418
1582000 418
1582010 416
1582020 413
1582030 413
1582040 413
1582050 414
1582060 414
1582070 415
1582080 415
1582090 415
1582100 414
1582110 412
1582120 412
1582130 410
1582140 408
1582150 408
1582160 406
1582170 405
1582180 404
1582190 404
1582200 404
1582210 405
1582220 405
1582230 405
1582240 406
1582250 406
1582260 407
1582270 408
1582280 408
1582290 411
1582300 413
1582310 413
1582320 415
1582330 416
1582340 416
1582350 416
1582360 417
1582370 417
1582380 417
1582390 415
1582400 415
1582410 412
1582420 409
1582430 409
1582440 407
1582450 406
1582460 406
1582470 404
1582480 403
1582490 403
1582500 402
1582510 402
1582520 402
1582530 402
1582540 402
1582550 402
1582560 403
1582570 403
1582580 403
1582590 403
1582600 404
1582610 404
1582620 404
1582630 404
1582640 404
1582650 404
1582660 405
1582670 405
1582680 406
1582690 406
1582700 406
1582710 407
1582720 407
1582730 407
1582740 408
1582750 409
1582760 409
1582770 410
1582780 412
1582790 412
1582800 414
1582810 415
1582820 415
1582830 415
1582840 415
1582850 415
1582860 416
1582870 417
1582880 417
1582890 418
1582900 419
1582910 419
1582920 420
1582930 421
1582940 421
1582950 422
1582960 423
1582970 423
1582980 424
1582990 425
1583000 425
1583010 427
1583020 428
1583030 428
1583040 428
1583050 429
1583060 429
1583070 430
1583080 431
1583090 431
1583100 433
1583110 433
1583120 435
1583130 435
1583140 436
1583150 436
1583160 436
1583170 436
1583180 437
1583190 437
1583200 437
1583210 438
1583220 438
1583230 438
1583240 439
1583250 439
1583260 440
1583270 440
1583280 440
1583290 440
1583300 441
1583310 441
1583320 441
1583330 441
1583340 441
1583350 441
1583360 442
1583370 442
1583380 442
1583390 441
1583400 441
1583410 441
1583420 441
1583430 441
1583440 441
1583450 440
1583460 440
1583470 440
1583480 439
1583490 439
1583500 438
1583510 437
1583520 437
1583530 436
1583540 435
1583550 434
1583560 433
1583570 433
1583580 433
1583590 432
1583600 432
1583610 432
1583620 432
1583630 431
1583640 431
1583650 430
1583660 429
1583670 429
1583680 429
1583690 430
1583700 430
1583710 432
1583720 434
1583730 434
1583740 435
1583750 436
1583760 436
1583770 438
1583780 439
1583790 439
1583800 440
1583810 440
1583820 440
1583830 441
1583840 442
1583850 442
1583860 443
1583870 443
1583880 443
1583890 444
1583900 444
1583910 444
1583920 445
1583930 445
1583940 445
1583950 446
1583960 446
1583970 446
1583980 447
1583990 447
1584000 447
1584010 447
1584020 447
1584030 447
1584040 447
1584050 447
1584060 447
1584070 447
1584080 446
1584090 446
1584100 446
1584110 446
1584120 445
1584130 445
1584140 445
1584150 444
1584160 444
1584170 444
1584180 443
1584190 443
1584200 443
1584210 442
1584220 442
1584230 441
1584240 441
1584250 441
1584260 440
1584270 439
1584280 439
1584290 438
1584300 437
1584310 437
1584320 436
1584330 436
1584340 436
1584350 436
1584360 435
1584370 435
1584380 434
1584390 434
1584400 434
1584410 433
1584420 432
1584430 432
1584440 431
1584450 431
1584460 431
1584470 430
1584480 429
1584490 429
1584500 428
1584510 427
1584520 427
1584530 426
1584540 425
1584550 425
1584560 425
1584570 425
1584580 425
1584590 424
1584600 424
1584610 424
1584620 424
1584630 423
1584640 423
1584650 421
1584660 421
1584670 421
1584680 421
1584690 420
1584700 420
1584710 422
1584720 424
1584730 424
1584740 427
1584750 429
1584760 429
1584770 430
1584780 431
1584790 431
1584800 432
1584810 433
1584820 433
1584830 435
1584840 435
1584850 435
1584860 436
1584870 437
1584880 437
1584890 438
1584900 439
1584910 439
1584920 440
1584930 442
1584940 442
1584950 442
1584960 443
1584970 443
1584980 444
1584990 445
1585000 445
1585010 445
1585020 446
1585030 446
1585040 446
1585050 446
1585060 445
1585070 445
1585080 444
1585090 443
1585100 443
1585110 443
1585120 443
1585130 443
1585140 441
1585150 439
1585160 439
1585170 438
1585180 436
1585190 436
1585200 435
1585210 433
1585220 433
1585230 432
1585240 431
1585250 431
1585260 430
1585270 429
1585280 429
1585290 428
1585300 428
1585310 428
1585320 429
1585330 432
1585340 432
1585350 434
1585360 436
1585370 436
1585380 437
1585390 438
1585400 438
1585410 439
1585420 440
1585430 440
1585440 441
1585450 442
1585460 442
1585470 443
1585480 444
1585490 444
1585500 445
1585510 445
1585520 445
1585530 445
1585540 446
1585550 446
1585560 446
1585570 446
1585580 446
1585590 446
1585600 447
1585610 447
1585620 447
1585630 447
1585640 447
1585650 447
1585660 447
1585670 447
1585680 448
1585690 448
1585700 448
1585710 448
1585720 448
1585730 448
1585740 448
1585750 448
1585760 448
1585770 448
1585780 448
1585790 448
1585800 448
1585810 449
1585820 449
1585830 449
1585840 450
1585850 450
1585860 451
1585870 452
1585880 452
1585890 453
1585900 453
1585910 454
1585920 454
1585930 455
1585940 455
1585950 455
1585960 456
1585970 457
1585980 457
1585990 459
1586000 459
1586010 459
1586020 458
1586030 459
1586040 459
1586050 459
1586060 459
1586070 459
1586080 459
1586090 460
1586100 460
1586110 460
1586120 460
1586130 460
1586140 461
1586150 461
1586160 461
1586170 461
1586180 461
1586190 461
1586200 460
1586210 460
1586220 460
1586230 460
1586240 460
1586250 460
1586260 460
1586270 460
1586280 460
1586290 460
1586300 460
1586310 460
1586320 460
1586330 460
1586340 460
1586350 460
1586360 460
1586370 460
1586380 460
1586390 460
1586400 460
1586410 461
1586420 460
1586430 460
1586440 460
1586450 460
1586460 460
1586470 460
1586480 460
1586490 460
1586500 460
1586510 460
1586520 460
1586530 459
1586540 459
1586550 459
1586560 458
1586570 457
1586580 457
1586590 456
1586600 455
1586610 455
1586620 455
1586630 454
1586640 454
1586650 453
1586660 452
1586670 452
1586680 451
1586690 451
1586700 451
1586710 450
1586720 449
1586730 449
1586740 449
1586750 448
1586760 448
1586770 447
1586780 447
1586790 447
1586800 446
1586810 445
1586820 445
1586830 445
1586840 444
1586850 443
1586860 443
1586870 442
1586880 441
1586890 441
1586900 440
1586910 439
1586920 439
1586930 438
1586940 437
1586950 437
1586960 436
1586970 435
1586980 435
1586990 434
1587000 433
1587010 433
1587020 432
1587030 431
1587040 431
1587050 430
1587060 430
1587070 430
1587080 429
1587090 429
1587100 429
1587110 428
1587120 427
1587130 427
1587140 427
1587150 427
1587160 427
1587170 426
1587180 425
1587190 425
1587200 425
1587210 424
1587220 424
1587230 423
1587240 422
1587250 422
1587260 421
1587270 420
1587280 420
1587290 419
1587300 418
1587310 418
1587320 417
1587330 416
1587340 416
1587350 415
1587360 414
1587370 414
1587380 413
1587390 412
1587400 412
1587410 410
1587420 408
1587430 408
1587440 406
1587450 405
1587460 405
1587470 404
1587480 404
1587490 404
1587500 403
1587510 401
1587520 401
1587530 400
1587540 399
1587550 399
1587560 398
1587570 396
1587580 396
1587590 395
1587600 394
1587610 394
1587620 393
1587630 391
1587640 391
1587650 390
1587660 389
1587670 389
1587680 389
1587690 388
1587700 388
1587710 387
1587720 387
1587730 387
1587740 386
1587750 386
1587760 386
1587770 385
1587780 384
1587790 384
1587800 384
1587810 383
1587820 383
1587830 383
1587840 383
1587850 382
1587860 382
1587870 382
1587880 382
1587890 382
1587900 382
1587910 382
1587920 382
1587930 382
1587940 382
1587950 382
1587960 381
1587970 381
1587980 381
1587990 381
1588000 380
1588010 380
1588020 379
1588030 379
1588040 379
1588050 378
1588060 377
1588070 377
1588080 376
1588090 377
1588100 377
1588110 377
1588120 376
1588130 376
1588140 375
1588150 374
1588160 374
1588170 374
1588180 375
1588190 375
1588200 376
1588210 377
1588220 377
1588230 378
1588240 379
1588250 379
1588260 379
1588270 379
1588280 379
1588290 379
1588300 379
1588310 379
1588320 379
1588330 380
1588340 380
1588350 382
1588360 382
1588370 382
1588380 382
1588390 381
1588400 381
1588410 381
1588420 380
1588430 380
1588440 380
1588450 381
1588460 381
1588470 382
1588480 382
1588490 382
1588500 382
1588510 382
1588520 382
1588530 382
1588540 383
1588550 383
1588560 383
1588570 384
1588580 384
1588590 385
1588600 384
1588610 384
1588620 384
1588630 383
1588640 383
1588650 383
1588660 382
1588670 382
1588680 382
1588690 382
1588700 382
1588710 383
1588720 384
1588730 384
1588740 384
1588750 384
1588760 385
1588770 385
1588780 386
1588790 386
1588800 386
1588810 387
1588820 385
1588830 385
1588840 383
1588850 385
1588860 385
1588870 387
1588880 386
1588890 386
1588900 384
1588910 382
1588920 382
1588930 381
1588940 382
1588950 382
1588960 383
1588970 384
1588980 384
1588990 385
1589000 383
1589010 383
1589020 376
1589030 370
1589040 370
1589050 369
1589060 369
1589070 369
1589080 368
1589090 368
1589100 368
1589110 368
1589120 368
1589130 368
1589140 368
1589150 367
1589160 367
1589170 367
1589180 367
1589190 367
1589200 367
1589210 367
1589220 367
1589230 367
1589240 366
1589250 366
1589260 366
1589270 366
1589280 366
1589290 365
1589300 359
1589310 359
1589320 347
1589330 339
1589340 339
1589350 334
1589360 333
1589370 333
1589380 333
1589390 333
1589400 333
1589410 333
1589420 334
1589430 334
1589440 335
1589450 336
1589460 336
1589470 337
1589480 338
1589490 338
1589500 339
1589510 339
1589520 339
1589530 339
1589540 339
1589550 339
1589560 340
1589570 340
1589580 340
1589590 340
1589600 339
1589610 339
1589620 339
1589630 339
1589640 339
1589650 339
1589660 340
1589670 340
1589680 340
1589690 340
1589700 340
1589710 340
1589720 341
1589730 346
1589740 346
1589750 352
1589760 357
1589770 357
1589780 359
1589790 363
1589800 363
1589810 367
1589820 370
1589830 370
1589840 374
1589850 380
1589860 380
1589870 388
1589880 393
1589890 393
1589900 395
1589910 396
1589920 396
1589930 396
1589940 396
1589950 396
1589960 396
1589970 396
1589980 396
1589990 396
1590000 396
1590010 396
1590020 396
1590030 395
1590040 395
1590050 395
1590060 395
1590070 395
1590080 395
1590090 395
1590100 395
1590110 395
1590120 395
1590130 395
1590140 395
1590150 395
1590160 395
1590170 395
1590180 395
1590190 395
1590200 395
1590210 395
1590220 395
1590230 395
1590240 395
1590250 395
1590260 395
1590270 395
1590280 395
1590290 395
1590300 395
1590310 395
1590320 395
1590330 395
1590340 395
1590350 395
1590360 395
1590370 395
1590380 395
1590390 395
1590400 395
1590410 395
1590420 395
1590430 395
1590440 395
1590450 395
1590460 395
1590470 396
1590480 396
1590490 396
1590500 396
1590510 396
1590520 396
1590530 396
1590540 396
1590550 396
1590560 396
1590570 396
1590580 396
1590590 396
1590600 396
1590610 397
1590620 397
1590630 397
1590640 397
1590650 397
1590660 397
1590670 398
1590680 398
1590690 398
1590700 398
1590710 398
1590720 398
1590730 399
1590740 399
1590750 399
1590760 400
1590770 400
1590780 400
1590790 401
1590800 401
1590810 401
1590820 402
1590830 402
1590840 403
1590850 403
1590860 403
1590870 404
1590880 405
1590890 405
1590900 406
1590910 407
1590920 407
1590930 408
1590940 409
1590950 409
1590960 410
1590970 411
1590980 411
1590990 412
1591000 413
1591010 413
1591020 415
1591030 416
1591040 416
1591050 417
1591060 418
1591070 418
1591080 419
1591090 420
1591100 420
1591110 421
1591120 421
1591130 421
1591140 421
1591150 422
1591160 422
1591170 422
1591180 422
1591190 422
1591200 421
1591210 421
1591220 421
1591230 420
1591240 419
1591250 419
1591260 418
1591270 415
1591280 415
1591290 411
1591300 407
1591310 407
1591320 403
1591330 400
1591340 400
1591350 398
1591360 395
1591370 395
1591380 393
1591390 392
1591400 392
1591410 391
1591420 390
1591430 390
1591440 389
1591450 392
1591460 392
1591470 395
1591480 399
1591490 399
1591500 403
1591510 405
1591520 408
1591530 408
1591540 410
1591550 412
1591560 412
1591570 414
1591580 416
1591590 416
1591600 418
1591610 419
1591620 419
1591630 421
1591640 423
1591650 423
1591660 425
1591670 427
1591680 427
1591690 428
1591700 430
1591710 430
1591720 432
1591730 433
1591740 433
1591750 435
1591760 437
1591770 437
1591780 438
1591790 439
1591800 439
1591810 440
1591820 442
1591830 442
1591840 443
1591850 445
1591860 445
1591870 446
1591880 448
1591890 448
1591900 449
1591910 451
1591920 451
1591930 453
1591940 455
1591950 455
1591960 456
1591970 457
1591980 457
1591990 459
1592000 460
1592010 460
1592020 462
1592030 464
1592040 464
1592050 465
1592060 467
1592070 467
1592080 468
1592090 469
1592100 469
1592110 470
1592120 472
1592130 472
1592140 472
1592150 473
1592160 473
1592170 474
1592180 475
1592190 475
1592200 475
1592210 476
1592220 476
1592230 477
1592240 477
1592250 477
1592260 478
1592270 479
1592280 479
1592290 479
1592300 480
1592310 480
1592320 480
1592330 481
1592340 481
1592350 482
1592360 482
1592370 482
1592380 482
1592390 482
1592400 482
1592410 482
1592420 481
1592430 481
1592440 480
1592450 479
1592460 477
1592470 477
1592480 476
1592490 473
1592500 473
1592510 470
1592520 466
1592530 466
1592540 461
1592550 457
1592560 457
1592570 452
1592580 449
1592590 449
1592600 445
1592610 442
1592620 442
1592630 438
1592640 434
1592650 434
1592660 431
1592670 429
1592680 429
1592690 427
1592700 426
1592710 426
1592720 424
1592730 423
1592740 423
1592750 424
1592760 428
1592770 428
1592780 434
1592790 437
1592800 437
1592810 440
1592820 443
1592830 443
1592840 445
1592850 447
1592860 447
1592870 449
1592880 451
1592890 451
1592900 453
1592910 455
1592920 455
1592930 456
1592940 458
1592950 458
1592960 460
1592970 461
1592980 461
1592990 463
1593000 465
1593010 465
1593020 467
1593030 468
1593040 468
1593050 470
1593060 471
1593070 471
1593080 473
1593090 474
1593100 474
1593110 475
1593120 477
1593130 477
1593140 478
1593150 480
1593160 480
1593170 481
1593180 483
1593190 483
1593200 484
1593210 485
1593220 485
1593230 486
1593240 487
1593250 487
1593260 488
1593270 489
1593280 489
1593290 490
1593300 490
1593310 490
1593320 491
1593330 491
1593340 491
1593350 491
1593360 491
1593370 491
1593380 491
1593390 488
1593400 484
1593410 484
1593420 480
1593430 476
1593440 476
1593450 472
1593460 469
1593470 469
1593480 465
1593490 462
1593500 462
1593510 462
1593520 465
1593530 465
1593540 468
1593550 470
1593560 470
1593570 473
1593580 475
1593590 475
1593600 478
1593610 480
1593620 480
1593630 483
1593640 485
1593650 485
1593660 487
1593670 489
1593680 489
1593690 491
1593700 493
1593710 493
1593720 495
1593730 497
1593740 497
1593750 499
1593760 500
1593770 500
1593780 501
1593790 503
1593800 503
1593810 504
1593820 505
1593830 505
1593840 506
1593850 507
1593860 507
1593870 509
1593880 510
1593890 510
1593900 511
1593910 513
1593920 513
1593930 514
1593940 515
1593950 515
1593960 516
1593970 517
1593980 517
1593990 518
1594000 519
1594010 519
1594020 520
1594030 521
1594040 521
1594050 521
1594060 522
1594070 522
1594080 523
1594090 524
1594100 524
1594110 524
1594120 525
1594130 525
1594140 525
1594150 526
1594160 526
1594170 526
1594180 527
1594190 527
1594200 527
1594210 527
1594220 527
1594230 528
1594240 528
1594250 528
1594260 529
1594270 529
1594280 529
1594290 529
1594300 529
1594310 529
1594320 529
1594330 529
1594340 529
1594350 529
1594360 529
1594370 530
1594380 530
1594390 530
1594400 530
1594410 530
1594420 530
1594430 531
1594440 531
1594450 531
1594460 531
1594470 531
1594480 531
1594490 531
1594500 531
1594510 532
1594520 532
1594530 532
1594540 532
1594550 532
1594560 532
1594570 533
1594580 533
1594590 533
1594600 534
1594610 534
1594620 534
1594630 534
1594640 535
1594650 535
1594660 532
1594670 533
1594680 533
1594690 533
1594700 534
1594710 534
1594720 534
1594730 534
1594740 534
1594750 534
1594760 535
1594770 535
1594780 535
1594790 535
1594800 535
1594810 535
1594820 535
1594830 535
1594840 535
1594850 535
1594860 535
1594870 535
1594880 534
1594890 534
1594900 534
1594910 534
1594920 534
1594930 534
1594940 533
1594950 533
1594960 532
1594970 531
1594980 531
1594990 530
1595000 529
1595010 529
1595020 528
1595030 527
1595040 527
1595050 525
1595060 524
1595070 524
1595080 521
1595090 519
1595100 519
1595110 516
1595120 514
1595130 514
1595140 512
1595150 510
1595160 510
1595170 509
1595180 507
1595190 507
1595200 506
1595210 504
1595220 504
1595230 503
1595240 502
1595250 500
1595260 500
1595270 498
1595280 496
1595290 496
1595300 494
1595310 491
1595320 491
1595330 488
1595340 485
1595350 485
1595360 482
1595370 479
1595380 479
1595390 476
1595400 475
1595410 475
1595420 473
1595430 471
1595440 471
1595450 468
1595460 466
1595470 466
1595480 463
1595490 460
1595500 460
1595510 460
1595520 463
1595530 463
1595540 466
1595550 469
1595560 469
1595570 472
1595580 475
1595590 475
1595600 478
1595610 481
1595620 481
1595630 483
1595640 485
1595650 485
1595660 488
1595670 491
1595680 491
1595690 494
1595700 497
1595710 497
1595720 499
1595730 501
1595740 501
1595750 502
1595760 504
1595770 504
1595780 505
1595790 506
1595800 506
1595810 507
1595820 507
1595830 504
1595840 504
1595850 503
1595860 503
1595870 503
1595880 502
1595890 502
1595900 501
1595910 500
1595920 500
1595930 499
1595940 497
1595950 497
1595960 496
1595970 493
1595980 493
1595990 489
1596000 488
1596010 488
1596020 489
1596030 488
1596040 488
1596050 486
1596060 485
1596070 485
1596080 488
1596090 490
1596100 490
1596110 491
1596120 493
1596130 493
1596140 493
1596150 494
1596160 494
1596170 495
1596180 496
1596190 497
1596200 497
1596210 499
1596220 502
1596230 502
1596240 506
1596250 509
1596260 509
1596270 511
1596280 513
1596290 513
1596300 516
1596310 517
1596320 517
1596330 519
1596340 521
1596350 521
1596360 523
1596370 525
1596380 525
1596390 526
1596400 528
1596410 528
1596420 530
1596430 531
1596440 531
1596450 533
1596460 534
1596470 534
1596480 536
1596490 538
1596500 538
1596510 539
1596520 541
1596530 541
1596540 543
1596550 545
1596560 545
1596570 546
1596580 548
1596590 548
1596600 549
1596610 550
1596620 550
1596630 552
1596640 553
1596650 553
1596660 554
1596670 556
1596680 556
1596690 556
1596700 557
1596710 557
1596720 558
1596730 559
1596740 559
1596750 560
1596760 561
1596770 561
1596780 562
1596790 563
1596800 563
1596810 563
1596820 564
1596830 564
1596840 564
1596850 564
1596860 564
1596870 564
1596880 564
1596890 564
1596900 564
1596910 563
1596920 563
1596930 563
1596940 562
1596950 562
1596960 561
1596970 560
1596980 561
1596990 560
1597000 559
1597010 559
1597020 558
1597030 557
1597040 557
1597050 556
1597060 554
1597070 554
1597080 552
1597090 550
1597100 550
1597110 548
1597120 544
1597130 540
1597140 540
1597150 536
1597160 533
1597170 533
1597180 530
1597190 527
1597200 527
1597210 525
1597220 523
1597230 523
1597240 521
1597250 518
1597260 518
1597270 515
1597280 512
1597290 512
1597300 509
1597310 506
1597320 506
1597330 503
1597340 501
1597350 501
1597360 500
1597370 497
1597380 497
1597390 495
1597400 497
1597410 497
1597420 497
1597430 496
1597440 496
1597450 495
1597460 494
1597470 494
1597480 493
1597490 493
1597500 493
1597510 492
1597520 491
1597530 491
1597540 490
1597550 489
1597560 489
1597570 488
1597580 486
1597590 486
1597600 484
1597610 482
1597620 482
1597630 480
1597640 478
1597650 478
1597660 476
1597670 475
1597680 475
1597690 472
1597700 470
1597710 470
1597720 467
1597730 464
1597740 464
1597750 461
1597760 457
1597770 457
1597780 453
1597790 449
1597800 449
1597810 447
1597820 445
1597830 445
1597840 444
1597850 442
1597860 442
1597870 440
1597880 438
1597890 438
1597900 436
1597910 433
1597920 433
1597930 431
1597940 429
1597950 429
1597960 427
1597970 425
1597980 425
1597990 423
1598000 421
1598010 421
1598020 420
1598030 418
1598040 418
1598050 415
1598060 413
1598070 411
1598080 411
1598090 408
1598100 406
1598110 406
1598120 405
1598130 403
1598140 403
1598150 401
1598160 399
1598170 399
1598180 397
1598190 395
1598200 395
1598210 392
1598220 390
1598230 390
1598240 389
1598250 388
1598260 388
1598270 387
1598280 386
1598290 386
1598300 386
1598310 385
1598320 385
1598330 384
1598340 383
1598350 383
1598360 381
1598370 378
1598380 378
1598390 375
1598400 372
1598410 372
1598420 368
1598430 364
1598440 364
1598450 362
1598460 361
1598470 361
1598480 360
1598490 358
1598500 358
1598510 357
1598520 355
1598530 355
1598540 353
1598550 353
1598560 353
1598570 352
1598580 350
1598590 350
1598600 348
1598610 347
1598620 347
1598630 345
1598640 344
1598650 344
1598660 342
1598670 340
1598680 340
1598690 338
1598700 336
1598710 336
1598720 334
1598730 333
1598740 333
1598750 332
1598760 332
1598770 332
1598780 331
1598790 331
1598800 331
1598810 332
1598820 332
1598830 332
1598840 332
1598850 332
1598860 332
1598870 331
1598880 329
1598890 329
1598900 324
1598910 317
1598920 317
1598930 314
1598940 314
1598950 314
1598960 314
1598970 314
1598980 314
1598990 314
1599000 314
1599010 314
1599020 314
1599030 314
1599040 314
1599050 314
1599060 314
1599070 314
1599080 314
1599090 314
1599100 314
1599110 314
1599120 314
1599130 314
1599140 314
1599150 314
1599160 314
1599170 314
1599180 314
1599190 314
1599200 314
1599210 314
1599220 314
1599230 314
1599240 314
1599250 314
1599260 314
1599270 314
1599280 314
1599290 314
1599300 314
1599310 314
1599320 314
1599330 314
1599340 314
1599350 314
1599360 314
1599370 315
1599380 315
1599390 315
1599400 317
1599410 317
1599420 318
1599430 318
1599440 318
1599450 318
1599460 318
1599470 318
1599480 318
1599490 318
1599500 318
1599510 318
1599520 319
1599530 319
1599540 319
1599550 319
1599560 319
1599570 319
1599580 319
1599590 319
1599600 319
1599610 319
1599620 319
1599630 319
1599640 319
1599650 319
1599660 320
1599670 322
1599680 322
1599690 324
1599700 326
1599710 326
1599720 328
1599730 328
1599740 328
1599750 329
1599760 329
1599770 329
1599780 329
1599790 329
1599800 329
1599810 329
1599820 329
1599830 329
1599840 330
1599850 330
1599860 330
1599870 330
1599880 330
1599890 330
1599900 330
1599910 330
1599920 330
1599930 330
1599940 330
1599950 331
1599960 331
1599970 331
1599980 331
1599990 331
