1580000 435
1580010 435
1580020 435
1580030 435
1580040 435
1580050 435
1580060 435
1580070 435
1580080 434
1580090 434
1580100 434
1580110 433
1580120 433
1580130 433
1580140 432
1580150 433
1580160 433
1580170 433
1580180 432
1580190 432
1580200 432
1580210 432
1580220 432
1580230 432
1580240 431
1580250 431
1580260 431
1580270 431
1580280 431
1580290 431
1580300 430
1580310 430
1580320 430
1580330 430
1580340 430
1580350 430
1580360 429
1580370 429
1580380 429
1580390 429
1580400 429
1580410 428
1580420 428
1580430 428
1580440 428
1580450 427
1580460 427
1580470 427
1580480 427
1580490 427
1580500 427
1580510 426
1580520 426
1580530 426
1580540 426
1580550 426
1580560 426
1580570 425
1580580 425
1580590 425
1580600 425
1580610 425
1580620 424
1580630 424
1580640 424
1580650 423
1580660 423
1580670 423
1580680 423
1580690 422
1580700 422
1580710 422
1580720 421
1580730 421
1580740 421
1580750 420
1580760 420
1580770 419
1580780 419
1580790 419
1580800 419
1580810 419
1580820 419
1580830 418
1580840 417
1580850 417
1580860 417
1580870 417
1580880 417
1580890 416
1580900 416
1580910 416
1580920 416
1580930 416
1580940 416
1580950 415
1580960 415
1580970 415
1580980 415
1580990 414
1581000 414
1581010 414
1581020 414
1581030 413
1581040 413
1581050 413
1581060 413
1581070 413
1581080 412
1581090 412
1581100 412
1581110 412
1581120 411
1581130 411
1581140 411
1581150 411
1581160 411
1581170 410
1581180 409
1581190 409
1581200 408
1581210 408
1581220 408
1581230 407
1581240 405
1581250 405
1581260 404
1581270 403
1581280 403
1581290 401
1581300 399
1581310 399
1581320 398
1581330 397
1581340 397
1581350 396
1581360 395
1581370 395
1581380 394
1581390 393
1581400 393
1581410 392
1581420 391
1581430 391
1581440 390
1581450 389
1581460 389
1581470 387
1581480 386
1581490 386
1581500 385
1581510 384
1581520 384
1581530 383
1581540 382
1581550 382
1581560 380
1581570 379
1581580 379
1581590 378
1581600 377
1581610 377
1581620 377
1581630 376
1581640 376
1581650 376
1581660 376
1581670 376
1581680 375
1581690 377
1581700 377
1581710 380
1581720 384
1581730 384
1581740 389
1581750 391
1581760 391
1581770 392
1581780 393
1581790 393
1581800 393
1581810 392
1581820 392
1581830 392
1581840 391
1581850 391
1581860 390
1581870 388
1581880 388
1581890 386
1581900 384
1581910 384
1581920 383
1581930 381
1581940 380
1581950 378
1581960 376
1581970 376
1581980 375
1581990 375
1582000 375
1582010 375
1582020 374
1582030 374
1582040 374
1582050 375
1582060 375
1582070 375
1582080 374
1582090 374
1582100 374
1582110 375
1582120 375
1582130 375
1582140 376
1582150 376
1582160 376
1582170 376
1582180 376
1582190 376
1582200 377
1582210 378
1582220 378
1582230 379
1582240 380
1582250 380
1582260 380
1582270 381
1582280 381
1582290 382
1582300 383
1582310 383
1582320 385
1582330 386
1582340 386
1582350 387
1582360 388
1582370 388
1582380 389
1582390 391
1582400 391
1582410 392
1582420 394
1582430 394
1582440 397
1582450 399
1582460 399
1582470 400
1582480 402
1582490 402
1582500 402
1582510 403
1582520 403
1582530 404
1582540 404
1582550 404
1582560 405
1582570 406
1582580 406
1582590 407
1582600 407
1582610 407
1582620 407
1582630 407
1582640 407
1582650 407
1582660 407
1582670 407
1582680 408
1582690 408
1582700 408
1582710 409
1582720 409
1582730 409
1582740 409
1582750 409
1582760 409
1582770 409
1582780 409
1582790 409
1582800 409
1582810 409
1582820 409
1582830 409
1582840 410
1582850 410
1582860 411
1582870 411
1582880 411
1582890 412
1582900 413
1582910 413
1582920 413
1582930 414
1582940 414
1582950 414
1582960 414
1582970 414
1582980 415
1582990 415
1583000 415
1583010 416
1583020 416
1583030 416
1583040 416
1583050 416
1583060 416
1583070 416
1583080 415
1583090 414
1583100 414
1583110 415
1583120 416
1583130 416
1583140 416
1583150 416
1583160 416
1583170 415
1583180 415
1583190 415
1583200 415
1583210 415
1583220 415
1583230 414
1583240 414
1583250 414
1583260 413
1583270 413
1583280 413
1583290 412
1583300 412
1583310 412
1583320 412
1583330 412
1583340 412
1583350 412
1583360 412
1583370 412
1583380 413
1583390 413
1583400 413
1583410 413
1583420 414
1583430 414
1583440 414
1583450 414
1583460 414
1583470 414
1583480 414
1583490 414
1583500 414
1583510 414
1583520 414
1583530 414
1583540 414
1583550 414
1583560 414
1583570 414
1583580 414
1583590 414
1583600 414
1583610 414
1583620 414
1583630 414
1583640 414
1583650 415
1583660 415
1583670 415
1583680 415
1583690 415
1583700 415
1583710 416
1583720 416
1583730 416
1583740 417
1583750 417
1583760 417
1583770 418
1583780 418
1583790 418
1583800 418
1583810 419
1583820 419
1583830 419
1583840 419
1583850 419
1583860 419
1583870 420
1583880 420
1583890 420
1583900 420
1583910 420
1583920 420
1583930 421
1583940 421
1583950 421
1583960 421
1583970 421
1583980 421
1583990 421
1584000 421
1584010 421
1584020 421
1584030 421
1584040 421
1584050 421
1584060 421
1584070 421
1584080 420
1584090 420
1584100 420
1584110 420
1584120 420
1584130 420
1584140 419
1584150 419
1584160 419
1584170 419
1584180 419
1584190 419
1584200 418
1584210 417
1584220 417
1584230 417
1584240 416
1584250 416
1584260 416
1584270 416
1584280 416
1584290 415
1584300 414
1584310 414
1584320 413
1584330 412
1584340 412
1584350 411
1584360 410
1584370 410
1584380 410
1584390 409
1584400 409
1584410 408
1584420 407
1584430 407
1584440 406
1584450 405
1584460 405
1584470 405
1584480 404
1584490 404
1584500 403
1584510 403
1584520 403
1584530 402
1584540 401
1584550 401
1584560 400
1584570 399
1584580 399
1584590 399
1584600 398
1584610 398
1584620 397
1584630 397
1584640 397
1584650 396
1584660 395
1584670 395
1584680 395
1584690 394
1584700 394
1584710 394
1584720 392
1584730 392
1584740 391
1584750 390
1584760 390
1584770 389
1584780 388
1584790 388
1584800 387
1584810 387
1584820 387
1584830 387
1584840 388
1584850 388
1584860 388
1584870 389
1584880 389
1584890 391
1584900 392
1584910 392
1584920 393
1584930 396
1584940 396
1584950 399
1584960 400
1584970 400
1584980 401
1584990 401
1585000 401
1585010 401
1585020 402
1585030 402
1585040 402
1585050 402
1585060 402
1585070 402
1585080 403
1585090 403
1585100 403
1585110 403
1585120 403
1585130 403
1585140 403
1585150 403
1585160 403
1585170 404
1585180 404
1585190 404
1585200 404
1585210 404
1585220 404
1585230 404
1585240 404
1585250 404
1585260 403
1585270 403
1585280 403
1585290 403
1585300 403
1585310 403
1585320 404
1585330 404
1585340 404
1585350 404
1585360 404
1585370 404
1585380 404
1585390 403
1585400 403
1585410 403
1585420 403
1585430 403
1585440 403
1585450 403
1585460 403
1585470 402
1585480 402
1585490 402
1585500 401
1585510 401
1585520 401
1585530 401
1585540 400
1585550 400
1585560 400
1585570 400
1585580 400
1585590 399
1585600 399
1585610 399
1585620 398
1585630 398
1585640 398
1585650 397
1585660 397
1585670 397
1585680 396
1585690 396
1585700 396
1585710 396
1585720 395
1585730 395
1585740 394
1585750 392
1585760 392
1585770 391
1585780 390
1585790 390
1585800 389
1585810 388
1585820 388
1585830 388
1585840 388
1585850 389
1585860 390
1585870 390
1585880 390
1585890 390
1585900 391
1585910 391
1585920 393
1585930 396
1585940 396
1585950 398
1585960 399
1585970 399
1585980 400
1585990 400
1586000 400
1586010 401
1586020 401
1586030 401
1586040 402
1586050 402
1586060 402
1586070 403
1586080 404
1586090 404
1586100 404
1586110 405
1586120 406
1586130 406
1586140 407
1586150 407
1586160 407
1586170 408
1586180 409
1586190 409
1586200 410
1586210 410
1586220 410
1586230 411
1586240 412
1586250 412
1586260 413
1586270 414
1586280 414
1586290 414
1586300 415
1586310 415
1586320 416
1586330 416
1586340 416
1586350 417
1586360 417
1586370 417
1586380 417
1586390 418
1586400 418
1586410 418
1586420 419
1586430 419
1586440 419
1586450 420
1586460 420
1586470 420
1586480 420
1586490 420
1586500 420
1586510 421
1586520 421
1586530 421
1586540 421
1586550 421
1586560 421
1586570 422
1586580 422
1586590 422
1586600 422
1586610 422
1586620 422
1586630 422
1586640 422
1586650 423
1586660 423
1586670 423
1586680 423
1586690 423
1586700 423
1586710 423
1586720 423
1586730 423
1586740 423
1586750 423
1586760 423
1586770 423
1586780 423
1586790 423
1586800 423
1586810 423
1586820 423
1586830 423
1586840 423
1586850 423
1586860 423
1586870 423
1586880 423
1586890 423
1586900 423
1586910 423
1586920 423
1586930 422
1586940 422
1586950 422
1586960 422
1586970 422
1586980 421
1586990 422
1587000 422
1587010 422
1587020 422
1587030 422
1587040 422
1587050 422
1587060 422
1587070 422
1587080 422
1587090 422
1587100 421
1587110 421
1587120 421
1587130 421
1587140 420
1587150 420
1587160 420
1587170 420
1587180 420
1587190 420
1587200 420
1587210 420
1587220 420
1587230 420
1587240 420
1587250 420
1587260 420
1587270 420
1587280 420
1587290 420
1587300 420
1587310 420
1587320 420
1587330 420
1587340 420
1587350 419
1587360 419
1587370 419
1587380 419
1587390 419
1587400 419
1587410 419
1587420 419
1587430 419
1587440 419
1587450 419
1587460 419
1587470 418
1587480 418
1587490 418
1587500 418
1587510 418
1587520 418
1587530 418
1587540 418
1587550 418
1587560 417
1587570 417
1587580 417
1587590 417
1587600 416
1587610 416
1587620 416
1587630 415
1587640 415
1587650 415
1587660 414
1587670 414
1587680 414
1587690 414
1587700 414
1587710 414
1587720 415
1587730 415
1587740 416
1587750 416
1587760 416
1587770 417
1587780 417
1587790 417
1587800 417
1587810 417
1587820 417
1587830 417
1587840 417
1587850 417
1587860 417
1587870 416
1587880 416
1587890 416
1587900 416
1587910 416
1587920 415
1587930 415
1587940 415
1587950 414
1587960 413
1587970 413
1587980 413
1587990 413
1588000 413
1588010 413
1588020 414
1588030 414
1588040 415
1588050 416
1588060 416
1588070 416
1588080 416
1588090 416
1588100 417
1588110 417
1588120 417
1588130 418
1588140 418
1588150 418
1588160 418
1588170 418
1588180 418
1588190 418
1588200 418
1588210 419
1588220 419
1588230 419
1588240 419
1588250 419
1588260 419
1588270 419
1588280 419
1588290 418
1588300 418
1588310 418
1588320 418
1588330 418
1588340 418
1588350 418
1588360 418
1588370 418
1588380 418
1588390 417
1588400 417
1588410 417
1588420 417
1588430 417
1588440 417
1588450 417
1588460 417
1588470 417
1588480 416
1588490 416
1588500 416
1588510 416
1588520 416
1588530 415
1588540 415
1588550 415
1588560 415
1588570 415
1588580 415
1588590 416
1588600 416
1588610 416
1588620 416
1588630 417
1588640 417
1588650 418
1588660 419
1588670 419
1588680 420
1588690 420
1588700 420
1588710 421
1588720 421
1588730 421
1588740 420
1588750 419
1588760 419
1588770 420
1588780 423
1588790 423
1588800 424
1588810 425
1588820 425
1588830 425
1588840 425
1588850 425
1588860 426
1588870 426
1588880 426
1588890 426
1588900 427
1588910 427
1588920 427
1588930 427
1588940 427
1588950 428
1588960 428
1588970 428
1588980 428
1588990 428
1589000 428
1589010 428
1589020 429
1589030 429
1589040 429
1589050 429
1589060 429
1589070 430
1589080 430
1589090 430
1589100 430
1589110 430
1589120 430
1589130 431
1589140 431
1589150 431
1589160 431
1589170 431
1589180 431
1589190 431
1589200 431
1589210 432
1589220 432
1589230 432
1589240 432
1589250 432
1589260 432
1589270 432
1589280 432
1589290 432
1589300 432
1589310 432
1589320 432
1589330 432
1589340 432
1589350 432
1589360 432
1589370 432
1589380 432
1589390 432
1589400 432
1589410 432
1589420 432
1589430 432
1589440 432
1589450 432
1589460 432
1589470 432
1589480 432
1589490 432
1589500 433
1589510 433
1589520 433
1589530 433
1589540 433
1589550 433
1589560 433
1589570 432
1589580 432
1589590 432
1589600 432
1589610 432
1589620 432
1589630 432
1589640 432
1589650 432
1589660 432
1589670 432
1589680 432
1589690 432
1589700 432
1589710 431
1589720 431
1589730 431
1589740 431
1589750 431
1589760 431
1589770 431
1589780 430
1589790 430
1589800 430
1589810 430
1589820 430
1589830 430
1589840 429
1589850 429
1589860 429
1589870 429
1589880 429
1589890 428
1589900 428
1589910 428
1589920 427
1589930 427
1589940 427
1589950 426
1589960 426
1589970 426
1589980 425
1589990 425
1590000 425
1590010 424
1590020 424
1590030 424
1590040 424
1590050 424
1590060 424
1590070 424
1590080 424
1590090 424
1590100 425
1590110 425
1590120 425
1590130 426
1590140 426
1590150 426
1590160 426
1590170 426
1590180 427
1590190 427
1590200 427
1590210 427
1590220 427
1590230 427
1590240 427
1590250 427
1590260 427
1590270 427
1590280 427
1590290 427
1590300 427
1590310 427
1590320 427
1590330 427
1590340 427
1590350 426
1590360 426
1590370 426
1590380 426
1590390 426
1590400 426
1590410 425
1590420 425
1590430 425
1590440 425
1590450 425
1590460 425
1590470 424
1590480 424
1590490 424
1590500 424
1590510 424
1590520 424
1590530 423
1590540 423
1590550 423
1590560 423
1590570 423
1590580 423
1590590 423
1590600 423
1590610 423
1590620 422
1590630 422
1590640 422
1590650 422
1590660 422
1590670 422
1590680 422
1590690 422
1590700 422
1590710 422
1590720 421
1590730 421
1590740 421
1590750 421
1590760 421
1590770 421
1590780 421
1590790 421
1590800 422
1590810 422
1590820 422
1590830 422
1590840 422
1590850 422
1590860 422
1590870 422
1590880 422
1590890 422
1590900 422
1590910 422
1590920 422
1590930 421
1590940 421
1590950 422
1590960 422
1590970 422
1590980 422
1590990 421
1591000 421
1591010 421
1591020 421
1591030 421
1591040 421
1591050 420
1591060 420
1591070 420
1591080 420
1591090 420
1591100 420
1591110 419
1591120 419
1591130 419
1591140 419
1591150 419
1591160 418
1591170 417
1591180 417
1591190 414
1591200 409
1591210 405
1591220 405
1591230 401
1591240 399
1591250 399
1591260 398
1591270 397
1591280 397
1591290 396
1591300 395
1591310 395
1591320 395
1591330 394
1591340 394
1591350 394
1591360 393
1591370 393
1591380 392
1591390 392
1591400 392
1591410 391
1591420 390
1591430 390
1591440 390
1591450 389
1591460 389
1591470 388
1591480 387
1591490 387
1591500 387
1591510 386
1591520 386
1591530 385
1591540 385
1591550 385
1591560 385
1591570 385
1591580 385
1591590 385
1591600 385
1591610 385
1591620 386
1591630 386
1591640 386
1591650 386
1591660 386
1591670 386
1591680 386
1591690 386
1591700 386
1591710 386
1591720 385
1591730 385
1591740 385
1591750 385
1591760 385
1591770 384
1591780 384
1591790 384
1591800 383
1591810 382
1591820 382
1591830 382
1591840 382
1591850 382
1591860 381
1591870 381
1591880 381
1591890 381
1591900 381
1591910 381
1591920 381
1591930 381
1591940 381
1591950 381
1591960 381
1591970 381
1591980 381
1591990 382
1592000 382
1592010 382
1592020 382
1592030 382
1592040 381
1592050 382
1592060 382
1592070 382
1592080 382
1592090 382
1592100 382
1592110 382
1592120 382
1592130 382
1592140 382
1592150 382
1592160 382
1592170 382
1592180 382
1592190 382
1592200 382
1592210 382
1592220 382
1592230 382
1592240 382
1592250 382
1592260 382
1592270 382
1592280 382
1592290 382
1592300 379
1592310 379
1592320 379
1592330 376
1592340 376
1592350 373
1592360 372
1592370 372
1592380 372
1592390 372
1592400 372
1592410 372
1592420 373
1592430 373
1592440 377
1592450 382
1592460 382
1592470 381
1592480 381
1592490 381
1592500 381
1592510 381
1592520 381
1592530 381
1592540 380
1592550 380
1592560 379
1592570 374
1592580 374
1592590 368
1592600 363
1592610 363
1592620 359
1592630 356
1592640 356
1592650 352
1592660 351
1592670 351
1592680 350
1592690 349
1592700 349
1592710 345
1592720 341
1592730 341
1592740 340
1592750 340
1592760 340
1592770 341
1592780 340
1592790 340
1592800 339
1592810 339
1592820 339
1592830 339
1592840 339
1592850 339
1592860 339
1592870 338
1592880 338
1592890 336
1592900 331
1592910 331
1592920 325
1592930 323
1592940 323
1592950 323
1592960 323
1592970 323
1592980 323
1592990 323
1593000 323
1593010 325
1593020 326
1593030 326
1593040 326
1593050 326
1593060 326
1593070 326
1593080 326
1593090 326
1593100 327
1593110 327
1593120 327
1593130 327
1593140 327
1593150 327
1593160 327
1593170 327
1593180 327
1593190 327
1593200 328
1593210 328
1593220 328
1593230 328
1593240 328
1593250 328
1593260 328
1593270 328
1593280 328
1593290 328
1593300 328
1593310 328
1593320 328
1593330 328
1593340 328
1593350 329
1593360 329
1593370 329
1593380 330
1593390 330
1593400 330
1593410 330
1593420 331
1593430 331
1593440 331
1593450 331
1593460 331
1593470 330
1593480 330
1593490 330
1593500 331
1593510 331
1593520 331
1593530 333
1593540 335
1593550 335
1593560 336
1593570 338
1593580 338
1593590 342
1593600 344
1593610 344
1593620 344
1593630 345
1593640 345
1593650 346
1593660 346
1593670 346
1593680 347
1593690 348
1593700 348
1593710 349
1593720 349
1593730 349
1593740 350
1593750 351
1593760 351
1593770 352
1593780 353
1593790 353
1593800 354
1593810 356
1593820 356
1593830 356
1593840 356
1593850 356
1593860 355
1593870 355
1593880 355
1593890 355
1593900 355
1593910 355
1593920 356
1593930 356
1593940 356
1593950 357
1593960 358
1593970 358
1593980 358
1593990 358
1594000 358
1594010 359
1594020 359
1594030 359
1594040 360
1594050 361
1594060 361
1594070 361
1594080 362
1594090 362
1594100 362
1594110 363
1594120 363
1594130 364
1594140 365
1594150 365
1594160 365
1594170 366
1594180 366
1594190 366
1594200 367
1594210 367
1594220 368
1594230 369
1594240 370
1594250 370
1594260 370
1594270 371
1594280 371
1594290 372
1594300 372
1594310 372
1594320 373
1594330 374
1594340 374
1594350 374
1594360 375
1594370 375
1594380 376
1594390 376
1594400 376
1594410 375
1594420 376
1594430 376
1594440 376
1594450 377
1594460 377
1594470 378
1594480 378
1594490 378
1594500 379
1594510 379
1594520 379
1594530 379
1594540 380
1594550 380
1594560 381
1594570 382
1594580 382
1594590 383
1594600 384
1594610 384
1594620 386
1594630 387
1594640 387
1594650 388
1594660 390
1594670 390
1594680 392
1594690 393
1594700 393
1594710 394
1594720 396
1594730 396
1594740 397
1594750 397
1594760 397
1594770 398
1594780 399
1594790 399
1594800 400
1594810 400
1594820 400
1594830 399
1594840 399
1594850 399
1594860 400
1594870 401
1594880 401
1594890 402
1594900 404
1594910 404
1594920 404
1594930 405
1594940 405
1594950 405
1594960 406
1594970 406
1594980 407
1594990 406
1595000 406
1595010 406
1595020 406
1595030 406
1595040 405
1595050 405
1595060 405
1595070 404
1595080 403
1595090 403
1595100 402
1595110 400
1595120 400
1595130 399
1595140 397
1595150 397
1595160 397
1595170 397
1595180 397
1595190 396
1595200 396
1595210 396
1595220 395
1595230 395
1595240 395
1595250 394
1595260 394
1595270 394
1595280 394
1595290 395
1595300 394
1595310 394
1595320 394
1595330 395
1595340 395
1595350 396
1595360 396
1595370 396
1595380 396
1595390 397
1595400 397
1595410 399
1595420 402
1595430 402
1595440 404
1595450 406
1595460 406
1595470 407
1595480 409
1595490 409
1595500 410
1595510 411
1595520 411
1595530 412
1595540 413
1595550 413
1595560 414
1595570 413
1595580 410
1595590 409
1595600 408
1595610 408
1595620 409
1595630 410
1595640 410
1595650 412
1595660 415
1595670 415
1595680 417
1595690 419
1595700 419
1595710 421
1595720 422
1595730 422
1595740 423
1595750 424
1595760 424
1595770 425
1595780 426
1595790 426
1595800 426
1595810 426
1595820 426
1595830 428
1595840 428
1595850 428
1595860 429
1595870 429
1595880 429
1595890 428
1595900 429
1595910 429
1595920 430
1595930 430
1595940 430
1595950 431
1595960 431
1595970 431
1595980 431
1595990 431
1596000 431
1596010 430
1596020 430
1596030 430
1596040 429
1596050 428
1596060 428
1596070 429
1596080 428
1596090 428
1596100 426
1596110 426
1596120 426
1596130 425
1596140 424
1596150 424
1596160 424
1596170 423
1596180 423
1596190 422
1596200 422
1596210 422
1596220 420
1596230 419
1596240 419
1596250 417
1596260 416
1596270 416
1596280 415
1596290 413
1596300 412
1596310 412
1596320 411
1596330 411
1596340 411
1596350 411
1596360 411
1596370 411
1596380 411
1596390 411
1596400 411
1596410 410
1596420 410
1596430 410
1596440 409
1596450 410
1596460 410
1596470 412
1596480 414
1596490 414
1596500 416
1596510 418
1596520 418
1596530 420
1596540 422
1596550 422
1596560 423
1596570 424
1596580 424
1596590 425
1596600 427
1596610 427
1596620 428
1596630 429
1596640 429
1596650 430
1596660 431
1596670 431
1596680 432
1596690 433
1596700 433
1596710 434
1596720 434
1596730 434
1596740 434
1596750 435
1596760 435
1596770 436
1596780 437
1596790 437
1596800 437
1596810 438
1596820 438
1596830 439
1596840 439
1596850 439
1596860 440
1596870 440
1596880 440
1596890 440
1596900 441
1596910 441
1596920 441
1596930 442
1596940 442
1596950 442
1596960 442
1596970 442
1596980 442
1596990 443
1597000 443
1597010 443
1597020 442
1597030 442
1597040 442
1597050 442
1597060 442
1597070 442
1597080 442
1597090 442
1597100 441
1597110 441
1597120 441
1597130 441
1597140 440
1597150 440
1597160 439
1597170 437
1597180 437
1597190 435
1597200 433
1597210 433
1597220 431
1597230 429
1597240 429
1597250 428
1597260 427
1597270 427
1597280 426
1597290 425
1597300 425
1597310 423
1597320 423
1597330 424
1597340 424
1597350 426
1597360 428
1597370 428
1597380 430
1597390 432
1597400 432
1597410 434
1597420 436
1597430 436
1597440 437
1597450 439
1597460 439
1597470 440
1597480 441
1597490 441
1597500 442
1597510 443
1597520 443
1597530 444
1597540 445
1597550 445
1597560 446
1597570 447
1597580 447
1597590 448
1597600 448
1597610 448
1597620 449
1597630 450
1597640 450
1597650 450
1597660 451
1597670 451
1597680 451
1597690 451
1597700 451
1597710 451
1597720 451
1597730 451
1597740 451
1597750 451
1597760 451
1597770 450
1597780 450
1597790 450
1597800 449
1597810 448
1597820 448
1597830 447
1597840 446
1597850 446
1597860 444
1597870 443
1597880 444
1597890 443
1597900 442
1597910 442
1597920 442
1597930 441
1597940 441
1597950 442
1597960 442
1597970 442
1597980 443
1597990 444
1598000 444
1598010 444
1598020 445
1598030 445
1598040 446
1598050 447
1598060 447
1598070 447
1598080 448
1598090 448
1598100 448
1598110 449
1598120 449
1598130 449
1598140 450
1598150 450
1598160 450
1598170 451
1598180 451
1598190 451
1598200 452
1598210 452
1598220 452
1598230 453
1598240 453
1598250 454
1598260 454
1598270 454
1598280 454
1598290 455
1598300 455
1598310 455
1598320 456
1598330 456
1598340 456
1598350 456
1598360 457
1598370 457
1598380 457
1598390 457
1598400 457
1598410 457
1598420 457
1598430 457
1598440 457
1598450 456
1598460 456
1598470 456
1598480 456
1598490 456
1598500 456
1598510 456
1598520 456
1598530 456
1598540 455
1598550 455
1598560 455
1598570 454
1598580 454
1598590 454
1598600 454
1598610 454
1598620 454
1598630 453
1598640 453
1598650 452
1598660 452
1598670 452
1598680 451
1598690 450
1598700 450
1598710 450
1598720 449
1598730 449
1598740 448
1598750 446
1598760 446
1598770 444
1598780 441
1598790 441
1598800 439
1598810 436
1598820 436
1598830 433
1598840 430
1598850 430
1598860 428
1598870 425
1598880 425
1598890 423
1598900 421
1598910 421
1598920 419
1598930 418
1598940 418
1598950 414
1598960 412
1598970 412
1598980 413
1598990 413
1599000 413
1599010 410
1599020 409
1599030 409
1599040 411
1599050 411
1599060 411
1599070 411
1599080 410
1599090 410
1599100 409
1599110 408
1599120 408
1599130 407
1599140 406
1599150 406
1599160 405
1599170 404
1599180 404
1599190 403
1599200 401
1599210 401
1599220 400
1599230 400
1599240 400
1599250 399
1599260 398
1599270 398
1599280 397
1599290 396
1599300 396
1599310 395
1599320 394
1599330 394
1599340 393
1599350 393
1599360 393
1599370 391
1599380 388
1599390 386
1599400 386
1599410 387
1599420 386
1599430 386
1599440 386
1599450 387
1599460 387
1599470 387
1599480 386
1599490 386
1599500 386
1599510 386
1599520 386
1599530 385
1599540 385
1599550 385
1599560 386
1599570 386
1599580 386
1599590 386
1599600 387
1599610 387
1599620 387
1599630 388
1599640 388
1599650 389
1599660 390
1599670 390
1599680 390
1599690 390
1599700 390
1599710 391
1599720 391
1599730 391
1599740 390
1599750 391
1599760 391
1599770 392
1599780 393
1599790 393
1599800 394
1599810 395
1599820 395
1599830 395
1599840 396
1599850 396
1599860 396
1599870 396
1599880 396
1599890 396
1599900 396
1599910 396
1599920 396
1599930 396
1599940 396
1599950 396
1599960 396
1599970 396
1599980 396
1599990 397
