1580000 432
1580010 432
1580020 432
1580030 432
1580040 432
1580050 432
1580060 432
1580070 432
1580080 432
1580090 432
1580100 432
1580110 432
1580120 432
1580130 432
1580140 431
1580150 431
1580160 431
1580170 431
1580180 431
1580190 431
1580200 431
1580210 431
1580220 431
1580230 431
1580240 430
1580250 430
1580260 430
1580270 430
1580280 430
1580290 430
1580300 430
1580310 430
1580320 430
1580330 430
1580340 430
1580350 430
1580360 429
1580370 429
1580380 429
1580390 429
1580400 429
1580410 429
1580420 428
1580430 428
1580440 428
1580450 428
1580460 428
1580470 428
1580480 427
1580490 427
1580500 427
1580510 427
1580520 427
1580530 427
1580540 426
1580550 426
1580560 426
1580570 426
1580580 426
1580590 426
1580600 425
1580610 425
1580620 425
1580630 425
1580640 425
1580650 424
1580660 424
1580670 424
1580680 424
1580690 423
1580700 423
1580710 423
1580720 422
1580730 422
1580740 422
1580750 421
1580760 421
1580770 421
1580780 420
1580790 420
1580800 420
1580810 419
1580820 419
1580830 419
1580840 418
1580850 418
1580860 418
1580870 417
1580880 417
1580890 417
1580900 416
1580910 416
1580920 416
1580930 416
1580940 416
1580950 415
1580960 415
1580970 415
1580980 415
1580990 414
1581000 414
1581010 414
1581020 414
1581030 414
1581040 413
1581050 413
1581060 413
1581070 413
1581080 412
1581090 412
1581100 412
1581110 412
1581120 412
1581130 411
1581140 411
1581150 411
1581160 410
1581170 410
1581180 409
1581190 409
1581200 408
1581210 407
1581220 407
1581230 406
1581240 405
1581250 405
1581260 404
1581270 402
1581280 402
1581290 401
1581300 400
1581310 400
1581320 399
1581330 398
1581340 398
1581350 397
1581360 396
1581370 396
1581380 395
1581390 394
1581400 394
1581410 393
1581420 392
1581430 392
1581440 391
1581450 390
1581460 390
1581470 389
1581480 388
1581490 389
1581500 388
1581510 386
1581520 386
1581530 385
1581540 383
1581550 383
1581560 382
1581570 381
1581580 381
1581590 379
1581600 378
1581610 378
1581620 378
1581630 377
1581640 377
1581650 377
1581660 376
1581670 376
1581680 376
1581690 375
1581700 375
1581710 375
1581720 375
1581730 375
1581740 375
1581750 375
1581760 375
1581770 375
1581780 375
1581790 375
1581800 375
1581810 375
1581820 375
1581830 374
1581840 374
1581850 374
1581860 374
1581870 374
1581880 374
1581890 373
1581900 373
1581910 373
1581920 373
1581930 373
1581940 373
1581950 374
1581960 374
1581970 374
1581980 375
1581990 375
1582000 375
1582010 375
1582020 375
1582030 375
1582040 375
1582050 375
1582060 375
1582070 375
1582080 375
1582090 375
1582100 375
1582110 375
1582120 375
1582130 375
1582140 376
1582150 376
1582160 377
1582170 378
1582180 378
1582190 379
1582200 380
1582210 381
1582220 381
1582230 382
1582240 384
1582250 384
1582260 385
1582270 386
1582280 386
1582290 387
1582300 388
1582310 388
1582320 388
1582330 389
1582340 389
1582350 389
1582360 389
1582370 389
1582380 389
1582390 389
1582400 389
1582410 389
1582420 389
1582430 389
1582440 390
1582450 391
1582460 391
1582470 392
1582480 393
1582490 393
1582500 394
1582510 395
1582520 395
1582530 396
1582540 397
1582550 397
1582560 398
1582570 399
1582580 399
1582590 400
1582600 401
1582610 401
1582620 401
1582630 402
1582640 402
1582650 403
1582660 403
1582670 403
1582680 403
1582690 403
1582700 403
1582710 403
1582720 404
1582730 404
1582740 404
1582750 405
1582760 405
1582770 406
1582780 407
1582790 407
1582800 407
1582810 408
1582820 408
1582830 409
1582840 409
1582850 409
1582860 410
1582870 410
1582880 410
1582890 411
1582900 411
1582910 411
1582920 412
1582930 412
1582940 412
1582950 413
1582960 413
1582970 413
1582980 414
1582990 414
1583000 414
1583010 414
1583020 414
1583030 414
1583040 413
1583050 413
1583060 413
1583070 413
1583080 414
1583090 414
1583100 414
1583110 414
1583120 414
1583130 414
1583140 414
1583150 414
1583160 413
1583170 413
1583180 413
1583190 413
1583200 413
1583210 413
1583220 413
1583230 412
1583240 412
1583250 412
1583260 412
1583270 412
1583280 412
1583290 411
1583300 411
1583310 411
1583320 411
1583330 411
1583340 411
1583350 410
1583360 410
1583370 410
1583380 410
1583390 411
1583400 411
1583410 411
1583420 411
1583430 411
1583440 411
1583450 411
1583460 411
1583470 411
1583480 411
1583490 411
1583500 411
1583510 411
1583520 411
1583530 411
1583540 411
1583550 411
1583560 411
1583570 411
1583580 411
1583590 411
1583600 411
1583610 411
1583620 412
1583630 412
1583640 412
1583650 413
1583660 413
1583670 413
1583680 413
1583690 413
1583700 413
1583710 414
1583720 414
1583730 414
1583740 415
1583750 415
1583760 415
1583770 416
1583780 416
1583790 416
1583800 417
1583810 417
1583820 417
1583830 417
1583840 418
1583850 418
1583860 418
1583870 418
1583880 418
1583890 418
1583900 419
1583910 419
1583920 419
1583930 419
1583940 419
1583950 420
1583960 420
1583970 420
1583980 420
1583990 420
1584000 420
1584010 421
1584020 421
1584030 421
1584040 421
1584050 421
1584060 421
1584070 421
1584080 421
1584090 421
1584100 421
1584110 421
1584120 421
1584130 421
1584140 421
1584150 421
1584160 421
1584170 420
1584180 420
1584190 419
1584200 419
1584210 419
1584220 419
1584230 418
1584240 418
1584250 418
1584260 417
1584270 416
1584280 416
1584290 415
1584300 414
1584310 414
1584320 414
1584330 413
1584340 413
1584350 412
1584360 411
1584370 411
1584380 410
1584390 409
1584400 409
1584410 408
1584420 407
1584430 407
1584440 405
1584450 403
1584460 403
1584470 402
1584480 401
1584490 401
1584500 400
1584510 400
1584520 400
1584530 399
1584540 398
1584550 398
1584560 398
1584570 397
1584580 397
1584590 397
1584600 396
1584610 396
1584620 396
1584630 395
1584640 395
1584650 394
1584660 394
1584670 394
1584680 393
1584690 393
1584700 393
1584710 392
1584720 391
1584730 391
1584740 389
1584750 388
1584760 388
1584770 387
1584780 386
1584790 386
1584800 386
1584810 386
1584820 386
1584830 387
1584840 387
1584850 387
1584860 389
1584870 392
1584880 392
1584890 396
1584900 398
1584910 398
1584920 399
1584930 400
1584940 400
1584950 400
1584960 400
1584970 400
1584980 401
1584990 401
1585000 401
1585010 401
1585020 401
1585030 401
1585040 401
1585050 402
1585060 402
1585070 402
1585080 402
1585090 402
1585100 402
1585110 402
1585120 402
1585130 402
1585140 402
1585150 402
1585160 402
1585170 402
1585180 402
1585190 402
1585200 402
1585210 402
1585220 402
1585230 402
1585240 402
1585250 402
1585260 402
1585270 402
1585280 402
1585290 402
1585300 402
1585310 402
1585320 402
1585330 402
1585340 402
1585350 402
1585360 401
1585370 401
1585380 401
1585390 401
1585400 401
1585410 400
1585420 400
1585430 400
1585440 400
1585450 399
1585460 399
1585470 399
1585480 398
1585490 398
1585500 398
1585510 398
1585520 398
1585530 397
1585540 397
1585550 397
1585560 397
1585570 396
1585580 396
1585590 396
1585600 395
1585610 395
1585620 395
1585630 395
1585640 395
1585650 394
1585660 394
1585670 394
1585680 393
1585690 393
1585700 393
1585710 392
1585720 390
1585730 390
1585740 387
1585750 387
1585760 387
1585770 388
1585780 388
1585790 388
1585800 388
1585810 389
1585820 389
1585830 389
1585840 390
1585850 390
1585860 390
1585870 391
1585880 391
1585890 392
1585900 394
1585910 394
1585920 395
1585930 396
1585940 396
1585950 397
1585960 397
1585970 397
1585980 398
1585990 398
1586000 398
1586010 399
1586020 399
1586030 399
1586040 400
1586050 400
1586060 400
1586070 401
1586080 402
1586090 402
1586100 402
1586110 403
1586120 403
1586130 404
1586140 405
1586150 405
1586160 406
1586170 407
1586180 407
1586190 408
1586200 409
1586210 409
1586220 410
1586230 411
1586240 411
1586250 412
1586260 413
1586270 413
1586280 414
1586290 414
1586300 415
1586310 415
1586320 416
1586330 416
1586340 416
1586350 416
1586360 417
1586370 417
1586380 417
1586390 418
1586400 418
1586410 418
1586420 419
1586430 419
1586440 419
1586450 419
1586460 419
1586470 420
1586480 420
1586490 420
1586500 420
1586510 421
1586520 421
1586530 421
1586540 421
1586550 421
1586560 421
1586570 421
1586580 421
1586590 421
1586600 422
1586610 422
1586620 422
1586630 422
1586640 422
1586650 422
1586660 422
1586670 422
1586680 422
1586690 422
1586700 422
1586710 422
1586720 422
1586730 422
1586740 422
1586750 421
1586760 421
1586770 421
1586780 421
1586790 421
1586800 421
1586810 421
1586820 421
1586830 421
1586840 420
1586850 420
1586860 420
1586870 420
1586880 420
1586890 420
1586900 420
1586910 420
1586920 420
1586930 419
1586940 419
1586950 419
1586960 418
1586970 418
1586980 418
1586990 419
1587000 419
1587010 419
1587020 419
1587030 419
1587040 419
1587050 419
1587060 419
1587070 419
1587080 418
1587090 418
1587100 418
1587110 418
1587120 418
1587130 418
1587140 418
1587150 418
1587160 418
1587170 417
1587180 417
1587190 417
1587200 417
1587210 417
1587220 417
1587230 417
1587240 417
1587250 417
1587260 417
1587270 417
1587280 417
1587290 417
1587300 417
1587310 417
1587320 417
1587330 416
1587340 416
1587350 416
1587360 416
1587370 416
1587380 416
1587390 416
1587400 416
1587410 416
1587420 416
1587430 416
1587440 416
1587450 416
1587460 416
1587470 416
1587480 416
1587490 416
1587500 415
1587510 415
1587520 415
1587530 415
1587540 415
1587550 415
1587560 414
1587570 414
1587580 414
1587590 413
1587600 413
1587610 413
1587620 413
1587630 412
1587640 412
1587650 411
1587660 411
1587670 411
1587680 411
1587690 411
1587700 411
1587710 412
1587720 413
1587730 413
1587740 413
1587750 414
1587760 414
1587770 414
1587780 414
1587790 414
1587800 414
1587810 414
1587820 414
1587830 414
1587840 414
1587850 414
1587860 414
1587870 414
1587880 414
1587890 413
1587900 413
1587910 413
1587920 413
1587930 412
1587940 412
1587950 411
1587960 411
1587970 411
1587980 411
1587990 411
1588000 411
1588010 411
1588020 412
1588030 412
1588040 412
1588050 412
1588060 412
1588070 412
1588080 412
1588090 412
1588100 413
1588110 413
1588120 413
1588130 413
1588140 413
1588150 413
1588160 413
1588170 414
1588180 414
1588190 413
1588200 413
1588210 413
1588220 414
1588230 414
1588240 414
1588250 414
1588260 414
1588270 414
1588280 414
1588290 414
1588300 414
1588310 414
1588320 414
1588330 414
1588340 414
1588350 414
1588360 414
1588370 414
1588380 414
1588390 414
1588400 414
1588410 414
1588420 415
1588430 415
1588440 415
1588450 415
1588460 415
1588470 415
1588480 415
1588490 415
1588500 416
1588510 417
1588520 417
1588530 418
1588540 419
1588550 419
1588560 419
1588570 420
1588580 420
1588590 421
1588600 421
1588610 421
1588620 422
1588630 423
1588640 423
1588650 423
1588660 424
1588670 424
1588680 424
1588690 425
1588700 425
1588710 425
1588720 425
1588730 425
1588740 426
1588750 426
1588760 426
1588770 426
1588780 427
1588790 427
1588800 427
1588810 427
1588820 427
1588830 428
1588840 428
1588850 428
1588860 428
1588870 429
1588880 429
1588890 429
1588900 429
1588910 429
1588920 430
1588930 430
1588940 430
1588950 430
1588960 430
1588970 430
1588980 431
1588990 431
1589000 431
1589010 431
1589020 431
1589030 431
1589040 431
1589050 431
1589060 431
1589070 431
1589080 431
1589090 431
1589100 431
1589110 431
1589120 431
1589130 431
1589140 431
1589150 431
1589160 431
1589170 431
1589180 431
1589190 431
1589200 431
1589210 431
1589220 430
1589230 430
1589240 430
1589250 430
1589260 430
1589270 430
1589280 430
1589290 430
1589300 430
1589310 429
1589320 430
1589330 430
1589340 430
1589350 430
1589360 430
1589370 430
1589380 430
1589390 431
1589400 431
1589410 431
1589420 431
1589430 431
1589440 431
1589450 431
1589460 431
1589470 431
1589480 432
1589490 432
1589500 432
1589510 432
1589520 432
1589530 432
1589540 432
1589550 432
1589560 432
1589570 432
1589580 432
1589590 432
1589600 432
1589610 432
1589620 432
1589630 432
1589640 432
1589650 432
1589660 432
1589670 432
1589680 432
1589690 432
1589700 432
1589710 431
1589720 431
1589730 431
1589740 431
1589750 431
1589760 431
1589770 431
1589780 431
1589790 431
1589800 431
1589810 431
1589820 431
1589830 430
1589840 430
1589850 430
1589860 429
1589870 429
1589880 429
1589890 429
1589900 429
1589910 429
1589920 428
1589930 428
1589940 428
1589950 428
1589960 427
1589970 427
1589980 427
1589990 426
1590000 426
1590010 426
1590020 425
1590030 425
1590040 424
1590050 424
1590060 424
1590070 423
1590080 423
1590090 423
1590100 423
1590110 423
1590120 423
1590130 423
1590140 423
1590150 423
1590160 424
1590170 424
1590180 424
1590190 425
1590200 425
1590210 425
1590220 425
1590230 426
1590240 426
1590250 426
1590260 426
1590270 426
1590280 426
1590290 426
1590300 426
1590310 427
1590320 426
1590330 426
1590340 426
1590350 426
1590360 426
1590370 426
1590380 426
1590390 426
1590400 426
1590410 426
1590420 426
1590430 426
1590440 425
1590450 425
1590460 425
1590470 425
1590480 425
1590490 425
1590500 425
1590510 425
1590520 425
1590530 424
1590540 424
1590550 424
1590560 423
1590570 423
1590580 423
1590590 423
1590600 422
1590610 422
1590620 422
1590630 421
1590640 421
1590650 421
1590660 421
1590670 421
1590680 421
1590690 421
1590700 421
1590710 421
1590720 421
1590730 421
1590740 421
1590750 421
1590760 421
1590770 421
1590780 421
1590790 421
1590800 421
1590810 421
1590820 421
1590830 421
1590840 421
1590850 421
1590860 421
1590870 422
1590880 422
1590890 422
1590900 422
1590910 422
1590920 421
1590930 421
1590940 421
1590950 421
1590960 421
1590970 421
1590980 421
1590990 421
1591000 421
1591010 421
1591020 421
1591030 421
1591040 421
1591050 420
1591060 420
1591070 420
1591080 419
1591090 419
1591100 419
1591110 419
1591120 419
1591130 419
1591140 418
1591150 418
1591160 418
1591170 416
1591180 416
1591190 412
1591200 408
1591210 408
1591220 404
1591230 401
1591240 401
1591250 399
1591260 397
1591270 397
1591280 396
1591290 396
1591300 396
1591310 395
1591320 395
1591330 395
1591340 394
1591350 394
1591360 394
1591370 393
1591380 392
1591390 391
1591400 391
1591410 390
1591420 390
1591430 390
1591440 389
1591450 389
1591460 389
1591470 388
1591480 387
1591490 387
1591500 386
1591510 386
1591520 386
1591530 385
1591540 385
1591550 385
1591560 385
1591570 385
1591580 385
1591590 385
1591600 385
1591610 385
1591620 385
1591630 385
1591640 385
1591650 385
1591660 385
1591670 385
1591680 385
1591690 385
1591700 385
1591710 385
1591720 385
1591730 385
1591740 385
1591750 385
1591760 385
1591770 385
1591780 385
1591790 385
1591800 384
1591810 384
1591820 384
1591830 383
1591840 383
1591850 383
1591860 382
1591870 382
1591880 382
1591890 382
1591900 382
1591910 382
1591920 382
1591930 382
1591940 382
1591950 382
1591960 381
1591970 381
1591980 381
1591990 381
1592000 381
1592010 381
1592020 381
1592030 381
1592040 381
1592050 381
1592060 381
1592070 381
1592080 381
1592090 381
1592100 381
1592110 381
1592120 381
1592130 381
1592140 382
1592150 382
1592160 382
1592170 382
1592180 382
1592190 382
1592200 382
1592210 382
1592220 382
1592230 382
1592240 382
1592250 382
1592260 382
1592270 382
1592280 380
1592290 379
1592300 379
1592310 380
1592320 381
1592330 381
1592340 381
1592350 380
1592360 380
1592370 379
1592380 379
1592390 379
1592400 379
1592410 379
1592420 381
1592430 381
1592440 381
1592450 381
1592460 381
1592470 381
1592480 381
1592490 381
1592500 381
1592510 381
1592520 381
1592530 381
1592540 381
1592550 381
1592560 381
1592570 381
1592580 381
1592590 380
1592600 380
1592610 380
1592620 379
1592630 376
1592640 376
1592650 371
1592660 366
1592670 366
1592680 361
1592690 357
1592700 357
1592710 353
1592720 349
1592730 349
1592740 345
1592750 342
1592760 342
1592770 340
1592780 339
1592790 339
1592800 339
1592810 339
1592820 339
1592830 339
1592840 339
1592850 339
1592860 339
1592870 339
1592880 339
1592890 338
1592900 337
1592910 337
1592920 337
1592930 335
1592940 335
1592950 328
1592960 324
1592970 324
1592980 323
1592990 323
1593000 323
1593010 323
1593020 323
1593030 323
1593040 323
1593050 325
1593060 325
1593070 326
1593080 325
1593090 325
1593100 325
1593110 326
1593120 326
1593130 326
1593140 327
1593150 327
1593160 326
1593170 326
1593180 326
1593190 326
1593200 326
1593210 326
1593220 326
1593230 327
1593240 327
1593250 327
1593260 327
1593270 327
1593280 328
1593290 328
1593300 328
1593310 328
1593320 328
1593330 328
1593340 328
1593350 328
1593360 328
1593370 328
1593380 328
1593390 328
1593400 328
1593410 328
1593420 328
1593430 328
1593440 328
1593450 328
1593460 328
1593470 329
1593480 330
1593490 330
1593500 330
1593510 330
1593520 330
1593530 330
1593540 330
1593550 330
1593560 330
1593570 330
1593580 330
1593590 331
1593600 333
1593610 333
1593620 336
1593630 337
1593640 337
1593650 337
1593660 337
1593670 337
1593680 337
1593690 338
1593700 338
1593710 338
1593720 337
1593730 337
1593740 337
1593750 337
1593760 337
1593770 338
1593780 338
1593790 338
1593800 338
1593810 338
1593820 338
1593830 339
1593840 341
1593850 341
1593860 343
1593870 345
1593880 345
1593890 347
1593900 350
1593910 350
1593920 352
1593930 353
1593940 353
1593950 353
1593960 353
1593970 353
1593980 353
1593990 354
1594000 354
1594010 353
1594020 353
1594030 353
1594040 353
1594050 353
1594060 353
1594070 353
1594080 353
1594090 353
1594100 354
1594110 355
1594120 355
1594130 356
1594140 357
1594150 357
1594160 358
1594170 358
1594180 358
1594190 359
1594200 360
1594210 360
1594220 361
1594230 362
1594240 362
1594250 362
1594260 364
1594270 364
1594280 365
1594290 365
1594300 365
1594310 366
1594320 366
1594330 366
1594340 366
1594350 366
1594360 366
1594370 366
1594380 366
1594390 366
1594400 366
1594410 366
1594420 366
1594430 367
1594440 368
1594450 369
1594460 369
1594470 370
1594480 371
1594490 371
1594500 372
1594510 373
1594520 373
1594530 373
1594540 373
1594550 373
1594560 373
1594570 374
1594580 374
1594590 374
1594600 374
1594610 374
1594620 375
1594630 377
1594640 377
1594650 379
1594660 380
1594670 380
1594680 381
1594690 382
1594700 382
1594710 384
1594720 385
1594730 385
1594740 386
1594750 387
1594760 387
1594770 388
1594780 389
1594790 389
1594800 389
1594810 389
1594820 389
1594830 390
1594840 391
1594850 391
1594860 392
1594870 392
1594880 392
1594890 392
1594900 393
1594910 393
1594920 393
1594930 394
1594940 394
1594950 395
1594960 395
1594970 395
1594980 395
1594990 396
1595000 396
1595010 396
1595020 396
1595030 396
1595040 396
1595050 395
1595060 395
1595070 395
1595080 395
1595090 395
1595100 395
1595110 394
1595120 394
1595130 393
1595140 393
1595150 393
1595160 392
1595170 391
1595180 390
1595190 390
1595200 389
1595210 389
1595220 389
1595230 388
1595240 388
1595250 387
1595260 387
1595270 387
1595280 386
1595290 386
1595300 386
1595310 386
1595320 386
1595330 386
1595340 386
1595350 387
1595360 387
1595370 388
1595380 390
1595390 390
1595400 392
1595410 395
1595420 395
1595430 398
1595440 400
1595450 400
1595460 400
1595470 399
1595480 400
1595490 400
1595500 401
1595510 400
1595520 400
1595530 399
1595540 399
1595550 399
1595560 400
1595570 404
1595580 404
1595590 405
1595600 407
1595610 407
1595620 408
1595630 410
1595640 410
1595650 412
1595660 413
1595670 413
1595680 414
1595690 414
1595700 414
1595710 414
1595720 415
1595730 415
1595740 415
1595750 415
1595760 415
1595770 416
1595780 416
1595790 416
1595800 417
1595810 418
1595820 418
1595830 418
1595840 419
1595850 419
1595860 419
1595870 419
1595880 419
1595890 421
1595900 422
1595910 422
1595920 423
1595930 423
1595940 423
1595950 423
1595960 423
1595970 423
1595980 423
1595990 423
1596000 423
1596010 424
1596020 425
1596030 425
1596040 424
1596050 424
1596060 424
1596070 424
1596080 424
1596090 424
1596100 424
1596110 424
1596120 424
1596130 423
1596140 423
1596150 423
1596160 423
1596170 423
1596180 423
1596190 422
1596200 422
1596210 422
1596220 421
1596230 420
1596240 420
1596250 419
1596260 418
1596270 418
1596280 417
1596290 417
1596300 417
1596310 416
1596320 416
1596330 416
1596340 418
1596350 418
1596360 418
1596370 418
1596380 418
1596390 418
1596400 417
1596410 416
1596420 416
1596430 415
1596440 414
1596450 414
1596460 413
1596470 413
1596480 413
1596490 412
1596500 411
1596510 412
1596520 412
1596530 413
1596540 415
1596550 415
1596560 416
1596570 417
1596580 417
1596590 419
1596600 420
1596610 420
1596620 421
1596630 422
1596640 422
1596650 423
1596660 424
1596670 424
1596680 425
1596690 426
1596700 426
1596710 427
1596720 427
1596730 427
1596740 428
1596750 428
1596760 428
1596770 429
1596780 429
1596790 429
1596800 430
1596810 431
1596820 431
1596830 431
1596840 432
1596850 432
1596860 432
1596870 433
1596880 433
1596890 434
1596900 434
1596910 434
1596920 434
1596930 435
1596940 435
1596950 435
1596960 436
1596970 436
1596980 436
1596990 437
1597000 437
1597010 437
1597020 437
1597030 437
1597040 437
1597050 437
1597060 437
1597070 437
1597080 437
1597090 437
1597100 437
1597110 437
1597120 437
1597130 437
1597140 437
1597150 437
1597160 437
1597170 437
1597180 437
1597190 437
1597200 437
1597210 437
1597220 436
1597230 435
1597240 435
1597250 433
1597260 432
1597270 432
1597280 431
1597290 430
1597300 430
1597310 428
1597320 425
1597330 425
1597340 424
1597350 425
1597360 425
1597370 426
1597380 428
1597390 428
1597400 430
1597410 431
1597420 431
1597430 433
1597440 434
1597450 434
1597460 436
1597470 437
1597480 437
1597490 437
1597500 438
1597510 438
1597520 439
1597530 441
1597540 442
1597550 442
1597560 443
1597570 444
1597580 444
1597590 445
1597600 446
1597610 446
1597620 446
1597630 447
1597640 447
1597650 447
1597660 448
1597670 448
1597680 448
1597690 449
1597700 449
1597710 449
1597720 450
1597730 450
1597740 450
1597750 450
1597760 450
1597770 450
1597780 450
1597790 450
1597800 451
1597810 451
1597820 451
1597830 450
1597840 450
1597850 450
1597860 450
1597870 449
1597880 449
1597890 448
1597900 448
1597910 448
1597920 447
1597930 447
1597940 447
1597950 446
1597960 446
1597970 446
1597980 446
1597990 447
1598000 447
1598010 447
1598020 447
1598030 447
1598040 448
1598050 448
1598060 448
1598070 448
1598080 449
1598090 449
1598100 449
1598110 450
1598120 450
1598130 450
1598140 451
1598150 451
1598160 451
1598170 451
1598180 451
1598190 452
1598200 452
1598210 452
1598220 452
1598230 452
1598240 452
1598250 452
1598260 452
1598270 452
1598280 452
1598290 453
1598300 453
1598310 453
1598320 452
1598330 452
1598340 452
1598350 452
1598360 452
1598370 452
1598380 452
1598390 452
1598400 451
1598410 451
1598420 451
1598430 451
1598440 450
1598450 450
1598460 450
1598470 450
1598480 450
1598490 449
1598500 448
1598510 448
1598520 448
1598530 447
1598540 447
1598550 447
1598560 446
1598570 445
1598580 445
1598590 445
1598600 445
1598610 445
1598620 442
1598630 442
1598640 442
1598650 442
1598660 441
1598670 441
1598680 441
1598690 440
1598700 440
1598710 440
1598720 439
1598730 439
1598740 438
1598750 438
1598760 438
1598770 437
1598780 436
1598790 436
1598800 435
1598810 434
1598820 434
1598830 432
1598840 429
1598850 429
1598860 427
1598870 424
1598880 424
1598890 421
1598900 418
1598910 418
1598920 416
1598930 413
1598940 413
1598950 411
1598960 410
1598970 410
1598980 408
1598990 407
1599000 407
1599010 406
1599020 405
1599030 405
1599040 403
1599050 401
1599060 401
1599070 398
1599080 399
1599090 399
1599100 400
1599110 400
1599120 400
1599130 399
1599140 399
1599150 399
1599160 398
1599170 397
1599180 397
1599190 396
1599200 394
1599210 394
1599220 391
1599230 389
1599240 389
1599250 389
1599260 388
1599270 388
1599280 388
1599290 389
1599300 389
1599310 389
1599320 389
1599330 389
1599340 389
1599350 389
1599360 389
1599370 389
1599380 389
1599390 389
1599400 390
1599410 390
1599420 390
1599430 391
1599440 392
1599450 392
1599460 392
1599470 392
1599480 392
1599490 392
1599500 392
1599510 392
1599520 393
1599530 393
1599540 393
1599550 393
1599560 394
1599570 394
1599580 394
1599590 394
1599600 394
1599610 394
1599620 394
1599630 395
1599640 395
1599650 396
1599660 397
1599670 397
1599680 397
1599690 398
1599700 398
1599710 398
1599720 399
1599730 399
1599740 399
1599750 401
1599760 401
1599770 401
1599780 402
1599790 402
1599800 402
1599810 402
1599820 402
1599830 403
1599840 403
1599850 403
1599860 404
1599870 405
1599880 405
1599890 405
1599900 406
1599910 406
1599920 406
1599930 407
1599940 407
1599950 407
1599960 408
1599970 408
1599980 408
1599990 409
