1580000 310
1580010 310
1580020 309
1580030 309
1580040 309
1580050 309
1580060 309
1580070 309
1580080 309
1580090 309
1580100 309
1580110 309
1580120 309
1580130 309
1580140 309
1580150 309
1580160 309
1580170 309
1580180 309
1580190 309
1580200 309
1580210 309
1580220 309
1580230 309
1580240 309
1580250 309
1580260 309
1580270 309
1580280 309
1580290 308
1580300 308
1580310 308
1580320 308
1580330 308
1580340 309
1580350 309
1580360 309
1580370 309
1580380 308
1580390 308
1580400 308
1580410 308
1580420 308
1580430 309
1580440 309
1580450 309
1580460 309
1580470 309
1580480 309
1580490 309
1580500 308
1580510 308
1580520 306
1580530 305
1580540 305
1580550 305
1580560 306
1580570 306
1580580 309
1580590 309
1580600 309
1580610 309
1580620 309
1580630 309
1580640 309
1580650 309
1580660 309
1580670 310
1580680 314
1580690 314
1580700 318
1580710 320
1580720 320
1580730 320
1580740 320
1580750 320
1580760 321
1580770 321
1580780 321
1580790 322
1580800 322
1580810 322
1580820 323
1580830 323
1580840 323
1580850 323
1580860 324
1580870 324
1580880 324
1580890 324
1580900 324
1580910 324
1580920 324
1580930 324
1580940 324
1580950 324
1580960 324
1580970 324
1580980 324
1580990 324
1581000 324
1581010 324
1581020 325
1581030 325
1581040 325
1581050 325
1581060 325
1581070 325
1581080 325
1581090 325
1581100 325
1581110 325
1581120 325
1581130 325
1581140 326
1581150 326
1581160 326
1581170 326
1581180 326
1581190 326
1581200 326
1581210 326
1581220 326
1581230 326
1581240 326
1581250 326
1581260 326
1581270 326
1581280 327
1581290 327
1581300 327
1581310 327
1581320 327
1581330 327
1581340 327
1581350 327
1581360 327
1581370 327
1581380 327
1581390 327
1581400 327
1581410 327
1581420 327
1581430 327
1581440 328
1581450 328
1581460 328
1581470 328
1581480 328
1581490 328
1581500 328
1581510 328
1581520 329
1581530 329
1581540 329
1581550 329
1581560 329
1581570 329
1581580 329
1581590 329
1581600 329
1581610 329
1581620 329
1581630 329
1581640 329
1581650 330
1581660 330
1581670 330
1581680 330
1581690 330
1581700 330
1581710 330
1581720 330
1581730 330
1581740 330
1581750 330
1581760 330
1581770 330
1581780 330
1581790 330
1581800 330
1581810 330
1581820 330
1581830 330
1581840 330
1581850 330
1581860 330
1581870 330
1581880 330
1581890 330
1581900 330
1581910 330
1581920 330
1581930 330
1581940 330
1581950 330
1581960 330
1581970 330
1581980 329
1581990 329
1582000 329
1582010 329
1582020 329
1582030 328
1582040 328
1582050 328
1582060 328
1582070 327
1582080 327
1582090 327
1582100 326
1582110 326
1582120 325
1582130 325
1582140 325
1582150 324
1582160 323
1582170 323
1582180 323
1582190 323
1582200 323
1582210 322
1582220 323
1582230 323
1582240 323
1582250 323
1582260 323
1582270 323
1582280 324
1582290 324
1582300 326
1582310 328
1582320 328
1582330 328
1582340 329
1582350 329
1582360 330
1582370 330
1582380 330
1582390 331
1582400 332
1582410 332
1582420 332
1582430 333
1582440 333
1582450 333
1582460 334
1582470 334
1582480 334
1582490 335
1582500 335
1582510 335
1582520 336
1582530 336
1582540 336
1582550 337
1582560 337
1582570 337
1582580 337
1582590 337
1582600 337
1582610 338
1582620 338
1582630 338
1582640 339
1582650 339
1582660 339
1582670 340
1582680 340
1582690 340
1582700 341
1582710 341
1582720 341
1582730 341
1582740 341
1582750 341
1582760 342
1582770 342
1582780 341
1582790 342
1582800 342
1582810 342
1582820 342
1582830 343
1582840 343
1582850 343
1582860 343
1582870 343
1582880 343
1582890 344
1582900 344
1582910 344
1582920 344
1582930 344
1582940 344
1582950 344
1582960 344
1582970 344
1582980 344
1582990 344
1583000 344
1583010 344
1583020 344
1583030 344
1583040 343
1583050 343
1583060 343
1583070 343
1583080 343
1583090 342
1583100 342
1583110 342
1583120 341
1583130 341
1583140 341
1583150 340
1583160 339
1583170 339
1583180 339
1583190 338
1583200 338
1583210 337
1583220 337
1583230 337
1583240 336
1583250 335
1583260 335
1583270 335
1583280 334
1583290 334
1583300 333
1583310 332
1583320 332
1583330 331
1583340 330
1583350 330
1583360 329
1583370 329
1583380 329
1583390 328
1583400 328
1583410 328
1583420 327
1583430 327
1583440 327
1583450 326
1583460 326
1583470 326
1583480 326
1583490 326
1583500 326
1583510 326
1583520 326
1583530 326
1583540 325
1583550 325
1583560 325
1583570 325
1583580 324
1583590 324
1583600 324
1583610 324
1583620 324
1583630 323
1583640 323
1583650 323
1583660 322
1583670 322
1583680 322
1583690 322
1583700 321
1583710 321
1583720 321
1583730 321
1583740 321
1583750 321
1583760 320
1583770 320
1583780 320
1583790 320
1583800 320
1583810 320
1583820 319
1583830 319
1583840 319
1583850 319
1583860 319
1583870 319
1583880 319
1583890 319
1583900 318
1583910 318
1583920 318
1583930 318
1583940 318
1583950 318
1583960 317
1583970 316
1583980 316
1583990 316
1584000 316
1584010 316
1584020 316
1584030 316
1584040 316
1584050 317
1584060 316
1584070 316
1584080 316
1584090 317
1584100 317
1584110 317
1584120 317
1584130 318
1584140 318
1584150 319
1584160 320
1584170 320
1584180 321
1584190 321
1584200 321
1584210 322
1584220 322
1584230 322
1584240 323
1584250 324
1584260 324
1584270 325
1584280 325
1584290 325
1584300 326
1584310 327
1584320 327
1584330 329
1584340 330
1584350 330
1584360 331
1584370 332
1584380 332
1584390 333
1584400 334
1584410 334
1584420 334
1584430 335
1584440 335
1584450 336
1584460 337
1584470 337
1584480 338
1584490 339
1584500 339
1584510 340
1584520 340
1584530 340
1584540 341
1584550 341
1584560 341
1584570 341
1584580 342
1584590 342
1584600 342
1584610 342
1584620 342
1584630 342
1584640 342
1584650 342
1584660 342
1584670 342
1584680 342
1584690 342
1584700 342
1584710 342
1584720 342
1584730 342
1584740 342
1584750 342
1584760 341
1584770 341
1584780 341
1584790 341
1584800 341
1584810 341
1584820 340
1584830 340
1584840 340
1584850 339
1584860 339
1584870 339
1584880 339
1584890 339
1584900 338
1584910 338
1584920 338
1584930 337
1584940 336
1584950 336
1584960 334
1584970 334
1584980 334
1584990 333
1585000 334
1585010 334
1585020 334
1585030 336
1585040 336
1585050 337
1585060 339
1585070 339
1585080 341
1585090 343
1585100 343
1585110 345
1585120 347
1585130 347
1585140 349
1585150 351
1585160 351
1585170 354
1585180 357
1585190 357
1585200 360
1585210 362
1585220 362
1585230 363
1585240 364
1585250 364
1585260 365
1585270 366
1585280 366
1585290 367
1585300 368
1585310 368
1585320 368
1585330 369
1585340 369
1585350 370
1585360 370
1585370 370
1585380 370
1585390 371
1585400 371
1585410 371
1585420 371
1585430 371
1585440 372
1585450 372
1585460 372
1585470 372
1585480 372
1585490 372
1585500 372
1585510 373
1585520 373
1585530 373
1585540 373
1585550 373
1585560 373
1585570 373
1585580 373
1585590 373
1585600 373
1585610 373
1585620 373
1585630 373
1585640 373
1585650 374
1585660 374
1585670 374
1585680 374
1585690 374
1585700 374
1585710 374
1585720 374
1585730 374
1585740 374
1585750 374
1585760 374
1585770 374
1585780 374
1585790 375
1585800 375
1585810 375
1585820 375
1585830 375
1585840 375
1585850 375
1585860 375
1585870 375
1585880 375
1585890 375
1585900 375
1585910 375
1585920 375
1585930 375
1585940 375
1585950 375
1585960 376
1585970 376
1585980 376
1585990 376
1586000 376
1586010 376
1586020 376
1586030 376
1586040 376
1586050 376
1586060 376
1586070 376
1586080 376
1586090 376
1586100 376
1586110 377
1586120 377
1586130 377
1586140 377
1586150 376
1586160 376
1586170 376
1586180 376
1586190 376
1586200 376
1586210 376
1586220 376
1586230 376
1586240 376
1586250 376
1586260 375
1586270 375
1586280 375
1586290 375
1586300 375
1586310 375
1586320 375
1586330 374
1586340 374
1586350 373
1586360 374
1586370 374
1586380 374
1586390 375
1586400 375
1586410 375
1586420 375
1586430 375
1586440 375
1586450 375
1586460 375
1586470 375
1586480 375
1586490 375
1586500 375
1586510 375
1586520 375
1586530 375
1586540 376
1586550 376
1586560 376
1586570 376
1586580 376
1586590 376
1586600 376
1586610 376
1586620 376
1586630 376
1586640 376
1586650 376
1586660 376
1586670 376
1586680 376
1586690 377
1586700 377
1586710 377
1586720 377
1586730 377
1586740 377
1586750 377
1586760 377
1586770 377
1586780 377
1586790 377
1586800 377
1586810 377
1586820 377
1586830 377
1586840 377
1586850 377
1586860 377
1586870 377
1586880 377
1586890 377
1586900 377
1586910 377
1586920 377
1586930 376
1586940 376
1586950 376
1586960 376
1586970 376
1586980 376
1586990 376
1587000 376
1587010 376
1587020 376
1587030 376
1587040 376
1587050 376
1587060 376
1587070 376
1587080 375
1587090 375
1587100 375
1587110 375
1587120 375
1587130 375
1587140 375
1587150 375
1587160 375
1587170 376
1587180 376
1587190 376
1587200 376
1587210 376
1587220 376
1587230 376
1587240 376
1587250 375
1587260 375
1587270 375
1587280 375
1587290 375
1587300 375
1587310 375
1587320 375
1587330 375
1587340 375
1587350 375
1587360 375
1587370 375
1587380 375
1587390 375
1587400 375
1587410 375
1587420 375
1587430 375
1587440 375
1587450 375
1587460 375
1587470 375
1587480 375
1587490 375
1587500 375
1587510 375
1587520 375
1587530 375
1587540 376
1587550 376
1587560 376
1587570 376
1587580 376
1587590 376
1587600 376
1587610 376
1587620 376
1587630 376
1587640 376
1587650 376
1587660 376
1587670 376
1587680 376
1587690 375
1587700 375
1587710 375
1587720 375
1587730 375
1587740 375
1587750 375
1587760 375
1587770 375
1587780 374
1587790 374
1587800 374
1587810 374
1587820 374
1587830 373
1587840 373
1587850 373
1587860 373
1587870 372
1587880 372
1587890 372
1587900 372
1587910 372
1587920 371
1587930 370
1587940 370
1587950 370
1587960 369
1587970 369
1587980 369
1587990 368
1588000 368
1588010 367
1588020 367
1588030 367
1588040 366
1588050 365
1588060 365
1588070 364
1588080 364
1588090 364
1588100 363
1588110 362
1588120 362
1588130 361
1588140 361
1588150 361
1588160 360
1588170 360
1588180 360
1588190 359
1588200 358
1588210 358
1588220 358
1588230 357
1588240 357
1588250 356
1588260 356
1588270 356
1588280 355
1588290 355
1588300 355
1588310 355
1588320 354
1588330 354
1588340 354
1588350 353
1588360 353
1588370 353
1588380 352
1588390 352
1588400 351
1588410 351
1588420 351
1588430 350
1588440 350
1588450 350
1588460 350
1588470 349
1588480 349
1588490 349
1588500 348
1588510 348
1588520 348
1588530 347
1588540 347
1588550 347
1588560 346
1588570 346
1588580 346
1588590 345
1588600 345
1588610 345
1588620 344
1588630 344
1588640 344
1588650 344
1588660 344
1588670 344
1588680 346
1588690 346
1588700 348
1588710 351
1588720 351
1588730 354
1588740 356
1588750 356
1588760 358
1588770 359
1588780 359
1588790 361
1588800 362
1588810 362
1588820 364
1588830 364
1588840 364
1588850 365
1588860 366
1588870 367
1588880 367
1588890 367
1588900 368
1588910 368
1588920 368
1588930 369
1588940 369
1588950 369
1588960 370
1588970 370
1588980 370
1588990 371
1589000 371
1589010 371
1589020 371
1589030 371
1589040 372
1589050 372
1589060 372
1589070 372
1589080 373
1589090 373
1589100 373
1589110 373
1589120 373
1589130 374
1589140 374
1589150 374
1589160 374
1589170 374
1589180 374
1589190 374
1589200 374
1589210 374
1589220 374
1589230 374
1589240 374
1589250 374
1589260 374
1589270 374
1589280 374
1589290 373
1589300 373
1589310 373
1589320 373
1589330 373
1589340 372
1589350 372
1589360 372
1589370 372
1589380 371
1589390 371
1589400 371
1589410 371
1589420 371
1589430 370
1589440 370
1589450 370
1589460 370
1589470 369
1589480 369
1589490 369
1589500 368
1589510 368
1589520 368
1589530 367
1589540 367
1589550 367
1589560 366
1589570 366
1589580 366
1589590 366
1589600 366
1589610 365
1589620 365
1589630 365
1589640 364
1589650 363
1589660 363
1589670 362
1589680 362
1589690 362
1589700 361
1589710 360
1589720 360
1589730 360
1589740 359
1589750 359
1589760 358
1589770 358
1589780 358
1589790 357
1589800 357
1589810 357
1589820 356
1589830 355
1589840 355
1589850 354
1589860 354
1589870 354
1589880 353
1589890 352
1589900 352
1589910 352
1589920 351
1589930 351
1589940 352
1589950 352
1589960 352
1589970 353
1589980 354
1589990 354
1590000 356
1590010 358
1590020 358
1590030 360
1590040 362
1590050 362
1590060 364
1590070 366
1590080 366
1590090 367
1590100 367
1590110 367
1590120 367
1590130 368
1590140 368
1590150 368
1590160 369
1590170 369
1590180 370
1590190 370
1590200 370
1590210 371
1590220 372
1590230 372
1590240 372
1590250 372
1590260 372
1590270 372
1590280 373
1590290 373
1590300 373
1590310 374
1590320 374
1590330 374
1590340 374
1590350 374
1590360 374
1590370 374
1590380 374
1590390 374
1590400 374
1590410 374
1590420 374
1590430 374
1590440 374
1590450 374
1590460 375
1590470 374
1590480 374
1590490 374
1590500 374
1590510 374
1590520 374
1590530 373
1590540 373
1590550 373
1590560 373
1590570 373
1590580 372
1590590 372
1590600 372
1590610 372
1590620 372
1590630 372
1590640 371
1590650 371
1590660 371
1590670 370
1590680 369
1590690 369
1590700 369
1590710 368
1590720 368
1590730 367
1590740 367
1590750 367
1590760 366
1590770 365
1590780 365
1590790 365
1590800 364
1590810 364
1590820 364
1590830 364
1590840 364
1590850 364
1590860 365
1590870 365
1590880 365
1590890 366
1590900 366
1590910 366
1590920 367
1590930 367
1590940 368
1590950 368
1590960 368
1590970 369
1590980 370
1590990 370
1591000 370
1591010 371
1591020 371
1591030 371
1591040 371
1591050 371
1591060 372
1591070 372
1591080 372
1591090 373
1591100 373
1591110 373
1591120 374
1591130 374
1591140 374
1591150 374
1591160 375
1591170 375
1591180 375
1591190 375
1591200 375
1591210 376
1591220 376
1591230 376
1591240 376
1591250 376
1591260 376
1591270 376
1591280 376
1591290 376
1591300 377
1591310 377
1591320 377
1591330 377
1591340 377
1591350 377
1591360 377
1591370 377
1591380 377
1591390 377
1591400 377
1591410 377
1591420 377
1591430 377
1591440 377
1591450 377
1591460 377
1591470 377
1591480 377
1591490 377
1591500 377
1591510 376
1591520 376
1591530 376
1591540 376
1591550 376
1591560 376
1591570 376
1591580 376
1591590 376
1591600 376
1591610 376
1591620 376
1591630 376
1591640 376
1591650 376
1591660 376
1591670 376
1591680 376
1591690 376
1591700 376
1591710 376
1591720 376
1591730 376
1591740 376
1591750 377
1591760 377
1591770 377
1591780 377
1591790 377
1591800 377
1591810 377
1591820 377
1591830 377
1591840 377
1591850 377
1591860 377
1591870 377
1591880 377
1591890 377
1591900 378
1591910 378
1591920 378
1591930 378
1591940 378
1591950 378
1591960 378
1591970 378
1591980 378
1591990 378
1592000 378
1592010 378
1592020 378
1592030 378
1592040 378
1592050 378
1592060 378
1592070 378
1592080 378
1592090 378
1592100 378
1592110 378
1592120 378
1592130 378
1592140 378
1592150 378
1592160 378
1592170 378
1592180 378
1592190 378
1592200 378
1592210 378
1592220 378
1592230 378
1592240 378
1592250 378
1592260 378
1592270 378
1592280 378
1592290 378
1592300 378
1592310 378
1592320 378
1592330 378
1592340 378
1592350 378
1592360 378
1592370 378
1592380 378
1592390 378
1592400 378
1592410 378
1592420 377
1592430 377
1592440 377
1592450 377
1592460 377
1592470 377
1592480 377
1592490 376
1592500 376
1592510 376
1592520 376
1592530 376
1592540 376
1592550 376
1592560 376
1592570 375
1592580 375
1592590 375
1592600 375
1592610 375
1592620 375
1592630 374
1592640 374
1592650 374
1592660 373
1592670 373
1592680 373
1592690 373
1592700 373
1592710 373
1592720 372
1592730 372
1592740 372
1592750 371
1592760 371
1592770 371
1592780 371
1592790 371
1592800 371
1592810 371
1592820 370
1592830 370
1592840 370
1592850 370
1592860 370
1592870 370
1592880 370
1592890 370
1592900 370
1592910 369
1592920 369
1592930 369
1592940 369
1592950 369
1592960 369
1592970 368
1592980 368
1592990 368
1593000 368
1593010 368
1593020 367
1593030 367
1593040 367
1593050 367
1593060 367
1593070 367
1593080 367
1593090 367
1593100 367
1593110 367
1593120 367
1593130 367
1593140 367
1593150 367
1593160 367
1593170 367
1593180 367
1593190 367
1593200 367
1593210 367
1593220 367
1593230 367
1593240 367
1593250 367
1593260 366
1593270 362
1593280 362
1593290 361
1593300 360
1593310 360
1593320 360
1593330 359
1593340 359
1593350 361
1593360 363
1593370 363
1593380 365
1593390 365
1593400 365
1593410 364
1593420 363
1593430 363
1593440 362
1593450 361
1593460 361
1593470 359
1593480 358
1593490 358
1593500 357
1593510 357
1593520 357
1593530 356
1593540 356
1593550 356
1593560 355
1593570 354
1593580 354
1593590 354
1593600 353
1593610 353
1593620 353
1593630 352
1593640 352
1593650 352
1593660 351
1593670 351
1593680 351
1593690 351
1593700 350
1593710 350
1593720 350
1593730 349
1593740 349
1593750 349
1593760 350
1593770 350
1593780 350
1593790 350
1593800 350
1593810 350
1593820 350
1593830 350
1593840 351
1593850 353
1593860 353
1593870 354
1593880 356
1593890 356
1593900 359
1593910 362
1593920 362
1593930 364
1593940 365
1593950 365
1593960 366
1593970 366
1593980 366
1593990 365
1594000 365
1594010 365
1594020 364
1594030 365
1594040 365
1594050 366
1594060 368
1594070 368
1594080 369
1594090 369
1594100 369
1594110 369
1594120 370
1594130 370
1594140 370
1594150 371
1594160 371
1594170 371
1594180 372
1594190 372
1594200 372
1594210 372
1594220 372
1594230 372
1594240 373
1594250 373
1594260 373
1594270 373
1594280 373
1594290 373
1594300 373
1594310 373
1594320 373
1594330 374
1594340 374
1594350 374
1594360 374
1594370 374
1594380 374
1594390 374
1594400 374
1594410 374
1594420 374
1594430 374
1594440 374
1594450 374
1594460 374
1594470 374
1594480 374
1594490 374
1594500 373
1594510 373
1594520 373
1594530 373
1594540 373
1594550 373
1594560 373
1594570 372
1594580 372
1594590 372
1594600 372
1594610 372
1594620 372
1594630 371
1594640 371
1594650 371
1594660 371
1594670 371
1594680 370
1594690 370
1594700 370
1594710 370
1594720 369
1594730 369
1594740 369
1594750 369
1594760 369
1594770 368
1594780 368
1594790 368
1594800 368
1594810 367
1594820 367
1594830 367
1594840 367
1594850 367
1594860 366
1594870 366
1594880 366
1594890 366
1594900 366
1594910 366
1594920 366
1594930 366
1594940 366
1594950 366
1594960 366
1594970 366
1594980 366
1594990 366
1595000 366
1595010 366
1595020 366
1595030 366
1595040 365
1595050 365
1595060 365
1595070 365
1595080 366
1595090 366
1595100 367
1595110 368
1595120 368
1595130 368
1595140 368
1595150 368
1595160 369
1595170 369
1595180 369
1595190 369
1595200 370
1595210 370
1595220 370
1595230 370
1595240 370
1595250 371
1595260 371
1595270 371
1595280 371
1595290 371
1595300 371
1595310 371
1595320 371
1595330 371
1595340 371
1595350 372
1595360 372
1595370 372
1595380 372
1595390 372
1595400 372
1595410 373
1595420 373
1595430 373
1595440 373
1595450 373
1595460 373
1595470 373
1595480 373
1595490 373
1595500 373
1595510 374
1595520 374
1595530 374
1595540 374
1595550 374
1595560 374
1595570 374
1595580 374
1595590 374
1595600 374
1595610 374
1595620 374
1595630 374
1595640 374
1595650 374
1595660 374
1595670 374
1595680 374
1595690 373
1595700 373
1595710 373
1595720 373
1595730 373
1595740 373
1595750 373
1595760 373
1595770 372
1595780 372
1595790 372
1595800 372
1595810 372
1595820 372
1595830 371
1595840 371
1595850 371
1595860 371
1595870 371
1595880 371
1595890 370
1595900 370
1595910 370
1595920 369
1595930 369
1595940 369
1595950 369
1595960 368
1595970 368
1595980 367
1595990 367
1596000 367
1596010 367
1596020 367
1596030 367
1596040 366
1596050 365
1596060 365
1596070 364
1596080 363
1596090 363
1596100 362
1596110 361
1596120 361
1596130 360
1596140 359
1596150 359
1596160 358
1596170 356
1596180 356
1596190 356
1596200 356
1596210 356
1596220 355
1596230 353
1596240 353
1596250 352
1596260 352
1596270 352
1596280 353
1596290 353
1596300 353
1596310 355
1596320 360
1596330 360
1596340 362
1596350 365
1596360 365
1596370 367
1596380 367
1596390 367
1596400 368
1596410 369
1596420 369
1596430 369
1596440 370
1596450 370
1596460 371
1596470 371
1596480 371
1596490 371
1596500 372
1596510 372
1596520 372
1596530 372
1596540 372
1596550 372
1596560 372
1596570 372
1596580 372
1596590 372
1596600 372
1596610 372
1596620 372
1596630 372
1596640 372
1596650 372
1596660 372
1596670 372
1596680 372
1596690 372
1596700 372
1596710 372
1596720 372
1596730 372
1596740 372
1596750 372
1596760 372
1596770 372
1596780 372
1596790 372
1596800 372
1596810 372
1596820 372
1596830 372
1596840 372
1596850 372
1596860 372
1596870 372
1596880 372
1596890 372
1596900 372
1596910 372
1596920 371
1596930 371
1596940 371
1596950 370
1596960 370
1596970 370
1596980 370
1596990 370
1597000 370
1597010 370
1597020 369
1597030 369
1597040 369
1597050 369
1597060 369
1597070 368
1597080 368
1597090 368
1597100 367
1597110 367
1597120 367
1597130 366
1597140 366
1597150 366
1597160 365
1597170 365
1597180 365
1597190 364
1597200 363
1597210 363
1597220 363
1597230 362
1597240 362
1597250 362
1597260 361
1597270 361
1597280 361
1597290 361
1597300 361
1597310 360
1597320 360
1597330 360
1597340 360
1597350 359
1597360 359
1597370 359
1597380 358
1597390 358
1597400 358
1597410 357
1597420 357
1597430 357
1597440 356
1597450 356
1597460 356
1597470 355
1597480 355
1597490 355
1597500 355
1597510 355
1597520 354
1597530 354
1597540 354
1597550 355
1597560 354
1597570 354
1597580 354
1597590 354
1597600 354
1597610 353
1597620 353
1597630 353
1597640 353
1597650 352
1597660 352
1597670 352
1597680 352
1597690 352
1597700 352
1597710 352
1597720 352
1597730 352
1597740 353
1597750 353
1597760 354
1597770 354
1597780 354
1597790 355
1597800 357
1597810 357
1597820 358
1597830 360
1597840 360
1597850 361
1597860 362
1597870 362
1597880 363
1597890 363
1597900 363
1597910 363
1597920 363
1597930 363
1597940 363
1597950 363
1597960 363
1597970 363
1597980 363
1597990 363
1598000 363
1598010 363
1598020 363
1598030 363
1598040 363
1598050 363
1598060 363
1598070 363
1598080 363
1598090 362
1598100 363
1598110 363
1598120 363
1598130 363
1598140 363
1598150 363
1598160 363
1598170 363
1598180 363
1598190 363
1598200 363
1598210 363
1598220 362
1598230 362
1598240 362
1598250 362
1598260 362
1598270 361
1598280 361
1598290 361
1598300 362
1598310 362
1598320 362
1598330 363
1598340 363
1598350 363
1598360 363
1598370 364
1598380 364
1598390 365
1598400 365
1598410 365
1598420 366
1598430 366
1598440 366
1598450 366
1598460 367
1598470 367
1598480 367
1598490 367
1598500 367
1598510 367
1598520 368
1598530 368
1598540 368
1598550 368
1598560 368
1598570 368
1598580 369
1598590 369
1598600 369
1598610 369
1598620 369
1598630 369
1598640 369
1598650 369
1598660 369
1598670 369
1598680 369
1598690 369
1598700 369
1598710 369
1598720 369
1598730 368
1598740 368
1598750 368
1598760 368
1598770 367
1598780 367
1598790 366
1598800 366
1598810 366
1598820 365
1598830 365
1598840 365
1598850 365
1598860 364
1598870 364
1598880 364
1598890 363
1598900 363
1598910 362
1598920 361
1598930 361
1598940 361
1598950 361
1598960 361
1598970 362
1598980 363
1598990 363
1599000 364
1599010 365
1599020 365
1599030 365
1599040 366
1599050 366
1599060 367
1599070 368
1599080 368
1599090 368
1599100 369
1599110 369
1599120 369
1599130 369
1599140 369
1599150 369
1599160 369
1599170 369
1599180 369
1599190 369
1599200 369
1599210 369
1599220 369
1599230 369
1599240 370
1599250 371
1599260 371
1599270 371
1599280 371
1599290 371
1599300 371
1599310 371
1599320 371
1599330 371
1599340 371
1599350 371
1599360 371
1599370 371
1599380 371
1599390 371
1599400 371
1599410 371
1599420 371
1599430 371
1599440 371
1599450 371
1599460 371
1599470 371
1599480 371
1599490 371
1599500 371
1599510 371
1599520 370
1599530 370
1599540 370
1599550 370
1599560 370
1599570 370
1599580 370
1599590 370
1599600 370
1599610 370
1599620 370
1599630 369
1599640 369
1599650 369
1599660 369
1599670 369
1599680 369
1599690 369
1599700 368
1599710 368
1599720 368
1599730 367
1599740 367
1599750 367
1599760 367
1599770 367
1599780 367
1599790 366
1599800 366
1599810 366
1599820 366
1599830 366
1599840 365
1599850 365
1599860 365
1599870 365
1599880 364
1599890 364
1599900 364
1599910 363
1599920 363
1599930 363
1599940 363
1599950 363
1599960 362
1599970 361
1599980 361
1599990 361
