1580000 309
1580010 309
1580020 309
1580030 309
1580040 309
1580050 309
1580060 309
1580070 309
1580080 309
1580090 309
1580100 309
1580110 308
1580120 308
1580130 308
1580140 308
1580150 308
1580160 308
1580170 308
1580180 308
1580190 308
1580200 308
1580210 308
1580220 308
1580230 308
1580240 308
1580250 308
1580260 308
1580270 308
1580280 308
1580290 308
1580300 308
1580310 308
1580320 308
1580330 308
1580340 308
1580350 308
1580360 308
1580370 308
1580380 308
1580390 308
1580400 308
1580410 307
1580420 307
1580430 307
1580440 307
1580450 307
1580460 307
1580470 307
1580480 307
1580490 307
1580500 307
1580510 307
1580520 307
1580530 307
1580540 307
1580550 307
1580560 307
1580570 307
1580580 307
1580590 307
1580600 307
1580610 307
1580620 307
1580630 307
1580640 307
1580650 307
1580660 307
1580670 307
1580680 306
1580690 305
1580700 305
1580710 303
1580720 303
1580730 303
1580740 303
1580750 305
1580760 305
1580770 306
1580780 307
1580790 307
1580800 307
1580810 307
1580820 307
1580830 307
1580840 307
1580850 307
1580860 307
1580870 307
1580880 307
1580890 307
1580900 309
1580910 309
1580920 309
1580930 309
1580940 309
1580950 309
1580960 310
1580970 310
1580980 311
1580990 312
1581000 313
1581010 313
1581020 314
1581030 314
1581040 314
1581050 315
1581060 315
1581070 315
1581080 315
1581090 315
1581100 316
1581110 316
1581120 316
1581130 316
1581140 317
1581150 317
1581160 317
1581170 317
1581180 318
1581190 318
1581200 318
1581210 318
1581220 318
1581230 318
1581240 318
1581250 318
1581260 318
1581270 318
1581280 318
1581290 319
1581300 319
1581310 319
1581320 319
1581330 319
1581340 319
1581350 319
1581360 319
1581370 319
1581380 319
1581390 319
1581400 319
1581410 320
1581420 320
1581430 320
1581440 321
1581450 321
1581460 321
1581470 321
1581480 320
1581490 320
1581500 320
1581510 320
1581520 320
1581530 320
1581540 320
1581550 320
1581560 320
1581570 320
1581580 320
1581590 320
1581600 320
1581610 320
1581620 320
1581630 320
1581640 320
1581650 320
1581660 320
1581670 320
1581680 321
1581690 320
1581700 320
1581710 320
1581720 320
1581730 320
1581740 320
1581750 320
1581760 320
1581770 320
1581780 320
1581790 320
1581800 320
1581810 320
1581820 320
1581830 320
1581840 320
1581850 320
1581860 320
1581870 320
1581880 320
1581890 319
1581900 320
1581910 320
1581920 320
1581930 320
1581940 320
1581950 320
1581960 319
1581970 319
1581980 319
1581990 319
1582000 319
1582010 319
1582020 319
1582030 319
1582040 319
1582050 318
1582060 318
1582070 318
1582080 318
1582090 318
1582100 318
1582110 318
1582120 318
1582130 318
1582140 318
1582150 318
1582160 318
1582170 318
1582180 318
1582190 317
1582200 317
1582210 317
1582220 317
1582230 316
1582240 316
1582250 316
1582260 316
1582270 316
1582280 315
1582290 315
1582300 315
1582310 315
1582320 315
1582330 315
1582340 315
1582350 315
1582360 315
1582370 315
1582380 315
1582390 315
1582400 315
1582410 314
1582420 314
1582430 314
1582440 315
1582450 315
1582460 315
1582470 315
1582480 315
1582490 316
1582500 317
1582510 317
1582520 317
1582530 318
1582540 318
1582550 318
1582560 319
1582570 319
1582580 319
1582590 319
1582600 319
1582610 320
1582620 320
1582630 320
1582640 320
1582650 320
1582660 320
1582670 321
1582680 321
1582690 321
1582700 322
1582710 322
1582720 322
1582730 322
1582740 322
1582750 322
1582760 322
1582770 323
1582780 323
1582790 323
1582800 323
1582810 323
1582820 323
1582830 323
1582840 323
1582850 323
1582860 323
1582870 323
1582880 323
1582890 324
1582900 324
1582910 324
1582920 324
1582930 324
1582940 324
1582950 324
1582960 324
1582970 324
1582980 324
1582990 324
1583000 324
1583010 324
1583020 324
1583030 324
1583040 324
1583050 324
1583060 324
1583070 324
1583080 324
1583090 324
1583100 324
1583110 324
1583120 324
1583130 323
1583140 323
1583150 323
1583160 323
1583170 322
1583180 322
1583190 322
1583200 322
1583210 322
1583220 321
1583230 321
1583240 321
1583250 320
1583260 320
1583270 320
1583280 319
1583290 319
1583300 319
1583310 318
1583320 318
1583330 318
1583340 317
1583350 317
1583360 317
1583370 317
1583380 317
1583390 317
1583400 316
1583410 316
1583420 316
1583430 316
1583440 316
1583450 316
1583460 316
1583470 315
1583480 315
1583490 315
1583500 315
1583510 315
1583520 314
1583530 314
1583540 314
1583550 313
1583560 313
1583570 313
1583580 313
1583590 312
1583600 312
1583610 312
1583620 311
1583630 311
1583640 311
1583650 310
1583660 310
1583670 310
1583680 310
1583690 310
1583700 310
1583710 310
1583720 310
1583730 310
1583740 310
1583750 310
1583760 311
1583770 313
1583780 313
1583790 314
1583800 315
1583810 315
1583820 316
1583830 317
1583840 317
1583850 318
1583860 319
1583870 319
1583880 320
1583890 321
1583900 321
1583910 322
1583920 324
1583930 324
1583940 325
1583950 326
1583960 326
1583970 327
1583980 328
1583990 328
1584000 329
1584010 331
1584020 331
1584030 332
1584040 333
1584050 333
1584060 334
1584070 334
1584080 334
1584090 335
1584100 336
1584110 336
1584120 337
1584130 338
1584140 338
1584150 338
1584160 339
1584170 339
1584180 340
1584190 340
1584200 340
1584210 341
1584220 341
1584230 341
1584240 342
1584250 342
1584260 342
1584270 343
1584280 344
1584290 344
1584300 346
1584310 347
1584320 347
1584330 349
1584340 351
1584350 351
1584360 353
1584370 355
1584380 355
1584390 356
1584400 358
1584410 359
1584420 359
1584430 359
1584440 360
1584450 360
1584460 361
1584470 361
1584480 361
1584490 362
1584500 363
1584510 363
1584520 363
1584530 364
1584540 364
1584550 364
1584560 365
1584570 365
1584580 365
1584590 365
1584600 365
1584610 366
1584620 366
1584630 366
1584640 366
1584650 367
1584660 367
1584670 367
1584680 368
1584690 368
1584700 368
1584710 368
1584720 368
1584730 369
1584740 369
1584750 369
1584760 369
1584770 369
1584780 369
1584790 370
1584800 370
1584810 370
1584820 370
1584830 370
1584840 370
1584850 370
1584860 370
1584870 370
1584880 371
1584890 371
1584900 371
1584910 371
1584920 371
1584930 371
1584940 371
1584950 371
1584960 371
1584970 371
1584980 371
1584990 371
1585000 371
1585010 371
1585020 371
1585030 371
1585040 371
1585050 371
1585060 371
1585070 372
1585080 372
1585090 372
1585100 372
1585110 372
1585120 372
1585130 371
1585140 371
1585150 371
1585160 372
1585170 372
1585180 372
1585190 372
1585200 372
1585210 372
1585220 372
1585230 372
1585240 372
1585250 372
1585260 372
1585270 372
1585280 372
1585290 372
1585300 372
1585310 372
1585320 372
1585330 372
1585340 372
1585350 372
1585360 371
1585370 371
1585380 371
1585390 371
1585400 371
1585410 371
1585420 371
1585430 371
1585440 371
1585450 371
1585460 371
1585470 371
1585480 371
1585490 371
1585500 371
1585510 370
1585520 370
1585530 370
1585540 370
1585550 370
1585560 370
1585570 370
1585580 370
1585590 370
1585600 370
1585610 370
1585620 370
1585630 370
1585640 371
1585650 371
1585660 371
1585670 371
1585680 371
1585690 371
1585700 371
1585710 371
1585720 372
1585730 372
1585740 372
1585750 372
1585760 372
1585770 372
1585780 372
1585790 372
1585800 372
1585810 372
1585820 372
1585830 372
1585840 372
1585850 372
1585860 372
1585870 372
1585880 372
1585890 372
1585900 373
1585910 373
1585920 373
1585930 373
1585940 373
1585950 373
1585960 373
1585970 373
1585980 373
1585990 373
1586000 373
1586010 373
1586020 373
1586030 372
1586040 372
1586050 372
1586060 372
1586070 372
1586080 372
1586090 372
1586100 372
1586110 372
1586120 371
1586130 371
1586140 371
1586150 371
1586160 370
1586170 370
1586180 370
1586190 370
1586200 370
1586210 369
1586220 369
1586230 369
1586240 369
1586250 368
1586260 368
1586270 368
1586280 368
1586290 368
1586300 368
1586310 367
1586320 367
1586330 367
1586340 367
1586350 367
1586360 367
1586370 366
1586380 366
1586390 366
1586400 366
1586410 366
1586420 365
1586430 365
1586440 365
1586450 365
1586460 365
1586470 365
1586480 364
1586490 364
1586500 364
1586510 363
1586520 363
1586530 363
1586540 363
1586550 362
1586560 362
1586570 362
1586580 361
1586590 361
1586600 361
1586610 361
1586620 361
1586630 361
1586640 360
1586650 360
1586660 360
1586670 360
1586680 360
1586690 359
1586700 359
1586710 359
1586720 358
1586730 357
1586740 357
1586750 357
1586760 358
1586770 358
1586780 358
1586790 359
1586800 359
1586810 359
1586820 360
1586830 360
1586840 361
1586850 362
1586860 362
1586870 363
1586880 364
1586890 364
1586900 364
1586910 365
1586920 365
1586930 365
1586940 366
1586950 366
1586960 366
1586970 367
1586980 367
1586990 367
1587000 367
1587010 367
1587020 368
1587030 368
1587040 368
1587050 368
1587060 369
1587070 369
1587080 369
1587090 369
1587100 369
1587110 369
1587120 369
1587130 369
1587140 369
1587150 369
1587160 369
1587170 370
1587180 370
1587190 370
1587200 370
1587210 370
1587220 370
1587230 369
1587240 369
1587250 369
1587260 369
1587270 369
1587280 369
1587290 369
1587300 369
1587310 369
1587320 369
1587330 369
1587340 369
1587350 369
1587360 369
1587370 369
1587380 369
1587390 369
1587400 369
1587410 369
1587420 369
1587430 369
1587440 369
1587450 368
1587460 368
1587470 368
1587480 369
1587490 369
1587500 368
1587510 368
1587520 368
1587530 368
1587540 368
1587550 368
1587560 368
1587570 368
1587580 368
1587590 368
1587600 368
1587610 368
1587620 368
1587630 368
1587640 368
1587650 367
1587660 367
1587670 367
1587680 367
1587690 367
1587700 367
1587710 366
1587720 366
1587730 366
1587740 366
1587750 366
1587760 366
1587770 366
1587780 365
1587790 365
1587800 365
1587810 365
1587820 365
1587830 365
1587840 364
1587850 364
1587860 364
1587870 364
1587880 363
1587890 363
1587900 363
1587910 363
1587920 363
1587930 362
1587940 362
1587950 362
1587960 361
1587970 361
1587980 361
1587990 361
1588000 360
1588010 360
1588020 360
1588030 359
1588040 359
1588050 359
1588060 358
1588070 358
1588080 358
1588090 357
1588100 357
1588110 357
1588120 356
1588130 356
1588140 356
1588150 355
1588160 355
1588170 355
1588180 354
1588190 354
1588200 354
1588210 353
1588220 353
1588230 352
1588240 352
1588250 352
1588260 351
1588270 351
1588280 351
1588290 350
1588300 350
1588310 350
1588320 349
1588330 349
1588340 349
1588350 348
1588360 348
1588370 348
1588380 347
1588390 347
1588400 347
1588410 346
1588420 345
1588430 345
1588440 345
1588450 344
1588460 344
1588470 344
1588480 343
1588490 343
1588500 343
1588510 342
1588520 342
1588530 342
1588540 341
1588550 341
1588560 341
1588570 341
1588580 341
1588590 340
1588600 340
1588610 340
1588620 339
1588630 339
1588640 339
1588650 338
1588660 338
1588670 338
1588680 338
1588690 339
1588700 339
1588710 339
1588720 340
1588730 340
1588740 341
1588750 345
1588760 345
1588770 348
1588780 351
1588790 351
1588800 353
1588810 356
1588820 356
1588830 358
1588840 360
1588850 360
1588860 361
1588870 363
1588880 363
1588890 364
1588900 365
1588910 365
1588920 366
1588930 367
1588940 367
1588950 367
1588960 368
1588970 368
1588980 368
1588990 368
1589000 368
1589010 369
1589020 369
1589030 369
1589040 369
1589050 370
1589060 370
1589070 370
1589080 370
1589090 370
1589100 371
1589110 371
1589120 371
1589130 371
1589140 372
1589150 372
1589160 372
1589170 372
1589180 372
1589190 372
1589200 372
1589210 372
1589220 372
1589230 372
1589240 372
1589250 372
1589260 372
1589270 372
1589280 372
1589290 372
1589300 372
1589310 371
1589320 371
1589330 371
1589340 371
1589350 371
1589360 371
1589370 371
1589380 370
1589390 370
1589400 370
1589410 370
1589420 369
1589430 369
1589440 369
1589450 368
1589460 368
1589470 368
1589480 367
1589490 367
1589500 366
1589510 366
1589520 366
1589530 365
1589540 364
1589550 364
1589560 364
1589570 363
1589580 363
1589590 362
1589600 361
1589610 361
1589620 360
1589630 360
1589640 360
1589650 359
1589660 358
1589670 358
1589680 357
1589690 356
1589700 356
1589710 356
1589720 355
1589730 355
1589740 354
1589750 353
1589760 353
1589770 352
1589780 351
1589790 351
1589800 350
1589810 350
1589820 350
1589830 349
1589840 348
1589850 348
1589860 347
1589870 347
1589880 347
1589890 346
1589900 346
1589910 346
1589920 346
1589930 346
1589940 346
1589950 348
1589960 349
1589970 349
1589980 349
1589990 350
1590000 350
1590010 350
1590020 350
1590030 350
1590040 351
1590050 351
1590060 351
1590070 351
1590080 351
1590090 351
1590100 351
1590110 352
1590120 352
1590130 352
1590140 352
1590150 352
1590160 352
1590170 353
1590180 353
1590190 353
1590200 353
1590210 353
1590220 353
1590230 353
1590240 353
1590250 353
1590260 353
1590270 353
1590280 353
1590290 353
1590300 353
1590310 353
1590320 353
1590330 353
1590340 353
1590350 353
1590360 353
1590370 353
1590380 353
1590390 353
1590400 353
1590410 353
1590420 353
1590430 353
1590440 353
1590450 353
1590460 353
1590470 353
1590480 353
1590490 354
1590500 354
1590510 354
1590520 354
1590530 354
1590540 354
1590550 354
1590560 355
1590570 355
1590580 355
1590590 356
1590600 356
1590610 357
1590620 358
1590630 358
1590640 359
1590650 360
1590660 360
1590670 361
1590680 362
1590690 362
1590700 363
1590710 363
1590720 363
1590730 364
1590740 365
1590750 365
1590760 366
1590770 366
1590780 366
1590790 367
1590800 367
1590810 367
1590820 368
1590830 369
1590840 369
1590850 369
1590860 370
1590870 370
1590880 370
1590890 370
1590900 370
1590910 370
1590920 371
1590930 371
1590940 371
1590950 372
1590960 372
1590970 372
1590980 372
1590990 372
1591000 372
1591010 372
1591020 373
1591030 373
1591040 373
1591050 373
1591060 373
1591070 373
1591080 373
1591090 373
1591100 373
1591110 373
1591120 373
1591130 373
1591140 373
1591150 373
1591160 373
1591170 373
1591180 373
1591190 373
1591200 373
1591210 373
1591220 372
1591230 372
1591240 372
1591250 372
1591260 372
1591270 372
1591280 372
1591290 372
1591300 372
1591310 372
1591320 371
1591330 371
1591340 371
1591350 371
1591360 371
1591370 371
1591380 371
1591390 371
1591400 370
1591410 370
1591420 370
1591430 370
1591440 370
1591450 370
1591460 370
1591470 370
1591480 370
1591490 370
1591500 370
1591510 370
1591520 371
1591530 371
1591540 371
1591550 371
1591560 372
1591570 372
1591580 372
1591590 372
1591600 372
1591610 372
1591620 373
1591630 373
1591640 373
1591650 373
1591660 373
1591670 373
1591680 373
1591690 373
1591700 373
1591710 374
1591720 374
1591730 374
1591740 374
1591750 374
1591760 374
1591770 374
1591780 374
1591790 374
1591800 374
1591810 374
1591820 374
1591830 374
1591840 374
1591850 374
1591860 374
1591870 374
1591880 374
1591890 375
1591900 375
1591910 375
1591920 375
1591930 375
1591940 375
1591950 375
1591960 375
1591970 375
1591980 375
1591990 375
1592000 375
1592010 375
1592020 375
1592030 375
1592040 375
1592050 375
1592060 375
1592070 375
1592080 375
1592090 375
1592100 375
1592110 375
1592120 375
1592130 375
1592140 375
1592150 375
1592160 375
1592170 375
1592180 375
1592190 375
1592200 375
1592210 375
1592220 374
1592230 374
1592240 374
1592250 374
1592260 374
1592270 374
1592280 374
1592290 374
1592300 374
1592310 374
1592320 374
1592330 374
1592340 374
1592350 374
1592360 373
1592370 373
1592380 373
1592390 373
1592400 372
1592410 372
1592420 372
1592430 372
1592440 372
1592450 371
1592460 371
1592470 371
1592480 371
1592490 370
1592500 370
1592510 370
1592520 370
1592530 370
1592540 370
1592550 370
1592560 370
1592570 370
1592580 370
1592590 370
1592600 370
1592610 371
1592620 371
1592630 371
1592640 371
1592650 371
1592660 371
1592670 372
1592680 372
1592690 372
1592700 372
1592710 372
1592720 372
1592730 373
1592740 373
1592750 373
1592760 373
1592770 373
1592780 373
1592790 374
1592800 374
1592810 374
1592820 374
1592830 374
1592840 374
1592850 374
1592860 374
1592870 374
1592880 375
1592890 374
1592900 374
1592910 375
1592920 375
1592930 375
1592940 375
1592950 374
1592960 374
1592970 374
1592980 375
1592990 375
1593000 375
1593010 375
1593020 375
1593030 375
1593040 375
1593050 375
1593060 375
1593070 375
1593080 375
1593090 375
1593100 375
1593110 375
1593120 375
1593130 375
1593140 375
1593150 374
1593160 374
1593170 374
1593180 374
1593190 374
1593200 374
1593210 374
1593220 374
1593230 374
1593240 374
1593250 374
1593260 374
1593270 373
1593280 373
1593290 373
1593300 373
1593310 373
1593320 373
1593330 373
1593340 373
1593350 373
1593360 372
1593370 372
1593380 372
1593390 372
1593400 372
1593410 372
1593420 371
1593430 371
1593440 371
1593450 371
1593460 371
1593470 371
1593480 370
1593490 370
1593500 370
1593510 370
1593520 370
1593530 370
1593540 369
1593550 369
1593560 369
1593570 369
1593580 368
1593590 368
1593600 368
1593610 368
1593620 368
1593630 368
1593640 367
1593650 367
1593660 367
1593670 367
1593680 367
1593690 366
1593700 365
1593710 365
1593720 365
1593730 364
1593740 364
1593750 363
1593760 363
1593770 363
1593780 362
1593790 362
1593800 362
1593810 361
1593820 361
1593830 361
1593840 360
1593850 360
1593860 360
1593870 360
1593880 359
1593890 359
1593900 359
1593910 359
1593920 359
1593930 359
1593940 359
1593950 359
1593960 358
1593970 358
1593980 358
1593990 357
1594000 357
1594010 357
1594020 356
1594030 356
1594040 356
1594050 355
1594060 355
1594070 355
1594080 354
1594090 354
1594100 354
1594110 353
1594120 353
1594130 353
1594140 352
1594150 351
1594160 351
1594170 351
1594180 350
1594190 350
1594200 350
1594210 349
1594220 349
1594230 349
1594240 348
1594250 348
1594260 348
1594270 347
1594280 347
1594290 346
1594300 346
1594310 346
1594320 345
1594330 344
1594340 344
1594350 344
1594360 343
1594370 343
1594380 343
1594390 342
1594400 343
1594410 343
1594420 344
1594430 344
1594440 344
1594450 346
1594460 348
1594470 348
1594480 350
1594490 353
1594500 353
1594510 356
1594520 358
1594530 358
1594540 359
1594550 361
1594560 361
1594570 362
1594580 363
1594590 363
1594600 364
1594610 365
1594620 365
1594630 366
1594640 367
1594650 367
1594660 367
1594670 367
1594680 367
1594690 368
1594700 368
1594710 368
1594720 369
1594730 369
1594740 369
1594750 369
1594760 370
1594770 370
1594780 370
1594790 371
1594800 371
1594810 371
1594820 371
1594830 371
1594840 372
1594850 372
1594860 372
1594870 372
1594880 372
1594890 372
1594900 372
1594910 372
1594920 372
1594930 372
1594940 372
1594950 372
1594960 372
1594970 372
1594980 372
1594990 372
1595000 372
1595010 372
1595020 372
1595030 372
1595040 372
1595050 371
1595060 371
1595070 371
1595080 371
1595090 371
1595100 371
1595110 370
1595120 370
1595130 370
1595140 370
1595150 369
1595160 369
1595170 369
1595180 369
1595190 369
1595200 369
1595210 368
1595220 368
1595230 368
1595240 368
1595250 368
1595260 368
1595270 368
1595280 368
1595290 367
1595300 367
1595310 367
1595320 367
1595330 367
1595340 367
1595350 366
1595360 366
1595370 366
1595380 365
1595390 365
1595400 365
1595410 365
1595420 364
1595430 364
1595440 364
1595450 363
1595460 363
1595470 363
1595480 363
1595490 363
1595500 362
1595510 362
1595520 362
1595530 362
1595540 361
1595550 361
1595560 361
1595570 360
1595580 360
1595590 360
1595600 359
1595610 359
1595620 359
1595630 358
1595640 358
1595650 357
1595660 357
1595670 357
1595680 356
1595690 355
1595700 355
1595710 355
1595720 354
1595730 354
1595740 354
1595750 354
1595760 354
1595770 354
1595780 354
1595790 354
1595800 354
1595810 355
1595820 355
1595830 355
1595840 356
1595850 356
1595860 358
1595870 359
1595880 359
1595890 361
1595900 362
1595910 362
1595920 363
1595930 364
1595940 364
1595950 364
1595960 365
1595970 365
1595980 365
1595990 366
1596000 366
1596010 366
1596020 366
1596030 366
1596040 366
1596050 366
1596060 367
1596070 367
1596080 367
1596090 367
1596100 367
1596110 367
1596120 367
1596130 367
1596140 368
1596150 368
1596160 368
1596170 368
1596180 368
1596190 368
1596200 368
1596210 368
1596220 368
1596230 368
1596240 367
1596250 367
1596260 367
1596270 367
1596280 367
1596290 367
1596300 367
1596310 367
1596320 367
1596330 366
1596340 366
1596350 366
1596360 366
1596370 366
1596380 366
1596390 365
1596400 365
1596410 365
1596420 365
1596430 365
1596440 364
1596450 364
1596460 364
1596470 363
1596480 363
1596490 363
1596500 362
1596510 362
1596520 362
1596530 361
1596540 361
1596550 361
1596560 360
1596570 359
1596580 359
1596590 359
1596600 358
1596610 358
1596620 357
1596630 357
1596640 357
1596650 356
1596660 355
1596670 355
1596680 355
1596690 355
1596700 355
1596710 354
1596720 353
1596730 353
1596740 352
1596750 351
1596760 351
1596770 351
1596780 350
1596790 350
1596800 349
1596810 348
1596820 348
1596830 347
1596840 347
1596850 347
1596860 346
1596870 345
1596880 345
1596890 344
1596900 344
1596910 344
1596920 343
1596930 343
1596940 343
1596950 342
1596960 342
1596970 342
1596980 342
1596990 342
1597000 342
1597010 343
1597020 345
1597030 345
1597040 348
1597050 350
1597060 350
1597070 352
1597080 352
1597090 352
1597100 352
1597110 351
1597120 351
1597130 351
1597140 352
1597150 352
1597160 353
1597170 353
1597180 353
1597190 354
1597200 356
1597210 356
1597220 357
1597230 358
1597240 358
1597250 359
1597260 360
1597270 360
1597280 361
1597290 362
1597300 362
1597310 363
1597320 363
1597330 363
1597340 364
1597350 364
1597360 364
1597370 365
1597380 366
1597390 366
1597400 367
1597410 367
1597420 367
1597430 367
1597440 368
1597450 368
1597460 368
1597470 368
1597480 368
1597490 368
1597500 368
1597510 368
1597520 369
1597530 369
1597540 369
1597550 369
1597560 369
1597570 369
1597580 369
1597590 369
1597600 369
1597610 369
1597620 369
1597630 369
1597640 369
1597650 369
1597660 369
1597670 369
1597680 369
1597690 369
1597700 369
1597710 369
1597720 369
1597730 369
1597740 369
1597750 369
1597760 369
1597770 369
1597780 369
1597790 369
1597800 369
1597810 369
1597820 369
1597830 369
1597840 369
1597850 369
1597860 369
1597870 369
1597880 369
1597890 369
1597900 369
1597910 369
1597920 369
1597930 369
1597940 369
1597950 369
1597960 369
1597970 369
1597980 369
1597990 369
1598000 369
1598010 369
1598020 369
1598030 369
1598040 369
1598050 369
1598060 369
1598070 369
1598080 369
1598090 369
1598100 369
1598110 369
1598120 369
1598130 369
1598140 369
1598150 369
1598160 369
1598170 369
1598180 369
1598190 369
1598200 369
1598210 369
1598220 369
1598230 369
1598240 369
1598250 368
1598260 368
1598270 368
1598280 368
1598290 368
1598300 368
1598310 368
1598320 368
1598330 368
1598340 368
1598350 368
1598360 368
1598370 368
1598380 368
1598390 368
1598400 368
1598410 368
1598420 368
1598430 367
1598440 367
1598450 367
1598460 367
1598470 367
1598480 367
1598490 367
1598500 367
1598510 367
1598520 366
1598530 366
1598540 366
1598550 366
1598560 366
1598570 366
1598580 366
1598590 365
1598600 365
1598610 365
1598620 365
1598630 365
1598640 364
1598650 364
1598660 364
1598670 364
1598680 363
1598690 363
1598700 362
1598710 362
1598720 362
1598730 361
1598740 360
1598750 360
1598760 357
1598770 357
1598780 357
1598790 357
1598800 357
1598810 357
1598820 356
1598830 356
1598840 356
1598850 356
1598860 356
1598870 356
1598880 356
1598890 355
1598900 355
1598910 354
1598920 353
1598930 353
1598940 352
1598950 351
1598960 351
1598970 350
1598980 349
1598990 349
1599000 348
1599010 347
1599020 347
1599030 346
1599040 346
1599050 346
1599060 345
1599070 344
1599080 344
1599090 344
1599100 343
1599110 343
1599120 343
1599130 342
1599140 342
1599150 341
1599160 340
1599170 340
1599180 339
1599190 339
1599200 339
1599210 338
1599220 337
1599230 337
1599240 336
1599250 336
1599260 336
1599270 336
1599280 337
1599290 338
1599300 338
1599310 339
1599320 341
1599330 341
1599340 343
1599350 345
1599360 345
1599370 347
1599380 349
1599390 350
1599400 352
1599410 355
1599420 355
1599430 358
1599440 360
1599450 360
1599460 361
1599470 361
1599480 361
1599490 361
1599500 361
1599510 361
1599520 361
1599530 362
1599540 362
1599550 362
1599560 362
1599570 362
1599580 363
1599590 364
1599600 364
1599610 365
1599620 366
1599630 366
1599640 366
1599650 367
1599660 367
1599670 367
1599680 367
1599690 367
1599700 368
1599710 368
1599720 368
1599730 368
1599740 368
1599750 368
1599760 368
1599770 368
1599780 368
1599790 368
1599800 368
1599810 368
1599820 368
1599830 367
1599840 367
1599850 367
1599860 367
1599870 367
1599880 367
1599890 367
1599900 367
1599910 367
1599920 367
1599930 367
1599940 366
1599950 366
1599960 366
1599970 366
1599980 366
1599990 366
