1580000 324
1580010 325
1580020 326
1580030 326
1580040 327
1580050 328
1580060 328
1580070 330
1580080 331
1580090 331
1580100 332
1580110 333
1580120 333
1580130 333
1580140 334
1580150 334
1580160 335
1580170 337
1580180 337
1580190 338
1580200 339
1580210 339
1580220 340
1580230 340
1580240 340
1580250 341
1580260 342
1580270 342
1580280 344
1580290 345
1580300 345
1580310 347
1580320 348
1580330 349
1580340 349
1580350 351
1580360 352
1580370 352
1580380 353
1580390 354
1580400 354
1580410 355
1580420 356
1580430 356
1580440 356
1580450 356
1580460 356
1580470 356
1580480 356
1580490 356
1580500 356
1580510 356
1580520 356
1580530 357
1580540 357
1580550 357
1580560 358
1580570 359
1580580 359
1580590 360
1580600 361
1580610 361
1580620 361
1580630 362
1580640 362
1580650 362
1580660 362
1580670 362
1580680 363
1580690 363
1580700 363
1580710 364
1580720 364
1580730 364
1580740 364
1580750 365
1580760 365
1580770 365
1580780 365
1580790 365
1580800 366
1580810 366
1580820 366
1580830 366
1580840 366
1580850 366
1580860 367
1580870 367
1580880 367
1580890 367
1580900 367
1580910 367
1580920 367
1580930 367
1580940 367
1580950 367
1580960 367
1580970 367
1580980 367
1580990 368
1581000 368
1581010 368
1581020 368
1581030 368
1581040 368
1581050 368
1581060 368
1581070 368
1581080 368
1581090 368
1581100 368
1581110 368
1581120 368
1581130 368
1581140 367
1581150 367
1581160 367
1581170 366
1581180 366
1581190 366
1581200 365
1581210 365
1581220 365
1581230 364
1581240 364
1581250 364
1581260 364
1581270 364
1581280 363
1581290 363
1581300 363
1581310 363
1581320 362
1581330 362
1581340 362
1581350 361
1581360 361
1581370 360
1581380 360
1581390 360
1581400 359
1581410 359
1581420 359
1581430 358
1581440 358
1581450 358
1581460 357
1581470 357
1581480 357
1581490 357
1581500 357
1581510 357
1581520 357
1581530 356
1581540 356
1581550 356
1581560 356
1581570 356
1581580 355
1581590 355
1581600 355
1581610 354
1581620 354
1581630 354
1581640 353
1581650 352
1581660 352
1581670 351
1581680 350
1581690 350
1581700 349
1581710 347
1581720 347
1581730 345
1581740 344
1581750 344
1581760 343
1581770 342
1581780 342
1581790 341
1581800 341
1581810 341
1581820 340
1581830 340
1581840 340
1581850 339
1581860 338
1581870 338
1581880 338
1581890 338
1581900 338
1581910 338
1581920 337
1581930 337
1581940 337
1581950 337
1581960 337
1581970 337
1581980 337
1581990 337
1582000 337
1582010 337
1582020 337
1582030 337
1582040 337
1582050 337
1582060 338
1582070 338
1582080 338
1582090 338
1582100 339
1582110 339
1582120 340
1582130 340
1582140 340
1582150 340
1582160 341
1582170 341
1582180 341
1582190 341
1582200 341
1582210 341
1582220 342
1582230 342
1582240 342
1582250 342
1582260 342
1582270 342
1582280 342
1582290 342
1582300 342
1582310 341
1582320 341
1582330 341
1582340 341
1582350 340
1582360 340
1582370 341
1582380 340
1582390 340
1582400 340
1582410 339
1582420 339
1582430 339
1582440 338
1582450 338
1582460 338
1582470 337
1582480 337
1582490 337
1582500 336
1582510 336
1582520 335
1582530 335
1582540 335
1582550 334
1582560 333
1582570 333
1582580 332
1582590 331
1582600 331
1582610 330
1582620 329
1582630 329
1582640 328
1582650 327
1582660 327
1582670 326
1582680 325
1582690 325
1582700 324
1582710 323
1582720 323
1582730 322
1582740 321
1582750 321
1582760 320
1582770 319
1582780 319
1582790 318
1582800 317
1582810 317
1582820 316
1582830 314
1582840 314
1582850 313
1582860 312
1582870 312
1582880 311
1582890 309
1582900 309
1582910 308
1582920 308
1582930 308
1582940 308
1582950 308
1582960 308
1582970 308
1582980 307
1582990 307
1583000 307
1583010 307
1583020 307
1583030 307
1583040 305
1583050 305
1583060 303
1583070 301
1583080 301
1583090 300
1583100 299
1583110 299
1583120 299
1583130 299
1583140 299
1583150 299
1583160 299
1583170 299
1583180 299
1583190 299
1583200 299
1583210 299
1583220 299
1583230 299
1583240 300
1583250 299
1583260 299
1583270 298
1583280 298
1583290 298
1583300 299
1583310 299
1583320 299
1583330 299
1583340 299
1583350 299
1583360 299
1583370 299
1583380 299
1583390 299
1583400 299
1583410 299
1583420 299
1583430 299
1583440 299
1583450 298
1583460 298
1583470 298
1583480 299
1583490 299
1583500 299
1583510 298
1583520 298
1583530 298
1583540 298
1583550 298
1583560 298
1583570 298
1583580 298
1583590 298
1583600 298
1583610 298
1583620 298
1583630 298
1583640 298
1583650 298
1583660 298
1583670 298
1583680 298
1583690 298
1583700 298
1583710 298
1583720 298
1583730 298
1583740 298
1583750 298
1583760 298
1583770 298
1583780 298
1583790 298
1583800 298
1583810 298
1583820 298
1583830 298
1583840 298
1583850 298
1583860 298
1583870 299
1583880 298
1583890 298
1583900 298
1583910 298
1583920 298
1583930 298
1583940 298
1583950 298
1583960 298
1583970 298
1583980 298
1583990 298
1584000 298
1584010 298
1584020 298
1584030 298
1584040 298
1584050 298
1584060 298
1584070 298
1584080 298
1584090 298
1584100 298
1584110 298
1584120 298
1584130 298
1584140 298
1584150 298
1584160 298
1584170 298
1584180 298
1584190 298
1584200 298
1584210 298
1584220 298
1584230 298
1584240 298
1584250 298
1584260 298
1584270 298
1584280 297
1584290 297
1584300 298
1584310 298
1584320 298
1584330 298
1584340 299
1584350 299
1584360 298
1584370 298
1584380 298
1584390 298
1584400 298
1584410 298
1584420 298
1584430 299
1584440 299
1584450 299
1584460 299
1584470 299
1584480 300
1584490 300
1584500 300
1584510 301
1584520 302
1584530 302
1584540 302
1584550 302
1584560 302
1584570 302
1584580 302
1584590 302
1584600 302
1584610 303
1584620 303
1584630 304
1584640 305
1584650 305
1584660 306
1584670 308
1584680 308
1584690 309
1584700 309
1584710 309
1584720 310
1584730 311
1584740 311
1584750 312
1584760 313
1584770 313
1584780 314
1584790 315
1584800 315
1584810 316
1584820 317
1584830 317
1584840 318
1584850 320
1584860 320
1584870 321
1584880 322
1584890 322
1584900 323
1584910 324
1584920 324
1584930 325
1584940 326
1584950 326
1584960 328
1584970 329
1584980 329
1584990 330
1585000 332
1585010 332
1585020 333
1585030 335
1585040 335
1585050 336
1585060 339
1585070 339
1585080 342
1585090 346
1585100 346
1585110 348
1585120 349
1585130 349
1585140 350
1585150 351
1585160 351
1585170 352
1585180 352
1585190 352
1585200 353
1585210 353
1585220 353
1585230 353
1585240 354
1585250 354
1585260 354
1585270 354
1585280 354
1585290 354
1585300 354
1585310 354
1585320 354
1585330 354
1585340 354
1585350 354
1585360 353
1585370 353
1585380 353
1585390 353
1585400 353
1585410 353
1585420 352
1585430 352
1585440 351
1585450 350
1585460 350
1585470 350
1585480 349
1585490 349
1585500 348
1585510 347
1585520 347
1585530 346
1585540 346
1585550 346
1585560 345
1585570 344
1585580 344
1585590 343
1585600 342
1585610 342
1585620 341
1585630 341
1585640 341
1585650 340
1585660 339
1585670 339
1585680 338
1585690 337
1585700 337
1585710 336
1585720 335
1585730 335
1585740 334
1585750 333
1585760 333
1585770 332
1585780 331
1585790 331
1585800 329
1585810 328
1585820 328
1585830 327
1585840 327
1585850 327
1585860 326
1585870 325
1585880 325
1585890 325
1585900 324
1585910 323
1585920 323
1585930 322
1585940 321
1585950 321
1585960 320
1585970 319
1585980 319
1585990 318
1586000 318
1586010 318
1586020 318
1586030 318
1586040 318
1586050 319
1586060 321
1586070 321
1586080 326
1586090 328
1586100 328
1586110 329
1586120 331
1586130 331
1586140 333
1586150 335
1586160 335
1586170 337
1586180 339
1586190 339
1586200 340
1586210 342
1586220 342
1586230 343
1586240 345
1586250 345
1586260 346
1586270 348
1586280 348
1586290 349
1586300 351
1586310 351
1586320 353
1586330 355
1586340 355
1586350 355
1586360 356
1586370 356
1586380 356
1586390 356
1586400 356
1586410 357
1586420 357
1586430 357
1586440 357
1586450 357
1586460 357
1586470 358
1586480 358
1586490 358
1586500 358
1586510 358
1586520 358
1586530 359
1586540 359
1586550 359
1586560 359
1586570 359
1586580 359
1586590 360
1586600 360
1586610 360
1586620 360
1586630 360
1586640 360
1586650 360
1586660 360
1586670 360
1586680 360
1586690 360
1586700 360
1586710 360
1586720 360
1586730 360
1586740 360
1586750 360
1586760 360
1586770 359
1586780 359
1586790 359
1586800 359
1586810 359
1586820 359
1586830 359
1586840 358
1586850 358
1586860 358
1586870 358
1586880 358
1586890 357
1586900 357
1586910 357
1586920 357
1586930 357
1586940 357
1586950 356
1586960 356
1586970 356
1586980 356
1586990 356
1587000 356
1587010 355
1587020 355
1587030 355
1587040 354
1587050 354
1587060 354
1587070 354
1587080 353
1587090 353
1587100 353
1587110 352
1587120 352
1587130 352
1587140 351
1587150 351
1587160 350
1587170 350
1587180 350
1587190 349
1587200 348
1587210 348
1587220 347
1587230 346
1587240 346
1587250 345
1587260 344
1587270 344
1587280 343
1587290 343
1587300 343
1587310 342
1587320 341
1587330 341
1587340 340
1587350 340
1587360 340
1587370 339
1587380 339
1587390 339
1587400 338
1587410 338
1587420 338
1587430 338
1587440 338
1587450 338
1587460 337
1587470 337
1587480 337
1587490 336
1587500 335
1587510 335
1587520 335
1587530 334
1587540 334
1587550 334
1587560 333
1587570 333
1587580 333
1587590 333
1587600 333
1587610 332
1587620 332
1587630 332
1587640 331
1587650 331
1587660 331
1587670 330
1587680 330
1587690 330
1587700 329
1587710 329
1587720 328
1587730 328
1587740 328
1587750 327
1587760 327
1587770 326
1587780 326
1587790 326
1587800 325
1587810 324
1587820 324
1587830 324
1587840 323
1587850 323
1587860 323
1587870 322
1587880 322
1587890 322
1587900 322
1587910 322
1587920 321
1587930 321
1587940 321
1587950 321
1587960 320
1587970 320
1587980 320
1587990 320
1588000 320
1588010 320
1588020 321
1588030 321
1588040 321
1588050 323
1588060 323
1588070 325
1588080 329
1588090 329
1588100 332
1588110 337
1588120 337
1588130 340
1588140 344
1588150 344
1588160 347
1588170 350
1588180 350
1588190 351
1588200 351
1588210 351
1588220 352
1588230 353
1588240 353
1588250 353
1588260 354
1588270 354
1588280 354
1588290 354
1588300 354
1588310 355
1588320 355
1588330 355
1588340 355
1588350 355
1588360 355
1588370 355
1588380 355
1588390 355
1588400 355
1588410 356
1588420 356
1588430 356
1588440 356
1588450 356
1588460 356
1588470 356
1588480 356
1588490 355
1588500 356
1588510 356
1588520 356
1588530 355
1588540 355
1588550 355
1588560 355
1588570 355
1588580 355
1588590 355
1588600 355
1588610 354
1588620 354
1588630 354
1588640 354
1588650 353
1588660 353
1588670 353
1588680 353
1588690 353
1588700 352
1588710 351
1588720 351
1588730 351
1588740 350
1588750 350
1588760 349
1588770 347
1588780 347
1588790 345
1588800 344
1588810 344
1588820 342
1588830 341
1588840 341
1588850 339
1588860 338
1588870 338
1588880 336
1588890 335
1588900 335
1588910 334
1588920 333
1588930 333
1588940 332
1588950 331
1588960 331
1588970 331
1588980 330
1588990 330
1589000 330
1589010 330
1589020 330
1589030 330
1589040 330
1589050 330
1589060 331
1589070 331
1589080 331
1589090 331
1589100 332
1589110 332
1589120 332
1589130 334
1589140 334
1589150 336
1589160 340
1589170 340
1589180 344
1589190 346
1589200 346
1589210 348
1589220 351
1589230 351
1589240 352
1589250 353
1589260 353
1589270 353
1589280 353
1589290 353
1589300 353
1589310 354
1589320 354
1589330 354
1589340 354
1589350 354
1589360 354
1589370 353
1589380 353
1589390 353
1589400 352
1589410 352
1589420 351
1589430 350
1589440 350
1589450 349
1589460 348
1589470 348
1589480 347
1589490 346
1589500 346
1589510 345
1589520 344
1589530 344
1589540 343
1589550 341
1589560 341
1589570 340
1589580 339
1589590 339
1589600 339
1589610 340
1589620 340
1589630 340
1589640 342
1589650 344
1589660 344
1589670 348
1589680 350
1589690 350
1589700 351
1589710 352
1589720 352
1589730 352
1589740 352
1589750 352
1589760 352
1589770 352
1589780 352
1589790 353
1589800 353
1589810 353
1589820 354
1589830 354
1589840 354
1589850 354
1589860 354
1589870 354
1589880 354
1589890 354
1589900 354
1589910 354
1589920 354
1589930 354
1589940 354
1589950 354
1589960 354
1589970 355
1589980 355
1589990 355
1590000 355
1590010 355
1590020 355
1590030 355
1590040 355
1590050 355
1590060 355
1590070 355
1590080 355
1590090 356
1590100 356
1590110 356
1590120 357
1590130 357
1590140 357
1590150 358
1590160 358
1590170 358
1590180 359
1590190 359
1590200 359
1590210 360
1590220 360
1590230 360
1590240 360
1590250 361
1590260 361
1590270 361
1590280 362
1590290 362
1590300 362
1590310 362
1590320 362
1590330 363
1590340 363
1590350 363
1590360 363
1590370 363
1590380 363
1590390 364
1590400 364
1590410 364
1590420 364
1590430 364
1590440 364
1590450 364
1590460 364
1590470 364
1590480 364
1590490 364
1590500 364
1590510 364
1590520 364
1590530 364
1590540 364
1590550 364
1590560 364
1590570 364
1590580 364
1590590 364
1590600 364
1590610 364
1590620 364
1590630 364
1590640 364
1590650 364
1590660 364
1590670 363
1590680 363
1590690 363
1590700 363
1590710 363
1590720 363
1590730 363
1590740 363
1590750 363
1590760 363
1590770 363
1590780 362
1590790 362
1590800 362
1590810 362
1590820 362
1590830 362
1590840 362
1590850 362
1590860 362
1590870 361
1590880 361
1590890 361
1590900 361
1590910 361
1590920 361
1590930 360
1590940 360
1590950 360
1590960 360
1590970 360
1590980 360
1590990 359
1591000 359
1591010 359
1591020 359
1591030 359
1591040 359
1591050 358
1591060 358
1591070 358
1591080 358
1591090 358
1591100 358
1591110 357
1591120 357
1591130 357
1591140 357
1591150 357
1591160 357
1591170 356
1591180 356
1591190 356
1591200 355
1591210 355
1591220 355
1591230 355
1591240 355
1591250 355
1591260 354
1591270 354
1591280 354
1591290 354
1591300 353
1591310 353
1591320 353
1591330 353
1591340 353
1591350 353
1591360 352
1591370 352
1591380 351
1591390 350
1591400 350
1591410 350
1591420 350
1591430 350
1591440 349
1591450 349
1591460 350
1591470 350
1591480 350
1591490 351
1591500 351
1591510 352
1591520 353
1591530 353
1591540 354
1591550 355
1591560 355
1591570 355
1591580 356
1591590 356
1591600 356
1591610 356
1591620 356
1591630 357
1591640 358
1591650 358
1591660 359
1591670 359
1591680 359
1591690 360
1591700 361
1591710 361
1591720 361
1591730 361
1591740 361
1591750 362
1591760 362
1591770 362
1591780 363
1591790 363
1591800 363
1591810 363
1591820 363
1591830 363
1591840 364
1591850 364
1591860 364
1591870 364
1591880 364
1591890 364
1591900 364
1591910 365
1591920 365
1591930 365
1591940 365
1591950 365
1591960 365
1591970 365
1591980 365
1591990 365
1592000 365
1592010 365
1592020 365
1592030 365
1592040 365
1592050 365
1592060 365
1592070 365
1592080 365
1592090 365
1592100 365
1592110 365
1592120 365
1592130 365
1592140 366
1592150 365
1592160 365
1592170 365
1592180 365
1592190 365
1592200 365
1592210 365
1592220 365
1592230 365
1592240 365
1592250 365
1592260 365
1592270 365
1592280 365
1592290 365
1592300 365
1592310 365
1592320 365
1592330 365
1592340 365
1592350 365
1592360 365
1592370 365
1592380 365
1592390 365
1592400 365
1592410 365
1592420 365
1592430 365
1592440 365
1592450 365
1592460 365
1592470 365
1592480 365
1592490 365
1592500 365
1592510 365
1592520 365
1592530 365
1592540 365
1592550 365
1592560 365
1592570 364
1592580 364
1592590 364
1592600 364
1592610 364
1592620 364
1592630 364
1592640 364
1592650 364
1592660 364
1592670 364
1592680 364
1592690 364
1592700 364
1592710 363
1592720 363
1592730 363
1592740 363
1592750 362
1592760 362
1592770 362
1592780 362
1592790 362
1592800 362
1592810 362
1592820 362
1592830 362
1592840 362
1592850 362
1592860 362
1592870 362
1592880 362
1592890 362
1592900 362
1592910 362
1592920 363
1592930 363
1592940 363
1592950 363
1592960 363
1592970 363
1592980 363
1592990 364
1593000 364
1593010 364
1593020 364
1593030 364
1593040 364
1593050 364
1593060 364
1593070 364
1593080 364
1593090 364
1593100 364
1593110 364
1593120 364
1593130 363
1593140 363
1593150 363
1593160 363
1593170 363
1593180 363
1593190 363
1593200 363
1593210 363
1593220 363
1593230 362
1593240 362
1593250 362
1593260 362
1593270 362
1593280 361
1593290 361
1593300 361
1593310 361
1593320 360
1593330 360
1593340 360
1593350 359
1593360 359
1593370 359
1593380 358
1593390 358
1593400 358
1593410 357
1593420 356
1593430 356
1593440 356
1593450 355
1593460 355
1593470 354
1593480 354
1593490 354
1593500 353
1593510 352
1593520 352
1593530 352
1593540 351
1593550 351
1593560 350
1593570 350
1593580 350
1593590 350
1593600 349
1593610 349
1593620 349
1593630 349
1593640 349
1593650 348
1593660 348
1593670 348
1593680 348
1593690 347
1593700 347
1593710 347
1593720 347
1593730 347
1593740 347
1593750 347
1593760 347
1593770 348
1593780 349
1593790 349
1593800 349
1593810 350
1593820 350
1593830 350
1593840 350
1593850 350
1593860 350
1593870 350
1593880 350
1593890 352
1593900 353
1593910 353
1593920 354
1593930 355
1593940 355
1593950 355
1593960 356
1593970 356
1593980 356
1593990 357
1594000 357
1594010 357
1594020 358
1594030 358
1594040 359
1594050 360
1594060 360
1594070 360
1594080 361
1594090 361
1594100 361
1594110 361
1594120 361
1594130 361
1594140 362
1594150 362
1594160 362
1594170 362
1594180 362
1594190 362
1594200 362
1594210 362
1594220 362
1594230 362
1594240 362
1594250 362
1594260 362
1594270 362
1594280 362
1594290 361
1594300 361
1594310 361
1594320 361
1594330 361
1594340 361
1594350 361
1594360 361
1594370 360
1594380 360
1594390 360
1594400 360
1594410 360
1594420 360
1594430 359
1594440 359
1594450 359
1594460 358
1594470 358
1594480 358
1594490 357
1594500 357
1594510 357
1594520 356
1594530 356
1594540 356
1594550 355
1594560 355
1594570 355
1594580 354
1594590 354
1594600 354
1594610 353
1594620 352
1594630 352
1594640 351
1594650 351
1594660 351
1594670 350
1594680 349
1594690 349
1594700 348
1594710 347
1594720 347
1594730 347
1594740 346
1594750 346
1594760 345
1594770 345
1594780 345
1594790 344
1594800 343
1594810 343
1594820 343
1594830 342
1594840 342
1594850 341
1594860 341
1594870 341
1594880 340
1594890 339
1594900 339
1594910 339
1594920 339
1594930 339
1594940 338
1594950 338
1594960 338
1594970 337
1594980 336
1594990 336
1595000 335
1595010 334
1595020 334
1595030 333
1595040 332
1595050 332
1595060 332
1595070 331
1595080 331
1595090 331
1595100 330
1595110 330
1595120 330
1595130 329
1595140 329
1595150 328
1595160 327
1595170 327
1595180 327
1595190 327
1595200 326
1595210 326
1595220 326
1595230 326
1595240 326
1595250 326
1595260 327
1595270 327
1595280 327
1595290 328
1595300 328
1595310 330
1595320 335
1595330 335
1595340 339
1595350 343
1595360 343
1595370 346
1595380 348
1595390 348
1595400 349
1595410 351
1595420 351
1595430 352
1595440 354
1595450 354
1595460 355
1595470 356
1595480 356
1595490 356
1595500 357
1595510 357
1595520 357
1595530 358
1595540 358
1595550 358
1595560 358
1595570 358
1595580 358
1595590 359
1595600 359
1595610 359
1595620 359
1595630 359
1595640 359
1595650 359
1595660 359
1595670 359
1595680 359
1595690 359
1595700 358
1595710 358
1595720 358
1595730 358
1595740 358
1595750 358
1595760 357
1595770 357
1595780 357
1595790 356
1595800 354
1595810 354
1595820 353
1595830 353
1595840 353
1595850 355
1595860 357
1595870 357
1595880 358
1595890 359
1595900 359
1595910 359
1595920 360
1595930 360
1595940 360
1595950 361
1595960 361
1595970 361
1595980 361
1595990 361
1596000 362
1596010 362
1596020 362
1596030 362
1596040 363
1596050 363
1596060 363
1596070 363
1596080 363
1596090 363
1596100 363
1596110 363
1596120 363
1596130 363
1596140 363
1596150 363
1596160 363
1596170 363
1596180 363
1596190 363
1596200 363
1596210 363
1596220 363
1596230 363
1596240 364
1596250 364
1596260 364
1596270 364
1596280 363
1596290 363
1596300 363
1596310 363
1596320 363
1596330 363
1596340 363
1596350 363
1596360 363
1596370 363
1596380 363
1596390 363
1596400 363
1596410 363
1596420 362
1596430 362
1596440 362
1596450 362
1596460 361
1596470 361
1596480 361
1596490 362
1596500 362
1596510 362
1596520 362
1596530 362
1596540 361
1596550 361
1596560 361
1596570 361
1596580 362
1596590 362
1596600 362
1596610 362
1596620 362
1596630 362
1596640 363
1596650 363
1596660 363
1596670 363
1596680 363
1596690 363
1596700 363
1596710 363
1596720 364
1596730 364
1596740 364
1596750 364
1596760 364
1596770 364
1596780 364
1596790 364
1596800 364
1596810 364
1596820 364
1596830 364
1596840 364
1596850 364
1596860 364
1596870 364
1596880 364
1596890 364
1596900 364
1596910 364
1596920 364
1596930 364
1596940 364
1596950 364
1596960 364
1596970 364
1596980 364
1596990 364
1597000 363
1597010 363
1597020 363
1597030 363
1597040 363
1597050 363
1597060 363
1597070 363
1597080 363
1597090 363
1597100 362
1597110 362
1597120 362
1597130 362
1597140 362
1597150 362
1597160 362
1597170 362
1597180 362
1597190 362
1597200 362
1597210 362
1597220 361
1597230 361
1597240 361
1597250 361
1597260 361
1597270 361
1597280 360
1597290 360
1597300 360
1597310 360
1597320 360
1597330 360
1597340 359
1597350 359
1597360 359
1597370 359
1597380 359
1597390 359
1597400 359
1597410 359
1597420 360
1597430 360
1597440 360
1597450 360
1597460 361
1597470 361
1597480 361
1597490 361
1597500 361
1597510 362
1597520 362
1597530 362
1597540 362
1597550 362
1597560 362
1597570 363
1597580 363
1597590 363
1597600 363
1597610 363
1597620 363
1597630 363
1597640 363
1597650 363
1597660 363
1597670 363
1597680 363
1597690 363
1597700 363
1597710 363
1597720 364
1597730 364
1597740 364
1597750 363
1597760 363
1597770 363
1597780 363
1597790 364
1597800 364
1597810 364
1597820 364
1597830 364
1597840 363
1597850 363
1597860 363
1597870 363
1597880 363
1597890 363
1597900 363
1597910 363
1597920 363
1597930 363
1597940 363
1597950 363
1597960 363
1597970 363
1597980 363
1597990 363
1598000 363
1598010 363
1598020 363
1598030 363
1598040 363
1598050 363
1598060 363
1598070 363
1598080 363
1598090 363
1598100 363
1598110 363
1598120 363
1598130 363
1598140 363
1598150 363
1598160 363
1598170 363
1598180 363
1598190 363
1598200 362
1598210 362
1598220 362
1598230 362
1598240 362
1598250 362
1598260 362
1598270 362
1598280 362
1598290 362
1598300 362
1598310 362
1598320 362
1598330 362
1598340 362
1598350 362
1598360 362
1598370 362
1598380 362
1598390 362
1598400 362
1598410 362
1598420 362
1598430 362
1598440 362
1598450 362
1598460 362
1598470 362
1598480 362
1598490 362
1598500 362
1598510 362
1598520 362
1598530 362
1598540 362
1598550 362
1598560 362
1598570 362
1598580 362
1598590 362
1598600 362
1598610 362
1598620 362
1598630 361
1598640 361
1598650 361
1598660 361
1598670 361
1598680 361
1598690 361
1598700 361
1598710 361
1598720 361
1598730 361
1598740 361
1598750 361
1598760 361
1598770 360
1598780 360
1598790 360
1598800 360
1598810 360
1598820 360
1598830 360
1598840 360
1598850 360
1598860 360
1598870 359
1598880 359
1598890 359
1598900 359
1598910 359
1598920 359
1598930 358
1598940 358
1598950 358
1598960 357
1598970 357
1598980 357
1598990 356
1599000 356
1599010 356
1599020 355
1599030 355
1599040 355
1599050 354
1599060 353
1599070 353
1599080 352
1599090 351
1599100 351
1599110 350
1599120 349
1599130 349
1599140 348
1599150 346
1599160 346
1599170 345
1599180 345
1599190 345
1599200 345
1599210 345
1599220 345
1599230 344
1599240 345
1599250 345
1599260 345
1599270 345
1599280 345
1599290 345
1599300 345
1599310 345
1599320 345
1599330 344
1599340 344
1599350 344
1599360 344
1599370 344
1599380 343
1599390 343
1599400 343
1599410 343
1599420 343
1599430 343
1599440 343
1599450 342
1599460 342
1599470 341
1599480 340
1599490 340
1599500 339
1599510 339
1599520 339
1599530 339
1599540 338
1599550 338
1599560 337
1599570 336
1599580 336
1599590 336
1599600 336
1599610 336
1599620 336
1599630 336
1599640 336
1599650 336
1599660 336
1599670 336
1599680 336
1599690 336
1599700 336
1599710 335
1599720 335
1599730 335
1599740 335
1599750 335
1599760 335
1599770 334
1599780 334
1599790 334
1599800 334
1599810 333
1599820 333
1599830 332
1599840 332
1599850 332
1599860 331
1599870 331
1599880 331
1599890 330
1599900 329
1599910 329
1599920 329
1599930 329
1599940 329
1599950 328
1599960 328
1599970 328
1599980 327
1599990 327
