1580000 365
1580010 365
1580020 365
1580030 365
1580040 365
1580050 365
1580060 365
1580070 365
1580080 365
1580090 365
1580100 365
1580110 365
1580120 365
1580130 365
1580140 365
1580150 365
1580160 365
1580170 365
1580180 365
1580190 365
1580200 364
1580210 364
1580220 364
1580230 364
1580240 364
1580250 364
1580260 364
1580270 364
1580280 364
1580290 364
1580300 364
1580310 364
1580320 364
1580330 364
1580340 364
1580350 364
1580360 364
1580370 364
1580380 364
1580390 364
1580400 364
1580410 364
1580420 364
1580430 364
1580440 364
1580450 364
1580460 364
1580470 364
1580480 363
1580490 363
1580500 363
1580510 363
1580520 363
1580530 363
1580540 363
1580550 363
1580560 363
1580570 363
1580580 363
1580590 363
1580600 363
1580610 363
1580620 363
1580630 363
1580640 363
1580650 363
1580660 362
1580670 362
1580680 362
1580690 362
1580700 362
1580710 362
1580720 362
1580730 362
1580740 361
1580750 361
1580760 361
1580770 361
1580780 361
1580790 361
1580800 361
1580810 360
1580820 360
1580830 360
1580840 360
1580850 360
1580860 359
1580870 359
1580880 359
1580890 359
1580900 359
1580910 359
1580920 358
1580930 358
1580940 358
1580950 358
1580960 357
1580970 357
1580980 357
1580990 357
1581000 357
1581010 356
1581020 356
1581030 356
1581040 356
1581050 355
1581060 355
1581070 355
1581080 354
1581090 354
1581100 354
1581110 353
1581120 353
1581130 353
1581140 352
1581150 352
1581160 352
1581170 352
1581180 352
1581190 351
1581200 351
1581210 351
1581220 350
1581230 349
1581240 349
1581250 349
1581260 347
1581270 347
1581280 346
1581290 345
1581300 345
1581310 344
1581320 343
1581330 343
1581340 342
1581350 340
1581360 340
1581370 339
1581380 337
1581390 337
1581400 336
1581410 335
1581420 334
1581430 334
1581440 333
1581450 332
1581460 332
1581470 330
1581480 329
1581490 329
1581500 328
1581510 327
1581520 327
1581530 325
1581540 323
1581550 323
1581560 322
1581570 321
1581580 322
1581590 323
1581600 325
1581610 325
1581620 325
1581630 326
1581640 326
1581650 327
1581660 328
1581670 328
1581680 330
1581690 331
1581700 331
1581710 332
1581720 333
1581730 333
1581740 334
1581750 335
1581760 335
1581770 336
1581780 336
1581790 336
1581800 337
1581810 337
1581820 337
1581830 338
1581840 338
1581850 338
1581860 338
1581870 339
1581880 339
1581890 339
1581900 339
1581910 339
1581920 339
1581930 339
1581940 339
1581950 339
1581960 339
1581970 339
1581980 340
1581990 340
1582000 340
1582010 340
1582020 340
1582030 340
1582040 340
1582050 340
1582060 340
1582070 340
1582080 340
1582090 340
1582100 340
1582110 340
1582120 340
1582130 339
1582140 339
1582150 339
1582160 339
1582170 339
1582180 339
1582190 338
1582200 338
1582210 338
1582220 338
1582230 337
1582240 337
1582250 337
1582260 336
1582270 336
1582280 336
1582290 335
1582300 335
1582310 334
1582320 334
1582330 334
1582340 333
1582350 332
1582360 332
1582370 331
1582380 330
1582390 330
1582400 330
1582410 329
1582420 329
1582430 328
1582440 327
1582450 327
1582460 326
1582470 325
1582480 325
1582490 325
1582500 323
1582510 323
1582520 321
1582530 321
1582540 321
1582550 320
1582560 319
1582570 319
1582580 319
1582590 317
1582600 317
1582610 317
1582620 317
1582630 317
1582640 316
1582650 315
1582660 315
1582670 314
1582680 313
1582690 313
1582700 313
1582710 313
1582720 313
1582730 312
1582740 312
1582750 312
1582760 311
1582770 310
1582780 310
1582790 310
1582800 309
1582810 309
1582820 309
1582830 308
1582840 308
1582850 308
1582860 308
1582870 308
1582880 307
1582890 307
1582900 307
1582910 307
1582920 306
1582930 306
1582940 306
1582950 306
1582960 306
1582970 305
1582980 305
1582990 305
1583000 305
1583010 304
1583020 304
1583030 304
1583040 304
1583050 304
1583060 302
1583070 302
1583080 302
1583090 301
1583100 301
1583110 301
1583120 301
1583130 300
1583140 300
1583150 299
1583160 299
1583170 299
1583180 299
1583190 300
1583200 300
1583210 300
1583220 300
1583230 300
1583240 300
1583250 301
1583260 301
1583270 301
1583280 301
1583290 301
1583300 301
1583310 301
1583320 301
1583330 301
1583340 300
1583350 300
1583360 299
1583370 299
1583380 299
1583390 298
1583400 298
1583410 298
1583420 298
1583430 298
1583440 298
1583450 298
1583460 298
1583470 298
1583480 297
1583490 297
1583500 297
1583510 297
1583520 298
1583530 298
1583540 298
1583550 297
1583560 297
1583570 297
1583580 296
1583590 296
1583600 296
1583610 296
1583620 296
1583630 296
1583640 296
1583650 296
1583660 296
1583670 295
1583680 295
1583690 295
1583700 295
1583710 294
1583720 294
1583730 294
1583740 295
1583750 295
1583760 295
1583770 295
1583780 295
1583790 295
1583800 294
1583810 294
1583820 294
1583830 295
1583840 295
1583850 295
1583860 295
1583870 295
1583880 296
1583890 295
1583900 295
1583910 295
1583920 295
1583930 295
1583940 295
1583950 295
1583960 295
1583970 295
1583980 293
1583990 293
1584000 293
1584010 294
1584020 294
1584030 294
1584040 293
1584050 293
1584060 293
1584070 293
1584080 293
1584090 293
1584100 292
1584110 292
1584120 292
1584130 292
1584140 292
1584150 292
1584160 292
1584170 292
1584180 292
1584190 292
1584200 292
1584210 292
1584220 292
1584230 292
1584240 292
1584250 292
1584260 292
1584270 292
1584280 292
1584290 292
1584300 292
1584310 292
1584320 292
1584330 292
1584340 292
1584350 292
1584360 292
1584370 292
1584380 292
1584390 293
1584400 292
1584410 292
1584420 291
1584430 289
1584440 289
1584450 290
1584460 292
1584470 292
1584480 293
1584490 293
1584500 293
1584510 293
1584520 293
1584530 293
1584540 293
1584550 293
1584560 293
1584570 293
1584580 293
1584590 293
1584600 293
1584610 293
1584620 293
1584630 293
1584640 293
1584650 293
1584660 293
1584670 293
1584680 293
1584690 293
1584700 293
1584710 293
1584720 293
1584730 294
1584740 294
1584750 294
1584760 294
1584770 294
1584780 294
1584790 294
1584800 294
1584810 293
1584820 293
1584830 293
1584840 293
1584850 293
1584860 293
1584870 293
1584880 293
1584890 293
1584900 293
1584910 294
1584920 294
1584930 295
1584940 295
1584950 295
1584960 296
1584970 298
1584980 298
1584990 299
1585000 301
1585010 301
1585020 303
1585030 304
1585040 304
1585050 305
1585060 305
1585070 305
1585080 306
1585090 306
1585100 306
1585110 306
1585120 307
1585130 307
1585140 307
1585150 308
1585160 308
1585170 308
1585180 309
1585190 309
1585200 309
1585210 309
1585220 309
1585230 310
1585240 310
1585250 310
1585260 310
1585270 310
1585280 310
1585290 311
1585300 311
1585310 311
1585320 311
1585330 312
1585340 312
1585350 312
1585360 312
1585370 312
1585380 313
1585390 313
1585400 313
1585410 313
1585420 314
1585430 314
1585440 314
1585450 315
1585460 315
1585470 315
1585480 315
1585490 315
1585500 316
1585510 316
1585520 316
1585530 317
1585540 317
1585550 317
1585560 318
1585570 318
1585580 318
1585590 318
1585600 319
1585610 319
1585620 319
1585630 320
1585640 320
1585650 320
1585660 321
1585670 321
1585680 321
1585690 322
1585700 322
1585710 322
1585720 323
1585730 324
1585740 324
1585750 324
1585760 325
1585770 325
1585780 325
1585790 326
1585800 326
1585810 327
1585820 327
1585830 327
1585840 328
1585850 328
1585860 328
1585870 329
1585880 330
1585890 330
1585900 330
1585910 331
1585920 331
1585930 332
1585940 332
1585950 332
1585960 333
1585970 334
1585980 334
1585990 334
1586000 335
1586010 335
1586020 336
1586030 336
1586040 336
1586050 337
1586060 337
1586070 337
1586080 338
1586090 338
1586100 338
1586110 339
1586120 339
1586130 339
1586140 340
1586150 341
1586160 341
1586170 341
1586180 342
1586190 342
1586200 343
1586210 343
1586220 343
1586230 344
1586240 344
1586250 344
1586260 345
1586270 345
1586280 345
1586290 346
1586300 346
1586310 346
1586320 346
1586330 347
1586340 347
1586350 347
1586360 347
1586370 347
1586380 347
1586390 348
1586400 348
1586410 348
1586420 348
1586430 348
1586440 348
1586450 348
1586460 348
1586470 348
1586480 348
1586490 348
1586500 348
1586510 348
1586520 348
1586530 348
1586540 347
1586550 347
1586560 347
1586570 346
1586580 346
1586590 346
1586600 345
1586610 345
1586620 344
1586630 343
1586640 343
1586650 342
1586660 341
1586670 341
1586680 339
1586690 338
1586700 338
1586710 336
1586720 335
1586730 335
1586740 334
1586750 333
1586760 333
1586770 331
1586780 330
1586790 330
1586800 328
1586810 327
1586820 327
1586830 326
1586840 325
1586850 325
1586860 324
1586870 323
1586880 323
1586890 323
1586900 322
1586910 322
1586920 321
1586930 320
1586940 320
1586950 319
1586960 318
1586970 318
1586980 317
1586990 316
1587000 316
1587010 316
1587020 315
1587030 315
1587040 314
1587050 314
1587060 314
1587070 313
1587080 312
1587090 312
1587100 311
1587110 310
1587120 310
1587130 309
1587140 308
1587150 308
1587160 307
1587170 307
1587180 307
1587190 307
1587200 307
1587210 307
1587220 306
1587230 306
1587240 306
1587250 306
1587260 307
1587270 307
1587280 308
1587290 310
1587300 310
1587310 312
1587320 314
1587330 314
1587340 315
1587350 317
1587360 317
1587370 318
1587380 320
1587390 320
1587400 322
1587410 323
1587420 323
1587430 324
1587440 325
1587450 325
1587460 326
1587470 327
1587480 327
1587490 329
1587500 330
1587510 330
1587520 331
1587530 332
1587540 332
1587550 333
1587560 334
1587570 334
1587580 335
1587590 336
1587600 336
1587610 338
1587620 339
1587630 339
1587640 340
1587650 342
1587660 343
1587670 343
1587680 343
1587690 344
1587700 344
1587710 345
1587720 346
1587730 346
1587740 346
1587750 347
1587760 347
1587770 348
1587780 348
1587790 348
1587800 349
1587810 349
1587820 349
1587830 349
1587840 350
1587850 350
1587860 350
1587870 350
1587880 350
1587890 350
1587900 351
1587910 351
1587920 351
1587930 352
1587940 352
1587950 352
1587960 353
1587970 353
1587980 353
1587990 354
1588000 354
1588010 354
1588020 354
1588030 354
1588040 355
1588050 355
1588060 355
1588070 356
1588080 356
1588090 356
1588100 356
1588110 356
1588120 356
1588130 356
1588140 357
1588150 357
1588160 357
1588170 357
1588180 357
1588190 357
1588200 357
1588210 357
1588220 357
1588230 357
1588240 357
1588250 357
1588260 357
1588270 357
1588280 357
1588290 357
1588300 357
1588310 357
1588320 357
1588330 357
1588340 357
1588350 357
1588360 357
1588370 357
1588380 357
1588390 357
1588400 357
1588410 357
1588420 357
1588430 357
1588440 357
1588450 357
1588460 357
1588470 356
1588480 356
1588490 356
1588500 356
1588510 356
1588520 356
1588530 355
1588540 355
1588550 355
1588560 355
1588570 355
1588580 355
1588590 355
1588600 355
1588610 354
1588620 354
1588630 354
1588640 354
1588650 354
1588660 354
1588670 354
1588680 354
1588690 354
1588700 354
1588710 354
1588720 354
1588730 354
1588740 353
1588750 353
1588760 353
1588770 353
1588780 353
1588790 353
1588800 353
1588810 353
1588820 353
1588830 353
1588840 353
1588850 353
1588860 353
1588870 353
1588880 352
1588890 352
1588900 352
1588910 352
1588920 351
1588930 351
1588940 352
1588950 352
1588960 352
1588970 352
1588980 352
1588990 352
1589000 352
1589010 352
1589020 352
1589030 352
1589040 352
1589050 352
1589060 352
1589070 351
1589080 351
1589090 351
1589100 350
1589110 350
1589120 350
1589130 350
1589140 350
1589150 350
1589160 349
1589170 349
1589180 349
1589190 348
1589200 348
1589210 347
1589220 347
1589230 347
1589240 347
1589250 347
1589260 347
1589270 347
1589280 346
1589290 347
1589300 346
1589310 344
1589320 344
1589330 343
1589340 343
1589350 343
1589360 342
1589370 341
1589380 341
1589390 340
1589400 339
1589410 339
1589420 338
1589430 337
1589440 337
1589450 336
1589460 336
1589470 336
1589480 335
1589490 334
1589500 334
1589510 333
1589520 333
1589530 333
1589540 333
1589550 332
1589560 332
1589570 332
1589580 331
1589590 331
1589600 331
1589610 330
1589620 330
1589630 330
1589640 329
1589650 329
1589660 329
1589670 328
1589680 328
1589690 327
1589700 326
1589710 326
1589720 325
1589730 324
1589740 324
1589750 324
1589760 323
1589770 322
1589780 322
1589790 322
1589800 321
1589810 321
1589820 320
1589830 320
1589840 320
1589850 319
1589860 317
1589870 317
1589880 317
1589890 317
1589900 317
1589910 317
1589920 317
1589930 317
1589940 317
1589950 317
1589960 317
1589970 317
1589980 318
1589990 318
1590000 320
1590010 322
1590020 322
1590030 323
1590040 325
1590050 325
1590060 327
1590070 329
1590080 329
1590090 331
1590100 334
1590110 334
1590120 337
1590130 341
1590140 341
1590150 342
1590160 342
1590170 342
1590180 342
1590190 342
1590200 342
1590210 342
1590220 342
1590230 342
1590240 341
1590250 340
1590260 340
1590270 339
1590280 338
1590290 338
1590300 337
1590310 336
1590320 336
1590330 335
1590340 334
1590350 334
1590360 334
1590370 333
1590380 333
1590390 332
1590400 332
1590410 332
1590420 331
1590430 330
1590440 330
1590450 329
1590460 327
1590470 327
1590480 327
1590490 327
1590500 327
1590510 328
1590520 327
1590530 327
1590540 327
1590550 327
1590560 327
1590570 328
1590580 330
1590590 330
1590600 331
1590610 333
1590620 333
1590630 335
1590640 337
1590650 337
1590660 338
1590670 339
1590680 339
1590690 340
1590700 341
1590710 341
1590720 342
1590730 342
1590740 342
1590750 342
1590760 343
1590770 343
1590780 344
1590790 345
1590800 345
1590810 347
1590820 348
1590830 348
1590840 349
1590850 350
1590860 350
1590870 350
1590880 351
1590890 351
1590900 351
1590910 352
1590920 352
1590930 352
1590940 352
1590950 352
1590960 353
1590970 353
1590980 353
1590990 353
1591000 353
1591010 353
1591020 353
1591030 353
1591040 353
1591050 353
1591060 353
1591070 353
1591080 353
1591090 353
1591100 353
1591110 353
1591120 353
1591130 353
1591140 353
1591150 352
1591160 352
1591170 352
1591180 352
1591190 352
1591200 351
1591210 351
1591220 351
1591230 351
1591240 350
1591250 350
1591260 350
1591270 350
1591280 350
1591290 349
1591300 349
1591310 349
1591320 348
1591330 348
1591340 348
1591350 348
1591360 347
1591370 347
1591380 347
1591390 346
1591400 346
1591410 346
1591420 346
1591430 346
1591440 345
1591450 345
1591460 345
1591470 344
1591480 344
1591490 344
1591500 344
1591510 344
1591520 344
1591530 344
1591540 344
1591550 344
1591560 344
1591570 344
1591580 344
1591590 344
1591600 344
1591610 344
1591620 344
1591630 344
1591640 344
1591650 345
1591660 345
1591670 345
1591680 345
1591690 346
1591700 346
1591710 346
1591720 347
1591730 347
1591740 348
1591750 348
1591760 348
1591770 349
1591780 349
1591790 350
1591800 350
1591810 350
1591820 350
1591830 350
1591840 350
1591850 351
1591860 351
1591870 351
1591880 351
1591890 351
1591900 351
1591910 351
1591920 351
1591930 351
1591940 352
1591950 352
1591960 351
1591970 351
1591980 351
1591990 351
1592000 350
1592010 350
1592020 350
1592030 350
1592040 350
1592050 349
1592060 348
1592070 348
1592080 348
1592090 347
1592100 347
1592110 346
1592120 346
1592130 346
1592140 345
1592150 344
1592160 344
1592170 343
1592180 342
1592190 342
1592200 342
1592210 342
1592220 342
1592230 343
1592240 345
1592250 345
1592260 346
1592270 348
1592280 348
1592290 349
1592300 350
1592310 350
1592320 351
1592330 352
1592340 352
1592350 352
1592360 353
1592370 353
1592380 353
1592390 353
1592400 353
1592410 354
1592420 354
1592430 354
1592440 354
1592450 355
1592460 355
1592470 355
1592480 355
1592490 355
1592500 356
1592510 356
1592520 356
1592530 356
1592540 356
1592550 356
1592560 357
1592570 357
1592580 357
1592590 357
1592600 357
1592610 357
1592620 357
1592630 357
1592640 357
1592650 357
1592660 358
1592670 358
1592680 358
1592690 358
1592700 358
1592710 358
1592720 358
1592730 358
1592740 358
1592750 358
1592760 358
1592770 358
1592780 358
1592790 358
1592800 358
1592810 357
1592820 357
1592830 357
1592840 357
1592850 357
1592860 357
1592870 357
1592880 357
1592890 357
1592900 357
1592910 357
1592920 357
1592930 357
1592940 357
1592950 356
1592960 356
1592970 356
1592980 356
1592990 356
1593000 356
1593010 355
1593020 355
1593030 355
1593040 355
1593050 355
1593060 355
1593070 354
1593080 354
1593090 354
1593100 354
1593110 354
1593120 354
1593130 354
1593140 353
1593150 353
1593160 353
1593170 353
1593180 353
1593190 354
1593200 354
1593210 354
1593220 354
1593230 354
1593240 354
1593250 354
1593260 354
1593270 354
1593280 355
1593290 355
1593300 355
1593310 355
1593320 356
1593330 356
1593340 355
1593350 355
1593360 355
1593370 355
1593380 355
1593390 355
1593400 354
1593410 354
1593420 354
1593430 354
1593440 354
1593450 354
1593460 354
1593470 354
1593480 354
1593490 355
1593500 355
1593510 355
1593520 355
1593530 355
1593540 355
1593550 355
1593560 355
1593570 355
1593580 355
1593590 355
1593600 355
1593610 355
1593620 355
1593630 355
1593640 354
1593650 355
1593660 355
1593670 354
1593680 354
1593690 354
1593700 354
1593710 354
1593720 354
1593730 354
1593740 353
1593750 353
1593760 353
1593770 353
1593780 353
1593790 353
1593800 353
1593810 353
1593820 353
1593830 353
1593840 353
1593850 352
1593860 352
1593870 352
1593880 352
1593890 352
1593900 351
1593910 351
1593920 351
1593930 351
1593940 351
1593950 351
1593960 350
1593970 350
1593980 350
1593990 349
1594000 349
1594010 349
1594020 348
1594030 348
1594040 348
1594050 347
1594060 347
1594070 346
1594080 345
1594090 345
1594100 344
1594110 342
1594120 342
1594130 342
1594140 341
1594150 341
1594160 341
1594170 340
1594180 340
1594190 339
1594200 337
1594210 337
1594220 336
1594230 335
1594240 335
1594250 334
1594260 333
1594270 333
1594280 332
1594290 331
1594300 331
1594310 330
1594320 330
1594330 330
1594340 329
1594350 328
1594360 328
1594370 328
1594380 327
1594390 327
1594400 326
1594410 326
1594420 326
1594430 325
1594440 324
1594450 324
1594460 323
1594470 322
1594480 322
1594490 321
1594500 319
1594510 319
1594520 318
1594530 318
1594540 318
1594550 317
1594560 316
1594570 316
1594580 315
1594590 315
1594600 315
1594610 314
1594620 314
1594630 314
1594640 314
1594650 313
1594660 313
1594670 313
1594680 313
1594690 313
1594700 313
1594710 313
1594720 313
1594730 314
1594740 316
1594750 316
1594760 318
1594770 320
1594780 320
1594790 323
1594800 325
1594810 325
1594820 326
1594830 328
1594840 328
1594850 330
1594860 332
1594870 332
1594880 332
1594890 333
1594900 333
1594910 333
1594920 333
1594930 333
1594940 333
1594950 333
1594960 333
1594970 333
1594980 333
1594990 333
1595000 333
1595010 334
1595020 334
1595030 334
1595040 334
1595050 334
1595060 334
1595070 336
1595080 336
1595090 338
1595100 338
1595110 338
1595120 338
1595130 338
1595140 338
1595150 338
1595160 338
1595170 338
1595180 338
1595190 339
1595200 339
1595210 341
1595220 342
1595230 342
1595240 344
1595250 345
1595260 345
1595270 346
1595280 347
1595290 347
1595300 348
1595310 349
1595320 349
1595330 350
1595340 350
1595350 350
1595360 351
1595370 351
1595380 351
1595390 352
1595400 352
1595410 352
1595420 353
1595430 353
1595440 353
1595450 353
1595460 354
1595470 354
1595480 354
1595490 354
1595500 354
1595510 355
1595520 355
1595530 355
1595540 355
1595550 355
1595560 355
1595570 355
1595580 355
1595590 355
1595600 355
1595610 355
1595620 355
1595630 355
1595640 355
1595650 355
1595660 355
1595670 355
1595680 355
1595690 355
1595700 355
1595710 355
1595720 355
1595730 355
1595740 355
1595750 355
1595760 355
1595770 355
1595780 355
1595790 355
1595800 355
1595810 355
1595820 355
1595830 355
1595840 355
1595850 355
1595860 355
1595870 355
1595880 355
1595890 355
1595900 355
1595910 355
1595920 355
1595930 355
1595940 355
1595950 355
1595960 355
1595970 355
1595980 355
1595990 355
1596000 355
1596010 355
1596020 355
1596030 355
1596040 355
1596050 355
1596060 354
1596070 354
1596080 354
1596090 354
1596100 354
1596110 354
1596120 354
1596130 354
1596140 354
1596150 353
1596160 353
1596170 353
1596180 353
1596190 353
1596200 353
1596210 352
1596220 352
1596230 352
1596240 352
1596250 351
1596260 351
1596270 351
1596280 351
1596290 351
1596300 350
1596310 350
1596320 350
1596330 351
1596340 351
1596350 351
1596360 351
1596370 351
1596380 351
1596390 352
1596400 352
1596410 352
1596420 352
1596430 353
1596440 353
1596450 353
1596460 353
1596470 353
1596480 353
1596490 353
1596500 353
1596510 353
1596520 353
1596530 353
1596540 354
1596550 354
1596560 354
1596570 354
1596580 354
1596590 354
1596600 354
1596610 355
1596620 355
1596630 355
1596640 355
1596650 355
1596660 355
1596670 355
1596680 355
1596690 355
1596700 355
1596710 355
1596720 355
1596730 355
1596740 355
1596750 355
1596760 355
1596770 355
1596780 355
1596790 355
1596800 355
1596810 355
1596820 355
1596830 355
1596840 355
1596850 355
1596860 355
1596870 355
1596880 355
1596890 355
1596900 354
1596910 354
1596920 354
1596930 354
1596940 354
1596950 354
1596960 354
1596970 354
1596980 354
1596990 354
1597000 354
1597010 354
1597020 354
1597030 354
1597040 354
1597050 353
1597060 353
1597070 353
1597080 353
1597090 353
1597100 353
1597110 353
1597120 352
1597130 352
1597140 352
1597150 352
1597160 352
1597170 352
1597180 351
1597190 351
1597200 351
1597210 351
1597220 351
1597230 350
1597240 350
1597250 350
1597260 350
1597270 349
1597280 349
1597290 349
1597300 348
1597310 348
1597320 347
1597330 347
1597340 347
1597350 346
1597360 345
1597370 345
1597380 344
1597390 344
1597400 344
1597410 342
1597420 341
1597430 341
1597440 341
1597450 340
1597460 340
1597470 340
1597480 341
1597490 341
1597500 342
1597510 342
1597520 342
1597530 343
1597540 344
1597550 344
1597560 345
1597570 345
1597580 345
1597590 346
1597600 347
1597610 347
1597620 347
1597630 347
1597640 347
1597650 348
1597660 348
1597670 348
1597680 349
1597690 349
1597700 349
1597710 350
1597720 350
1597730 350
1597740 350
1597750 351
1597760 351
1597770 351
1597780 352
1597790 352
1597800 352
1597810 352
1597820 352
1597830 353
1597840 353
1597850 353
1597860 353
1597870 353
1597880 353
1597890 353
1597900 354
1597910 354
1597920 354
1597930 354
1597940 354
1597950 354
1597960 354
1597970 354
1597980 354
1597990 354
1598000 354
1598010 354
1598020 354
1598030 354
1598040 354
1598050 354
1598060 354
1598070 354
1598080 354
1598090 354
1598100 354
1598110 354
1598120 354
1598130 354
1598140 354
1598150 354
1598160 354
1598170 354
1598180 354
1598190 354
1598200 354
1598210 354
1598220 354
1598230 354
1598240 354
1598250 354
1598260 354
1598270 354
1598280 354
1598290 354
1598300 354
1598310 354
1598320 354
1598330 354
1598340 354
1598350 354
1598360 353
1598370 353
1598380 353
1598390 353
1598400 353
1598410 353
1598420 353
1598430 353
1598440 353
1598450 353
1598460 353
1598470 353
1598480 352
1598490 352
1598500 352
1598510 352
1598520 352
1598530 352
1598540 352
1598550 352
1598560 351
1598570 351
1598580 351
1598590 351
1598600 351
1598610 351
1598620 350
1598630 350
1598640 350
1598650 350
1598660 349
1598670 349
1598680 349
1598690 349
1598700 349
1598710 349
1598720 348
1598730 348
1598740 348
1598750 348
1598760 348
1598770 348
1598780 348
1598790 348
1598800 348
1598810 347
1598820 347
1598830 347
1598840 347
1598850 347
1598860 347
1598870 346
1598880 346
1598890 346
1598900 346
1598910 346
1598920 345
1598930 345
1598940 345
1598950 344
1598960 344
1598970 344
1598980 343
1598990 343
1599000 343
1599010 342
1599020 341
1599030 341
1599040 341
1599050 340
1599060 340
1599070 339
1599080 339
1599090 339
1599100 338
1599110 338
1599120 338
1599130 337
1599140 337
1599150 337
1599160 336
1599170 335
1599180 335
1599190 334
1599200 333
1599210 333
1599220 332
1599230 331
1599240 331
1599250 331
1599260 331
1599270 331
1599280 330
1599290 329
1599300 329
1599310 329
1599320 329
1599330 329
1599340 328
1599350 328
1599360 328
1599370 328
1599380 329
1599390 329
1599400 329
1599410 329
1599420 329
1599430 329
1599440 329
1599450 329
1599460 331
1599470 335
1599480 335
1599490 339
1599500 341
1599510 341
1599520 342
1599530 342
1599540 342
1599550 343
1599560 344
1599570 344
1599580 345
1599590 345
1599600 345
1599610 346
1599620 346
1599630 346
1599640 346
1599650 347
1599660 347
1599670 347
1599680 347
1599690 347
1599700 346
1599710 346
1599720 346
1599730 346
1599740 346
1599750 346
1599760 346
1599770 346
1599780 346
1599790 346
1599800 346
1599810 346
1599820 346
1599830 345
1599840 345
1599850 345
1599860 344
1599870 344
1599880 344
1599890 343
1599900 343
1599910 343
1599920 342
1599930 342
1599940 342
1599950 341
1599960 341
1599970 340
1599980 339
1599990 339
