1580000 333
1580010 333
1580020 335
1580030 337
1580040 337
1580050 339
1580060 341
1580070 341
1580080 343
1580090 345
1580100 345
1580110 346
1580120 347
1580130 347
1580140 348
1580150 348
1580160 348
1580170 349
1580180 349
1580190 349
1580200 349
1580210 350
1580220 350
1580230 350
1580240 351
1580250 351
1580260 351
1580270 351
1580280 351
1580290 352
1580300 352
1580310 352
1580320 352
1580330 353
1580340 353
1580350 353
1580360 353
1580370 353
1580380 354
1580390 354
1580400 354
1580410 355
1580420 355
1580430 355
1580440 355
1580450 355
1580460 355
1580470 355
1580480 355
1580490 355
1580500 355
1580510 355
1580520 355
1580530 355
1580540 355
1580550 355
1580560 355
1580570 355
1580580 355
1580590 354
1580600 354
1580610 354
1580620 354
1580630 353
1580640 353
1580650 353
1580660 353
1580670 353
1580680 353
1580690 352
1580700 352
1580710 352
1580720 351
1580730 351
1580740 351
1580750 350
1580760 350
1580770 349
1580780 349
1580790 349
1580800 348
1580810 348
1580820 348
1580830 347
1580840 346
1580850 346
1580860 346
1580870 345
1580880 345
1580890 344
1580900 343
1580910 343
1580920 342
1580930 341
1580940 341
1580950 340
1580960 339
1580970 339
1580980 339
1580990 339
1581000 339
1581010 338
1581020 339
1581030 339
1581040 339
1581050 339
1581060 339
1581070 339
1581080 340
1581090 340
1581100 341
1581110 342
1581120 342
1581130 344
1581140 345
1581150 345
1581160 347
1581170 348
1581180 348
1581190 349
1581200 349
1581210 349
1581220 350
1581230 350
1581240 350
1581250 351
1581260 352
1581270 352
1581280 352
1581290 352
1581300 352
1581310 352
1581320 352
1581330 352
1581340 352
1581350 352
1581360 352
1581370 353
1581380 353
1581390 353
1581400 354
1581410 354
1581420 354
1581430 354
1581440 353
1581450 353
1581460 353
1581470 353
1581480 353
1581490 353
1581500 352
1581510 352
1581520 353
1581530 353
1581540 353
1581550 353
1581560 353
1581570 353
1581580 354
1581590 354
1581600 354
1581610 355
1581620 355
1581630 355
1581640 355
1581650 356
1581660 356
1581670 356
1581680 356
1581690 356
1581700 357
1581710 357
1581720 357
1581730 357
1581740 357
1581750 357
1581760 358
1581770 358
1581780 358
1581790 358
1581800 358
1581810 358
1581820 358
1581830 358
1581840 358
1581850 358
1581860 358
1581870 358
1581880 358
1581890 358
1581900 358
1581910 358
1581920 358
1581930 358
1581940 358
1581950 358
1581960 358
1581970 358
1581980 358
1581990 357
1582000 357
1582010 357
1582020 356
1582030 356
1582040 356
1582050 356
1582060 356
1582070 357
1582080 357
1582090 357
1582100 357
1582110 357
1582120 357
1582130 357
1582140 357
1582150 357
1582160 357
1582170 357
1582180 357
1582190 357
1582200 357
1582210 357
1582220 357
1582230 357
1582240 357
1582250 357
1582260 357
1582270 357
1582280 357
1582290 357
1582300 357
1582310 357
1582320 357
1582330 357
1582340 357
1582350 357
1582360 357
1582370 356
1582380 356
1582390 356
1582400 356
1582410 356
1582420 356
1582430 356
1582440 356
1582450 356
1582460 356
1582470 356
1582480 356
1582490 356
1582500 356
1582510 356
1582520 356
1582530 356
1582540 356
1582550 356
1582560 356
1582570 356
1582580 356
1582590 356
1582600 356
1582610 356
1582620 356
1582630 356
1582640 356
1582650 356
1582660 356
1582670 356
1582680 356
1582690 356
1582700 356
1582710 356
1582720 356
1582730 356
1582740 356
1582750 356
1582760 356
1582770 356
1582780 356
1582790 355
1582800 355
1582810 355
1582820 355
1582830 355
1582840 355
1582850 355
1582860 355
1582870 355
1582880 355
1582890 355
1582900 355
1582910 355
1582920 354
1582930 354
1582940 354
1582950 354
1582960 354
1582970 354
1582980 354
1582990 354
1583000 354
1583010 354
1583020 354
1583030 353
1583040 353
1583050 353
1583060 353
1583070 352
1583080 352
1583090 351
1583100 351
1583110 351
1583120 350
1583130 350
1583140 350
1583150 350
1583160 350
1583170 350
1583180 350
1583190 349
1583200 349
1583210 348
1583220 349
1583230 349
1583240 349
1583250 348
1583260 348
1583270 348
1583280 348
1583290 348
1583300 347
1583310 346
1583320 346
1583330 345
1583340 343
1583350 343
1583360 343
1583370 342
1583380 342
1583390 341
1583400 340
1583410 340
1583420 339
1583430 338
1583440 338
1583450 338
1583460 337
1583470 337
1583480 337
1583490 336
1583500 336
1583510 336
1583520 335
1583530 335
1583540 335
1583550 334
1583560 334
1583570 334
1583580 334
1583590 334
1583600 333
1583610 333
1583620 333
1583630 332
1583640 332
1583650 332
1583660 331
1583670 331
1583680 331
1583690 330
1583700 330
1583710 330
1583720 329
1583730 329
1583740 329
1583750 328
1583760 327
1583770 327
1583780 327
1583790 326
1583800 326
1583810 325
1583820 325
1583830 325
1583840 324
1583850 324
1583860 324
1583870 323
1583880 322
1583890 322
1583900 321
1583910 321
1583920 321
1583930 320
1583940 320
1583950 320
1583960 320
1583970 320
1583980 320
1583990 320
1584000 321
1584010 321
1584020 323
1584030 324
1584040 324
1584050 326
1584060 328
1584070 328
1584080 330
1584090 333
1584100 333
1584110 335
1584120 336
1584130 336
1584140 337
1584150 339
1584160 339
1584170 342
1584180 344
1584190 344
1584200 343
1584210 341
1584220 341
1584230 340
1584240 343
1584250 343
1584260 347
1584270 347
1584280 347
1584290 347
1584300 347
1584310 347
1584320 347
1584330 347
1584340 347
1584350 347
1584360 346
1584370 346
1584380 346
1584390 346
1584400 346
1584410 346
1584420 345
1584430 345
1584440 345
1584450 345
1584460 345
1584470 343
1584480 340
1584490 338
1584500 338
1584510 336
1584520 335
1584530 335
1584540 334
1584550 333
1584560 333
1584570 332
1584580 331
1584590 331
1584600 329
1584610 327
1584620 327
1584630 325
1584640 324
1584650 324
1584660 323
1584670 322
1584680 322
1584690 321
1584700 319
1584710 319
1584720 319
1584730 318
1584740 318
1584750 316
1584760 313
1584770 313
1584780 311
1584790 310
1584800 310
1584810 309
1584820 308
1584830 308
1584840 306
1584850 305
1584860 305
1584870 304
1584880 305
1584890 305
1584900 305
1584910 303
1584920 303
1584930 299
1584940 295
1584950 295
1584960 292
1584970 289
1584980 289
1584990 287
1585000 286
1585010 286
1585020 286
1585030 285
1585040 285
1585050 283
1585060 282
1585070 282
1585080 282
1585090 284
1585100 284
1585110 285
1585120 286
1585130 286
1585140 286
1585150 285
1585160 285
1585170 285
1585180 285
1585190 285
1585200 285
1585210 285
1585220 285
1585230 285
1585240 284
1585250 284
1585260 284
1585270 285
1585280 285
1585290 285
1585300 285
1585310 285
1585320 285
1585330 285
1585340 285
1585350 286
1585360 286
1585370 286
1585380 285
1585390 285
1585400 285
1585410 285
1585420 285
1585430 285
1585440 285
1585450 285
1585460 285
1585470 285
1585480 285
1585490 285
1585500 285
1585510 285
1585520 285
1585530 285
1585540 285
1585550 285
1585560 285
1585570 285
1585580 285
1585590 285
1585600 285
1585610 285
1585620 285
1585630 285
1585640 285
1585650 285
1585660 285
1585670 285
1585680 285
1585690 285
1585700 285
1585710 285
1585720 285
1585730 285
1585740 285
1585750 285
1585760 285
1585770 285
1585780 285
1585790 285
1585800 285
1585810 285
1585820 285
1585830 285
1585840 285
1585850 285
1585860 285
1585870 285
1585880 285
1585890 285
1585900 285
1585910 285
1585920 285
1585930 285
1585940 285
1585950 285
1585960 285
1585970 285
1585980 285
1585990 285
1586000 285
1586010 285
1586020 285
1586030 285
1586040 285
1586050 285
1586060 285
1586070 285
1586080 285
1586090 285
1586100 285
1586110 285
1586120 285
1586130 285
1586140 285
1586150 285
1586160 285
1586170 285
1586180 285
1586190 285
1586200 285
1586210 285
1586220 285
1586230 285
1586240 285
1586250 285
1586260 285
1586270 285
1586280 285
1586290 285
1586300 285
1586310 286
1586320 286
1586330 286
1586340 286
1586350 287
1586360 287
1586370 287
1586380 287
1586390 287
1586400 287
1586410 287
1586420 287
1586430 287
1586440 287
1586450 287
1586460 287
1586470 287
1586480 287
1586490 287
1586500 287
1586510 287
1586520 287
1586530 287
1586540 287
1586550 288
1586560 288
1586570 288
1586580 288
1586590 288
1586600 288
1586610 289
1586620 289
1586630 289
1586640 289
1586650 290
1586660 290
1586670 290
1586680 290
1586690 290
1586700 291
1586710 291
1586720 291
1586730 291
1586740 292
1586750 292
1586760 292
1586770 292
1586780 292
1586790 293
1586800 293
1586810 293
1586820 294
1586830 295
1586840 295
1586850 296
1586860 296
1586870 296
1586880 296
1586890 296
1586900 296
1586910 297
1586920 297
1586930 297
1586940 297
1586950 297
1586960 297
1586970 298
1586980 298
1586990 298
1587000 298
1587010 298
1587020 298
1587030 298
1587040 299
1587050 299
1587060 299
1587070 299
1587080 299
1587090 299
1587100 299
1587110 299
1587120 299
1587130 299
1587140 300
1587150 300
1587160 300
1587170 300
1587180 300
1587190 300
1587200 300
1587210 300
1587220 300
1587230 300
1587240 300
1587250 299
1587260 299
1587270 299
1587280 298
1587290 298
1587300 298
1587310 299
1587320 300
1587330 300
1587340 300
1587350 300
1587360 300
1587370 301
1587380 301
1587390 301
1587400 302
1587410 302
1587420 302
1587430 303
1587440 304
1587450 304
1587460 304
1587470 305
1587480 305
1587490 305
1587500 306
1587510 306
1587520 307
1587530 307
1587540 307
1587550 308
1587560 309
1587570 309
1587580 310
1587590 310
1587600 310
1587610 311
1587620 311
1587630 311
1587640 312
1587650 313
1587660 313
1587670 313
1587680 314
1587690 314
1587700 315
1587710 315
1587720 315
1587730 316
1587740 317
1587750 317
1587760 317
1587770 318
1587780 318
1587790 319
1587800 320
1587810 320
1587820 321
1587830 321
1587840 321
1587850 322
1587860 323
1587870 323
1587880 324
1587890 324
1587900 324
1587910 325
1587920 326
1587930 326
1587940 327
1587950 327
1587960 327
1587970 328
1587980 329
1587990 329
1588000 330
1588010 330
1588020 330
1588030 331
1588040 332
1588050 332
1588060 332
1588070 333
1588080 333
1588090 333
1588100 334
1588110 334
1588120 335
1588130 335
1588140 335
1588150 336
1588160 336
1588170 336
1588180 337
1588190 338
1588200 338
1588210 339
1588220 340
1588230 340
1588240 341
1588250 341
1588260 341
1588270 341
1588280 341
1588290 341
1588300 341
1588310 342
1588320 342
1588330 342
1588340 342
1588350 342
1588360 343
1588370 343
1588380 343
1588390 344
1588400 344
1588410 344
1588420 344
1588430 345
1588440 345
1588450 345
1588460 345
1588470 345
1588480 345
1588490 344
1588500 344
1588510 344
1588520 344
1588530 344
1588540 344
1588550 345
1588560 345
1588570 346
1588580 347
1588590 347
1588600 348
1588610 349
1588620 349
1588630 350
1588640 352
1588650 352
1588660 353
1588670 354
1588680 354
1588690 355
1588700 356
1588710 356
1588720 356
1588730 357
1588740 357
1588750 358
1588760 358
1588770 358
1588780 359
1588790 359
1588800 359
1588810 359
1588820 359
1588830 359
1588840 361
1588850 361
1588860 361
1588870 361
1588880 362
1588890 362
1588900 362
1588910 362
1588920 362
1588930 362
1588940 362
1588950 362
1588960 362
1588970 362
1588980 362
1588990 362
1589000 362
1589010 362
1589020 362
1589030 361
1589040 361
1589050 360
1589060 359
1589070 359
1589080 358
1589090 357
1589100 357
1589110 356
1589120 355
1589130 355
1589140 354
1589150 353
1589160 353
1589170 352
1589180 351
1589190 351
1589200 351
1589210 352
1589220 352
1589230 353
1589240 354
1589250 354
1589260 356
1589270 357
1589280 357
1589290 359
1589300 360
1589310 360
1589320 362
1589330 364
1589340 364
1589350 365
1589360 367
1589370 367
1589380 368
1589390 369
1589400 369
1589410 369
1589420 370
1589430 370
1589440 371
1589450 371
1589460 371
1589470 372
1589480 372
1589490 372
1589500 373
1589510 373
1589520 373
1589530 373
1589540 374
1589550 374
1589560 374
1589570 374
1589580 374
1589590 374
1589600 374
1589610 374
1589620 374
1589630 373
1589640 373
1589650 373
1589660 373
1589670 372
1589680 372
1589690 371
1589700 371
1589710 371
1589720 370
1589730 369
1589740 369
1589750 368
1589760 367
1589770 367
1589780 366
1589790 364
1589800 364
1589810 363
1589820 362
1589830 362
1589840 360
1589850 358
1589860 358
1589870 357
1589880 357
1589890 357
1589900 356
1589910 355
1589920 355
1589930 353
1589940 352
1589950 352
1589960 352
1589970 352
1589980 352
1589990 352
1590000 351
1590010 351
1590020 351
1590030 351
1590040 351
1590050 350
1590060 350
1590070 350
1590080 350
1590090 350
1590100 350
1590110 349
1590120 349
1590130 349
1590140 349
1590150 348
1590160 348
1590170 348
1590180 348
1590190 348
1590200 347
1590210 347
1590220 347
1590230 346
1590240 346
1590250 346
1590260 345
1590270 345
1590280 345
1590290 344
1590300 343
1590310 343
1590320 343
1590330 342
1590340 342
1590350 341
1590360 340
1590370 340
1590380 339
1590390 338
1590400 338
1590410 337
1590420 336
1590430 336
1590440 335
1590450 334
1590460 334
1590470 333
1590480 332
1590490 332
1590500 331
1590510 330
1590520 330
1590530 328
1590540 327
1590550 327
1590560 325
1590570 324
1590580 324
1590590 323
1590600 322
1590610 322
1590620 321
1590630 320
1590640 320
1590650 319
1590660 318
1590670 318
1590680 317
1590690 317
1590700 317
1590710 317
1590720 318
1590730 318
1590740 318
1590750 319
1590760 319
1590770 319
1590780 319
1590790 319
1590800 321
1590810 322
1590820 322
1590830 323
1590840 323
1590850 323
1590860 324
1590870 325
1590880 325
1590890 326
1590900 327
1590910 327
1590920 328
1590930 329
1590940 329
1590950 330
1590960 331
1590970 331
1590980 331
1590990 331
1591000 331
1591010 333
1591020 334
1591030 334
1591040 334
1591050 335
1591060 335
1591070 335
1591080 335
1591090 335
1591100 335
1591110 335
1591120 335
1591130 335
1591140 335
1591150 335
1591160 334
1591170 334
1591180 334
1591190 334
1591200 333
1591210 333
1591220 333
1591230 332
1591240 332
1591250 332
1591260 331
1591270 331
1591280 331
1591290 330
1591300 330
1591310 329
1591320 328
1591330 328
1591340 327
1591350 327
1591360 327
1591370 326
1591380 325
1591390 325
1591400 324
1591410 323
1591420 323
1591430 322
1591440 321
1591450 321
1591460 320
1591470 319
1591480 319
1591490 318
1591500 317
1591510 317
1591520 316
1591530 315
1591540 315
1591550 314
1591560 313
1591570 313
1591580 311
1591590 310
1591600 310
1591610 309
1591620 308
1591630 308
1591640 308
1591650 306
1591660 306
1591670 305
1591680 304
1591690 304
1591700 303
1591710 302
1591720 302
1591730 302
1591740 301
1591750 301
1591760 300
1591770 300
1591780 300
1591790 299
1591800 298
1591810 298
1591820 298
1591830 297
1591840 297
1591850 297
1591860 297
1591870 297
1591880 297
1591890 297
1591900 297
1591910 297
1591920 297
1591930 297
1591940 297
1591950 296
1591960 296
1591970 296
1591980 297
1591990 297
1592000 298
1592010 299
1592020 299
1592030 300
1592040 301
1592050 301
1592060 302
1592070 303
1592080 303
1592090 304
1592100 305
1592110 305
1592120 305
1592130 306
1592140 306
1592150 307
1592160 308
1592170 308
1592180 308
1592190 309
1592200 309
1592210 310
1592220 311
1592230 311
1592240 311
1592250 312
1592260 313
1592270 313
1592280 314
1592290 314
1592300 314
1592310 315
1592320 316
1592330 316
1592340 317
1592350 317
1592360 317
1592370 318
1592380 319
1592390 319
1592400 320
1592410 321
1592420 321
1592430 322
1592440 322
1592450 322
1592460 323
1592470 324
1592480 324
1592490 324
1592500 325
1592510 325
1592520 326
1592530 326
1592540 326
1592550 327
1592560 327
1592570 327
1592580 328
1592590 328
1592600 328
1592610 329
1592620 329
1592630 329
1592640 330
1592650 330
1592660 330
1592670 330
1592680 331
1592690 331
1592700 331
1592710 331
1592720 331
1592730 332
1592740 332
1592750 332
1592760 332
1592770 332
1592780 332
1592790 332
1592800 332
1592810 332
1592820 331
1592830 331
1592840 331
1592850 331
1592860 330
1592870 330
1592880 329
1592890 329
1592900 329
1592910 328
1592920 328
1592930 328
1592940 327
1592950 326
1592960 326
1592970 325
1592980 325
1592990 325
1593000 324
1593010 323
1593020 323
1593030 322
1593040 321
1593050 321
1593060 320
1593070 319
1593080 319
1593090 318
1593100 317
1593110 317
1593120 316
1593130 315
1593140 315
1593150 315
1593160 314
1593170 314
1593180 313
1593190 313
1593200 313
1593210 312
1593220 311
1593230 311
1593240 311
1593250 311
1593260 311
1593270 310
1593280 310
1593290 310
1593300 309
1593310 309
1593320 309
1593330 308
1593340 307
1593350 307
1593360 306
1593370 306
1593380 306
1593390 305
1593400 305
1593410 305
1593420 305
1593430 305
1593440 305
1593450 307
1593460 310
1593470 310
1593480 312
1593490 314
1593500 314
1593510 316
1593520 318
1593530 318
1593540 320
1593550 323
1593560 323
1593570 325
1593580 326
1593590 326
1593600 328
1593610 330
1593620 330
1593630 331
1593640 333
1593650 333
1593660 335
1593670 336
1593680 336
1593690 337
1593700 338
1593710 338
1593720 339
1593730 339
1593740 339
1593750 340
1593760 341
1593770 341
1593780 341
1593790 341
1593800 341
1593810 341
1593820 341
1593830 341
1593840 342
1593850 343
1593860 343
1593870 343
1593880 344
1593890 344
1593900 344
1593910 344
1593920 344
1593930 344
1593940 344
1593950 344
1593960 344
1593970 344
1593980 344
1593990 344
1594000 344
1594010 344
1594020 344
1594030 344
1594040 344
1594050 344
1594060 343
1594070 343
1594080 343
1594090 343
1594100 343
1594110 343
1594120 343
1594130 343
1594140 342
1594150 342
1594160 342
1594170 342
1594180 341
1594190 341
1594200 341
1594210 341
1594220 341
1594230 340
1594240 340
1594250 340
1594260 339
1594270 339
1594280 339
1594290 338
1594300 338
1594310 338
1594320 337
1594330 336
1594340 336
1594350 335
1594360 335
1594370 335
1594380 334
1594390 333
1594400 334
1594410 333
1594420 332
1594430 332
1594440 331
1594450 330
1594460 330
1594470 328
1594480 326
1594490 326
1594500 325
1594510 323
1594520 323
1594530 322
1594540 321
1594550 321
1594560 321
1594570 320
1594580 320
1594590 320
1594600 320
1594610 320
1594620 321
1594630 322
1594640 322
1594650 322
1594660 323
1594670 323
1594680 324
1594690 325
1594700 325
1594710 326
1594720 328
1594730 328
1594740 329
1594750 330
1594760 330
1594770 331
1594780 333
1594790 333
1594800 334
1594810 336
1594820 337
1594830 337
1594840 338
1594850 338
1594860 338
1594870 339
1594880 339
1594890 339
1594900 340
1594910 340
1594920 340
1594930 340
1594940 340
1594950 340
1594960 341
1594970 341
1594980 341
1594990 341
1595000 341
1595010 341
1595020 341
1595030 341
1595040 341
1595050 341
1595060 341
1595070 341
1595080 340
1595090 340
1595100 340
1595110 340
1595120 340
1595130 340
1595140 340
1595150 339
1595160 339
1595170 339
1595180 339
1595190 339
1595200 339
1595210 339
1595220 339
1595230 338
1595240 338
1595250 338
1595260 338
1595270 338
1595280 338
1595290 338
1595300 338
1595310 338
1595320 338
1595330 338
1595340 338
1595350 338
1595360 338
1595370 338
1595380 338
1595390 338
1595400 338
1595410 338
1595420 338
1595430 338
1595440 338
1595450 338
1595460 338
1595470 338
1595480 338
1595490 338
1595500 338
1595510 338
1595520 338
1595530 338
1595540 338
1595550 338
1595560 338
1595570 337
1595580 337
1595590 337
1595600 337
1595610 337
1595620 337
1595630 336
1595640 336
1595650 336
1595660 336
1595670 336
1595680 335
1595690 335
1595700 335
1595710 334
1595720 334
1595730 334
1595740 333
1595750 333
1595760 333
1595770 332
1595780 331
1595790 331
1595800 331
1595810 330
1595820 330
1595830 329
1595840 328
1595850 328
1595860 327
1595870 326
1595880 326
1595890 326
1595900 325
1595910 325
1595920 324
1595930 323
1595940 323
1595950 322
1595960 321
1595970 321
1595980 320
1595990 319
1596000 319
1596010 318
1596020 317
1596030 317
1596040 316
1596050 315
1596060 315
1596070 313
1596080 312
1596090 312
1596100 310
1596110 309
1596120 309
1596130 308
1596140 306
1596150 306
1596160 305
1596170 304
1596180 304
1596190 303
1596200 302
1596210 302
1596220 301
1596230 300
1596240 300
1596250 300
1596260 299
1596270 299
1596280 299
1596290 298
1596300 298
1596310 298
1596320 297
1596330 297
1596340 296
1596350 295
1596360 295
1596370 294
1596380 293
1596390 293
1596400 292
1596410 292
1596420 292
1596430 291
1596440 291
1596450 291
1596460 291
1596470 291
1596480 291
1596490 291
1596500 291
1596510 291
1596520 292
1596530 292
1596540 292
1596550 293
1596560 293
1596570 293
1596580 294
1596590 294
1596600 294
1596610 294
1596620 295
1596630 295
1596640 295
1596650 296
1596660 296
1596670 296
1596680 298
1596690 298
1596700 299
1596710 301
1596720 301
1596730 302
1596740 303
1596750 303
1596760 304
1596770 306
1596780 306
1596790 307
1596800 309
1596810 309
1596820 310
1596830 311
1596840 311
1596850 312
1596860 314
1596870 314
1596880 315
1596890 316
1596900 316
1596910 318
1596920 319
1596930 319
1596940 320
1596950 322
1596960 322
1596970 323
1596980 324
1596990 324
1597000 325
1597010 326
1597020 326
1597030 327
1597040 328
1597050 328
1597060 329
1597070 330
1597080 330
1597090 331
1597100 332
1597110 332
1597120 333
1597130 334
1597140 334
1597150 334
1597160 335
1597170 335
1597180 335
1597190 335
1597200 335
1597210 336
1597220 336
1597230 336
1597240 336
1597250 337
1597260 337
1597270 337
1597280 337
1597290 337
1597300 338
1597310 338
1597320 338
1597330 338
1597340 338
1597350 338
1597360 338
1597370 338
1597380 338
1597390 338
1597400 338
1597410 338
1597420 338
1597430 338
1597440 338
1597450 338
1597460 338
1597470 338
1597480 338
1597490 338
1597500 338
1597510 338
1597520 337
1597530 337
1597540 337
1597550 336
1597560 336
1597570 336
1597580 336
1597590 335
1597600 335
1597610 335
1597620 334
1597630 334
1597640 333
1597650 332
1597660 332
1597670 332
1597680 331
1597690 331
1597700 330
1597710 329
1597720 329
1597730 328
1597740 327
1597750 327
1597760 326
1597770 325
1597780 325
1597790 324
1597800 324
1597810 324
1597820 323
1597830 323
1597840 323
1597850 322
1597860 321
1597870 321
1597880 320
1597890 320
1597900 320
1597910 319
1597920 318
1597930 318
1597940 317
1597950 316
1597960 316
1597970 315
1597980 315
1597990 315
1598000 314
1598010 314
1598020 314
1598030 313
1598040 313
1598050 313
1598060 312
1598070 311
1598080 311
1598090 311
1598100 310
1598110 310
1598120 310
1598130 309
1598140 309
1598150 308
1598160 308
1598170 308
1598180 307
1598190 306
1598200 306
1598210 306
1598220 305
1598230 305
1598240 304
1598250 303
1598260 303
1598270 303
1598280 302
1598290 302
1598300 301
1598310 301
1598320 301
1598330 300
1598340 300
1598350 300
1598360 299
1598370 298
1598380 298
1598390 298
1598400 299
1598410 299
1598420 299
1598430 298
1598440 298
1598450 299
1598460 300
1598470 300
1598480 302
1598490 304
1598500 304
1598510 307
1598520 309
1598530 309
1598540 311
1598550 313
1598560 313
1598570 314
1598580 316
1598590 316
1598600 317
1598610 319
1598620 319
1598630 320
1598640 322
1598650 322
1598660 323
1598670 324
1598680 324
1598690 326
1598700 327
1598710 327
1598720 329
1598730 330
1598740 330
1598750 332
1598760 334
1598770 334
1598780 336
1598790 337
1598800 337
1598810 337
1598820 338
1598830 338
1598840 339
1598850 340
1598860 340
1598870 341
1598880 342
1598890 342
1598900 342
1598910 343
1598920 343
1598930 344
1598940 344
1598950 344
1598960 345
1598970 345
1598980 345
1598990 346
1599000 346
1599010 346
1599020 346
1599030 346
1599040 346
1599050 347
1599060 347
1599070 347
1599080 347
1599090 347
1599100 347
1599110 347
1599120 347
1599130 347
1599140 347
1599150 347
1599160 347
1599170 347
1599180 347
1599190 347
1599200 347
1599210 347
1599220 347
1599230 347
1599240 347
1599250 347
1599260 347
1599270 347
1599280 347
1599290 348
1599300 348
1599310 348
1599320 348
1599330 348
1599340 348
1599350 348
1599360 348
1599370 348
1599380 348
1599390 348
1599400 348
1599410 348
1599420 348
1599430 348
1599440 348
1599450 348
1599460 348
1599470 349
1599480 349
1599490 349
1599500 349
1599510 349
1599520 349
1599530 349
1599540 349
1599550 349
1599560 349
1599570 349
1599580 349
1599590 349
1599600 349
1599610 349
1599620 349
1599630 349
1599640 349
1599650 349
1599660 349
1599670 349
1599680 349
1599690 349
1599700 349
1599710 349
1599720 349
1599730 349
1599740 349
1599750 349
1599760 349
1599770 349
1599780 349
1599790 349
1599800 348
1599810 348
1599820 348
1599830 348
1599840 348
1599850 348
1599860 348
1599870 348
1599880 348
1599890 347
1599900 347
1599910 347
1599920 347
1599930 347
1599940 347
1599950 347
1599960 346
1599970 346
1599980 346
1599990 345
