1580000 323
1580010 323
1580020 317
1580030 316
1580040 316
1580050 316
1580060 316
1580070 316
1580080 317
1580090 321
1580100 321
1580110 318
1580120 320
1580130 320
1580140 326
1580150 330
1580160 330
1580170 331
1580180 334
1580190 334
1580200 336
1580210 339
1580220 339
1580230 342
1580240 345
1580250 345
1580260 346
1580270 347
1580280 347
1580290 347
1580300 348
1580310 348
1580320 348
1580330 348
1580340 348
1580350 349
1580360 348
1580370 348
1580380 349
1580390 349
1580400 349
1580410 349
1580420 350
1580430 350
1580440 350
1580450 350
1580460 350
1580470 350
1580480 350
1580490 350
1580500 350
1580510 351
1580520 351
1580530 351
1580540 351
1580550 351
1580560 352
1580570 353
1580580 353
1580590 354
1580600 354
1580610 354
1580620 354
1580630 353
1580640 353
1580650 353
1580660 353
1580670 353
1580680 353
1580690 352
1580700 352
1580710 352
1580720 352
1580730 352
1580740 352
1580750 352
1580760 352
1580770 352
1580780 352
1580790 352
1580800 352
1580810 352
1580820 352
1580830 352
1580840 352
1580850 352
1580860 353
1580870 353
1580880 353
1580890 353
1580900 352
1580910 352
1580920 352
1580930 352
1580940 352
1580950 352
1580960 351
1580970 351
1580980 351
1580990 351
1581000 351
1581010 350
1581020 349
1581030 349
1581040 349
1581050 348
1581060 348
1581070 348
1581080 347
1581090 347
1581100 347
1581110 346
1581120 346
1581130 344
1581140 344
1581150 344
1581160 344
1581170 343
1581180 343
1581190 343
1581200 342
1581210 342
1581220 341
1581230 340
1581240 340
1581250 340
1581260 339
1581270 339
1581280 338
1581290 338
1581300 338
1581310 337
1581320 337
1581330 337
1581340 336
1581350 335
1581360 335
1581370 334
1581380 333
1581390 333
1581400 331
1581410 330
1581420 330
1581430 328
1581440 327
1581450 327
1581460 326
1581470 324
1581480 324
1581490 320
1581500 324
1581510 324
1581520 328
1581530 329
1581540 329
1581550 330
1581560 331
1581570 331
1581580 333
1581590 334
1581600 334
1581610 334
1581620 335
1581630 335
1581640 335
1581650 335
1581660 335
1581670 335
1581680 335
1581690 335
1581700 335
1581710 335
1581720 335
1581730 335
1581740 334
1581750 334
1581760 334
1581770 333
1581780 333
1581790 333
1581800 332
1581810 332
1581820 332
1581830 332
1581840 332
1581850 332
1581860 331
1581870 331
1581880 331
1581890 330
1581900 330
1581910 330
1581920 329
1581930 329
1581940 329
1581950 329
1581960 329
1581970 329
1581980 329
1581990 329
1582000 328
1582010 327
1582020 327
1582030 325
1582040 323
1582050 323
1582060 322
1582070 323
1582080 323
1582090 322
1582100 322
1582110 322
1582120 322
1582130 322
1582140 322
1582150 323
1582160 324
1582170 324
1582180 323
1582190 323
1582200 325
1582210 324
1582220 323
1582230 323
1582240 322
1582250 321
1582260 321
1582270 320
1582280 318
1582290 318
1582300 317
1582310 317
1582320 317
1582330 316
1582340 314
1582350 314
1582360 313
1582370 312
1582380 312
1582390 310
1582400 306
1582410 306
1582420 307
1582430 306
1582440 306
1582450 306
1582460 305
1582470 305
1582480 304
1582490 304
1582500 304
1582510 303
1582520 302
1582530 302
1582540 300
1582550 299
1582560 299
1582570 297
1582580 296
1582590 296
1582600 296
1582610 296
1582620 296
1582630 295
1582640 294
1582650 294
1582660 293
1582670 292
1582680 292
1582690 292
1582700 291
1582710 291
1582720 290
1582730 290
1582740 290
1582750 289
1582760 289
1582770 289
1582780 289
1582790 289
1582800 289
1582810 289
1582820 289
1582830 289
1582840 289
1582850 289
1582860 289
1582870 289
1582880 289
1582890 289
1582900 289
1582910 289
1582920 289
1582930 289
1582940 289
1582950 289
1582960 288
1582970 288
1582980 288
1582990 288
1583000 288
1583010 288
1583020 288
1583030 288
1583040 288
1583050 288
1583060 288
1583070 288
1583080 288
1583090 288
1583100 288
1583110 288
1583120 288
1583130 288
1583140 288
1583150 288
1583160 288
1583170 288
1583180 289
1583190 288
1583200 288
1583210 288
1583220 288
1583230 288
1583240 288
1583250 288
1583260 288
1583270 288
1583280 287
1583290 287
1583300 287
1583310 287
1583320 287
1583330 287
1583340 287
1583350 287
1583360 287
1583370 287
1583380 287
1583390 287
1583400 287
1583410 287
1583420 287
1583430 287
1583440 287
1583450 287
1583460 287
1583470 287
1583480 287
1583490 287
1583500 287
1583510 287
1583520 287
1583530 287
1583540 287
1583550 287
1583560 287
1583570 287
1583580 287
1583590 287
1583600 287
1583610 287
1583620 287
1583630 287
1583640 287
1583650 287
1583660 287
1583670 287
1583680 287
1583690 286
1583700 286
1583710 286
1583720 285
1583730 286
1583740 286
1583750 287
1583760 287
1583770 287
1583780 288
1583790 288
1583800 288
1583810 288
1583820 289
1583830 289
1583840 289
1583850 290
1583860 290
1583870 290
1583880 290
1583890 290
1583900 290
1583910 290
1583920 290
1583930 290
1583940 292
1583950 292
1583960 293
1583970 293
1583980 293
1583990 294
1584000 295
1584010 295
1584020 296
1584030 297
1584040 297
1584050 297
1584060 298
1584070 298
1584080 300
1584090 301
1584100 301
1584110 303
1584120 305
1584130 305
1584140 306
1584150 308
1584160 308
1584170 309
1584180 310
1584190 310
1584200 311
1584210 312
1584220 312
1584230 315
1584240 315
1584250 315
1584260 318
1584270 320
1584280 320
1584290 321
1584300 322
1584310 322
1584320 322
1584330 323
1584340 323
1584350 324
1584360 324
1584370 324
1584380 325
1584390 325
1584400 325
1584410 326
1584420 326
1584430 326
1584440 326
1584450 327
1584460 327
1584470 327
1584480 328
1584490 328
1584500 328
1584510 328
1584520 328
1584530 328
1584540 328
1584550 328
1584560 328
1584570 328
1584580 328
1584590 328
1584600 328
1584610 328
1584620 328
1584630 327
1584640 327
1584650 327
1584660 327
1584670 327
1584680 326
1584690 326
1584700 326
1584710 326
1584720 325
1584730 325
1584740 325
1584750 325
1584760 325
1584770 324
1584780 324
1584790 324
1584800 323
1584810 323
1584820 323
1584830 322
1584840 322
1584850 322
1584860 321
1584870 321
1584880 321
1584890 320
1584900 320
1584910 320
1584920 319
1584930 319
1584940 319
1584950 318
1584960 318
1584970 318
1584980 318
1584990 316
1585000 316
1585010 315
1585020 315
1585030 315
1585040 314
1585050 313
1585060 313
1585070 313
1585080 312
1585090 312
1585100 312
1585110 311
1585120 311
1585130 310
1585140 310
1585150 310
1585160 309
1585170 308
1585180 308
1585190 307
1585200 307
1585210 307
1585220 306
1585230 305
1585240 305
1585250 304
1585260 304
1585270 304
1585280 303
1585290 303
1585300 303
1585310 302
1585320 301
1585330 301
1585340 301
1585350 300
1585360 300
1585370 299
1585380 299
1585390 299
1585400 299
1585410 298
1585420 298
1585430 297
1585440 297
1585450 297
1585460 296
1585470 296
1585480 296
1585490 296
1585500 295
1585510 295
1585520 295
1585530 294
1585540 294
1585550 294
1585560 293
1585570 293
1585580 293
1585590 292
1585600 292
1585610 292
1585620 291
1585630 291
1585640 290
1585650 290
1585660 290
1585670 289
1585680 289
1585690 289
1585700 288
1585710 288
1585720 288
1585730 287
1585740 287
1585750 287
1585760 286
1585770 286
1585780 286
1585790 285
1585800 285
1585810 285
1585820 286
1585830 286
1585840 286
1585850 286
1585860 286
1585870 286
1585880 286
1585890 287
1585900 287
1585910 287
1585920 288
1585930 288
1585940 288
1585950 288
1585960 288
1585970 288
1585980 288
1585990 288
1586000 289
1586010 289
1586020 289
1586030 289
1586040 288
1586050 288
1586060 288
1586070 288
1586080 288
1586090 287
1586100 287
1586110 287
1586120 287
1586130 287
1586140 287
1586150 287
1586160 287
1586170 287
1586180 286
1586190 286
1586200 286
1586210 286
1586220 286
1586230 285
1586240 285
1586250 285
1586260 285
1586270 285
1586280 285
1586290 284
1586300 284
1586310 284
1586320 284
1586330 284
1586340 284
1586350 283
1586360 283
1586370 282
1586380 280
1586390 280
1586400 281
1586410 281
1586420 281
1586430 281
1586440 281
1586450 281
1586460 281
1586470 281
1586480 281
1586490 281
1586500 281
1586510 281
1586520 281
1586530 281
1586540 281
1586550 281
1586560 281
1586570 281
1586580 281
1586590 281
1586600 281
1586610 280
1586620 280
1586630 280
1586640 280
1586650 279
1586660 279
1586670 279
1586680 279
1586690 279
1586700 279
1586710 279
1586720 279
1586730 279
1586740 279
1586750 279
1586760 279
1586770 279
1586780 279
1586790 279
1586800 278
1586810 278
1586820 278
1586830 278
1586840 278
1586850 278
1586860 277
1586870 277
1586880 276
1586890 276
1586900 276
1586910 276
1586920 276
1586930 276
1586940 276
1586950 276
1586960 276
1586970 276
1586980 276
1586990 276
1587000 276
1587010 276
1587020 276
1587030 276
1587040 277
1587050 277
1587060 277
1587070 278
1587080 278
1587090 278
1587100 278
1587110 278
1587120 279
1587130 279
1587140 279
1587150 279
1587160 280
1587170 280
1587180 280
1587190 280
1587200 280
1587210 281
1587220 281
1587230 281
1587240 281
1587250 281
1587260 281
1587270 281
1587280 280
1587290 280
1587300 280
1587310 281
1587320 281
1587330 281
1587340 280
1587350 280
1587360 280
1587370 280
1587380 280
1587390 280
1587400 280
1587410 280
1587420 280
1587430 281
1587440 281
1587450 280
1587460 279
1587470 279
1587480 279
1587490 278
1587500 278
1587510 277
1587520 278
1587530 278
1587540 277
1587550 279
1587560 279
1587570 282
1587580 287
1587590 287
1587600 292
1587610 295
1587620 295
1587630 296
1587640 297
1587650 297
1587660 298
1587670 298
1587680 298
1587690 299
1587700 299
1587710 299
1587720 300
1587730 301
1587740 301
1587750 301
1587760 302
1587770 302
1587780 302
1587790 303
1587800 303
1587810 303
1587820 304
1587830 304
1587840 305
1587850 306
1587860 306
1587870 306
1587880 307
1587890 307
1587900 308
1587910 309
1587920 309
1587930 309
1587940 310
1587950 310
1587960 311
1587970 312
1587980 312
1587990 312
1588000 313
1588010 313
1588020 314
1588030 315
1588040 315
1588050 315
1588060 316
1588070 316
1588080 317
1588090 317
1588100 317
1588110 318
1588120 318
1588130 318
1588140 319
1588150 319
1588160 319
1588170 319
1588180 320
1588190 320
1588200 320
1588210 320
1588220 320
1588230 320
1588240 320
1588250 320
1588260 320
1588270 320
1588280 320
1588290 320
1588300 319
1588310 319
1588320 319
1588330 318
1588340 318
1588350 318
1588360 317
1588370 317
1588380 316
1588390 315
1588400 315
1588410 314
1588420 313
1588430 313
1588440 312
1588450 311
1588460 311
1588470 309
1588480 307
1588490 307
1588500 306
1588510 305
1588520 305
1588530 304
1588540 303
1588550 303
1588560 303
1588570 302
1588580 302
1588590 302
1588600 302
1588610 302
1588620 302
1588630 303
1588640 303
1588650 303
1588660 303
1588670 303
1588680 303
1588690 303
1588700 303
1588710 302
1588720 302
1588730 302
1588740 301
1588750 301
1588760 301
1588770 300
1588780 300
1588790 300
1588800 300
1588810 300
1588820 300
1588830 300
1588840 300
1588850 300
1588860 301
1588870 301
1588880 301
1588890 302
1588900 303
1588910 303
1588920 304
1588930 305
1588940 305
1588950 307
1588960 308
1588970 308
1588980 310
1588990 311
1589000 311
1589010 312
1589020 313
1589030 313
1589040 315
1589050 316
1589060 316
1589070 317
1589080 319
1589090 319
1589100 320
1589110 321
1589120 321
1589130 323
1589140 324
1589150 324
1589160 326
1589170 327
1589180 327
1589190 329
1589200 331
1589210 331
1589220 332
1589230 334
1589240 334
1589250 335
1589260 337
1589270 337
1589280 338
1589290 339
1589300 339
1589310 341
1589320 342
1589330 342
1589340 343
1589350 345
1589360 347
1589370 347
1589380 347
1589390 348
1589400 348
1589410 349
1589420 350
1589430 350
1589440 351
1589450 352
1589460 352
1589470 353
1589480 353
1589490 353
1589500 354
1589510 355
1589520 355
1589530 355
1589540 356
1589550 356
1589560 356
1589570 357
1589580 357
1589590 357
1589600 357
1589610 357
1589620 357
1589630 357
1589640 357
1589650 357
1589660 357
1589670 357
1589680 356
1589690 356
1589700 356
1589710 356
1589720 355
1589730 355
1589740 355
1589750 354
1589760 354
1589770 354
1589780 353
1589790 353
1589800 352
1589810 352
1589820 352
1589830 351
1589840 350
1589850 350
1589860 349
1589870 348
1589880 348
1589890 347
1589900 346
1589910 346
1589920 345
1589930 344
1589940 344
1589950 344
1589960 343
1589970 343
1589980 342
1589990 342
1590000 342
1590010 341
1590020 341
1590030 341
1590040 341
1590050 341
1590060 341
1590070 341
1590080 341
1590090 341
1590100 341
1590110 341
1590120 341
1590130 341
1590140 342
1590150 342
1590160 342
1590170 342
1590180 342
1590190 342
1590200 343
1590210 343
1590220 343
1590230 343
1590240 343
1590250 343
1590260 343
1590270 343
1590280 344
1590290 345
1590300 345
1590310 345
1590320 346
1590330 346
1590340 347
1590350 348
1590360 348
1590370 349
1590380 349
1590390 349
1590400 350
1590410 350
1590420 350
1590430 351
1590440 351
1590450 351
1590460 352
1590470 352
1590480 352
1590490 352
1590500 352
1590510 352
1590520 352
1590530 352
1590540 352
1590550 353
1590560 353
1590570 353
1590580 352
1590590 352
1590600 352
1590610 352
1590620 352
1590630 352
1590640 351
1590650 351
1590660 351
1590670 351
1590680 350
1590690 350
1590700 350
1590710 350
1590720 350
1590730 349
1590740 349
1590750 349
1590760 348
1590770 347
1590780 347
1590790 347
1590800 346
1590810 346
1590820 345
1590830 344
1590840 344
1590850 343
1590860 342
1590870 342
1590880 341
1590890 341
1590900 341
1590910 340
1590920 339
1590930 339
1590940 338
1590950 337
1590960 337
1590970 336
1590980 335
1590990 335
1591000 334
1591010 333
1591020 333
1591030 332
1591040 330
1591050 330
1591060 329
1591070 327
1591080 328
1591090 327
1591100 325
1591110 325
1591120 324
1591130 324
1591140 324
1591150 323
1591160 323
1591170 323
1591180 323
1591190 323
1591200 323
1591210 324
1591220 326
1591230 326
1591240 327
1591250 329
1591260 329
1591270 331
1591280 333
1591290 333
1591300 335
1591310 336
1591320 336
1591330 337
1591340 338
1591350 338
1591360 339
1591370 340
1591380 340
1591390 341
1591400 342
1591410 342
1591420 342
1591430 342
1591440 342
1591450 343
1591460 343
1591470 343
1591480 343
1591490 343
1591500 343
1591510 342
1591520 342
1591530 342
1591540 342
1591550 341
1591560 341
1591570 341
1591580 340
1591590 340
1591600 340
1591610 339
1591620 339
1591630 339
1591640 338
1591650 338
1591660 338
1591670 337
1591680 337
1591690 336
1591700 336
1591710 336
1591720 335
1591730 334
1591740 334
1591750 334
1591760 333
1591770 333
1591780 332
1591790 332
1591800 332
1591810 332
1591820 332
1591830 332
1591840 332
1591850 332
1591860 332
1591870 331
1591880 331
1591890 331
1591900 331
1591910 331
1591920 331
1591930 331
1591940 331
1591950 331
1591960 331
1591970 331
1591980 331
1591990 331
1592000 331
1592010 331
1592020 331
1592030 331
1592040 331
1592050 331
1592060 330
1592070 330
1592080 330
1592090 329
1592100 329
1592110 328
1592120 326
1592130 326
1592140 324
1592150 321
1592160 321
1592170 319
1592180 317
1592190 317
1592200 317
1592210 318
1592220 318
1592230 320
1592240 321
1592250 321
1592260 323
1592270 325
1592280 325
1592290 327
1592300 328
1592310 328
1592320 328
1592330 329
1592340 329
1592350 329
1592360 328
1592370 328
1592380 328
1592390 327
1592400 327
1592410 326
1592420 326
1592430 326
1592440 325
1592450 324
1592460 324
1592470 324
1592480 323
1592490 323
1592500 323
1592510 323
1592520 323
1592530 323
1592540 323
1592550 323
1592560 323
1592570 324
1592580 324
1592590 324
1592600 325
1592610 325
1592620 325
1592630 326
1592640 327
1592650 327
1592660 328
1592670 328
1592680 328
1592690 329
1592700 329
1592710 329
1592720 330
1592730 330
1592740 330
1592750 330
1592760 331
1592770 331
1592780 331
1592790 331
1592800 331
1592810 331
1592820 331
1592830 331
1592840 331
1592850 331
1592860 331
1592870 331
1592880 330
1592890 330
1592900 329
1592910 329
1592920 329
1592930 328
1592940 327
1592950 327
1592960 326
1592970 325
1592980 325
1592990 324
1593000 323
1593010 323
1593020 322
1593030 321
1593040 321
1593050 320
1593060 319
1593070 319
1593080 318
1593090 318
1593100 318
1593110 317
1593120 317
1593130 317
1593140 316
1593150 316
1593160 316
1593170 316
1593180 315
1593190 315
1593200 315
1593210 315
1593220 315
1593230 315
1593240 314
1593250 314
1593260 314
1593270 313
1593280 313
1593290 313
1593300 312
1593310 312
1593320 312
1593330 312
1593340 312
1593350 311
1593360 311
1593370 311
1593380 311
1593390 310
1593400 310
1593410 310
1593420 310
1593430 310
1593440 309
1593450 309
1593460 309
1593470 309
1593480 308
1593490 310
1593500 309
1593510 309
1593520 309
1593530 308
1593540 308
1593550 308
1593560 307
1593570 306
1593580 306
1593590 306
1593600 305
1593610 305
1593620 304
1593630 304
1593640 304
1593650 303
1593660 302
1593670 302
1593680 301
1593690 300
1593700 300
1593710 299
1593720 298
1593730 298
1593740 297
1593750 296
1593760 296
1593770 296
1593780 295
1593790 295
1593800 295
1593810 295
1593820 295
1593830 295
1593840 295
1593850 295
1593860 295
1593870 295
1593880 295
1593890 295
1593900 295
1593910 295
1593920 296
1593930 297
1593940 297
1593950 298
1593960 299
1593970 299
1593980 301
1593990 302
1594000 302
1594010 303
1594020 304
1594030 304
1594040 305
1594050 305
1594060 305
1594070 305
1594080 305
1594090 305
1594100 305
1594110 304
1594120 304
1594130 304
1594140 304
1594150 304
1594160 303
1594170 302
1594180 302
1594190 302
1594200 302
1594210 302
1594220 301
1594230 301
1594240 301
1594250 300
1594260 300
1594270 300
1594280 299
1594290 299
1594300 299
1594310 298
1594320 297
1594330 297
1594340 297
1594350 296
1594360 296
1594370 295
1594380 295
1594390 295
1594400 294
1594410 294
1594420 294
1594430 293
1594440 293
1594450 293
1594460 292
1594470 291
1594480 291
1594490 291
1594500 290
1594510 290
1594520 290
1594530 289
1594540 289
1594550 289
1594560 287
1594570 287
1594580 287
1594590 286
1594600 286
1594610 287
1594620 287
1594630 287
1594640 286
1594650 286
1594660 286
1594670 286
1594680 286
1594690 286
1594700 285
1594710 285
1594720 285
1594730 285
1594740 284
1594750 284
1594760 284
1594770 283
1594780 283
1594790 283
1594800 283
1594810 283
1594820 283
1594830 283
1594840 283
1594850 283
1594860 282
1594870 282
1594880 282
1594890 282
1594900 282
1594910 282
1594920 282
1594930 282
1594940 281
1594950 281
1594960 281
1594970 281
1594980 281
1594990 281
1595000 281
1595010 280
1595020 280
1595030 280
1595040 279
1595050 279
1595060 279
1595070 279
1595080 279
1595090 279
1595100 280
1595110 280
1595120 280
1595130 280
1595140 280
1595150 279
1595160 279
1595170 279
1595180 279
1595190 279
1595200 279
1595210 279
1595220 279
1595230 279
1595240 278
1595250 279
1595260 279
1595270 279
1595280 279
1595290 279
1595300 279
1595310 279
1595320 279
1595330 279
1595340 279
1595350 279
1595360 279
1595370 279
1595380 279
1595390 279
1595400 279
1595410 279
1595420 279
1595430 279
1595440 279
1595450 279
1595460 279
1595470 279
1595480 279
1595490 279
1595500 279
1595510 279
1595520 279
1595530 279
1595540 279
1595550 278
1595560 278
1595570 278
1595580 278
1595590 278
1595600 279
1595610 279
1595620 279
1595630 279
1595640 279
1595650 279
1595660 279
1595670 280
1595680 280
1595690 280
1595700 280
1595710 280
1595720 280
1595730 280
1595740 280
1595750 280
1595760 280
1595770 280
1595780 280
1595790 280
1595800 280
1595810 280
1595820 280
1595830 280
1595840 280
1595850 280
1595860 280
1595870 280
1595880 280
1595890 281
1595900 281
1595910 281
1595920 281
1595930 281
1595940 282
1595950 283
1595960 283
1595970 284
1595980 284
1595990 284
1596000 285
1596010 286
1596020 286
1596030 287
1596040 288
1596050 288
1596060 289
1596070 290
1596080 290
1596090 290
1596100 291
1596110 291
1596120 292
1596130 292
1596140 292
1596150 292
1596160 293
1596170 293
1596180 293
1596190 294
1596200 294
1596210 294
1596220 294
1596230 294
1596240 294
1596250 295
1596260 295
1596270 295
1596280 295
1596290 295
1596300 295
1596310 295
1596320 295
1596330 295
1596340 295
1596350 295
1596360 295
1596370 295
1596380 295
1596390 295
1596400 295
1596410 295
1596420 294
1596430 294
1596440 294
1596450 294
1596460 293
1596470 293
1596480 293
1596490 292
1596500 292
1596510 291
1596520 291
1596530 291
1596540 290
1596550 289
1596560 289
1596570 289
1596580 288
1596590 288
1596600 287
1596610 286
1596620 286
1596630 285
1596640 284
1596650 284
1596660 283
1596670 282
1596680 282
1596690 281
1596700 280
1596710 280
1596720 279
1596730 278
1596740 278
1596750 278
1596760 277
1596770 277
1596780 277
1596790 276
1596800 276
1596810 276
1596820 276
1596830 276
1596840 277
1596850 277
1596860 277
1596870 277
1596880 277
1596890 277
1596900 278
1596910 279
1596920 279
1596930 279
1596940 279
1596950 279
1596960 280
1596970 281
1596980 281
1596990 282
1597000 284
1597010 284
1597020 286
1597030 287
1597040 287
1597050 289
1597060 291
1597070 291
1597080 293
1597090 295
1597100 295
1597110 297
1597120 299
1597130 299
1597140 301
1597150 302
1597160 302
1597170 304
1597180 305
1597190 305
1597200 307
1597210 309
1597220 309
1597230 310
1597240 311
1597250 311
1597260 313
1597270 314
1597280 314
1597290 315
1597300 316
1597310 316
1597320 317
1597330 317
1597340 317
1597350 318
1597360 319
1597370 319
1597380 319
1597390 320
1597400 320
1597410 320
1597420 321
1597430 321
1597440 321
1597450 321
1597460 321
1597470 321
1597480 321
1597490 321
1597500 321
1597510 321
1597520 321
1597530 321
1597540 321
1597550 321
1597560 321
1597570 320
1597580 320
1597590 320
1597600 319
1597610 319
1597620 319
1597630 319
1597640 319
1597650 318
1597660 317
1597670 317
1597680 317
1597690 316
1597700 316
1597710 316
1597720 315
1597730 315
1597740 315
1597750 314
1597760 314
1597770 313
1597780 313
1597790 313
1597800 312
1597810 311
1597820 311
1597830 311
1597840 310
1597850 310
1597860 310
1597870 309
1597880 309
1597890 309
1597900 308
1597910 308
1597920 308
1597930 307
1597940 307
1597950 307
1597960 306
1597970 306
1597980 306
1597990 305
1598000 305
1598010 305
1598020 304
1598030 304
1598040 304
1598050 303
1598060 303
1598070 303
1598080 302
1598090 302
1598100 302
1598110 302
1598120 302
1598130 301
1598140 301
1598150 301
1598160 300
1598170 300
1598180 300
1598190 300
1598200 299
1598210 299
1598220 299
1598230 299
1598240 299
1598250 298
1598260 298
1598270 298
1598280 297
1598290 297
1598300 297
1598310 296
1598320 296
1598330 296
1598340 295
1598350 295
1598360 295
1598370 295
1598380 294
1598390 294
1598400 294
1598410 293
1598420 293
1598430 293
1598440 292
1598450 292
1598460 292
1598470 292
1598480 292
1598490 291
1598500 291
1598510 291
1598520 290
1598530 290
1598540 290
1598550 290
1598560 289
1598570 289
1598580 289
1598590 288
1598600 288
1598610 288
1598620 287
1598630 287
1598640 287
1598650 286
1598660 286
1598670 286
1598680 286
1598690 286
1598700 286
1598710 286
1598720 286
1598730 286
1598740 285
1598750 285
1598760 285
1598770 285
1598780 285
1598790 285
1598800 285
1598810 284
1598820 284
1598830 284
1598840 284
1598850 284
1598860 284
1598870 284
1598880 284
1598890 284
1598900 283
1598910 283
1598920 283
1598930 283
1598940 283
1598950 283
1598960 282
1598970 282
1598980 282
1598990 282
1599000 282
1599010 282
1599020 281
1599030 281
1599040 281
1599050 281
1599060 281
1599070 281
1599080 280
1599090 280
1599100 280
1599110 280
1599120 280
1599130 280
1599140 280
1599150 280
1599160 279
1599170 279
1599180 279
1599190 279
1599200 278
1599210 278
1599220 278
1599230 278
1599240 278
1599250 277
1599260 277
1599270 277
1599280 277
1599290 276
1599300 276
1599310 277
1599320 278
1599330 278
1599340 278
1599350 279
1599360 279
1599370 279
1599380 280
1599390 280
1599400 281
1599410 281
1599420 281
1599430 282
1599440 283
1599450 283
1599460 285
1599470 286
1599480 286
1599490 287
1599500 289
1599510 289
1599520 290
1599530 292
1599540 292
1599550 294
1599560 295
1599570 295
1599580 297
1599590 299
1599600 299
1599610 300
1599620 302
1599630 302
1599640 303
1599650 304
1599660 304
1599670 308
1599680 312
1599690 312
1599700 314
1599710 316
1599720 316
1599730 318
1599740 319
1599750 319
1599760 321
1599770 323
1599780 323
1599790 324
1599800 325
1599810 325
1599820 326
1599830 327
1599840 327
1599850 328
1599860 328
1599870 328
1599880 327
1599890 328
1599900 328
1599910 330
1599920 331
1599930 331
1599940 331
1599950 331
1599960 331
1599970 331
1599980 332
1599990 332
