1580000 281
1580010 281
1580020 281
1580030 281
1580040 281
1580050 281
1580060 281
1580070 281
1580080 281
1580090 281
1580100 281
1580110 281
1580120 281
1580130 281
1580140 281
1580150 280
1580160 280
1580170 280
1580180 280
1580190 279
1580200 279
1580210 279
1580220 280
1580230 280
1580240 281
1580250 281
1580260 281
1580270 281
1580280 281
1580290 281
1580300 281
1580310 281
1580320 281
1580330 280
1580340 280
1580350 280
1580360 281
1580370 281
1580380 281
1580390 281
1580400 281
1580410 281
1580420 281
1580430 281
1580440 281
1580450 281
1580460 281
1580470 281
1580480 280
1580490 280
1580500 280
1580510 280
1580520 280
1580530 280
1580540 280
1580550 281
1580560 281
1580570 281
1580580 281
1580590 281
1580600 281
1580610 280
1580620 280
1580630 280
1580640 281
1580650 281
1580660 281
1580670 282
1580680 282
1580690 281
1580700 281
1580710 281
1580720 281
1580730 281
1580740 281
1580750 282
1580760 282
1580770 282
1580780 282
1580790 283
1580800 283
1580810 283
1580820 283
1580830 283
1580840 283
1580850 283
1580860 283
1580870 283
1580880 283
1580890 283
1580900 284
1580910 283
1580920 283
1580930 283
1580940 283
1580950 283
1580960 283
1580970 283
1580980 283
1580990 283
1581000 283
1581010 283
1581020 283
1581030 283
1581040 283
1581050 283
1581060 283
1581070 283
1581080 283
1581090 283
1581100 283
1581110 283
1581120 283
1581130 283
1581140 283
1581150 283
1581160 283
1581170 283
1581180 283
1581190 283
1581200 283
1581210 283
1581220 283
1581230 283
1581240 283
1581250 283
1581260 283
1581270 283
1581280 283
1581290 283
1581300 283
1581310 283
1581320 283
1581330 283
1581340 283
1581350 283
1581360 283
1581370 283
1581380 283
1581390 283
1581400 283
1581410 283
1581420 283
1581430 283
1581440 283
1581450 284
1581460 283
1581470 283
1581480 283
1581490 284
1581500 284
1581510 284
1581520 284
1581530 284
1581540 284
1581550 284
1581560 284
1581570 284
1581580 284
1581590 284
1581600 284
1581610 284
1581620 284
1581630 284
1581640 284
1581650 284
1581660 284
1581670 284
1581680 284
1581690 284
1581700 284
1581710 284
1581720 284
1581730 284
1581740 284
1581750 284
1581760 284
1581770 284
1581780 283
1581790 283
1581800 283
1581810 283
1581820 282
1581830 282
1581840 282
1581850 282
1581860 282
1581870 281
1581880 279
1581890 279
1581900 278
1581910 278
1581920 278
1581930 277
1581940 278
1581950 278
1581960 278
1581970 278
1581980 278
1581990 278
1582000 278
1582010 278
1582020 278
1582030 278
1582040 278
1582050 277
1582060 277
1582070 277
1582080 277
1582090 277
1582100 277
1582110 278
1582120 278
1582130 278
1582140 278
1582150 277
1582160 277
1582170 277
1582180 278
1582190 278
1582200 278
1582210 278
1582220 278
1582230 278
1582240 278
1582250 278
1582260 278
1582270 278
1582280 278
1582290 277
1582300 278
1582310 278
1582320 277
1582330 277
1582340 277
1582350 277
1582360 278
1582370 278
1582380 278
1582390 278
1582400 278
1582410 278
1582420 278
1582430 278
1582440 277
1582450 277
1582460 277
1582470 277
1582480 277
1582490 277
1582500 277
1582510 277
1582520 277
1582530 277
1582540 277
1582550 277
1582560 277
1582570 277
1582580 277
1582590 279
1582600 280
1582610 280
1582620 280
1582630 280
1582640 280
1582650 280
1582660 280
1582670 280
1582680 280
1582690 280
1582700 280
1582710 280
1582720 278
1582730 278
1582740 278
1582750 278
1582760 278
1582770 278
1582780 278
1582790 278
1582800 278
1582810 278
1582820 278
1582830 278
1582840 278
1582850 278
1582860 278
1582870 278
1582880 278
1582890 278
1582900 279
1582910 279
1582920 279
1582930 280
1582940 280
1582950 281
1582960 281
1582970 281
1582980 281
1582990 281
1583000 281
1583010 281
1583020 281
1583030 281
1583040 281
1583050 281
1583060 281
1583070 281
1583080 281
1583090 281
1583100 281
1583110 281
1583120 281
1583130 281
1583140 281
1583150 281
1583160 281
1583170 281
1583180 281
1583190 281
1583200 281
1583210 281
1583220 281
1583230 281
1583240 281
1583250 281
1583260 281
1583270 281
1583280 281
1583290 281
1583300 281
1583310 281
1583320 281
1583330 281
1583340 281
1583350 281
1583360 281
1583370 281
1583380 282
1583390 282
1583400 282
1583410 282
1583420 282
1583430 282
1583440 282
1583450 282
1583460 281
1583470 281
1583480 281
1583490 282
1583500 282
1583510 282
1583520 282
1583530 282
1583540 282
1583550 282
1583560 282
1583570 282
1583580 282
1583590 282
1583600 282
1583610 282
1583620 282
1583630 282
1583640 281
1583650 281
1583660 281
1583670 281
1583680 281
1583690 281
1583700 282
1583710 281
1583720 281
1583730 281
1583740 281
1583750 281
1583760 281
1583770 281
1583780 281
1583790 279
1583800 279
1583810 279
1583820 279
1583830 278
1583840 278
1583850 277
1583860 277
1583870 277
1583880 278
1583890 279
1583900 279
1583910 279
1583920 280
1583930 280
1583940 280
1583950 280
1583960 280
1583970 280
1583980 281
1583990 281
1584000 281
1584010 281
1584020 281
1584030 281
1584040 281
1584050 281
1584060 281
1584070 281
1584080 281
1584090 281
1584100 281
1584110 281
1584120 280
1584130 280
1584140 280
1584150 280
1584160 280
1584170 280
1584180 280
1584190 280
1584200 280
1584210 280
1584220 280
1584230 280
1584240 280
1584250 280
1584260 280
1584270 280
1584280 280
1584290 280
1584300 280
1584310 280
1584320 280
1584330 281
1584340 281
1584350 281
1584360 281
1584370 281
1584380 281
1584390 280
1584400 280
1584410 280
1584420 280
1584430 280
1584440 280
1584450 280
1584460 280
1584470 280
1584480 280
1584490 280
1584500 280
1584510 280
1584520 280
1584530 280
1584540 280
1584550 280
1584560 280
1584570 280
1584580 280
1584590 280
1584600 280
1584610 280
1584620 280
1584630 280
1584640 280
1584650 280
1584660 280
1584670 280
1584680 280
1584690 280
1584700 279
1584710 279
1584720 279
1584730 279
1584740 279
1584750 279
1584760 280
1584770 280
1584780 280
1584790 280
1584800 279
1584810 279
1584820 279
1584830 279
1584840 279
1584850 279
1584860 279
1584870 279
1584880 279
1584890 279
1584900 279
1584910 279
1584920 279
1584930 279
1584940 279
1584950 279
1584960 279
1584970 280
1584980 279
1584990 279
1585000 279
1585010 279
1585020 279
1585030 279
1585040 279
1585050 279
1585060 279
1585070 279
1585080 279
1585090 279
1585100 279
1585110 279
1585120 279
1585130 279
1585140 279
1585150 279
1585160 279
1585170 279
1585180 279
1585190 279
1585200 279
1585210 279
1585220 279
1585230 279
1585240 279
1585250 279
1585260 279
1585270 279
1585280 279
1585290 279
1585300 279
1585310 279
1585320 279
1585330 279
1585340 279
1585350 279
1585360 279
1585370 279
1585380 279
1585390 279
1585400 279
1585410 279
1585420 279
1585430 279
1585440 279
1585450 279
1585460 279
1585470 279
1585480 279
1585490 279
1585500 279
1585510 279
1585520 279
1585530 279
1585540 279
1585550 279
1585560 279
1585570 279
1585580 279
1585590 279
1585600 279
1585610 279
1585620 279
1585630 279
1585640 279
1585650 279
1585660 279
1585670 279
1585680 279
1585690 279
1585700 278
1585710 278
1585720 278
1585730 278
1585740 278
1585750 278
1585760 278
1585770 278
1585780 278
1585790 279
1585800 279
1585810 279
1585820 278
1585830 278
1585840 278
1585850 278
1585860 278
1585870 279
1585880 279
1585890 279
1585900 279
1585910 279
1585920 279
1585930 279
1585940 279
1585950 279
1585960 279
1585970 279
1585980 279
1585990 278
1586000 278
1586010 278
1586020 278
1586030 278
1586040 278
1586050 277
1586060 277
1586070 277
1586080 277
1586090 278
1586100 278
1586110 278
1586120 278
1586130 278
1586140 279
1586150 282
1586160 282
1586170 284
1586180 283
1586190 283
1586200 280
1586210 278
1586220 278
1586230 276
1586240 276
1586250 276
1586260 275
1586270 276
1586280 276
1586290 276
1586300 276
1586310 276
1586320 277
1586330 277
1586340 277
1586350 277
1586360 277
1586370 277
1586380 277
1586390 277
1586400 277
1586410 277
1586420 276
1586430 276
1586440 276
1586450 275
1586460 275
1586470 275
1586480 275
1586490 275
1586500 277
1586510 278
1586520 278
1586530 278
1586540 278
1586550 278
1586560 278
1586570 277
1586580 277
1586590 278
1586600 278
1586610 278
1586620 277
1586630 277
1586640 277
1586650 277
1586660 277
1586670 277
1586680 277
1586690 277
1586700 277
1586710 277
1586720 277
1586730 277
1586740 277
1586750 277
1586760 277
1586770 277
1586780 277
1586790 277
1586800 277
1586810 277
1586820 277
1586830 277
1586840 277
1586850 277
1586860 277
1586870 277
1586880 277
1586890 277
1586900 277
1586910 277
1586920 277
1586930 277
1586940 277
1586950 277
1586960 277
1586970 277
1586980 277
1586990 277
1587000 277
1587010 277
1587020 277
1587030 277
1587040 277
1587050 277
1587060 277
1587070 277
1587080 277
1587090 277
1587100 277
1587110 277
1587120 277
1587130 277
1587140 277
1587150 277
1587160 277
1587170 277
1587180 277
1587190 277
1587200 277
1587210 277
1587220 277
1587230 278
1587240 278
1587250 277
1587260 277
1587270 277
1587280 277
1587290 276
1587300 276
1587310 274
1587320 273
1587330 273
1587340 273
1587350 275
1587360 275
1587370 277
1587380 277
1587390 277
1587400 277
1587410 277
1587420 277
1587430 277
1587440 277
1587450 277
1587460 277
1587470 277
1587480 277
1587490 277
1587500 277
1587510 277
1587520 277
1587530 277
1587540 277
1587550 277
1587560 277
1587570 277
1587580 277
1587590 277
1587600 277
1587610 276
1587620 276
1587630 276
1587640 276
1587650 275
1587660 275
1587670 275
1587680 275
1587690 275
1587700 275
1587710 274
1587720 274
1587730 272
1587740 272
1587750 272
1587760 273
1587770 275
1587780 275
1587790 275
1587800 275
1587810 275
1587820 275
1587830 275
1587840 275
1587850 275
1587860 275
1587870 275
1587880 275
1587890 275
1587900 275
1587910 275
1587920 275
1587930 275
1587940 276
1587950 276
1587960 276
1587970 278
1587980 281
1587990 281
1588000 281
1588010 282
1588020 282
1588030 282
1588040 283
1588050 283
1588060 284
1588070 284
1588080 284
1588090 284
1588100 284
1588110 284
1588120 284
1588130 285
1588140 285
1588150 285
1588160 285
1588170 285
1588180 285
1588190 285
1588200 285
1588210 285
1588220 286
1588230 286
1588240 287
1588250 288
1588260 289
1588270 289
1588280 289
1588290 290
1588300 290
1588310 291
1588320 292
1588330 292
1588340 293
1588350 294
1588360 294
1588370 294
1588380 295
1588390 295
1588400 295
1588410 295
1588420 295
1588430 295
1588440 296
1588450 296
1588460 297
1588470 299
1588480 299
1588490 300
1588500 301
1588510 301
1588520 301
1588530 302
1588540 302
1588550 302
1588560 303
1588570 303
1588580 303
1588590 303
1588600 303
1588610 303
1588620 303
1588630 303
1588640 304
1588650 304
1588660 304
1588670 304
1588680 303
1588690 303
1588700 303
1588710 304
1588720 304
1588730 305
1588740 307
1588750 307
1588760 308
1588770 310
1588780 310
1588790 312
1588800 315
1588810 315
1588820 318
1588830 321
1588840 321
1588850 325
1588860 329
1588870 335
1588880 337
1588890 339
1588900 339
1588910 340
1588920 341
1588930 341
1588940 341
1588950 342
1588960 342
1588970 343
1588980 344
1588990 344
1589000 345
1589010 344
1589020 344
1589030 339
1589040 334
1589050 334
1589060 328
1589070 327
1589080 327
1589090 331
1589100 337
1589110 337
1589120 343
1589130 346
1589140 346
1589150 347
1589160 347
1589170 347
1589180 348
1589190 348
1589200 348
1589210 348
1589220 349
1589230 349
1589240 349
1589250 349
1589260 349
1589270 349
1589280 349
1589290 349
1589300 349
1589310 349
1589320 349
1589330 349
1589340 349
1589350 349
1589360 349
1589370 349
1589380 349
1589390 349
1589400 349
1589410 349
1589420 349
1589430 348
1589440 348
1589450 348
1589460 348
1589470 348
1589480 348
1589490 348
1589500 348
1589510 349
1589520 349
1589530 349
1589540 350
1589550 350
1589560 350
1589570 351
1589580 352
1589590 352
1589600 352
1589610 353
1589620 353
1589630 354
1589640 355
1589650 355
1589660 355
1589670 356
1589680 356
1589690 356
1589700 357
1589710 357
1589720 357
1589730 358
1589740 358
1589750 358
1589760 359
1589770 359
1589780 359
1589790 359
1589800 359
1589810 360
1589820 360
1589830 360
1589840 360
1589850 361
1589860 361
1589870 361
1589880 362
1589890 362
1589900 362
1589910 362
1589920 362
1589930 362
1589940 362
1589950 362
1589960 362
1589970 362
1589980 362
1589990 362
1590000 362
1590010 362
1590020 361
1590030 361
1590040 361
1590050 361
1590060 361
1590070 361
1590080 361
1590090 360
1590100 360
1590110 361
1590120 361
1590130 361
1590140 360
1590150 360
1590160 360
1590170 360
1590180 360
1590190 360
1590200 360
1590210 360
1590220 360
1590230 360
1590240 360
1590250 360
1590260 359
1590270 359
1590280 359
1590290 359
1590300 359
1590310 359
1590320 359
1590330 359
1590340 359
1590350 358
1590360 358
1590370 358
1590380 358
1590390 357
1590400 357
1590410 356
1590420 355
1590430 355
1590440 355
1590450 354
1590460 354
1590470 353
1590480 352
1590490 352
1590500 351
1590510 351
1590520 351
1590530 350
1590540 349
1590550 349
1590560 348
1590570 347
1590580 347
1590590 346
1590600 345
1590610 345
1590620 344
1590630 343
1590640 343
1590650 342
1590660 341
1590670 341
1590680 340
1590690 339
1590700 339
1590710 338
1590720 338
1590730 338
1590740 336
1590750 336
1590760 336
1590770 335
1590780 335
1590790 335
1590800 336
1590810 336
1590820 336
1590830 336
1590840 337
1590850 337
1590860 337
1590870 338
1590880 338
1590890 339
1590900 340
1590910 340
1590920 341
1590930 342
1590940 342
1590950 343
1590960 344
1590970 344
1590980 345
1590990 345
1591000 345
1591010 346
1591020 347
1591030 347
1591040 347
1591050 347
1591060 347
1591070 347
1591080 347
1591090 347
1591100 346
1591110 346
1591120 346
1591130 345
1591140 344
1591150 344
1591160 343
1591170 342
1591180 342
1591190 341
1591200 340
1591210 340
1591220 338
1591230 337
1591240 337
1591250 336
1591260 335
1591270 335
1591280 333
1591290 332
1591300 332
1591310 331
1591320 329
1591330 329
1591340 328
1591350 327
1591360 327
1591370 325
1591380 324
1591390 324
1591400 324
1591410 323
1591420 323
1591430 323
1591440 322
1591450 322
1591460 322
1591470 323
1591480 323
1591490 323
1591500 323
1591510 323
1591520 323
1591530 323
1591540 323
1591550 323
1591560 324
1591570 324
1591580 324
1591590 324
1591600 324
1591610 325
1591620 326
1591630 326
1591640 326
1591650 327
1591660 327
1591670 328
1591680 328
1591690 328
1591700 328
1591710 328
1591720 328
1591730 328
1591740 328
1591750 328
1591760 329
1591770 330
1591780 330
1591790 330
1591800 331
1591810 331
1591820 331
1591830 330
1591840 330
1591850 330
1591860 330
1591870 330
1591880 331
1591890 331
1591900 331
1591910 331
1591920 331
1591930 331
1591940 331
1591950 331
1591960 331
1591970 331
1591980 332
1591990 332
1592000 332
1592010 333
1592020 333
1592030 333
1592040 333
1592050 333
1592060 333
1592070 333
1592080 333
1592090 333
1592100 333
1592110 332
1592120 332
1592130 332
1592140 332
1592150 332
1592160 331
1592170 331
1592180 331
1592190 331
1592200 330
1592210 330
1592220 330
1592230 329
1592240 329
1592250 329
1592260 328
1592270 328
1592280 327
1592290 327
1592300 327
1592310 326
1592320 325
1592330 325
1592340 325
1592350 324
1592360 324
1592370 323
1592380 322
1592390 322
1592400 321
1592410 321
1592420 321
1592430 320
1592440 320
1592450 320
1592460 319
1592470 318
1592480 318
1592490 318
1592500 317
1592510 317
1592520 316
1592530 315
1592540 315
1592550 315
1592560 315
1592570 315
1592580 315
1592590 315
1592600 315
1592610 315
1592620 316
1592630 316
1592640 317
1592650 318
1592660 318
1592670 319
1592680 319
1592690 319
1592700 320
1592710 321
1592720 321
1592730 321
1592740 321
1592750 321
1592760 321
1592770 321
1592780 321
1592790 320
1592800 320
1592810 320
1592820 319
1592830 319
1592840 319
1592850 318
1592860 318
1592870 318
1592880 317
1592890 316
1592900 316
1592910 315
1592920 315
1592930 315
1592940 314
1592950 313
1592960 313
1592970 313
1592980 312
1592990 312
1593000 312
1593010 311
1593020 311
1593030 311
1593040 311
1593050 311
1593060 311
1593070 311
1593080 311
1593090 310
1593100 310
1593110 310
1593120 309
1593130 308
1593140 308
1593150 308
1593160 307
1593170 307
1593180 307
1593190 306
1593200 306
1593210 306
1593220 305
1593230 305
1593240 304
1593250 304
1593260 304
1593270 303
1593280 303
1593290 303
1593300 302
1593310 302
1593320 302
1593330 303
1593340 303
1593350 303
1593360 304
1593370 305
1593380 305
1593390 306
1593400 306
1593410 306
1593420 307
1593430 307
1593440 307
1593450 308
1593460 308
1593470 308
1593480 309
1593490 309
1593500 309
1593510 310
1593520 311
1593530 311
1593540 312
1593550 313
1593560 313
1593570 314
1593580 314
1593590 314
1593600 315
1593610 316
1593620 316
1593630 317
1593640 318
1593650 318
1593660 318
1593670 319
1593680 319
1593690 320
1593700 320
1593710 320
1593720 321
1593730 322
1593740 322
1593750 323
1593760 324
1593770 324
1593780 325
1593790 325
1593800 325
1593810 326
1593820 327
1593830 327
1593840 328
1593850 329
1593860 329
1593870 330
1593880 330
1593890 330
1593900 331
1593910 332
1593920 332
1593930 333
1593940 334
1593950 334
1593960 335
1593970 336
1593980 336
1593990 336
1594000 337
1594010 337
1594020 338
1594030 339
1594040 339
1594050 340
1594060 341
1594070 341
1594080 342
1594090 343
1594100 343
1594110 343
1594120 344
1594130 344
1594140 345
1594150 345
1594160 345
1594170 346
1594180 347
1594190 347
1594200 347
1594210 348
1594220 348
1594230 348
1594240 349
1594250 349
1594260 349
1594270 350
1594280 350
1594290 350
1594300 351
1594310 351
1594320 351
1594330 351
1594340 351
1594350 352
1594360 352
1594370 352
1594380 353
1594390 353
1594400 353
1594410 353
1594420 354
1594430 354
1594440 354
1594450 355
1594460 355
1594470 355
1594480 355
1594490 355
1594500 355
1594510 356
1594520 356
1594530 356
1594540 356
1594550 356
1594560 357
1594570 357
1594580 357
1594590 357
1594600 357
1594610 357
1594620 357
1594630 357
1594640 357
1594650 357
1594660 357
1594670 357
1594680 357
1594690 357
1594700 357
1594710 358
1594720 357
1594730 357
1594740 358
1594750 361
1594760 361
1594770 362
1594780 362
1594790 362
1594800 363
1594810 363
1594820 363
1594830 363
1594840 363
1594850 363
1594860 364
1594870 363
1594880 363
1594890 363
1594900 364
1594910 364
1594920 364
1594930 364
1594940 364
1594950 364
1594960 364
1594970 364
1594980 364
1594990 364
1595000 364
1595010 364
1595020 364
1595030 364
1595040 364
1595050 364
1595060 364
1595070 364
1595080 364
1595090 364
1595100 363
1595110 363
1595120 363
1595130 363
1595140 363
1595150 363
1595160 363
1595170 362
1595180 362
1595190 362
1595200 362
1595210 362
1595220 362
1595230 361
1595240 361
1595250 361
1595260 360
1595270 360
1595280 360
1595290 359
1595300 359
1595310 357
1595320 356
1595330 356
1595340 355
1595350 354
1595360 354
1595370 353
1595380 352
1595390 352
1595400 351
1595410 350
1595420 350
1595430 350
1595440 349
1595450 349
1595460 348
1595470 347
1595480 347
1595490 345
1595500 342
1595510 342
1595520 339
1595530 335
1595540 335
1595550 331
1595560 327
1595570 327
1595580 324
1595590 322
1595600 321
1595610 321
1595620 320
1595630 320
1595640 320
1595650 320
1595660 321
1595670 321
1595680 323
1595690 323
1595700 323
1595710 323
1595720 323
1595730 323
1595740 322
1595750 321
1595760 321
1595770 319
1595780 317
1595790 317
1595800 315
1595810 313
1595820 313
1595830 310
1595840 309
1595850 309
1595860 310
1595870 312
1595880 312
1595890 314
1595900 317
1595910 317
1595920 319
1595930 322
1595940 322
1595950 323
1595960 325
1595970 325
1595980 325
1595990 325
1596000 325
1596010 324
1596020 323
1596030 323
1596040 323
1596050 323
1596060 323
1596070 322
1596080 321
1596090 321
1596100 320
1596110 318
1596120 318
1596130 316
1596140 315
1596150 315
1596160 314
1596170 312
1596180 312
1596190 311
1596200 309
1596210 309
1596220 308
1596230 307
1596240 307
1596250 307
1596260 307
1596270 307
1596280 307
1596290 307
1596300 307
1596310 307
1596320 307
1596330 307
1596340 308
1596350 308
1596360 308
1596370 308
1596380 309
1596390 309
1596400 309
1596410 309
1596420 309
1596430 310
1596440 310
1596450 310
1596460 310
1596470 310
1596480 310
1596490 310
1596500 310
1596510 310
1596520 310
1596530 310
1596540 310
1596550 310
1596560 309
1596570 309
1596580 309
1596590 309
1596600 309
1596610 308
1596620 307
1596630 307
1596640 307
1596650 306
1596660 306
1596670 305
1596680 304
1596690 304
1596700 304
1596710 303
1596720 303
1596730 302
1596740 301
1596750 301
1596760 300
1596770 299
1596780 299
1596790 298
1596800 297
1596810 297
1596820 296
1596830 296
1596840 296
1596850 295
1596860 294
1596870 294
1596880 294
1596890 293
1596900 293
1596910 293
1596920 293
1596930 293
1596940 293
1596950 293
1596960 293
1596970 293
1596980 293
1596990 293
1597000 292
1597010 292
1597020 292
1597030 291
1597040 291
1597050 291
1597060 290
1597070 290
1597080 290
1597090 289
1597100 289
1597110 289
1597120 288
1597130 287
1597140 287
1597150 287
1597160 286
1597170 286
1597180 286
1597190 285
1597200 285
1597210 284
1597220 284
1597230 284
1597240 284
1597250 283
1597260 283
1597270 283
1597280 282
1597290 282
1597300 282
1597310 281
1597320 281
1597330 281
1597340 281
1597350 281
1597360 281
1597370 280
1597380 280
1597390 280
1597400 279
1597410 279
1597420 278
1597430 278
1597440 278
1597450 277
1597460 277
1597470 277
1597480 277
1597490 276
1597500 276
1597510 276
1597520 276
1597530 276
1597540 275
1597550 275
1597560 275
1597570 275
1597580 274
1597590 274
1597600 274
1597610 274
1597620 274
1597630 273
1597640 273
1597650 273
1597660 272
1597670 272
1597680 272
1597690 272
1597700 272
1597710 272
1597720 272
1597730 272
1597740 272
1597750 271
1597760 271
1597770 271
1597780 271
1597790 271
1597800 271
1597810 270
1597820 269
1597830 269
1597840 269
1597850 268
1597860 268
1597870 268
1597880 269
1597890 269
1597900 269
1597910 269
1597920 269
1597930 269
1597940 269
1597950 269
1597960 269
1597970 269
1597980 269
1597990 269
1598000 269
1598010 269
1598020 269
1598030 269
1598040 269
1598050 269
1598060 269
1598070 269
1598080 268
1598090 268
1598100 268
1598110 268
1598120 268
1598130 268
1598140 268
1598150 268
1598160 268
1598170 268
1598180 268
1598190 268
1598200 268
1598210 268
1598220 268
1598230 268
1598240 269
1598250 269
1598260 269
1598270 268
1598280 268
1598290 268
1598300 268
1598310 268
1598320 268
1598330 268
1598340 268
1598350 268
1598360 268
1598370 268
1598380 268
1598390 268
1598400 268
1598410 268
1598420 268
1598430 268
1598440 268
1598450 267
1598460 267
1598470 267
1598480 267
1598490 267
1598500 267
1598510 267
1598520 267
1598530 267
1598540 267
1598550 267
1598560 267
1598570 267
1598580 267
1598590 267
1598600 267
1598610 267
1598620 267
1598630 267
1598640 267
1598650 267
1598660 267
1598670 267
1598680 267
1598690 267
1598700 267
1598710 267
1598720 267
1598730 267
1598740 267
1598750 267
1598760 267
1598770 267
1598780 267
1598790 267
1598800 267
1598810 267
1598820 267
1598830 267
1598840 266
1598850 266
1598860 266
1598870 266
1598880 266
1598890 267
1598900 267
1598910 267
1598920 267
1598930 267
1598940 267
1598950 267
1598960 267
1598970 267
1598980 267
1598990 266
1599000 266
1599010 266
1599020 266
1599030 266
1599040 266
1599050 266
1599060 266
1599070 266
1599080 266
1599090 266
1599100 266
1599110 266
1599120 266
1599130 266
1599140 266
1599150 266
1599160 266
1599170 266
1599180 266
1599190 267
1599200 266
1599210 266
1599220 265
1599230 265
1599240 265
1599250 266
1599260 266
1599270 266
1599280 266
1599290 266
1599300 265
1599310 265
1599320 265
1599330 265
1599340 265
1599350 265
1599360 265
1599370 265
1599380 266
1599390 266
1599400 266
1599410 266
1599420 267
1599430 267
1599440 267
1599450 267
1599460 267
1599470 268
1599480 268
1599490 268
1599500 268
1599510 268
1599520 268
1599530 268
1599540 268
1599550 268
1599560 269
1599570 269
1599580 269
1599590 269
1599600 269
1599610 269
1599620 269
1599630 270
1599640 270
1599650 270
1599660 270
1599670 270
1599680 270
1599690 269
1599700 269
1599710 270
1599720 270
1599730 270
1599740 270
1599750 270
1599760 270
1599770 271
1599780 271
1599790 271
1599800 271
1599810 271
1599820 271
1599830 272
1599840 272
1599850 272
1599860 272
1599870 272
1599880 272
1599890 272
1599900 272
1599910 272
1599920 272
1599930 272
1599940 272
1599950 272
1599960 272
1599970 272
1599980 272
1599990 272
