1580000 281
1580010 281
1580020 281
1580030 281
1580040 281
1580050 281
1580060 281
1580070 280
1580080 280
1580090 280
1580100 280
1580110 280
1580120 279
1580130 280
1580140 280
1580150 280
1580160 281
1580170 281
1580180 280
1580190 280
1580200 280
1580210 280
1580220 281
1580230 281
1580240 281
1580250 281
1580260 281
1580270 282
1580280 282
1580290 282
1580300 282
1580310 283
1580320 283
1580330 283
1580340 284
1580350 284
1580360 284
1580370 284
1580380 284
1580390 284
1580400 284
1580410 284
1580420 284
1580430 284
1580440 284
1580450 284
1580460 284
1580470 284
1580480 284
1580490 283
1580500 283
1580510 283
1580520 283
1580530 283
1580540 283
1580550 282
1580560 282
1580570 282
1580580 281
1580590 281
1580600 281
1580610 280
1580620 279
1580630 279
1580640 280
1580650 280
1580660 280
1580670 280
1580680 280
1580690 280
1580700 280
1580710 280
1580720 280
1580730 280
1580740 280
1580750 280
1580760 280
1580770 280
1580780 280
1580790 280
1580800 280
1580810 280
1580820 280
1580830 280
1580840 280
1580850 280
1580860 280
1580870 280
1580880 280
1580890 279
1580900 279
1580910 279
1580920 280
1580930 280
1580940 280
1580950 280
1580960 280
1580970 280
1580980 280
1580990 280
1581000 280
1581010 280
1581020 280
1581030 279
1581040 279
1581050 279
1581060 280
1581070 280
1581080 280
1581090 279
1581100 279
1581110 279
1581120 279
1581130 279
1581140 279
1581150 279
1581160 279
1581170 279
1581180 279
1581190 279
1581200 279
1581210 279
1581220 279
1581230 279
1581240 279
1581250 279
1581260 279
1581270 279
1581280 279
1581290 279
1581300 279
1581310 279
1581320 279
1581330 279
1581340 279
1581350 279
1581360 279
1581370 279
1581380 279
1581390 279
1581400 279
1581410 279
1581420 279
1581430 278
1581440 278
1581450 278
1581460 278
1581470 278
1581480 278
1581490 279
1581500 279
1581510 279
1581520 278
1581530 278
1581540 279
1581550 279
1581560 279
1581570 279
1581580 279
1581590 279
1581600 279
1581610 278
1581620 278
1581630 278
1581640 278
1581650 278
1581660 278
1581670 278
1581680 278
1581690 278
1581700 278
1581710 278
1581720 278
1581730 278
1581740 278
1581750 278
1581760 278
1581770 278
1581780 278
1581790 278
1581800 278
1581810 278
1581820 278
1581830 278
1581840 278
1581850 278
1581860 278
1581870 278
1581880 277
1581890 277
1581900 277
1581910 277
1581920 277
1581930 278
1581940 278
1581950 278
1581960 279
1581970 279
1581980 279
1581990 279
1582000 279
1582010 279
1582020 280
1582030 281
1582040 281
1582050 281
1582060 282
1582070 282
1582080 283
1582090 283
1582100 283
1582110 283
1582120 284
1582130 284
1582140 284
1582150 284
1582160 284
1582170 285
1582180 285
1582190 285
1582200 285
1582210 285
1582220 285
1582230 285
1582240 285
1582250 285
1582260 285
1582270 285
1582280 285
1582290 285
1582300 285
1582310 285
1582320 284
1582330 283
1582340 283
1582350 282
1582360 281
1582370 281
1582380 280
1582390 280
1582400 280
1582410 279
1582420 279
1582430 279
1582440 279
1582450 278
1582460 278
1582470 278
1582480 277
1582490 277
1582500 277
1582510 277
1582520 277
1582530 277
1582540 277
1582550 277
1582560 277
1582570 278
1582580 278
1582590 279
1582600 279
1582610 279
1582620 279
1582630 279
1582640 279
1582650 279
1582660 279
1582670 279
1582680 280
1582690 280
1582700 280
1582710 280
1582720 280
1582730 280
1582740 280
1582750 281
1582760 281
1582770 281
1582780 281
1582790 281
1582800 281
1582810 282
1582820 282
1582830 282
1582840 282
1582850 282
1582860 282
1582870 282
1582880 282
1582890 281
1582900 281
1582910 281
1582920 281
1582930 281
1582940 281
1582950 281
1582960 281
1582970 281
1582980 281
1582990 281
1583000 281
1583010 281
1583020 281
1583030 281
1583040 281
1583050 281
1583060 281
1583070 281
1583080 282
1583090 282
1583100 281
1583110 282
1583120 282
1583130 282
1583140 282
1583150 282
1583160 282
1583170 282
1583180 282
1583190 282
1583200 282
1583210 282
1583220 282
1583230 282
1583240 282
1583250 282
1583260 282
1583270 282
1583280 282
1583290 282
1583300 282
1583310 282
1583320 282
1583330 282
1583340 282
1583350 282
1583360 282
1583370 282
1583380 282
1583390 282
1583400 282
1583410 282
1583420 282
1583430 282
1583440 282
1583450 282
1583460 282
1583470 282
1583480 282
1583490 282
1583500 282
1583510 282
1583520 282
1583530 282
1583540 282
1583550 282
1583560 282
1583570 282
1583580 282
1583590 282
1583600 282
1583610 282
1583620 282
1583630 282
1583640 282
1583650 281
1583660 281
1583670 281
1583680 281
1583690 281
1583700 281
1583710 281
1583720 281
1583730 281
1583740 281
1583750 281
1583760 281
1583770 281
1583780 281
1583790 281
1583800 281
1583810 281
1583820 279
1583830 279
1583840 279
1583850 277
1583860 278
1583870 278
1583880 278
1583890 278
1583900 278
1583910 279
1583920 279
1583930 279
1583940 279
1583950 279
1583960 280
1583970 280
1583980 281
1583990 281
1584000 281
1584010 281
1584020 281
1584030 281
1584040 281
1584050 281
1584060 281
1584070 281
1584080 281
1584090 281
1584100 281
1584110 281
1584120 281
1584130 281
1584140 281
1584150 281
1584160 281
1584170 281
1584180 281
1584190 281
1584200 281
1584210 281
1584220 281
1584230 281
1584240 281
1584250 281
1584260 280
1584270 280
1584280 280
1584290 280
1584300 280
1584310 280
1584320 281
1584330 281
1584340 281
1584350 281
1584360 281
1584370 281
1584380 280
1584390 280
1584400 280
1584410 280
1584420 280
1584430 280
1584440 280
1584450 280
1584460 280
1584470 280
1584480 280
1584490 280
1584500 280
1584510 280
1584520 280
1584530 280
1584540 280
1584550 280
1584560 280
1584570 280
1584580 280
1584590 280
1584600 280
1584610 280
1584620 280
1584630 280
1584640 280
1584650 280
1584660 280
1584670 280
1584680 280
1584690 280
1584700 280
1584710 280
1584720 280
1584730 280
1584740 280
1584750 280
1584760 280
1584770 280
1584780 280
1584790 280
1584800 280
1584810 280
1584820 280
1584830 280
1584840 280
1584850 279
1584860 279
1584870 279
1584880 279
1584890 279
1584900 279
1584910 279
1584920 279
1584930 279
1584940 279
1584950 279
1584960 279
1584970 279
1584980 279
1584990 279
1585000 280
1585010 280
1585020 280
1585030 279
1585040 279
1585050 279
1585060 279
1585070 279
1585080 279
1585090 279
1585100 279
1585110 279
1585120 279
1585130 279
1585140 279
1585150 280
1585160 280
1585170 280
1585180 280
1585190 280
1585200 280
1585210 279
1585220 279
1585230 279
1585240 279
1585250 279
1585260 279
1585270 279
1585280 279
1585290 279
1585300 279
1585310 279
1585320 279
1585330 279
1585340 279
1585350 279
1585360 279
1585370 279
1585380 279
1585390 279
1585400 279
1585410 279
1585420 280
1585430 279
1585440 279
1585450 279
1585460 279
1585470 279
1585480 279
1585490 279
1585500 279
1585510 279
1585520 279
1585530 279
1585540 279
1585550 279
1585560 279
1585570 279
1585580 279
1585590 279
1585600 279
1585610 279
1585620 279
1585630 279
1585640 279
1585650 279
1585660 279
1585670 279
1585680 279
1585690 279
1585700 278
1585710 278
1585720 278
1585730 279
1585740 279
1585750 279
1585760 279
1585770 279
1585780 279
1585790 280
1585800 280
1585810 280
1585820 279
1585830 279
1585840 279
1585850 279
1585860 279
1585870 279
1585880 278
1585890 278
1585900 278
1585910 278
1585920 278
1585930 278
1585940 277
1585950 277
1585960 277
1585970 277
1585980 277
1585990 278
1586000 278
1586010 278
1586020 277
1586030 277
1586040 277
1586050 277
1586060 278
1586070 278
1586080 278
1586090 278
1586100 278
1586110 278
1586120 278
1586130 278
1586140 278
1586150 278
1586160 278
1586170 278
1586180 282
1586190 282
1586200 282
1586210 279
1586220 279
1586230 277
1586240 275
1586250 275
1586260 274
1586270 275
1586280 275
1586290 275
1586300 276
1586310 276
1586320 277
1586330 277
1586340 277
1586350 277
1586360 278
1586370 278
1586380 278
1586390 278
1586400 278
1586410 278
1586420 278
1586430 278
1586440 278
1586450 278
1586460 278
1586470 278
1586480 278
1586490 278
1586500 278
1586510 278
1586520 278
1586530 278
1586540 278
1586550 278
1586560 278
1586570 277
1586580 277
1586590 277
1586600 277
1586610 277
1586620 277
1586630 277
1586640 277
1586650 277
1586660 277
1586670 277
1586680 277
1586690 277
1586700 277
1586710 277
1586720 277
1586730 277
1586740 277
1586750 277
1586760 277
1586770 277
1586780 277
1586790 277
1586800 277
1586810 277
1586820 277
1586830 277
1586840 277
1586850 277
1586860 277
1586870 277
1586880 277
1586890 277
1586900 277
1586910 277
1586920 277
1586930 277
1586940 277
1586950 277
1586960 277
1586970 277
1586980 277
1586990 277
1587000 277
1587010 277
1587020 277
1587030 277
1587040 277
1587050 276
1587060 276
1587070 275
1587080 274
1587090 274
1587100 274
1587110 274
1587120 274
1587130 273
1587140 273
1587150 273
1587160 274
1587170 275
1587180 275
1587190 276
1587200 277
1587210 277
1587220 278
1587230 278
1587240 278
1587250 277
1587260 277
1587270 277
1587280 277
1587290 277
1587300 277
1587310 277
1587320 277
1587330 277
1587340 277
1587350 277
1587360 277
1587370 277
1587380 277
1587390 277
1587400 277
1587410 277
1587420 277
1587430 277
1587440 277
1587450 277
1587460 277
1587470 277
1587480 277
1587490 277
1587500 277
1587510 277
1587520 277
1587530 277
1587540 277
1587550 277
1587560 277
1587570 277
1587580 277
1587590 277
1587600 276
1587610 276
1587620 276
1587630 276
1587640 276
1587650 275
1587660 274
1587670 274
1587680 273
1587690 273
1587700 273
1587710 273
1587720 275
1587730 275
1587740 276
1587750 276
1587760 276
1587770 276
1587780 275
1587790 275
1587800 275
1587810 275
1587820 275
1587830 275
1587840 275
1587850 275
1587860 275
1587870 276
1587880 276
1587890 277
1587900 279
1587910 279
1587920 280
1587930 281
1587940 281
1587950 282
1587960 283
1587970 283
1587980 284
1587990 284
1588000 284
1588010 284
1588020 285
1588030 285
1588040 285
1588050 286
1588060 286
1588070 287
1588080 288
1588090 288
1588100 289
1588110 290
1588120 290
1588130 290
1588140 290
1588150 290
1588160 290
1588170 289
1588180 289
1588190 289
1588200 289
1588210 289
1588220 288
1588230 289
1588240 289
1588250 292
1588260 294
1588270 294
1588280 296
1588290 296
1588300 296
1588310 297
1588320 297
1588330 297
1588340 297
1588350 298
1588360 298
1588370 301
1588380 301
1588390 301
1588400 301
1588410 300
1588420 300
1588430 300
1588440 300
1588450 300
1588460 301
1588470 303
1588480 303
1588490 304
1588500 305
1588510 305
1588520 307
1588530 310
1588540 310
1588550 312
1588560 313
1588570 313
1588580 314
1588590 315
1588600 315
1588610 314
1588620 314
1588630 314
1588640 315
1588650 316
1588660 316
1588670 316
1588680 316
1588690 316
1588700 317
1588710 317
1588720 317
1588730 318
1588740 319
1588750 319
1588760 319
1588770 319
1588780 319
1588790 317
1588800 314
1588810 314
1588820 310
1588830 310
1588840 310
1588850 312
1588860 315
1588870 315
1588880 319
1588890 324
1588900 324
1588910 327
1588920 331
1588930 331
1588940 335
1588950 339
1588960 339
1588970 342
1588980 343
1588990 343
1589000 345
1589010 346
1589020 346
1589030 347
1589040 347
1589050 347
1589060 347
1589070 347
1589080 347
1589090 345
1589100 341
1589110 341
1589120 337
1589130 334
1589140 334
1589150 334
1589160 340
1589170 340
1589180 345
1589190 348
1589200 348
1589210 349
1589220 350
1589230 350
1589240 350
1589250 351
1589260 351
1589270 351
1589280 351
1589290 351
1589300 352
1589310 352
1589320 352
1589330 352
1589340 352
1589350 352
1589360 352
1589370 353
1589380 353
1589390 353
1589400 353
1589410 353
1589420 353
1589430 353
1589440 353
1589450 353
1589460 353
1589470 353
1589480 354
1589490 354
1589500 354
1589510 354
1589520 354
1589530 354
1589540 354
1589550 354
1589560 354
1589570 354
1589580 355
1589590 355
1589600 355
1589610 356
1589620 356
1589630 356
1589640 356
1589650 356
1589660 357
1589670 357
1589680 357
1589690 357
1589700 358
1589710 358
1589720 358
1589730 358
1589740 358
1589750 359
1589760 359
1589770 359
1589780 359
1589790 359
1589800 359
1589810 360
1589820 360
1589830 360
1589840 360
1589850 361
1589860 361
1589870 361
1589880 361
1589890 361
1589900 361
1589910 361
1589920 361
1589930 361
1589940 361
1589950 361
1589960 361
1589970 361
1589980 361
1589990 361
1590000 360
1590010 360
1590020 360
1590030 360
1590040 360
1590050 359
1590060 358
1590070 358
1590080 357
1590090 356
1590100 356
1590110 355
1590120 353
1590130 353
1590140 353
1590150 352
1590160 352
1590170 352
1590180 352
1590190 352
1590200 352
1590210 353
1590220 353
1590230 353
1590240 353
1590250 353
1590260 353
1590270 353
1590280 353
1590290 353
1590300 354
1590310 354
1590320 354
1590330 354
1590340 354
1590350 354
1590360 355
1590370 355
1590380 355
1590390 355
1590400 355
1590410 355
1590420 354
1590430 354
1590440 354
1590450 354
1590460 354
1590470 354
1590480 354
1590490 354
1590500 353
1590510 353
1590520 353
1590530 352
1590540 352
1590550 352
1590560 351
1590570 351
1590580 351
1590590 350
1590600 349
1590610 349
1590620 348
1590630 347
1590640 347
1590650 346
1590660 345
1590670 345
1590680 344
1590690 343
1590700 343
1590710 342
1590720 341
1590730 341
1590740 340
1590750 339
1590760 339
1590770 338
1590780 337
1590790 337
1590800 336
1590810 335
1590820 335
1590830 334
1590840 333
1590850 333
1590860 332
1590870 331
1590880 331
1590890 331
1590900 331
1590910 331
1590920 332
1590930 332
1590940 332
1590950 333
1590960 334
1590970 334
1590980 335
1590990 336
1591000 336
1591010 337
1591020 339
1591030 339
1591040 340
1591050 341
1591060 341
1591070 342
1591080 343
1591090 343
1591100 344
1591110 344
1591120 344
1591130 344
1591140 344
1591150 344
1591160 344
1591170 344
1591180 343
1591190 343
1591200 342
1591210 342
1591220 342
1591230 341
1591240 340
1591250 340
1591260 339
1591270 337
1591280 337
1591290 336
1591300 335
1591310 335
1591320 333
1591330 332
1591340 332
1591350 331
1591360 330
1591370 330
1591380 329
1591390 328
1591400 328
1591410 327
1591420 325
1591430 325
1591440 324
1591450 323
1591460 323
1591470 323
1591480 322
1591490 322
1591500 321
1591510 320
1591520 320
1591530 320
1591540 320
1591550 320
1591560 320
1591570 320
1591580 320
1591590 320
1591600 321
1591610 321
1591620 322
1591630 324
1591640 324
1591650 325
1591660 326
1591670 326
1591680 326
1591690 327
1591700 327
1591710 327
1591720 327
1591730 327
1591740 327
1591750 327
1591760 327
1591770 327
1591780 327
1591790 327
1591800 326
1591810 325
1591820 325
1591830 325
1591840 325
1591850 325
1591860 326
1591870 326
1591880 326
1591890 326
1591900 326
1591910 326
1591920 326
1591930 326
1591940 326
1591950 326
1591960 327
1591970 327
1591980 328
1591990 328
1592000 328
1592010 328
1592020 328
1592030 328
1592040 329
1592050 329
1592060 329
1592070 329
1592080 329
1592090 329
1592100 328
1592110 328
1592120 328
1592130 328
1592140 328
1592150 328
1592160 328
1592170 328
1592180 328
1592190 327
1592200 327
1592210 327
1592220 327
1592230 326
1592240 326
1592250 326
1592260 325
1592270 325
1592280 325
1592290 324
1592300 324
1592310 324
1592320 323
1592330 323
1592340 322
1592350 322
1592360 322
1592370 321
1592380 320
1592390 320
1592400 320
1592410 319
1592420 319
1592430 319
1592440 318
1592450 318
1592460 317
1592470 317
1592480 317
1592490 316
1592500 315
1592510 315
1592520 315
1592530 314
1592540 314
1592550 314
1592560 313
1592570 313
1592580 313
1592590 313
1592600 313
1592610 313
1592620 313
1592630 313
1592640 313
1592650 313
1592660 313
1592670 314
1592680 315
1592690 315
1592700 316
1592710 317
1592720 317
1592730 317
1592740 317
1592750 317
1592760 317
1592770 317
1592780 317
1592790 317
1592800 317
1592810 317
1592820 316
1592830 316
1592840 316
1592850 315
1592860 315
1592870 315
1592880 314
1592890 314
1592900 314
1592910 314
1592920 313
1592930 313
1592940 313
1592950 312
1592960 312
1592970 312
1592980 311
1592990 311
1593000 310
1593010 310
1593020 310
1593030 309
1593040 309
1593050 309
1593060 309
1593070 308
1593080 308
1593090 307
1593100 307
1593110 307
1593120 306
1593130 306
1593140 306
1593150 305
1593160 305
1593170 305
1593180 304
1593190 303
1593200 303
1593210 302
1593220 302
1593230 302
1593240 302
1593250 302
1593260 302
1593270 302
1593280 302
1593290 302
1593300 302
1593310 303
1593320 303
1593330 303
1593340 303
1593350 303
1593360 304
1593370 306
1593380 306
1593390 307
1593400 307
1593410 307
1593420 307
1593430 308
1593440 308
1593450 308
1593460 308
1593470 308
1593480 308
1593490 309
1593500 309
1593510 309
1593520 310
1593530 310
1593540 310
1593550 311
1593560 311
1593570 312
1593580 313
1593590 313
1593600 313
1593610 314
1593620 314
1593630 315
1593640 316
1593650 316
1593660 317
1593670 317
1593680 317
1593690 318
1593700 319
1593710 320
1593720 321
1593730 321
1593740 321
1593750 322
1593760 323
1593770 323
1593780 323
1593790 324
1593800 324
1593810 325
1593820 326
1593830 326
1593840 327
1593850 328
1593860 328
1593870 328
1593880 329
1593890 329
1593900 330
1593910 331
1593920 331
1593930 332
1593940 333
1593950 333
1593960 334
1593970 335
1593980 335
1593990 336
1594000 337
1594010 337
1594020 338
1594030 339
1594040 339
1594050 340
1594060 341
1594070 341
1594080 342
1594090 343
1594100 343
1594110 344
1594120 345
1594130 345
1594140 345
1594150 346
1594160 346
1594170 347
1594180 347
1594190 347
1594200 348
1594210 349
1594220 349
1594230 349
1594240 349
1594250 349
1594260 349
1594270 349
1594280 349
1594290 350
1594300 350
1594310 350
1594320 351
1594330 352
1594340 352
1594350 353
1594360 353
1594370 353
1594380 353
1594390 354
1594400 354
1594410 354
1594420 354
1594430 354
1594440 354
1594450 354
1594460 354
1594470 355
1594480 355
1594490 355
1594500 355
1594510 355
1594520 355
1594530 355
1594540 355
1594550 355
1594560 355
1594570 354
1594580 354
1594590 354
1594600 354
1594610 354
1594620 354
1594630 353
1594640 353
1594650 353
1594660 353
1594670 353
1594680 353
1594690 353
1594700 353
1594710 353
1594720 353
1594730 353
1594740 353
1594750 353
1594760 352
1594770 352
1594780 352
1594790 352
1594800 352
1594810 351
1594820 351
1594830 351
1594840 351
1594850 351
1594860 351
1594870 351
1594880 351
1594890 353
1594900 353
1594910 353
1594920 353
1594930 354
1594940 354
1594950 354
1594960 355
1594970 356
1594980 356
1594990 357
1595000 358
1595010 358
1595020 358
1595030 358
1595040 358
1595050 359
1595060 359
1595070 359
1595080 359
1595090 359
1595100 359
1595110 359
1595120 358
1595130 358
1595140 358
1595150 357
1595160 357
1595170 357
1595180 356
1595190 356
1595200 355
1595210 354
1595220 354
1595230 353
1595240 352
1595250 352
1595260 351
1595270 351
1595280 351
1595290 349
1595300 348
1595310 348
1595320 347
1595330 346
1595340 346
1595350 345
1595360 344
1595370 344
1595380 342
1595390 341
1595400 341
1595410 340
1595420 339
1595430 339
1595440 339
1595450 338
1595460 338
1595470 336
1595480 333
1595490 333
1595500 328
1595510 324
1595520 324
1595530 322
1595540 320
1595550 320
1595560 318
1595570 317
1595580 317
1595590 315
1595600 314
1595610 314
1595620 312
1595630 310
1595640 310
1595650 309
1595660 309
1595670 309
1595680 309
1595690 309
1595700 309
1595710 310
1595720 310
1595730 310
1595740 310
1595750 309
1595760 309
1595770 308
1595780 307
1595790 307
1595800 306
1595810 304
1595820 304
1595830 303
1595840 303
1595850 303
1595860 304
1595870 306
1595880 306
1595890 308
1595900 310
1595910 310
1595920 312
1595930 314
1595940 314
1595950 316
1595960 318
1595970 318
1595980 319
1595990 320
1596000 320
1596010 321
1596020 322
1596030 322
1596040 322
1596050 323
1596060 323
1596070 323
1596080 323
1596090 323
1596100 322
1596110 321
1596120 321
1596130 320
1596140 319
1596150 319
1596160 317
1596170 315
1596180 315
1596190 313
1596200 311
1596210 311
1596220 309
1596230 307
1596240 307
1596250 305
1596260 303
1596270 303
1596280 301
1596290 301
1596300 301
1596310 300
1596320 301
1596330 301
1596340 301
1596350 302
1596360 302
1596370 302
1596380 302
1596390 302
1596400 303
1596410 303
1596420 303
1596430 303
1596440 303
1596450 303
1596460 303
1596470 303
1596480 303
1596490 303
1596500 303
1596510 303
1596520 303
1596530 303
1596540 303
1596550 303
1596560 303
1596570 303
1596580 303
1596590 302
1596600 302
1596610 302
1596620 302
1596630 302
1596640 301
1596650 301
1596660 301
1596670 300
1596680 300
1596690 300
1596700 299
1596710 299
1596720 299
1596730 298
1596740 298
1596750 298
1596760 297
1596770 297
1596780 297
1596790 296
1596800 294
1596810 294
1596820 294
1596830 293
1596840 293
1596850 291
1596860 290
1596870 290
1596880 290
1596890 289
1596900 289
1596910 287
1596920 286
1596930 286
1596940 286
1596950 286
1596960 286
1596970 286
1596980 286
1596990 286
1597000 286
1597010 286
1597020 286
1597030 286
1597040 286
1597050 286
1597060 286
1597070 285
1597080 285
1597090 284
1597100 284
1597110 284
1597120 283
1597130 283
1597140 283
1597150 283
1597160 283
1597170 283
1597180 282
1597190 282
1597200 282
1597210 281
1597220 281
1597230 281
1597240 281
1597250 280
1597260 280
1597270 280
1597280 279
1597290 279
1597300 278
1597310 278
1597320 278
1597330 278
1597340 277
1597350 277
1597360 277
1597370 277
1597380 277
1597390 276
1597400 276
1597410 276
1597420 276
1597430 276
1597440 276
1597450 275
1597460 275
1597470 275
1597480 275
1597490 274
1597500 274
1597510 274
1597520 274
1597530 274
1597540 273
1597550 273
1597560 273
1597570 272
1597580 272
1597590 272
1597600 271
1597610 271
1597620 271
1597630 271
1597640 270
1597650 270
1597660 269
1597670 269
1597680 269
1597690 269
1597700 270
1597710 270
1597720 270
1597730 269
1597740 269
1597750 269
1597760 269
1597770 269
1597780 269
1597790 269
1597800 269
1597810 269
1597820 269
1597830 269
1597840 269
1597850 269
1597860 269
1597870 269
1597880 268
1597890 268
1597900 268
1597910 268
1597920 268
1597930 268
1597940 268
1597950 268
1597960 268
1597970 268
1597980 268
1597990 268
1598000 268
1598010 268
1598020 268
1598030 268
1598040 268
1598050 268
1598060 268
1598070 268
1598080 268
1598090 268
1598100 268
1598110 268
1598120 268
1598130 268
1598140 268
1598150 268
1598160 268
1598170 268
1598180 268
1598190 268
1598200 268
1598210 268
1598220 268
1598230 268
1598240 268
1598250 268
1598260 268
1598270 267
1598280 267
1598290 267
1598300 268
1598310 268
1598320 268
1598330 268
1598340 268
1598350 268
1598360 268
1598370 268
1598380 268
1598390 267
1598400 267
1598410 267
1598420 267
1598430 268
1598440 268
1598450 267
1598460 268
1598470 268
1598480 268
1598490 267
1598500 267
1598510 267
1598520 267
1598530 267
1598540 267
1598550 267
1598560 267
1598570 267
1598580 267
1598590 267
1598600 267
1598610 267
1598620 267
1598630 267
1598640 267
1598650 267
1598660 267
1598670 267
1598680 267
1598690 267
1598700 267
1598710 267
1598720 267
1598730 268
1598740 268
1598750 268
1598760 268
1598770 268
1598780 267
1598790 267
1598800 267
1598810 267
1598820 267
1598830 267
1598840 267
1598850 266
1598860 266
1598870 266
1598880 267
1598890 267
1598900 267
1598910 267
1598920 267
1598930 267
1598940 267
1598950 267
1598960 267
1598970 267
1598980 267
1598990 266
1599000 266
1599010 266
1599020 266
1599030 266
1599040 266
1599050 266
1599060 266
1599070 266
1599080 266
1599090 266
1599100 266
1599110 266
1599120 266
1599130 266
1599140 266
1599150 267
1599160 267
1599170 267
1599180 267
1599190 267
1599200 267
1599210 267
1599220 267
1599230 268
1599240 268
1599250 268
1599260 268
1599270 268
1599280 268
1599290 269
1599300 269
1599310 269
1599320 269
1599330 269
1599340 269
1599350 269
1599360 269
1599370 269
1599380 270
1599390 270
1599400 270
1599410 270
1599420 271
1599430 271
1599440 271
1599450 271
1599460 271
1599470 271
1599480 271
1599490 271
1599500 271
1599510 272
1599520 272
1599530 272
1599540 272
1599550 272
1599560 273
1599570 273
1599580 273
1599590 273
1599600 273
1599610 273
1599620 274
1599630 274
1599640 274
1599650 274
1599660 274
1599670 274
1599680 274
1599690 275
1599700 275
1599710 275
1599720 275
1599730 275
1599740 275
1599750 275
1599760 275
1599770 275
1599780 275
1599790 275
1599800 275
1599810 275
1599820 275
1599830 275
1599840 275
1599850 275
1599860 275
1599870 275
1599880 275
1599890 275
1599900 275
1599910 275
1599920 275
1599930 275
1599940 275
1599950 275
1599960 275
1599970 275
1599980 275
1599990 275
