1580000 280
1580010 280
1580020 280
1580030 280
1580040 280
1580050 280
1580060 280
1580070 280
1580080 280
1580090 280
1580100 280
1580110 280
1580120 280
1580130 280
1580140 280
1580150 280
1580160 280
1580170 280
1580180 280
1580190 280
1580200 280
1580210 279
1580220 279
1580230 279
1580240 279
1580250 279
1580260 279
1580270 280
1580280 280
1580290 279
1580300 279
1580310 279
1580320 279
1580330 279
1580340 279
1580350 279
1580360 279
1580370 279
1580380 278
1580390 278
1580400 278
1580410 278
1580420 278
1580430 278
1580440 279
1580450 280
1580460 280
1580470 280
1580480 280
1580490 280
1580500 280
1580510 280
1580520 280
1580530 280
1580540 279
1580550 279
1580560 279
1580570 279
1580580 279
1580590 279
1580600 279
1580610 279
1580620 279
1580630 279
1580640 279
1580650 279
1580660 279
1580670 279
1580680 279
1580690 279
1580700 279
1580710 279
1580720 279
1580730 279
1580740 279
1580750 279
1580760 279
1580770 278
1580780 279
1580790 279
1580800 279
1580810 279
1580820 279
1580830 279
1580840 279
1580850 279
1580860 279
1580870 279
1580880 279
1580890 279
1580900 279
1580910 279
1580920 279
1580930 279
1580940 279
1580950 279
1580960 278
1580970 278
1580980 278
1580990 278
1581000 278
1581010 279
1581020 279
1581030 279
1581040 279
1581050 279
1581060 279
1581070 279
1581080 279
1581090 279
1581100 279
1581110 279
1581120 279
1581130 279
1581140 279
1581150 279
1581160 279
1581170 278
1581180 278
1581190 278
1581200 278
1581210 278
1581220 278
1581230 278
1581240 278
1581250 278
1581260 278
1581270 278
1581280 278
1581290 278
1581300 278
1581310 278
1581320 278
1581330 278
1581340 279
1581350 278
1581360 278
1581370 278
1581380 278
1581390 278
1581400 278
1581410 278
1581420 278
1581430 279
1581440 279
1581450 279
1581460 279
1581470 279
1581480 279
1581490 279
1581500 279
1581510 279
1581520 279
1581530 279
1581540 279
1581550 279
1581560 278
1581570 278
1581580 278
1581590 278
1581600 278
1581610 278
1581620 278
1581630 278
1581640 278
1581650 279
1581660 279
1581670 281
1581680 279
1581690 279
1581700 281
1581710 282
1581720 282
1581730 285
1581740 288
1581750 288
1581760 289
1581770 289
1581780 289
1581790 289
1581800 289
1581810 289
1581820 289
1581830 289
1581840 289
1581850 289
1581860 289
1581870 289
1581880 289
1581890 289
1581900 289
1581910 289
1581920 289
1581930 289
1581940 289
1581950 289
1581960 289
1581970 289
1581980 289
1581990 289
1582000 289
1582010 289
1582020 289
1582030 289
1582040 289
1582050 289
1582060 289
1582070 289
1582080 289
1582090 289
1582100 289
1582110 289
1582120 289
1582130 289
1582140 289
1582150 288
1582160 286
1582170 286
1582180 283
1582190 281
1582200 281
1582210 279
1582220 279
1582230 279
1582240 278
1582250 278
1582260 278
1582270 278
1582280 278
1582290 278
1582300 278
1582310 277
1582320 277
1582330 277
1582340 278
1582350 278
1582360 278
1582370 277
1582380 277
1582390 277
1582400 277
1582410 277
1582420 277
1582430 277
1582440 277
1582450 277
1582460 277
1582470 277
1582480 277
1582490 277
1582500 277
1582510 277
1582520 277
1582530 277
1582540 277
1582550 277
1582560 277
1582570 277
1582580 277
1582590 277
1582600 277
1582610 277
1582620 277
1582630 276
1582640 276
1582650 276
1582660 276
1582670 277
1582680 277
1582690 277
1582700 277
1582710 277
1582720 276
1582730 276
1582740 276
1582750 277
1582760 277
1582770 277
1582780 277
1582790 277
1582800 277
1582810 276
1582820 276
1582830 276
1582840 276
1582850 276
1582860 276
1582870 276
1582880 276
1582890 276
1582900 276
1582910 276
1582920 276
1582930 276
1582940 276
1582950 276
1582960 276
1582970 276
1582980 276
1582990 276
1583000 276
1583010 276
1583020 276
1583030 276
1583040 276
1583050 276
1583060 276
1583070 276
1583080 276
1583090 276
1583100 276
1583110 276
1583120 276
1583130 276
1583140 276
1583150 276
1583160 276
1583170 276
1583180 276
1583190 276
1583200 276
1583210 276
1583220 276
1583230 276
1583240 276
1583250 276
1583260 276
1583270 276
1583280 276
1583290 276
1583300 276
1583310 276
1583320 276
1583330 276
1583340 276
1583350 276
1583360 276
1583370 276
1583380 276
1583390 276
1583400 276
1583410 276
1583420 276
1583430 276
1583440 275
1583450 276
1583460 276
1583470 276
1583480 276
1583490 276
1583500 276
1583510 276
1583520 276
1583530 276
1583540 276
1583550 276
1583560 276
1583570 276
1583580 276
1583590 275
1583600 276
1583610 276
1583620 275
1583630 276
1583640 276
1583650 276
1583660 276
1583670 276
1583680 276
1583690 276
1583700 276
1583710 276
1583720 276
1583730 276
1583740 276
1583750 276
1583760 276
1583770 276
1583780 276
1583790 276
1583800 275
1583810 275
1583820 275
1583830 275
1583840 275
1583850 275
1583860 275
1583870 275
1583880 275
1583890 275
1583900 275
1583910 275
1583920 275
1583930 275
1583940 275
1583950 275
1583960 275
1583970 275
1583980 275
1583990 275
1584000 275
1584010 275
1584020 275
1584030 275
1584040 275
1584050 275
1584060 275
1584070 275
1584080 275
1584090 275
1584100 275
1584110 274
1584120 274
1584130 274
1584140 275
1584150 275
1584160 275
1584170 275
1584180 276
1584190 276
1584200 275
1584210 275
1584220 275
1584230 275
1584240 275
1584250 275
1584260 275
1584270 275
1584280 275
1584290 275
1584300 275
1584310 275
1584320 275
1584330 275
1584340 275
1584350 275
1584360 275
1584370 275
1584380 275
1584390 275
1584400 275
1584410 275
1584420 275
1584430 275
1584440 275
1584450 275
1584460 275
1584470 275
1584480 275
1584490 275
1584500 275
1584510 275
1584520 275
1584530 275
1584540 275
1584550 275
1584560 275
1584570 275
1584580 275
1584590 274
1584600 274
1584610 274
1584620 274
1584630 274
1584640 274
1584650 274
1584660 274
1584670 274
1584680 274
1584690 274
1584700 274
1584710 274
1584720 274
1584730 274
1584740 274
1584750 274
1584760 274
1584770 274
1584780 274
1584790 274
1584800 274
1584810 274
1584820 274
1584830 274
1584840 274
1584850 274
1584860 274
1584870 273
1584880 273
1584890 273
1584900 273
1584910 273
1584920 273
1584930 273
1584940 273
1584950 273
1584960 273
1584970 273
1584980 273
1584990 273
1585000 273
1585010 273
1585020 273
1585030 273
1585040 274
1585050 275
1585060 275
1585070 277
1585080 278
1585090 278
1585100 279
1585110 279
1585120 279
1585130 279
1585140 279
1585150 279
1585160 279
1585170 278
1585180 278
1585190 278
1585200 278
1585210 278
1585220 279
1585230 278
1585240 278
1585250 278
1585260 278
1585270 278
1585280 278
1585290 278
1585300 278
1585310 278
1585320 278
1585330 278
1585340 278
1585350 278
1585360 278
1585370 278
1585380 278
1585390 278
1585400 278
1585410 278
1585420 278
1585430 278
1585440 278
1585450 278
1585460 278
1585470 278
1585480 278
1585490 278
1585500 278
1585510 278
1585520 278
1585530 278
1585540 278
1585550 278
1585560 278
1585570 278
1585580 278
1585590 278
1585600 278
1585610 278
1585620 278
1585630 278
1585640 278
1585650 278
1585660 278
1585670 278
1585680 278
1585690 278
1585700 278
1585710 278
1585720 278
1585730 278
1585740 278
1585750 278
1585760 278
1585770 278
1585780 278
1585790 278
1585800 278
1585810 278
1585820 278
1585830 278
1585840 278
1585850 278
1585860 278
1585870 278
1585880 278
1585890 278
1585900 278
1585910 278
1585920 278
1585930 278
1585940 278
1585950 278
1585960 278
1585970 277
1585980 277
1585990 277
1586000 277
1586010 277
1586020 277
1586030 277
1586040 277
1586050 277
1586060 277
1586070 277
1586080 277
1586090 278
1586100 278
1586110 278
1586120 278
1586130 278
1586140 278
1586150 278
1586160 278
1586170 278
1586180 277
1586190 278
1586200 278
1586210 279
1586220 278
1586230 278
1586240 277
1586250 277
1586260 277
1586270 277
1586280 277
1586290 277
1586300 277
1586310 277
1586320 277
1586330 277
1586340 276
1586350 276
1586360 276
1586370 277
1586380 277
1586390 277
1586400 277
1586410 277
1586420 277
1586430 277
1586440 277
1586450 277
1586460 277
1586470 277
1586480 277
1586490 277
1586500 277
1586510 277
1586520 277
1586530 277
1586540 277
1586550 277
1586560 277
1586570 277
1586580 277
1586590 277
1586600 277
1586610 277
1586620 277
1586630 277
1586640 277
1586650 277
1586660 277
1586670 277
1586680 277
1586690 277
1586700 277
1586710 277
1586720 277
1586730 277
1586740 277
1586750 277
1586760 277
1586770 277
1586780 277
1586790 276
1586800 276
1586810 276
1586820 276
1586830 276
1586840 276
1586850 277
1586860 277
1586870 276
1586880 276
1586890 276
1586900 276
1586910 276
1586920 276
1586930 276
1586940 277
1586950 277
1586960 277
1586970 278
1586980 278
1586990 280
1587000 280
1587010 280
1587020 280
1587030 281
1587040 281
1587050 281
1587060 281
1587070 281
1587080 280
1587090 279
1587100 279
1587110 277
1587120 276
1587130 276
1587140 276
1587150 275
1587160 275
1587170 275
1587180 275
1587190 275
1587200 275
1587210 275
1587220 275
1587230 275
1587240 275
1587250 275
1587260 275
1587270 275
1587280 275
1587290 275
1587300 275
1587310 275
1587320 276
1587330 276
1587340 276
1587350 276
1587360 276
1587370 276
1587380 276
1587390 276
1587400 276
1587410 276
1587420 276
1587430 276
1587440 276
1587450 276
1587460 276
1587470 276
1587480 276
1587490 276
1587500 276
1587510 276
1587520 276
1587530 276
1587540 276
1587550 276
1587560 276
1587570 276
1587580 276
1587590 276
1587600 276
1587610 276
1587620 276
1587630 276
1587640 276
1587650 276
1587660 276
1587670 276
1587680 276
1587690 276
1587700 276
1587710 276
1587720 276
1587730 276
1587740 276
1587750 276
1587760 276
1587770 276
1587780 276
1587790 276
1587800 276
1587810 276
1587820 276
1587830 276
1587840 276
1587850 276
1587860 276
1587870 276
1587880 276
1587890 276
1587900 276
1587910 276
1587920 276
1587930 276
1587940 276
1587950 276
1587960 276
1587970 276
1587980 276
1587990 275
1588000 275
1588010 275
1588020 275
1588030 275
1588040 275
1588050 275
1588060 275
1588070 275
1588080 275
1588090 275
1588100 275
1588110 275
1588120 275
1588130 275
1588140 275
1588150 275
1588160 275
1588170 274
1588180 274
1588190 274
1588200 273
1588210 274
1588220 274
1588230 274
1588240 273
1588250 273
1588260 273
1588270 273
1588280 273
1588290 273
1588300 273
1588310 273
1588320 273
1588330 273
1588340 273
1588350 273
1588360 273
1588370 273
1588380 273
1588390 273
1588400 273
1588410 274
1588420 274
1588430 274
1588440 274
1588450 274
1588460 274
1588470 272
1588480 272
1588490 272
1588500 274
1588510 274
1588520 274
1588530 273
1588540 274
1588550 274
1588560 274
1588570 274
1588580 274
1588590 274
1588600 274
1588610 274
1588620 274
1588630 273
1588640 273
1588650 273
1588660 273
1588670 273
1588680 274
1588690 274
1588700 274
1588710 275
1588720 278
1588730 278
1588740 279
1588750 280
1588760 280
1588770 281
1588780 282
1588790 282
1588800 283
1588810 283
1588820 283
1588830 284
1588840 284
1588850 284
1588860 284
1588870 286
1588880 286
1588890 287
1588900 289
1588910 289
1588920 291
1588930 293
1588940 293
1588950 294
1588960 295
1588970 295
1588980 295
1588990 296
1589000 296
1589010 296
1589020 297
1589030 297
1589040 297
1589050 297
1589060 297
1589070 297
1589080 297
1589090 297
1589100 298
1589110 299
1589120 299
1589130 301
1589140 302
1589150 302
1589160 303
1589170 304
1589180 304
1589190 306
1589200 312
1589210 312
1589220 319
1589230 325
1589240 325
1589250 331
1589260 334
1589270 334
1589280 334
1589290 334
1589300 334
1589310 330
1589320 332
1589330 332
1589340 334
1589350 334
1589360 334
1589370 333
1589380 333
1589390 333
1589400 333
1589410 332
1589420 332
1589430 332
1589440 332
1589450 332
1589460 331
1589470 331
1589480 331
1589490 330
1589500 328
1589510 328
1589520 328
1589530 327
1589540 327
1589550 327
1589560 327
1589570 327
1589580 327
1589590 328
1589600 328
1589610 328
1589620 329
1589630 329
1589640 330
1589650 330
1589660 330
1589670 331
1589680 331
1589690 331
1589700 332
1589710 332
1589720 332
1589730 333
1589740 333
1589750 333
1589760 334
1589770 334
1589780 334
1589790 335
1589800 335
1589810 335
1589820 335
1589830 336
1589840 336
1589850 336
1589860 336
1589870 336
1589880 337
1589890 337
1589900 337
1589910 337
1589920 337
1589930 337
1589940 337
1589950 338
1589960 338
1589970 338
1589980 338
1589990 338
1590000 338
1590010 338
1590020 338
1590030 338
1590040 338
1590050 338
1590060 338
1590070 338
1590080 338
1590090 338
1590100 338
1590110 338
1590120 337
1590130 337
1590140 337
1590150 336
1590160 334
1590170 334
1590180 333
1590190 331
1590200 331
1590210 328
1590220 328
1590230 328
1590240 331
1590250 333
1590260 333
1590270 336
1590280 338
1590290 338
1590300 340
1590310 341
1590320 341
1590330 342
1590340 343
1590350 343
1590360 344
1590370 345
1590380 345
1590390 346
1590400 347
1590410 347
1590420 348
1590430 349
1590440 349
1590450 349
1590460 350
1590470 350
1590480 351
1590490 352
1590500 352
1590510 353
1590520 354
1590530 354
1590540 355
1590550 355
1590560 355
1590570 356
1590580 357
1590590 357
1590600 357
1590610 358
1590620 358
1590630 359
1590640 359
1590650 359
1590660 360
1590670 360
1590680 360
1590690 361
1590700 362
1590710 362
1590720 362
1590730 363
1590740 363
1590750 363
1590760 363
1590770 363
1590780 364
1590790 364
1590800 364
1590810 365
1590820 365
1590830 365
1590840 365
1590850 366
1590860 366
1590870 366
1590880 366
1590890 366
1590900 367
1590910 367
1590920 367
1590930 367
1590940 367
1590950 367
1590960 367
1590970 367
1590980 367
1590990 367
1591000 366
1591010 366
1591020 366
1591030 366
1591040 366
1591050 366
1591060 365
1591070 365
1591080 365
1591090 364
1591100 364
1591110 364
1591120 363
1591130 363
1591140 363
1591150 362
1591160 362
1591170 362
1591180 361
1591190 361
1591200 360
1591210 360
1591220 360
1591230 359
1591240 358
1591250 358
1591260 357
1591270 356
1591280 356
1591290 355
1591300 354
1591310 354
1591320 353
1591330 352
1591340 352
1591350 350
1591360 349
1591370 349
1591380 348
1591390 348
1591400 348
1591410 348
1591420 348
1591430 348
1591440 348
1591450 348
1591460 348
1591470 348
1591480 348
1591490 348
1591500 348
1591510 348
1591520 348
1591530 348
1591540 348
1591550 348
1591560 348
1591570 347
1591580 347
1591590 347
1591600 346
1591610 346
1591620 346
1591630 345
1591640 345
1591650 344
1591660 343
1591670 343
1591680 342
1591690 341
1591700 341
1591710 340
1591720 339
1591730 339
1591740 338
1591750 337
1591760 337
1591770 336
1591780 335
1591790 334
1591800 334
1591810 333
1591820 332
1591830 332
1591840 331
1591850 331
1591860 331
1591870 330
1591880 329
1591890 329
1591900 328
1591910 326
1591920 326
1591930 326
1591940 325
1591950 325
1591960 325
1591970 325
1591980 325
1591990 325
1592000 324
1592010 324
1592020 324
1592030 324
1592040 324
1592050 324
1592060 324
1592070 324
1592080 324
1592090 324
1592100 324
1592110 324
1592120 324
1592130 324
1592140 324
1592150 323
1592160 323
1592170 322
1592180 322
1592190 322
1592200 322
1592210 322
1592220 322
1592230 322
1592240 321
1592250 321
1592260 321
1592270 320
1592280 320
1592290 320
1592300 320
1592310 320
1592320 320
1592330 319
1592340 319
1592350 319
1592360 319
1592370 319
1592380 318
1592390 318
1592400 318
1592410 317
1592420 317
1592430 317
1592440 316
1592450 316
1592460 316
1592470 315
1592480 315
1592490 315
1592500 315
1592510 316
1592520 316
1592530 317
1592540 317
1592550 317
1592560 318
1592570 318
1592580 318
1592590 318
1592600 319
1592610 319
1592620 319
1592630 319
1592640 319
1592650 319
1592660 319
1592670 319
1592680 320
1592690 320
1592700 320
1592710 320
1592720 320
1592730 320
1592740 320
1592750 320
1592760 320
1592770 320
1592780 320
1592790 320
1592800 320
1592810 320
1592820 320
1592830 320
1592840 320
1592850 320
1592860 320
1592870 320
1592880 320
1592890 320
1592900 320
1592910 320
1592920 320
1592930 320
1592940 320
1592950 320
1592960 320
1592970 320
1592980 320
1592990 320
1593000 320
1593010 319
1593020 319
1593030 319
1593040 319
1593050 318
1593060 318
1593070 317
1593080 317
1593090 317
1593100 316
1593110 316
1593120 316
1593130 315
1593140 315
1593150 315
1593160 315
1593170 314
1593180 314
1593190 314
1593200 313
1593210 313
1593220 313
1593230 313
1593240 313
1593250 312
1593260 312
1593270 312
1593280 312
1593290 312
1593300 312
1593310 312
1593320 312
1593330 312
1593340 312
1593350 312
1593360 312
1593370 311
1593380 311
1593390 311
1593400 310
1593410 310
1593420 310
1593430 309
1593440 309
1593450 309
1593460 308
1593470 308
1593480 308
1593490 307
1593500 306
1593510 306
1593520 306
1593530 305
1593540 305
1593550 305
1593560 304
1593570 304
1593580 304
1593590 303
1593600 303
1593610 303
1593620 302
1593630 302
1593640 301
1593650 299
1593660 299
1593670 297
1593680 298
1593690 298
1593700 298
1593710 298
1593720 298
1593730 299
1593740 300
1593750 300
1593760 301
1593770 302
1593780 302
1593790 303
1593800 305
1593810 305
1593820 306
1593830 307
1593840 307
1593850 309
1593860 310
1593870 310
1593880 311
1593890 313
1593900 313
1593910 314
1593920 316
1593930 316
1593940 317
1593950 319
1593960 319
1593970 320
1593980 321
1593990 321
1594000 323
1594010 324
1594020 324
1594030 325
1594040 327
1594050 327
1594060 328
1594070 329
1594080 329
1594090 331
1594100 332
1594110 332
1594120 333
1594130 335
1594140 335
1594150 336
1594160 337
1594170 337
1594180 339
1594190 340
1594200 340
1594210 341
1594220 343
1594230 343
1594240 344
1594250 345
1594260 345
1594270 346
1594280 346
1594290 346
1594300 347
1594310 348
1594320 348
1594330 348
1594340 349
1594350 349
1594360 349
1594370 350
1594380 350
1594390 350
1594400 350
1594410 350
1594420 350
1594430 350
1594440 350
1594450 350
1594460 349
1594470 349
1594480 349
1594490 348
1594500 348
1594510 347
1594520 346
1594530 346
1594540 345
1594550 344
1594560 344
1594570 343
1594580 343
1594590 343
1594600 342
1594610 342
1594620 342
1594630 342
1594640 341
1594650 341
1594660 342
1594670 342
1594680 342
1594690 342
1594700 343
1594710 343
1594720 343
1594730 344
1594740 344
1594750 346
1594760 347
1594770 347
1594780 348
1594790 349
1594800 349
1594810 350
1594820 351
1594830 351
1594840 352
1594850 353
1594860 353
1594870 354
1594880 355
1594890 355
1594900 356
1594910 357
1594920 357
1594930 358
1594940 359
1594950 359
1594960 360
1594970 361
1594980 361
1594990 362
1595000 362
1595010 362
1595020 363
1595030 363
1595040 363
1595050 363
1595060 364
1595070 364
1595080 364
1595090 364
1595100 364
1595110 364
1595120 364
1595130 364
1595140 364
1595150 364
1595160 364
1595170 364
1595180 364
1595190 364
1595200 364
1595210 364
1595220 364
1595230 364
1595240 364
1595250 364
1595260 364
1595270 364
1595280 364
1595290 364
1595300 364
1595310 364
1595320 364
1595330 363
1595340 363
1595350 363
1595360 362
1595370 362
1595380 362
1595390 361
1595400 362
1595410 361
1595420 361
1595430 361
1595440 360
1595450 358
1595460 358
1595470 357
1595480 356
1595490 356
1595500 354
1595510 352
1595520 352
1595530 350
1595540 349
1595550 349
1595560 349
1595570 348
1595580 348
1595590 347
1595600 346
1595610 346
1595620 344
1595630 344
1595640 344
1595650 343
1595660 342
1595670 342
1595680 340
1595690 338
1595700 336
1595710 336
1595720 337
1595730 338
1595740 338
1595750 338
1595760 338
1595770 338
1595780 338
1595790 338
1595800 338
1595810 338
1595820 338
1595830 338
1595840 338
1595850 338
1595860 338
1595870 338
1595880 338
1595890 338
1595900 337
1595910 336
1595920 336
1595930 335
1595940 332
1595950 332
1595960 329
1595970 328
1595980 328
1595990 328
1596000 329
1596010 329
1596020 331
1596030 333
1596040 333
1596050 335
1596060 337
1596070 337
1596080 340
1596090 342
1596100 342
1596110 343
1596120 343
1596130 343
1596140 343
1596150 342
1596160 342
1596170 342
1596180 341
1596190 341
1596200 341
1596210 340
1596220 340
1596230 340
1596240 339
1596250 339
1596260 338
1596270 337
1596280 337
1596290 337
1596300 336
1596310 336
1596320 335
1596330 334
1596340 334
1596350 333
1596360 333
1596370 333
1596380 332
1596390 331
1596400 331
1596410 330
1596420 329
1596430 329
1596440 327
1596450 326
1596460 326
1596470 325
1596480 324
1596490 324
1596500 324
1596510 323
1596520 323
1596530 322
1596540 321
1596550 321
1596560 322
1596570 321
1596580 321
1596590 321
1596600 320
1596610 320
1596620 319
1596630 318
1596640 318
1596650 317
1596660 317
1596670 317
1596680 316
1596690 315
1596700 315
1596710 314
1596720 314
1596730 314
1596740 313
1596750 312
1596760 312
1596770 312
1596780 311
1596790 311
1596800 310
1596810 309
1596820 309
1596830 308
1596840 307
1596850 307
1596860 306
1596870 305
1596880 305
1596890 304
1596900 303
1596910 303
1596920 302
1596930 301
1596940 301
1596950 300
1596960 297
1596970 297
1596980 293
1596990 293
1597000 293
1597010 293
1597020 293
1597030 293
1597040 293
1597050 293
1597060 293
1597070 294
1597080 295
1597090 295
1597100 295
1597110 296
1597120 296
1597130 297
1597140 297
1597150 297
1597160 298
1597170 299
1597180 299
1597190 300
1597200 300
1597210 300
1597220 301
1597230 301
1597240 301
1597250 302
1597260 302
1597270 302
1597280 302
1597290 302
1597300 302
1597310 302
1597320 302
1597330 302
1597340 301
1597350 301
1597360 301
1597370 300
1597380 300
1597390 300
1597400 299
1597410 299
1597420 299
1597430 298
1597440 297
1597450 297
1597460 297
1597470 297
1597480 297
1597490 296
1597500 295
1597510 295
1597520 295
1597530 294
1597540 294
1597550 293
1597560 292
1597570 292
1597580 292
1597590 291
1597600 291
1597610 291
1597620 290
1597630 290
1597640 289
1597650 289
1597660 289
1597670 289
1597680 288
1597690 288
1597700 287
1597710 287
1597720 288
1597730 287
1597740 287
1597750 287
1597760 286
1597770 286
1597780 286
1597790 286
1597800 285
1597810 285
1597820 285
1597830 285
1597840 285
1597850 284
1597860 284
1597870 284
1597880 284
1597890 284
1597900 284
1597910 283
1597920 283
1597930 283
1597940 283
1597950 282
1597960 282
1597970 282
1597980 282
1597990 282
1598000 282
1598010 282
1598020 282
1598030 282
1598040 282
1598050 282
1598060 283
1598070 283
1598080 283
1598090 284
1598100 285
1598110 285
1598120 285
1598130 286
1598140 286
1598150 286
1598160 287
1598170 287
1598180 288
1598190 289
1598200 289
1598210 289
1598220 288
1598230 288
1598240 288
1598250 288
1598260 288
1598270 288
1598280 288
1598290 288
1598300 288
1598310 287
1598320 287
1598330 287
1598340 287
1598350 287
1598360 286
1598370 286
1598380 286
1598390 286
1598400 285
1598410 285
1598420 285
1598430 285
1598440 285
1598450 285
1598460 284
1598470 284
1598480 284
1598490 284
1598500 284
1598510 283
1598520 283
1598530 283
1598540 282
1598550 282
1598560 282
1598570 282
1598580 281
1598590 281
1598600 281
1598610 281
1598620 281
1598630 281
1598640 280
1598650 280
1598660 280
1598670 280
1598680 280
1598690 279
1598700 278
1598710 278
1598720 278
1598730 278
1598740 278
1598750 278
1598760 277
1598770 277
1598780 277
1598790 277
1598800 277
1598810 277
1598820 276
1598830 276
1598840 276
1598850 276
1598860 277
1598870 276
1598880 276
1598890 276
1598900 276
1598910 275
1598920 275
1598930 275
1598940 275
1598950 275
1598960 275
1598970 275
1598980 275
1598990 274
1599000 274
1599010 274
1599020 274
1599030 274
1599040 274
1599050 274
1599060 273
1599070 273
1599080 273
1599090 273
1599100 273
1599110 273
1599120 273
1599130 273
1599140 272
1599150 272
1599160 272
1599170 272
1599180 272
1599190 272
1599200 272
1599210 272
1599220 272
1599230 272
1599240 272
1599250 272
1599260 272
1599270 273
1599280 273
1599290 273
1599300 273
1599310 273
1599320 273
1599330 273
1599340 273
1599350 272
1599360 272
1599370 272
1599380 271
1599390 271
1599400 271
1599410 271
1599420 271
1599430 271
1599440 271
1599450 270
1599460 270
1599470 270
1599480 270
1599490 270
1599500 269
1599510 268
1599520 268
1599530 269
1599540 268
1599550 268
1599560 268
1599570 268
1599580 268
1599590 268
1599600 267
1599610 267
1599620 267
1599630 267
1599640 267
1599650 267
1599660 267
1599670 267
1599680 267
1599690 266
1599700 266
1599710 266
1599720 266
1599730 265
1599740 265
1599750 265
1599760 265
1599770 265
1599780 265
1599790 265
1599800 265
1599810 265
1599820 265
1599830 265
1599840 265
1599850 265
1599860 265
1599870 265
1599880 264
1599890 264
1599900 264
1599910 264
1599920 264
1599930 264
1599940 265
1599950 265
1599960 265
1599970 265
1599980 265
1599990 265
