1580000 289
1580010 289
1580020 289
1580030 289
1580040 289
1580050 289
1580060 289
1580070 289
1580080 289
1580090 290
1580100 289
1580110 289
1580120 289
1580130 289
1580140 289
1580150 289
1580160 289
1580170 289
1580180 289
1580190 289
1580200 289
1580210 288
1580220 288
1580230 288
1580240 288
1580250 288
1580260 288
1580270 288
1580280 288
1580290 288
1580300 288
1580310 288
1580320 288
1580330 287
1580340 287
1580350 287
1580360 287
1580370 286
1580380 286
1580390 286
1580400 286
1580410 286
1580420 286
1580430 285
1580440 285
1580450 285
1580460 285
1580470 285
1580480 285
1580490 285
1580500 285
1580510 284
1580520 284
1580530 284
1580540 284
1580550 284
1580560 284
1580570 284
1580580 283
1580590 283
1580600 283
1580610 283
1580620 283
1580630 283
1580640 283
1580650 283
1580660 282
1580670 282
1580680 282
1580690 282
1580700 282
1580710 282
1580720 281
1580730 281
1580740 281
1580750 281
1580760 281
1580770 281
1580780 281
1580790 281
1580800 281
1580810 281
1580820 281
1580830 281
1580840 281
1580850 281
1580860 281
1580870 281
1580880 281
1580890 281
1580900 281
1580910 281
1580920 281
1580930 280
1580940 280
1580950 280
1580960 280
1580970 280
1580980 280
1580990 280
1581000 280
1581010 280
1581020 280
1581030 280
1581040 280
1581050 280
1581060 280
1581070 280
1581080 280
1581090 280
1581100 280
1581110 280
1581120 280
1581130 280
1581140 280
1581150 280
1581160 280
1581170 281
1581180 280
1581190 280
1581200 280
1581210 280
1581220 280
1581230 280
1581240 280
1581250 280
1581260 280
1581270 279
1581280 279
1581290 279
1581300 279
1581310 279
1581320 279
1581330 279
1581340 279
1581350 279
1581360 279
1581370 279
1581380 278
1581390 278
1581400 278
1581410 278
1581420 278
1581430 278
1581440 278
1581450 279
1581460 279
1581470 279
1581480 279
1581490 279
1581500 279
1581510 279
1581520 279
1581530 279
1581540 279
1581550 279
1581560 279
1581570 279
1581580 279
1581590 279
1581600 278
1581610 278
1581620 278
1581630 278
1581640 278
1581650 278
1581660 278
1581670 278
1581680 278
1581690 278
1581700 278
1581710 278
1581720 278
1581730 278
1581740 278
1581750 278
1581760 278
1581770 277
1581780 278
1581790 278
1581800 278
1581810 278
1581820 278
1581830 278
1581840 278
1581850 278
1581860 278
1581870 278
1581880 278
1581890 278
1581900 278
1581910 278
1581920 278
1581930 278
1581940 278
1581950 278
1581960 278
1581970 278
1581980 278
1581990 278
1582000 278
1582010 278
1582020 278
1582030 278
1582040 278
1582050 278
1582060 278
1582070 278
1582080 278
1582090 278
1582100 278
1582110 278
1582120 278
1582130 278
1582140 278
1582150 278
1582160 278
1582170 278
1582180 278
1582190 277
1582200 277
1582210 277
1582220 277
1582230 278
1582240 278
1582250 278
1582260 277
1582270 277
1582280 277
1582290 277
1582300 277
1582310 277
1582320 277
1582330 277
1582340 277
1582350 277
1582360 277
1582370 277
1582380 277
1582390 277
1582400 277
1582410 277
1582420 277
1582430 277
1582440 277
1582450 277
1582460 277
1582470 276
1582480 276
1582490 277
1582500 277
1582510 277
1582520 276
1582530 276
1582540 276
1582550 277
1582560 277
1582570 277
1582580 277
1582590 277
1582600 277
1582610 277
1582620 277
1582630 277
1582640 277
1582650 277
1582660 277
1582670 276
1582680 276
1582690 276
1582700 277
1582710 277
1582720 277
1582730 277
1582740 277
1582750 277
1582760 277
1582770 276
1582780 276
1582790 276
1582800 276
1582810 276
1582820 276
1582830 276
1582840 276
1582850 276
1582860 276
1582870 276
1582880 276
1582890 277
1582900 277
1582910 277
1582920 277
1582930 277
1582940 277
1582950 277
1582960 277
1582970 277
1582980 276
1582990 276
1583000 276
1583010 276
1583020 276
1583030 276
1583040 276
1583050 276
1583060 276
1583070 276
1583080 276
1583090 276
1583100 276
1583110 276
1583120 276
1583130 276
1583140 276
1583150 276
1583160 276
1583170 276
1583180 276
1583190 276
1583200 276
1583210 276
1583220 276
1583230 276
1583240 276
1583250 276
1583260 276
1583270 276
1583280 276
1583290 276
1583300 276
1583310 276
1583320 276
1583330 276
1583340 276
1583350 276
1583360 276
1583370 275
1583380 275
1583390 275
1583400 275
1583410 275
1583420 275
1583430 275
1583440 275
1583450 275
1583460 275
1583470 275
1583480 275
1583490 276
1583500 276
1583510 275
1583520 275
1583530 275
1583540 275
1583550 275
1583560 275
1583570 275
1583580 275
1583590 275
1583600 275
1583610 275
1583620 275
1583630 275
1583640 275
1583650 276
1583660 276
1583670 276
1583680 276
1583690 276
1583700 276
1583710 276
1583720 276
1583730 277
1583740 277
1583750 277
1583760 276
1583770 276
1583780 276
1583790 277
1583800 277
1583810 277
1583820 277
1583830 276
1583840 276
1583850 276
1583860 276
1583870 276
1583880 276
1583890 276
1583900 276
1583910 276
1583920 276
1583930 276
1583940 276
1583950 276
1583960 276
1583970 276
1583980 276
1583990 276
1584000 276
1584010 276
1584020 276
1584030 276
1584040 276
1584050 276
1584060 276
1584070 276
1584080 276
1584090 276
1584100 275
1584110 275
1584120 275
1584130 275
1584140 275
1584150 275
1584160 275
1584170 275
1584180 275
1584190 275
1584200 275
1584210 275
1584220 275
1584230 275
1584240 275
1584250 276
1584260 276
1584270 279
1584280 280
1584290 280
1584300 280
1584310 280
1584320 280
1584330 280
1584340 280
1584350 280
1584360 280
1584370 280
1584380 280
1584390 280
1584400 280
1584410 280
1584420 280
1584430 280
1584440 280
1584450 280
1584460 280
1584470 280
1584480 280
1584490 280
1584500 280
1584510 280
1584520 280
1584530 280
1584540 280
1584550 280
1584560 280
1584570 280
1584580 280
1584590 280
1584600 280
1584610 280
1584620 280
1584630 280
1584640 280
1584650 280
1584660 280
1584670 280
1584680 280
1584690 280
1584700 280
1584710 280
1584720 280
1584730 280
1584740 280
1584750 280
1584760 279
1584770 279
1584780 279
1584790 279
1584800 279
1584810 279
1584820 279
1584830 279
1584840 279
1584850 279
1584860 279
1584870 279
1584880 279
1584890 279
1584900 279
1584910 279
1584920 279
1584930 279
1584940 279
1584950 279
1584960 279
1584970 279
1584980 279
1584990 279
1585000 279
1585010 279
1585020 279
1585030 279
1585040 279
1585050 279
1585060 279
1585070 279
1585080 279
1585090 279
1585100 279
1585110 279
1585120 279
1585130 279
1585140 279
1585150 279
1585160 279
1585170 279
1585180 279
1585190 279
1585200 279
1585210 279
1585220 279
1585230 279
1585240 279
1585250 279
1585260 279
1585270 279
1585280 279
1585290 279
1585300 279
1585310 279
1585320 279
1585330 279
1585340 279
1585350 279
1585360 278
1585370 278
1585380 278
1585390 278
1585400 278
1585410 278
1585420 278
1585430 278
1585440 278
1585450 278
1585460 278
1585470 278
1585480 278
1585490 278
1585500 278
1585510 278
1585520 278
1585530 278
1585540 278
1585550 278
1585560 278
1585570 278
1585580 278
1585590 278
1585600 278
1585610 278
1585620 278
1585630 278
1585640 278
1585650 278
1585660 278
1585670 278
1585680 278
1585690 278
1585700 278
1585710 278
1585720 278
1585730 278
1585740 278
1585750 278
1585760 278
1585770 278
1585780 278
1585790 278
1585800 278
1585810 278
1585820 278
1585830 278
1585840 278
1585850 278
1585860 278
1585870 278
1585880 278
1585890 278
1585900 278
1585910 278
1585920 279
1585930 280
1585940 280
1585950 281
1585960 280
1585970 280
1585980 279
1585990 278
1586000 278
1586010 278
1586020 278
1586030 278
1586040 279
1586050 282
1586060 282
1586070 283
1586080 281
1586090 281
1586100 279
1586110 278
1586120 278
1586130 278
1586140 278
1586150 278
1586160 278
1586170 278
1586180 278
1586190 278
1586200 278
1586210 278
1586220 278
1586230 278
1586240 278
1586250 278
1586260 278
1586270 278
1586280 278
1586290 278
1586300 278
1586310 278
1586320 278
1586330 278
1586340 278
1586350 278
1586360 278
1586370 278
1586380 278
1586390 278
1586400 278
1586410 278
1586420 278
1586430 278
1586440 278
1586450 278
1586460 278
1586470 278
1586480 278
1586490 278
1586500 277
1586510 277
1586520 277
1586530 277
1586540 277
1586550 277
1586560 277
1586570 277
1586580 277
1586590 277
1586600 277
1586610 277
1586620 277
1586630 277
1586640 277
1586650 277
1586660 277
1586670 277
1586680 277
1586690 277
1586700 277
1586710 277
1586720 277
1586730 277
1586740 277
1586750 277
1586760 277
1586770 277
1586780 277
1586790 277
1586800 277
1586810 277
1586820 277
1586830 277
1586840 277
1586850 277
1586860 277
1586870 277
1586880 277
1586890 277
1586900 277
1586910 277
1586920 277
1586930 277
1586940 277
1586950 277
1586960 277
1586970 277
1586980 277
1586990 277
1587000 277
1587010 277
1587020 277
1587030 277
1587040 277
1587050 277
1587060 277
1587070 277
1587080 277
1587090 277
1587100 277
1587110 277
1587120 277
1587130 277
1587140 277
1587150 277
1587160 277
1587170 277
1587180 277
1587190 277
1587200 276
1587210 276
1587220 276
1587230 277
1587240 277
1587250 277
1587260 277
1587270 277
1587280 277
1587290 277
1587300 277
1587310 276
1587320 276
1587330 276
1587340 276
1587350 276
1587360 276
1587370 276
1587380 277
1587390 277
1587400 276
1587410 276
1587420 276
1587430 276
1587440 276
1587450 276
1587460 276
1587470 277
1587480 277
1587490 276
1587500 276
1587510 276
1587520 276
1587530 276
1587540 276
1587550 276
1587560 276
1587570 276
1587580 276
1587590 276
1587600 276
1587610 275
1587620 276
1587630 276
1587640 275
1587650 275
1587660 275
1587670 275
1587680 275
1587690 275
1587700 275
1587710 275
1587720 275
1587730 275
1587740 275
1587750 275
1587760 275
1587770 275
1587780 275
1587790 275
1587800 275
1587810 275
1587820 275
1587830 275
1587840 275
1587850 275
1587860 275
1587870 275
1587880 275
1587890 275
1587900 275
1587910 275
1587920 275
1587930 275
1587940 275
1587950 274
1587960 274
1587970 273
1587980 272
1587990 272
1588000 272
1588010 272
1588020 272
1588030 272
1588040 274
1588050 274
1588060 275
1588070 275
1588080 275
1588090 275
1588100 275
1588110 275
1588120 275
1588130 275
1588140 275
1588150 275
1588160 275
1588170 275
1588180 275
1588190 275
1588200 275
1588210 275
1588220 275
1588230 275
1588240 276
1588250 277
1588260 277
1588270 277
1588280 277
1588290 277
1588300 277
1588310 278
1588320 278
1588330 278
1588340 278
1588350 278
1588360 278
1588370 280
1588380 280
1588390 280
1588400 280
1588410 280
1588420 280
1588430 280
1588440 280
1588450 280
1588460 281
1588470 281
1588480 283
1588490 283
1588500 283
1588510 286
1588520 288
1588530 288
1588540 290
1588550 292
1588560 292
1588570 292
1588580 294
1588590 294
1588600 298
1588610 302
1588620 302
1588630 307
1588640 311
1588650 311
1588660 314
1588670 315
1588680 315
1588690 315
1588700 313
1588710 313
1588720 314
1588730 312
1588740 312
1588750 309
1588760 305
1588770 305
1588780 303
1588790 304
1588800 304
1588810 309
1588820 315
1588830 315
1588840 320
1588850 327
1588860 327
1588870 333
1588880 337
1588890 337
1588900 339
1588910 340
1588920 340
1588930 340
1588940 341
1588950 341
1588960 341
1588970 341
1588980 341
1588990 338
1589000 335
1589010 335
1589020 336
1589030 337
1589040 337
1589050 335
1589060 334
1589070 334
1589080 335
1589090 334
1589100 334
1589110 334
1589120 329
1589130 329
1589140 324
1589150 325
1589160 325
1589170 331
1589180 336
1589190 336
1589200 338
1589210 340
1589220 340
1589230 341
1589240 342
1589250 342
1589260 343
1589270 344
1589280 344
1589290 345
1589300 345
1589310 345
1589320 346
1589330 346
1589340 346
1589350 347
1589360 347
1589370 347
1589380 348
1589390 348
1589400 348
1589410 349
1589420 349
1589430 349
1589440 349
1589450 350
1589460 350
1589470 350
1589480 350
1589490 350
1589500 350
1589510 350
1589520 350
1589530 350
1589540 350
1589550 350
1589560 350
1589570 350
1589580 350
1589590 350
1589600 350
1589610 350
1589620 350
1589630 350
1589640 350
1589650 349
1589660 349
1589670 349
1589680 349
1589690 348
1589700 348
1589710 348
1589720 348
1589730 348
1589740 347
1589750 347
1589760 347
1589770 347
1589780 346
1589790 346
1589800 346
1589810 346
1589820 346
1589830 346
1589840 346
1589850 346
1589860 346
1589870 346
1589880 346
1589890 345
1589900 346
1589910 346
1589920 348
1589930 350
1589940 350
1589950 351
1589960 352
1589970 352
1589980 353
1589990 353
1590000 353
1590010 354
1590020 355
1590030 355
1590040 356
1590050 356
1590060 356
1590070 357
1590080 358
1590090 358
1590100 358
1590110 359
1590120 359
1590130 359
1590140 359
1590150 360
1590160 360
1590170 360
1590180 360
1590190 360
1590200 361
1590210 361
1590220 361
1590230 361
1590240 361
1590250 361
1590260 361
1590270 361
1590280 361
1590290 361
1590300 361
1590310 361
1590320 361
1590330 361
1590340 361
1590350 361
1590360 361
1590370 361
1590380 360
1590390 360
1590400 360
1590410 360
1590420 360
1590430 360
1590440 359
1590450 359
1590460 359
1590470 359
1590480 359
1590490 359
1590500 359
1590510 359
1590520 359
1590530 358
1590540 358
1590550 358
1590560 358
1590570 358
1590580 358
1590590 358
1590600 358
1590610 358
1590620 359
1590630 359
1590640 359
1590650 359
1590660 359
1590670 359
1590680 359
1590690 359
1590700 359
1590710 359
1590720 359
1590730 359
1590740 359
1590750 359
1590760 358
1590770 358
1590780 358
1590790 358
1590800 357
1590810 357
1590820 357
1590830 356
1590840 356
1590850 355
1590860 355
1590870 355
1590880 354
1590890 353
1590900 353
1590910 352
1590920 351
1590930 351
1590940 350
1590950 349
1590960 349
1590970 348
1590980 347
1590990 345
1591000 345
1591010 344
1591020 343
1591030 343
1591040 342
1591050 341
1591060 341
1591070 339
1591080 338
1591090 338
1591100 337
1591110 335
1591120 335
1591130 333
1591140 332
1591150 332
1591160 332
1591170 332
1591180 332
1591190 332
1591200 332
1591210 332
1591220 333
1591230 334
1591240 334
1591250 334
1591260 335
1591270 335
1591280 336
1591290 337
1591300 337
1591310 338
1591320 340
1591330 340
1591340 341
1591350 341
1591360 343
1591370 344
1591380 344
1591390 344
1591400 345
1591410 346
1591420 346
1591430 346
1591440 347
1591450 347
1591460 347
1591470 348
1591480 348
1591490 348
1591500 349
1591510 349
1591520 349
1591530 349
1591540 349
1591550 349
1591560 350
1591570 350
1591580 350
1591590 350
1591600 350
1591610 350
1591620 350
1591630 350
1591640 350
1591650 349
1591660 349
1591670 349
1591680 349
1591690 349
1591700 349
1591710 349
1591720 349
1591730 350
1591740 350
1591750 350
1591760 350
1591770 350
1591780 350
1591790 349
1591800 349
1591810 349
1591820 349
1591830 349
1591840 349
1591850 349
1591860 349
1591870 349
1591880 348
1591890 348
1591900 348
1591910 348
1591920 347
1591930 347
1591940 347
1591950 346
1591960 346
1591970 346
1591980 345
1591990 345
1592000 345
1592010 344
1592020 344
1592030 343
1592040 342
1592050 342
1592060 341
1592070 340
1592080 340
1592090 339
1592100 338
1592110 338
1592120 337
1592130 336
1592140 336
1592150 335
1592160 334
1592170 334
1592180 333
1592190 333
1592200 333
1592210 332
1592220 331
1592230 331
1592240 331
1592250 331
1592260 331
1592270 331
1592280 330
1592290 330
1592300 330
1592310 330
1592320 330
1592330 330
1592340 330
1592350 330
1592360 330
1592370 330
1592380 330
1592390 330
1592400 330
1592410 330
1592420 330
1592430 330
1592440 330
1592450 330
1592460 330
1592470 330
1592480 330
1592490 330
1592500 330
1592510 330
1592520 329
1592530 329
1592540 329
1592550 329
1592560 329
1592570 329
1592580 328
1592590 328
1592600 328
1592610 327
1592620 327
1592630 327
1592640 326
1592650 326
1592660 325
1592670 325
1592680 325
1592690 324
1592700 324
1592710 324
1592720 323
1592730 323
1592740 323
1592750 322
1592760 321
1592770 321
1592780 321
1592790 320
1592800 320
1592810 319
1592820 319
1592830 319
1592840 318
1592850 318
1592860 318
1592870 317
1592880 316
1592890 316
1592900 316
1592910 315
1592920 315
1592930 315
1592940 314
1592950 314
1592960 314
1592970 313
1592980 313
1592990 313
1593000 312
1593010 312
1593020 312
1593030 311
1593040 311
1593050 311
1593060 310
1593070 310
1593080 309
1593090 309
1593100 309
1593110 308
1593120 308
1593130 308
1593140 307
1593150 306
1593160 306
1593170 306
1593180 306
1593190 306
1593200 306
1593210 305
1593220 305
1593230 305
1593240 304
1593250 304
1593260 303
1593270 303
1593280 303
1593290 302
1593300 301
1593310 301
1593320 301
1593330 300
1593340 300
1593350 301
1593360 301
1593370 301
1593380 301
1593390 302
1593400 302
1593410 302
1593420 303
1593430 303
1593440 304
1593450 305
1593460 305
1593470 306
1593480 307
1593490 307
1593500 307
1593510 307
1593520 307
1593530 308
1593540 308
1593550 308
1593560 309
1593570 309
1593580 309
1593590 310
1593600 310
1593610 310
1593620 311
1593630 312
1593640 312
1593650 312
1593660 313
1593670 313
1593680 314
1593690 314
1593700 314
1593710 314
1593720 315
1593730 315
1593740 315
1593750 316
1593760 315
1593770 315
1593780 316
1593790 316
1593800 316
1593810 317
1593820 317
1593830 317
1593840 317
1593850 317
1593860 318
1593870 318
1593880 318
1593890 318
1593900 318
1593910 318
1593920 318
1593930 319
1593940 319
1593950 319
1593960 319
1593970 319
1593980 319
1593990 319
1594000 319
1594010 319
1594020 319
1594030 319
1594040 319
1594050 319
1594060 319
1594070 319
1594080 319
1594090 319
1594100 319
1594110 319
1594120 319
1594130 319
1594140 319
1594150 319
1594160 320
1594170 320
1594180 320
1594190 321
1594200 321
1594210 321
1594220 322
1594230 322
1594240 322
1594250 322
1594260 322
1594270 322
1594280 323
1594290 323
1594300 323
1594310 324
1594320 325
1594330 325
1594340 327
1594350 328
1594360 328
1594370 330
1594380 331
1594390 331
1594400 332
1594410 333
1594420 333
1594430 335
1594440 336
1594450 336
1594460 338
1594470 340
1594480 340
1594490 342
1594500 343
1594510 343
1594520 344
1594530 346
1594540 346
1594550 346
1594560 347
1594570 347
1594580 348
1594590 350
1594600 350
1594610 350
1594620 351
1594630 351
1594640 352
1594650 353
1594660 353
1594670 353
1594680 354
1594690 354
1594700 354
1594710 355
1594720 355
1594730 355
1594740 356
1594750 356
1594760 356
1594770 356
1594780 357
1594790 357
1594800 357
1594810 358
1594820 358
1594830 359
1594840 359
1594850 359
1594860 359
1594870 360
1594880 360
1594890 360
1594900 360
1594910 360
1594920 360
1594930 360
1594940 360
1594950 360
1594960 360
1594970 360
1594980 360
1594990 360
1595000 360
1595010 360
1595020 360
1595030 360
1595040 359
1595050 359
1595060 359
1595070 360
1595080 360
1595090 360
1595100 359
1595110 359
1595120 359
1595130 358
1595140 358
1595150 358
1595160 357
1595170 356
1595180 356
1595190 356
1595200 355
1595210 355
1595220 354
1595230 354
1595240 354
1595250 353
1595260 352
1595270 352
1595280 351
1595290 350
1595300 350
1595310 349
1595320 347
1595330 347
1595340 346
1595350 345
1595360 345
1595370 343
1595380 342
1595390 342
1595400 341
1595410 340
1595420 340
1595430 339
1595440 338
1595450 338
1595460 337
1595470 336
1595480 336
1595490 335
1595500 333
1595510 333
1595520 332
1595530 331
1595540 331
1595550 330
1595560 329
1595570 329
1595580 327
1595590 326
1595600 326
1595610 326
1595620 325
1595630 325
1595640 325
1595650 325
1595660 325
1595670 324
1595680 324
1595690 324
1595700 323
1595710 323
1595720 323
1595730 323
1595740 322
1595750 322
1595760 321
1595770 320
1595780 320
1595790 319
1595800 318
1595810 318
1595820 317
1595830 315
1595840 315
1595850 315
1595860 316
1595870 316
1595880 317
1595890 318
1595900 318
1595910 319
1595920 319
1595930 319
1595940 319
1595950 320
1595960 320
1595970 320
1595980 321
1595990 321
1596000 320
1596010 320
1596020 320
1596030 320
1596040 319
1596050 319
1596060 319
1596070 318
1596080 318
1596090 318
1596100 317
1596110 315
1596120 315
1596130 315
1596140 315
1596150 314
1596160 314
1596170 314
1596180 314
1596190 313
1596200 313
1596210 313
1596220 313
1596230 313
1596240 312
1596250 312
1596260 312
1596270 312
1596280 312
1596290 312
1596300 312
1596310 312
1596320 312
1596330 312
1596340 312
1596350 312
1596360 312
1596370 312
1596380 312
1596390 311
1596400 311
1596410 311
1596420 311
1596430 310
1596440 310
1596450 310
1596460 309
1596470 309
1596480 309
1596490 309
1596500 309
1596510 309
1596520 309
1596530 309
1596540 309
1596550 310
1596560 310
1596570 311
1596580 312
1596590 312
1596600 313
1596610 314
1596620 314
1596630 316
1596640 317
1596650 317
1596660 318
1596670 319
1596680 319
1596690 320
1596700 320
1596710 320
1596720 320
1596730 321
1596740 321
1596750 321
1596760 320
1596770 320
1596780 320
1596790 320
1596800 320
1596810 319
1596820 318
1596830 318
1596840 317
1596850 316
1596860 316
1596870 315
1596880 314
1596890 314
1596900 313
1596910 312
1596920 312
1596930 311
1596940 310
1596950 310
1596960 309
1596970 308
1596980 308
1596990 307
1597000 306
1597010 306
1597020 305
1597030 304
1597040 304
1597050 303
1597060 303
1597070 303
1597080 302
1597090 301
1597100 301
1597110 301
1597120 301
1597130 301
1597140 300
1597150 300
1597160 300
1597170 299
1597180 299
1597190 299
1597200 298
1597210 298
1597220 298
1597230 297
1597240 297
1597250 297
1597260 296
1597270 297
1597280 297
1597290 296
1597300 295
1597310 295
1597320 294
1597330 294
1597340 294
1597350 293
1597360 292
1597370 292
1597380 291
1597390 290
1597400 290
1597410 290
1597420 289
1597430 289
1597440 288
1597450 287
1597460 287
1597470 287
1597480 286
1597490 286
1597500 285
1597510 285
1597520 285
1597530 284
1597540 284
1597550 284
1597560 283
1597570 282
1597580 282
1597590 282
1597600 282
1597610 282
1597620 281
1597630 281
1597640 281
1597650 281
1597660 280
1597670 280
1597680 280
1597690 280
1597700 280
1597710 280
1597720 279
1597730 279
1597740 279
1597750 279
1597760 279
1597770 279
1597780 279
1597790 279
1597800 279
1597810 279
1597820 279
1597830 279
1597840 278
1597850 278
1597860 278
1597870 278
1597880 278
1597890 278
1597900 277
1597910 277
1597920 277
1597930 277
1597940 277
1597950 277
1597960 277
1597970 277
1597980 277
1597990 277
1598000 277
1598010 276
1598020 276
1598030 276
1598040 276
1598050 276
1598060 276
1598070 275
1598080 275
1598090 275
1598100 274
1598110 273
1598120 273
1598130 273
1598140 273
1598150 273
1598160 272
1598170 272
1598180 272
1598190 272
1598200 271
1598210 271
1598220 271
1598230 271
1598240 271
1598250 271
1598260 271
1598270 271
1598280 271
1598290 270
1598300 270
1598310 271
1598320 270
1598330 270
1598340 271
1598350 271
1598360 271
1598370 270
1598380 270
1598390 270
1598400 270
1598410 271
1598420 271
1598430 271
1598440 271
1598450 271
1598460 271
1598470 271
1598480 271
1598490 270
1598500 270
1598510 270
1598520 270
1598530 270
1598540 270
1598550 270
1598560 270
1598570 270
1598580 270
1598590 270
1598600 270
1598610 270
1598620 269
1598630 269
1598640 269
1598650 269
1598660 268
1598670 268
1598680 268
1598690 268
1598700 268
1598710 268
1598720 268
1598730 268
1598740 267
1598750 267
1598760 267
1598770 267
1598780 267
1598790 267
1598800 267
1598810 266
1598820 266
1598830 266
1598840 266
1598850 266
1598860 266
1598870 266
1598880 266
1598890 266
1598900 266
1598910 266
1598920 266
1598930 266
1598940 266
1598950 267
1598960 268
1598970 268
1598980 267
1598990 266
1599000 266
1599010 266
1599020 265
1599030 265
1599040 265
1599050 265
1599060 265
1599070 265
1599080 265
1599090 265
1599100 265
1599110 265
1599120 265
1599130 265
1599140 265
1599150 265
1599160 265
1599170 265
1599180 265
1599190 265
1599200 265
1599210 265
1599220 265
1599230 265
1599240 265
1599250 265
1599260 265
1599270 265
1599280 265
1599290 265
1599300 265
1599310 265
1599320 265
1599330 265
1599340 265
1599350 265
1599360 265
1599370 265
1599380 265
1599390 265
1599400 265
1599410 265
1599420 265
1599430 265
1599440 265
1599450 265
1599460 265
1599470 265
1599480 265
1599490 265
1599500 265
1599510 265
1599520 265
1599530 265
1599540 265
1599550 265
1599560 265
1599570 265
1599580 265
1599590 265
1599600 265
1599610 265
1599620 265
1599630 265
1599640 265
1599650 265
1599660 265
1599670 264
1599680 264
1599690 264
1599700 264
1599710 264
1599720 264
1599730 264
1599740 264
1599750 264
1599760 264
1599770 264
1599780 264
1599790 264
1599800 264
1599810 264
1599820 264
1599830 264
1599840 264
1599850 264
1599860 264
1599870 264
1599880 264
1599890 264
1599900 264
1599910 264
1599920 264
1599930 264
1599940 264
1599950 265
1599960 265
1599970 265
1599980 265
1599990 265
