1580000 309
1580010 309
1580020 308
1580030 307
1580040 307
1580050 306
1580060 305
1580070 305
1580080 304
1580090 303
1580100 303
1580110 302
1580120 301
1580130 301
1580140 301
1580150 300
1580160 300
1580170 300
1580180 300
1580190 300
1580200 299
1580210 299
1580220 299
1580230 299
1580240 298
1580250 298
1580260 298
1580270 299
1580280 299
1580290 299
1580300 299
1580310 299
1580320 300
1580330 300
1580340 300
1580350 301
1580360 302
1580370 302
1580380 303
1580390 305
1580400 305
1580410 307
1580420 308
1580430 308
1580440 309
1580450 309
1580460 309
1580470 308
1580480 308
1580490 308
1580500 308
1580510 307
1580520 307
1580530 308
1580540 308
1580550 308
1580560 308
1580570 308
1580580 308
1580590 308
1580600 309
1580610 309
1580620 311
1580630 312
1580640 312
1580650 315
1580660 318
1580670 318
1580680 320
1580690 322
1580700 322
1580710 324
1580720 326
1580730 326
1580740 328
1580750 330
1580760 330
1580770 332
1580780 334
1580790 334
1580800 336
1580810 337
1580820 337
1580830 338
1580840 339
1580850 339
1580860 340
1580870 341
1580880 341
1580890 342
1580900 343
1580910 343
1580920 345
1580930 347
1580940 347
1580950 348
1580960 349
1580970 349
1580980 350
1580990 351
1581000 351
1581010 352
1581020 353
1581030 353
1581040 354
1581050 354
1581060 354
1581070 353
1581080 354
1581090 354
1581100 354
1581110 355
1581120 355
1581130 355
1581140 356
1581150 356
1581160 357
1581170 359
1581180 359
1581190 360
1581200 362
1581210 362
1581220 363
1581230 364
1581240 364
1581250 366
1581260 367
1581270 367
1581280 368
1581290 370
1581300 370
1581310 371
1581320 373
1581330 373
1581340 375
1581350 376
1581360 376
1581370 378
1581380 380
1581390 380
1581400 381
1581410 381
1581420 381
1581430 381
1581440 381
1581450 381
1581460 380
1581470 379
1581480 379
1581490 378
1581500 376
1581510 376
1581520 375
1581530 373
1581540 373
1581550 374
1581560 374
1581570 374
1581580 373
1581590 371
1581600 371
1581610 370
1581620 370
1581630 370
1581640 371
1581650 373
1581660 373
1581670 373
1581680 373
1581690 373
1581700 374
1581710 376
1581720 376
1581730 378
1581740 380
1581750 380
1581760 381
1581770 382
1581780 382
1581790 384
1581800 385
1581810 385
1581820 386
1581830 386
1581840 386
1581850 387
1581860 389
1581870 389
1581880 392
1581890 395
1581900 395
1581910 398
1581920 400
1581930 400
1581940 402
1581950 405
1581960 405
1581970 408
1581980 411
1581990 411
1582000 414
1582010 416
1582020 416
1582030 418
1582040 420
1582050 420
1582060 422
1582070 423
1582080 423
1582090 426
1582100 427
1582110 427
1582120 428
1582130 429
1582140 429
1582150 429
1582160 429
1582170 429
1582180 428
1582190 428
1582200 428
1582210 429
1582220 431
1582230 431
1582240 433
1582250 433
1582260 433
1582270 435
1582280 435
1582290 436
1582300 437
1582310 437
1582320 439
1582330 441
1582340 441
1582350 443
1582360 445
1582370 445
1582380 448
1582390 450
1582400 451
1582410 454
1582420 457
1582430 457
1582440 459
1582450 462
1582460 462
1582470 464
1582480 466
1582490 466
1582500 469
1582510 470
1582520 470
1582530 472
1582540 474
1582550 474
1582560 475
1582570 476
1582580 476
1582590 477
1582600 478
1582610 478
1582620 478
1582630 478
1582640 478
1582650 479
1582660 480
1582670 480
1582680 479
1582690 479
1582700 479
1582710 479
1582720 479
1582730 479
1582740 479
1582750 478
1582760 478
1582770 478
1582780 477
1582790 477
1582800 476
1582810 475
1582820 475
1582830 474
1582840 473
1582850 473
1582860 473
1582870 472
1582880 472
1582890 471
1582900 470
1582910 470
1582920 470
1582930 469
1582940 469
1582950 467
1582960 467
1582970 467
1582980 466
1582990 464
1583000 464
1583010 462
1583020 461
1583030 461
1583040 460
1583050 459
1583060 459
1583070 458
1583080 457
1583090 457
1583100 455
1583110 453
1583120 453
1583130 450
1583140 450
1583150 450
1583160 452
1583170 454
1583180 454
1583190 456
1583200 459
1583210 459
1583220 461
1583230 464
1583240 464
1583250 466
1583260 467
1583270 467
1583280 468
1583290 469
1583300 469
1583310 470
1583320 471
1583330 471
1583340 472
1583350 473
1583360 473
1583370 474
1583380 474
1583390 474
1583400 475
1583410 476
1583420 476
1583430 477
1583440 478
1583450 478
1583460 478
1583470 479
1583480 479
1583490 479
1583500 480
1583510 480
1583520 481
1583530 481
1583540 481
1583550 482
1583560 483
1583570 483
1583580 483
1583590 483
1583600 483
1583610 483
1583620 483
1583630 483
1583640 483
1583650 481
1583660 481
1583670 480
1583680 479
1583690 479
1583700 476
1583710 475
1583720 475
1583730 473
1583740 470
1583750 470
1583760 466
1583770 460
1583780 460
1583790 454
1583800 449
1583810 449
1583820 443
1583830 440
1583840 440
1583850 437
1583860 435
1583870 435
1583880 432
1583890 430
1583900 430
1583910 429
1583920 427
1583930 427
1583940 427
1583950 427
1583960 427
1583970 427
1583980 426
1583990 426
1584000 426
1584010 425
1584020 425
1584030 424
1584040 422
1584050 422
1584060 419
1584070 417
1584080 417
1584090 414
1584100 411
1584110 411
1584120 408
1584130 405
1584140 405
1584150 401
1584160 398
1584170 398
1584180 394
1584190 391
1584200 391
1584210 387
1584220 384
1584230 384
1584240 381
1584250 378
1584260 378
1584270 375
1584280 372
1584290 372
1584300 369
1584310 366
1584320 366
1584330 362
1584340 357
1584350 357
1584360 353
1584370 350
1584380 350
1584390 348
1584400 348
1584410 348
1584420 347
1584430 347
1584440 347
1584450 348
1584460 348
1584470 348
1584480 348
1584490 348
1584500 348
1584510 349
1584520 351
1584530 351
1584540 351
1584550 350
1584560 350
1584570 348
1584580 346
1584590 346
1584600 344
1584610 341
1584620 341
1584630 338
1584640 335
1584650 335
1584660 332
1584670 328
1584680 328
1584690 324
1584700 320
1584710 320
1584720 317
1584730 314
1584740 314
1584750 311
1584760 309
1584770 309
1584780 307
1584790 306
1584800 306
1584810 304
1584820 303
1584830 303
1584840 302
1584850 302
1584860 302
1584870 301
1584880 300
1584890 300
1584900 300
1584910 299
1584920 299
1584930 299
1584940 298
1584950 298
1584960 298
1584970 298
1584980 298
1584990 298
1585000 298
1585010 298
1585020 298
1585030 299
1585040 299
1585050 299
1585060 300
1585070 300
1585080 301
1585090 302
1585100 302
1585110 304
1585120 305
1585130 305
1585140 305
1585150 306
1585160 306
1585170 306
1585180 305
1585190 305
1585200 305
1585210 304
1585220 304
1585230 303
1585240 302
1585250 302
1585260 301
1585270 301
1585280 301
1585290 300
1585300 300
1585310 300
1585320 300
1585330 301
1585340 301
1585350 301
1585360 302
1585370 302
1585380 303
1585390 304
1585400 304
1585410 305
1585420 307
1585430 307
1585440 309
1585450 310
1585460 310
1585470 311
1585480 312
1585490 312
1585500 314
1585510 315
1585520 315
1585530 317
1585540 319
1585550 319
1585560 320
1585570 322
1585580 322
1585590 324
1585600 326
1585610 326
1585620 328
1585630 330
1585640 330
1585650 332
1585660 333
1585670 333
1585680 335
1585690 336
1585700 336
1585710 337
1585720 339
1585730 339
1585740 341
1585750 343
1585760 343
1585770 345
1585780 347
1585790 347
1585800 349
1585810 350
1585820 350
1585830 351
1585840 353
1585850 353
1585860 353
1585870 353
1585880 353
1585890 353
1585900 353
1585910 353
1585920 354
1585930 354
1585940 354
1585950 354
1585960 355
1585970 355
1585980 355
1585990 356
1586000 356
1586010 357
1586020 357
1586030 357
1586040 358
1586050 358
1586060 358
1586070 359
1586080 359
1586090 359
1586100 360
1586110 360
1586120 360
1586130 360
1586140 360
1586150 360
1586160 360
1586170 360
1586180 360
1586190 360
1586200 359
1586210 359
1586220 359
1586230 359
1586240 359
1586250 360
1586260 360
1586270 360
1586280 361
1586290 361
1586300 361
1586310 362
1586320 362
1586330 362
1586340 362
1586350 361
1586360 361
1586370 361
1586380 361
1586390 361
1586400 361
1586410 361
1586420 361
1586430 361
1586440 360
1586450 360
1586460 359
1586470 358
1586480 358
1586490 357
1586500 356
1586510 356
1586520 356
1586530 356
1586540 356
1586550 355
1586560 355
1586570 355
1586580 353
1586590 352
1586600 352
1586610 350
1586620 350
1586630 350
1586640 348
1586650 347
1586660 347
1586670 347
1586680 346
1586690 346
1586700 345
1586710 345
1586720 345
1586730 344
1586740 344
1586750 344
1586760 344
1586770 343
1586780 343
1586790 342
1586800 342
1586810 342
1586820 343
1586830 343
1586840 343
1586850 342
1586860 342
1586870 342
1586880 342
1586890 342
1586900 342
1586910 342
1586920 342
1586930 342
1586940 342
1586950 342
1586960 342
1586970 343
1586980 343
1586990 343
1587000 343
1587010 343
1587020 343
1587030 343
1587040 343
1587050 343
1587060 343
1587070 343
1587080 343
1587090 343
1587100 343
1587110 343
1587120 342
1587130 342
1587140 342
1587150 341
1587160 341
1587170 341
1587180 340
1587190 340
1587200 340
1587210 339
1587220 339
1587230 339
1587240 338
1587250 338
1587260 338
1587270 337
1587280 337
1587290 337
1587300 336
1587310 335
1587320 335
1587330 334
1587340 334
1587350 334
1587360 333
1587370 332
1587380 332
1587390 331
1587400 331
1587410 331
1587420 330
1587430 329
1587440 329
1587450 329
1587460 328
1587470 328
1587480 328
1587490 328
1587500 328
1587510 327
1587520 327
1587530 327
1587540 326
1587550 326
1587560 326
1587570 326
1587580 326
1587590 326
1587600 326
1587610 326
1587620 326
1587630 325
1587640 325
1587650 325
1587660 325
1587670 325
1587680 325
1587690 324
1587700 324
1587710 324
1587720 324
1587730 323
1587740 323
1587750 322
1587760 322
1587770 322
1587780 321
1587790 321
1587800 321
1587810 320
1587820 320
1587830 320
1587840 320
1587850 320
1587860 320
1587870 320
1587880 320
1587890 320
1587900 320
1587910 320
1587920 320
1587930 320
1587940 320
1587950 320
1587960 320
1587970 320
1587980 320
1587990 320
1588000 320
1588010 320
1588020 320
1588030 321
1588040 321
1588050 321
1588060 321
1588070 321
1588080 321
1588090 321
1588100 321
1588110 321
1588120 321
1588130 321
1588140 321
1588150 322
1588160 322
1588170 322
1588180 322
1588190 322
1588200 322
1588210 323
1588220 323
1588230 322
1588240 322
1588250 322
1588260 322
1588270 324
1588280 324
1588290 326
1588300 327
1588310 327
1588320 327
1588330 327
1588340 327
1588350 327
1588360 327
1588370 327
1588380 327
1588390 328
1588400 328
1588410 329
1588420 329
1588430 329
1588440 331
1588450 332
1588460 332
1588470 332
1588480 332
1588490 332
1588500 332
1588510 332
1588520 332
1588530 332
1588540 332
1588550 332
1588560 333
1588570 334
1588580 334
1588590 334
1588600 334
1588610 334
1588620 334
1588630 333
1588640 333
1588650 332
1588660 331
1588670 331
1588680 331
1588690 331
1588700 331
1588710 331
1588720 331
1588730 331
1588740 330
1588750 328
1588760 328
1588770 327
1588780 326
1588790 326
1588800 325
1588810 325
1588820 325
1588830 323
1588840 323
1588850 323
1588860 321
1588870 321
1588880 321
1588890 320
1588900 320
1588910 320
1588920 320
1588930 319
1588940 319
1588950 319
1588960 319
1588970 319
1588980 318
1588990 318
1589000 318
1589010 318
1589020 318
1589030 318
1589040 317
1589050 317
1589060 317
1589070 317
1589080 317
1589090 317
1589100 317
1589110 317
1589120 317
1589130 317
1589140 317
1589150 317
1589160 316
1589170 315
1589180 315
1589190 315
1589200 314
1589210 314
1589220 314
1589230 313
1589240 313
1589250 313
1589260 313
1589270 313
1589280 313
1589290 314
1589300 314
1589310 314
1589320 314
1589330 314
1589340 314
1589350 314
1589360 314
1589370 313
1589380 313
1589390 313
1589400 314
1589410 314
1589420 314
1589430 313
1589440 312
1589450 312
1589460 312
1589470 312
1589480 312
1589490 313
1589500 313
1589510 313
1589520 313
1589530 314
1589540 314
1589550 314
1589560 315
1589570 315
1589580 315
1589590 316
1589600 316
1589610 317
1589620 317
1589630 317
1589640 317
1589650 317
1589660 317
1589670 317
1589680 317
1589690 317
1589700 317
1589710 317
1589720 317
1589730 317
1589740 317
1589750 317
1589760 316
1589770 315
1589780 315
1589790 313
1589800 312
1589810 312
1589820 311
1589830 310
1589840 310
1589850 309
1589860 308
1589870 308
1589880 307
1589890 306
1589900 306
1589910 305
1589920 304
1589930 304
1589940 304
1589950 304
1589960 304
1589970 304
1589980 303
1589990 303
1590000 303
1590010 302
1590020 302
1590030 302
1590040 301
1590050 301
1590060 300
1590070 299
1590080 299
1590090 298
1590100 297
1590110 297
1590120 296
1590130 296
1590140 296
1590150 295
1590160 293
1590170 293
1590180 292
1590190 291
1590200 291
1590210 290
1590220 288
1590230 288
1590240 286
1590250 286
1590260 286
1590270 284
1590280 282
1590290 282
1590300 280
1590310 278
1590320 278
1590330 277
1590340 275
1590350 275
1590360 272
1590370 269
1590380 269
1590390 266
1590400 265
1590410 265
1590420 265
1590430 265
1590440 265
1590450 265
1590460 264
1590470 264
1590480 264
1590490 264
1590500 264
1590510 264
1590520 264
1590530 264
1590540 264
1590550 264
1590560 264
1590570 263
1590580 263
1590590 263
1590600 263
1590610 263
1590620 263
1590630 263
1590640 263
1590650 263
1590660 263
1590670 261
1590680 261
1590690 260
1590700 260
1590710 260
1590720 261
1590730 262
1590740 262
1590750 263
1590760 262
1590770 262
1590780 262
1590790 262
1590800 262
1590810 262
1590820 262
1590830 262
1590840 263
1590850 263
1590860 263
1590870 263
1590880 263
1590890 263
1590900 263
1590910 263
1590920 263
1590930 264
1590940 264
1590950 264
1590960 264
1590970 264
1590980 264
1590990 263
1591000 264
1591010 264
1591020 263
1591030 263
1591040 263
1591050 263
1591060 263
1591070 263
1591080 263
1591090 263
1591100 263
1591110 263
1591120 263
1591130 263
1591140 263
1591150 263
1591160 263
1591170 263
1591180 263
1591190 263
1591200 263
1591210 263
1591220 263
1591230 263
1591240 263
1591250 263
1591260 262
1591270 262
1591280 262
1591290 262
1591300 262
1591310 262
1591320 262
1591330 262
1591340 262
1591350 262
1591360 262
1591370 262
1591380 262
1591390 262
1591400 262
1591410 262
1591420 262
1591430 262
1591440 263
1591450 262
1591460 262
1591470 262
1591480 262
1591490 262
1591500 262
1591510 262
1591520 262
1591530 262
1591540 262
1591550 262
1591560 262
1591570 262
1591580 262
1591590 262
1591600 262
1591610 262
1591620 262
1591630 261
1591640 261
1591650 261
1591660 261
1591670 261
1591680 261
1591690 261
1591700 261
1591710 261
1591720 260
1591730 260
1591740 261
1591750 261
1591760 261
1591770 261
1591780 261
1591790 261
1591800 261
1591810 261
1591820 261
1591830 261
1591840 261
1591850 261
1591860 260
1591870 260
1591880 260
1591890 261
1591900 260
1591910 260
1591920 260
1591930 260
1591940 260
1591950 260
1591960 261
1591970 261
1591980 260
1591990 260
1592000 260
1592010 260
1592020 260
1592030 260
1592040 260
1592050 260
1592060 260
1592070 260
1592080 260
1592090 260
1592100 260
1592110 260
1592120 260
1592130 260
1592140 261
1592150 261
1592160 260
1592170 260
1592180 260
1592190 260
1592200 260
1592210 260
1592220 260
1592230 260
1592240 260
1592250 260
1592260 260
1592270 260
1592280 260
1592290 259
1592300 259
1592310 259
1592320 259
1592330 259
1592340 259
1592350 259
1592360 259
1592370 260
1592380 260
1592390 260
1592400 259
1592410 259
1592420 259
1592430 259
1592440 259
1592450 259
1592460 259
1592470 258
1592480 258
1592490 259
1592500 258
1592510 258
1592520 259
1592530 258
1592540 258
1592550 258
1592560 258
1592570 258
1592580 258
1592590 258
1592600 258
1592610 259
1592620 259
1592630 259
1592640 259
1592650 259
1592660 259
1592670 259
1592680 259
1592690 259
1592700 259
1592710 259
1592720 259
1592730 259
1592740 259
1592750 259
1592760 259
1592770 259
1592780 259
1592790 259
1592800 259
1592810 259
1592820 259
1592830 259
1592840 259
1592850 259
1592860 259
1592870 259
1592880 259
1592890 259
1592900 259
1592910 259
1592920 259
1592930 259
1592940 259
1592950 259
1592960 259
1592970 259
1592980 258
1592990 258
1593000 259
1593010 260
1593020 260
1593030 259
1593040 258
1593050 258
1593060 258
1593070 258
1593080 258
1593090 259
1593100 259
1593110 259
1593120 259
1593130 259
1593140 259
1593150 258
1593160 259
1593170 259
1593180 259
1593190 257
1593200 257
1593210 259
1593220 260
1593230 260
1593240 260
1593250 259
1593260 259
1593270 256
1593280 255
1593290 255
1593300 256
1593310 256
1593320 256
1593330 257
1593340 258
1593350 258
1593360 258
1593370 258
1593380 258
1593390 258
1593400 258
1593410 258
1593420 258
1593430 258
1593440 258
1593450 258
1593460 258
1593470 258
1593480 258
1593490 258
1593500 258
1593510 258
1593520 258
1593530 258
1593540 258
1593550 258
1593560 258
1593570 258
1593580 258
1593590 258
1593600 258
1593610 258
1593620 258
1593630 258
1593640 258
1593650 258
1593660 258
1593670 258
1593680 258
1593690 258
1593700 258
1593710 258
1593720 258
1593730 258
1593740 257
1593750 257
1593760 257
1593770 257
1593780 258
1593790 258
1593800 258
1593810 258
1593820 258
1593830 258
1593840 258
1593850 258
1593860 257
1593870 257
1593880 257
1593890 256
1593900 254
1593910 254
1593920 253
1593930 253
1593940 253
1593950 254
1593960 253
1593970 253
1593980 253
1593990 253
1594000 253
1594010 252
1594020 253
1594030 253
1594040 254
1594050 255
1594060 255
1594070 254
1594080 253
1594090 253
1594100 253
1594110 253
1594120 253
1594130 254
1594140 254
1594150 254
1594160 254
1594170 254
1594180 254
1594190 253
1594200 253
1594210 253
1594220 253
1594230 253
1594240 253
1594250 252
1594260 252
1594270 252
1594280 252
1594290 252
1594300 252
1594310 252
1594320 252
1594330 252
1594340 253
1594350 253
1594360 253
1594370 253
1594380 253
1594390 253
1594400 254
1594410 254
1594420 254
1594430 254
1594440 254
1594450 254
1594460 253
1594470 253
1594480 253
1594490 253
1594500 253
1594510 253
1594520 253
1594530 253
1594540 253
1594550 253
1594560 253
1594570 253
1594580 253
1594590 254
1594600 254
1594610 254
1594620 253
1594630 253
1594640 253
1594650 253
1594660 253
1594670 253
1594680 253
1594690 253
1594700 253
1594710 253
1594720 253
1594730 253
1594740 253
1594750 253
1594760 253
1594770 253
1594780 253
1594790 253
1594800 253
1594810 253
1594820 253
1594830 253
1594840 253
1594850 253
1594860 253
1594870 253
1594880 253
1594890 253
1594900 253
1594910 253
1594920 253
1594930 253
1594940 252
1594950 253
1594960 253
1594970 253
1594980 253
1594990 253
1595000 253
1595010 253
1595020 253
1595030 253
1595040 253
1595050 253
1595060 253
1595070 253
1595080 253
1595090 253
1595100 253
1595110 253
1595120 253
1595130 253
1595140 253
1595150 253
1595160 253
1595170 253
1595180 253
1595190 253
1595200 253
1595210 253
1595220 253
1595230 253
1595240 253
1595250 253
1595260 253
1595270 253
1595280 253
1595290 253
1595300 253
1595310 253
1595320 253
1595330 253
1595340 253
1595350 253
1595360 253
1595370 253
1595380 253
1595390 253
1595400 253
1595410 253
1595420 253
1595430 253
1595440 253
1595450 253
1595460 253
1595470 253
1595480 253
1595490 253
1595500 253
1595510 253
1595520 253
1595530 253
1595540 253
1595550 253
1595560 253
1595570 253
1595580 253
1595590 253
1595600 253
1595610 253
1595620 253
1595630 253
1595640 253
1595650 253
1595660 253
1595670 253
1595680 253
1595690 253
1595700 253
1595710 253
1595720 253
1595730 253
1595740 253
1595750 253
1595760 253
1595770 253
1595780 253
1595790 253
1595800 253
1595810 253
1595820 253
1595830 253
1595840 253
1595850 253
1595860 253
1595870 253
1595880 253
1595890 253
1595900 253
1595910 253
1595920 253
1595930 253
1595940 253
1595950 253
1595960 253
1595970 253
1595980 253
1595990 253
1596000 253
1596010 253
1596020 252
1596030 252
1596040 252
1596050 251
1596060 251
1596070 251
1596080 251
1596090 251
1596100 251
1596110 251
1596120 251
1596130 251
1596140 251
1596150 251
1596160 251
1596170 251
1596180 251
1596190 251
1596200 251
1596210 252
1596220 252
1596230 253
1596240 253
1596250 253
1596260 254
1596270 254
1596280 254
1596290 252
1596300 251
1596310 251
1596320 251
1596330 251
1596340 251
1596350 251
1596360 251
1596370 251
1596380 251
1596390 251
1596400 251
1596410 251
1596420 251
1596430 251
1596440 251
1596450 251
1596460 251
1596470 251
1596480 251
1596490 251
1596500 251
1596510 251
1596520 251
1596530 251
1596540 251
1596550 251
1596560 251
1596570 251
1596580 251
1596590 251
1596600 251
1596610 251
1596620 251
1596630 251
1596640 251
1596650 251
1596660 251
1596670 251
1596680 251
1596690 251
1596700 251
1596710 251
1596720 251
1596730 251
1596740 251
1596750 251
1596760 251
1596770 250
1596780 248
1596790 248
1596800 247
1596810 246
1596820 246
1596830 247
1596840 250
1596850 250
1596860 250
1596870 251
1596880 251
1596890 251
1596900 253
1596910 253
1596920 254
1596930 254
1596940 254
1596950 251
1596960 251
1596970 251
1596980 252
1596990 252
1597000 252
1597010 252
1597020 254
1597030 254
1597040 256
1597050 259
1597060 259
1597070 268
1597080 276
1597090 276
1597100 283
1597110 289
1597120 289
1597130 294
1597140 297
1597150 297
1597160 300
1597170 303
1597180 303
1597190 308
1597200 312
1597210 317
1597220 319
1597230 321
1597240 321
1597250 323
1597260 325
1597270 325
1597280 327
1597290 328
1597300 328
1597310 331
1597320 333
1597330 333
1597340 336
1597350 339
1597360 339
1597370 342
1597380 344
1597390 344
1597400 346
1597410 348
1597420 348
1597430 350
1597440 353
1597450 353
1597460 354
1597470 356
1597480 356
1597490 358
1597500 360
1597510 360
1597520 362
1597530 363
1597540 363
1597550 364
1597560 365
1597570 365
1597580 366
1597590 366
1597600 366
1597610 366
1597620 366
1597630 366
1597640 366
1597650 367
1597660 367
1597670 367
1597680 367
1597690 367
1597700 367
1597710 366
1597720 366
1597730 366
1597740 366
1597750 366
1597760 365
1597770 364
1597780 364
1597790 362
1597800 360
1597810 360
1597820 357
1597830 354
1597840 354
1597850 351
1597860 347
1597870 347
1597880 343
1597890 339
1597900 339
1597910 335
1597920 331
1597930 331
1597940 328
1597950 327
1597960 327
1597970 326
1597980 326
1597990 326
1598000 325
1598010 326
1598020 326
1598030 327
1598040 329
1598050 329
1598060 330
1598070 333
1598080 333
1598090 337
1598100 340
1598110 340
1598120 345
1598130 350
1598140 350
1598150 354
1598160 357
1598170 357
1598180 360
1598190 364
1598200 364
1598210 367
1598220 369
1598230 369
1598240 371
1598250 373
1598260 373
1598270 375
1598280 377
1598290 377
1598300 379
1598310 380
1598320 380
1598330 382
1598340 383
1598350 383
1598360 386
1598370 387
1598380 387
1598390 388
1598400 389
1598410 389
1598420 390
1598430 391
1598440 391
1598450 392
1598460 392
1598470 392
1598480 393
1598490 394
1598500 394
1598510 394
1598520 395
1598530 395
1598540 394
1598550 395
1598560 395
1598570 395
1598580 395
1598590 395
1598600 395
1598610 394
1598620 394
1598630 394
1598640 393
1598650 393
1598660 392
1598670 391
1598680 391
1598690 389
1598700 388
1598710 388
1598720 386
1598730 384
1598740 384
1598750 381
1598760 377
1598770 377
1598780 373
1598790 369
1598800 369
1598810 365
1598820 361
1598830 361
1598840 357
1598850 353
1598860 353
1598870 349
1598880 345
1598890 345
1598900 345
1598910 345
1598920 345
1598930 344
1598940 345
1598950 345
1598960 344
1598970 345
1598980 345
1598990 347
1599000 348
1599010 348
1599020 347
1599030 348
1599040 348
1599050 349
1599060 351
1599070 351
1599080 352
1599090 353
1599100 353
1599110 354
1599120 355
1599130 355
1599140 357
1599150 357
1599160 357
1599170 358
1599180 358
1599190 358
1599200 357
1599210 357
1599220 357
1599230 356
1599240 354
1599250 354
1599260 350
1599270 347
1599280 347
1599290 348
1599300 348
1599310 348
1599320 348
1599330 348
1599340 348
1599350 346
1599360 342
1599370 342
1599380 341
1599390 340
1599400 340
1599410 335
1599420 331
1599430 331
1599440 324
1599450 319
1599460 319
1599470 312
1599480 308
1599490 309
1599500 307
1599510 306
1599520 306
1599530 305
1599540 301
1599550 301
1599560 295
1599570 290
1599580 290
1599590 287
1599600 289
1599610 289
1599620 290
1599630 291
1599640 291
1599650 293
1599660 296
1599670 296
1599680 299
1599690 303
1599700 303
1599710 306
1599720 309
1599730 309
1599740 314
1599750 318
1599760 318
1599770 322
1599780 326
1599790 326
1599800 330
1599810 333
1599820 333
1599830 336
1599840 340
1599850 340
1599860 342
1599870 345
1599880 345
1599890 347
1599900 351
1599910 351
1599920 355
1599930 358
1599940 358
1599950 361
1599960 364
1599970 364
1599980 366
1599990 369
