1580000 368
1580010 367
1580020 367
1580030 367
1580040 367
1580050 367
1580060 367
1580070 367
1580080 367
1580090 367
1580100 367
1580110 367
1580120 367
1580130 368
1580140 368
1580150 368
1580160 368
1580170 368
1580180 369
1580190 369
1580200 369
1580210 370
1580220 372
1580230 372
1580240 372
1580250 373
1580260 373
1580270 375
1580280 377
1580290 377
1580300 378
1580310 380
1580320 380
1580330 381
1580340 383
1580350 382
1580360 385
1580370 387
1580380 387
1580390 390
1580400 392
1580410 392
1580420 394
1580430 396
1580440 396
1580450 398
1580460 400
1580470 400
1580480 402
1580490 403
1580500 403
1580510 404
1580520 406
1580530 406
1580540 407
1580550 410
1580560 410
1580570 412
1580580 413
1580590 413
1580600 414
1580610 415
1580620 415
1580630 415
1580640 416
1580650 416
1580660 417
1580670 418
1580680 418
1580690 420
1580700 421
1580710 421
1580720 423
1580730 424
1580740 424
1580750 426
1580760 427
1580770 427
1580780 428
1580790 429
1580800 429
1580810 430
1580820 432
1580830 432
1580840 433
1580850 434
1580860 434
1580870 435
1580880 437
1580890 437
1580900 438
1580910 439
1580920 439
1580930 440
1580940 441
1580950 441
1580960 442
1580970 443
1580980 443
1580990 444
1581000 445
1581010 445
1581020 445
1581030 446
1581040 446
1581050 447
1581060 447
1581070 447
1581080 448
1581090 449
1581100 449
1581110 449
1581120 450
1581130 450
1581140 451
1581150 451
1581160 451
1581170 452
1581180 453
1581190 453
1581200 453
1581210 453
1581220 453
1581230 453
1581240 454
1581250 454
1581260 454
1581270 454
1581280 454
1581290 454
1581300 454
1581310 454
1581320 454
1581330 455
1581340 455
1581350 455
1581360 456
1581370 456
1581380 456
1581390 456
1581400 456
1581410 456
1581420 457
1581430 457
1581440 457
1581450 458
1581460 458
1581470 458
1581480 457
1581490 457
1581500 457
1581510 457
1581520 457
1581530 457
1581540 457
1581550 457
1581560 457
1581570 457
1581580 457
1581590 457
1581600 457
1581610 457
1581620 457
1581630 456
1581640 456
1581650 456
1581660 455
1581670 455
1581680 455
1581690 455
1581700 454
1581710 453
1581720 453
1581730 453
1581740 453
1581750 452
1581760 452
1581770 451
1581780 450
1581790 450
1581800 449
1581810 449
1581820 449
1581830 448
1581840 448
1581850 448
1581860 447
1581870 447
1581880 447
1581890 446
1581900 446
1581910 446
1581920 445
1581930 445
1581940 445
1581950 444
1581960 444
1581970 444
1581980 443
1581990 443
1582000 443
1582010 442
1582020 441
1582030 441
1582040 441
1582050 440
1582060 440
1582070 440
1582080 439
1582090 439
1582100 439
1582110 438
1582120 438
1582130 438
1582140 437
1582150 437
1582160 436
1582170 435
1582180 435
1582190 434
1582200 433
1582210 433
1582220 431
1582230 430
1582240 430
1582250 428
1582260 427
1582270 427
1582280 424
1582290 422
1582300 422
1582310 419
1582320 417
1582330 417
1582340 414
1582350 411
1582360 411
1582370 407
1582380 403
1582390 403
1582400 399
1582410 395
1582420 395
1582430 393
1582440 394
1582450 394
1582460 394
1582470 395
1582480 395
1582490 395
1582500 396
1582510 396
1582520 396
1582530 398
1582540 398
1582550 400
1582560 401
1582570 401
1582580 402
1582590 402
1582600 402
1582610 401
1582620 400
1582630 400
1582640 399
1582650 396
1582660 396
1582670 395
1582680 393
1582690 393
1582700 391
1582710 389
1582720 389
1582730 386
1582740 383
1582750 383
1582760 379
1582770 374
1582780 374
1582790 369
1582800 363
1582810 363
1582820 358
1582830 353
1582840 353
1582850 348
1582860 342
1582870 342
1582880 336
1582890 333
1582900 333
1582910 334
1582920 335
1582930 335
1582940 336
1582950 338
1582960 338
1582970 340
1582980 341
1582990 341
1583000 342
1583010 343
1583020 343
1583030 342
1583040 345
1583050 345
1583060 347
1583070 349
1583080 349
1583090 352
1583100 354
1583110 354
1583120 357
1583130 359
1583140 359
1583150 362
1583160 365
1583170 365
1583180 368
1583190 373
1583200 373
1583210 379
1583220 383
1583230 383
1583240 388
1583250 394
1583260 394
1583270 398
1583280 401
1583290 401
1583300 403
1583310 406
1583320 406
1583330 408
1583340 408
1583350 408
1583360 408
1583370 407
1583380 407
1583390 406
1583400 405
1583410 405
1583420 404
1583430 404
1583440 404
1583450 403
1583460 402
1583470 402
1583480 401
1583490 399
1583500 399
1583510 397
1583520 395
1583530 395
1583540 392
1583550 389
1583560 389
1583570 385
1583580 380
1583590 380
1583600 376
1583610 371
1583620 371
1583630 366
1583640 362
1583650 362
1583660 358
1583670 354
1583680 354
1583690 350
1583700 346
1583710 346
1583720 345
1583730 344
1583740 344
1583750 345
1583760 349
1583770 349
1583780 352
1583790 355
1583800 355
1583810 359
1583820 362
1583830 362
1583840 366
1583850 369
1583860 369
1583870 372
1583880 373
1583890 373
1583900 374
1583910 376
1583920 376
1583930 377
1583940 378
1583950 378
1583960 379
1583970 379
1583980 379
1583990 380
1584000 380
1584010 380
1584020 379
1584030 378
1584040 378
1584050 376
1584060 375
1584070 375
1584080 373
1584090 371
1584100 371
1584110 369
1584120 366
1584130 366
1584140 364
1584150 362
1584160 362
1584170 360
1584180 357
1584190 357
1584200 355
1584210 352
1584220 352
1584230 351
1584240 350
1584250 350
1584260 348
1584270 347
1584280 347
1584290 345
1584300 343
1584310 343
1584320 341
1584330 339
1584340 338
1584350 335
1584360 331
1584370 331
1584380 327
1584390 323
1584400 323
1584410 319
1584420 317
1584430 317
1584440 317
1584450 316
1584460 316
1584470 316
1584480 316
1584490 316
1584500 316
1584510 317
1584520 317
1584530 317
1584540 317
1584550 317
1584560 317
1584570 316
1584580 316
1584590 316
1584600 315
1584610 315
1584620 314
1584630 313
1584640 313
1584650 312
1584660 311
1584670 311
1584680 309
1584690 307
1584700 307
1584710 305
1584720 302
1584730 302
1584740 297
1584750 292
1584760 292
1584770 287
1584780 287
1584790 287
1584800 291
1584810 295
1584820 295
1584830 300
1584840 304
1584850 304
1584860 307
1584870 309
1584880 309
1584890 310
1584900 312
1584910 312
1584920 314
1584930 315
1584940 315
1584950 317
1584960 318
1584970 318
1584980 319
1584990 319
1585000 319
1585010 319
1585020 318
1585030 318
1585040 318
1585050 319
1585060 319
1585070 319
1585080 318
1585090 318
1585100 318
1585110 317
1585120 317
1585130 317
1585140 317
1585150 317
1585160 317
1585170 317
1585180 317
1585190 317
1585200 316
1585210 316
1585220 316
1585230 316
1585240 316
1585250 316
1585260 316
1585270 316
1585280 315
1585290 314
1585300 314
1585310 313
1585320 313
1585330 313
1585340 316
1585350 318
1585360 318
1585370 319
1585380 318
1585390 318
1585400 318
1585410 321
1585420 321
1585430 326
1585440 330
1585450 330
1585460 334
1585470 336
1585480 336
1585490 339
1585500 342
1585510 342
1585520 345
1585530 348
1585540 348
1585550 350
1585560 352
1585570 352
1585580 354
1585590 355
1585600 355
1585610 357
1585620 358
1585630 359
1585640 361
1585650 363
1585660 363
1585670 364
1585680 366
1585690 366
1585700 367
1585710 368
1585720 368
1585730 369
1585740 370
1585750 370
1585760 370
1585770 370
1585780 370
1585790 370
1585800 370
1585810 370
1585820 370
1585830 370
1585840 370
1585850 369
1585860 369
1585870 369
1585880 368
1585890 368
1585900 368
1585910 367
1585920 367
1585930 366
1585940 365
1585950 365
1585960 364
1585970 363
1585980 363
1585990 361
1586000 360
1586010 360
1586020 358
1586030 357
1586040 357
1586050 356
1586060 355
1586070 355
1586080 354
1586090 353
1586100 353
1586110 351
1586120 350
1586130 350
1586140 348
1586150 346
1586160 346
1586170 344
1586180 342
1586190 342
1586200 340
1586210 339
1586220 339
1586230 337
1586240 336
1586250 336
1586260 336
1586270 335
1586280 335
1586290 334
1586300 330
1586310 330
1586320 327
1586330 325
1586340 325
1586350 324
1586360 323
1586370 323
1586380 320
1586390 318
1586400 318
1586410 317
1586420 321
1586430 321
1586440 323
1586450 324
1586460 324
1586470 324
1586480 324
1586490 324
1586500 324
1586510 324
1586520 324
1586530 324
1586540 325
1586550 325
1586560 325
1586570 325
1586580 325
1586590 325
1586600 325
1586610 325
1586620 325
1586630 324
1586640 324
1586650 324
1586660 324
1586670 324
1586680 323
1586690 322
1586700 322
1586710 321
1586720 320
1586730 320
1586740 318
1586750 318
1586760 318
1586770 317
1586780 316
1586790 316
1586800 316
1586810 315
1586820 315
1586830 315
1586840 314
1586850 314
1586860 313
1586870 313
1586880 313
1586890 312
1586900 311
1586910 308
1586920 306
1586930 304
1586940 304
1586950 303
1586960 301
1586970 301
1586980 300
1586990 300
1587000 300
1587010 301
1587020 301
1587030 301
1587040 301
1587050 301
1587060 301
1587070 301
1587080 301
1587090 301
1587100 300
1587110 300
1587120 300
1587130 299
1587140 299
1587150 299
1587160 298
1587170 297
1587180 297
1587190 296
1587200 296
1587210 296
1587220 296
1587230 294
1587240 294
1587250 293
1587260 292
1587270 292
1587280 291
1587290 290
1587300 290
1587310 291
1587320 292
1587330 292
1587340 293
1587350 294
1587360 294
1587370 295
1587380 298
1587390 298
1587400 300
1587410 303
1587420 303
1587430 306
1587440 308
1587450 308
1587460 310
1587470 313
1587480 313
1587490 315
1587500 319
1587510 319
1587520 322
1587530 326
1587540 326
1587550 332
1587560 336
1587570 336
1587580 343
1587590 348
1587600 348
1587610 353
1587620 358
1587630 358
1587640 363
1587650 369
1587660 369
1587670 373
1587680 377
1587690 377
1587700 382
1587710 385
1587720 385
1587730 386
1587740 389
1587750 389
1587760 393
1587770 395
1587780 395
1587790 397
1587800 399
1587810 399
1587820 401
1587830 402
1587840 402
1587850 403
1587860 404
1587870 404
1587880 404
1587890 405
1587900 405
1587910 404
1587920 404
1587930 404
1587940 404
1587950 403
1587960 403
1587970 403
1587980 402
1587990 402
1588000 402
1588010 401
1588020 401
1588030 400
1588040 399
1588050 399
1588060 396
1588070 393
1588080 393
1588090 387
1588100 380
1588110 380
1588120 374
1588130 369
1588140 369
1588150 365
1588160 362
1588170 358
1588180 352
1588190 349
1588200 349
1588210 348
1588220 350
1588230 350
1588240 355
1588250 358
1588260 358
1588270 356
1588280 353
1588290 353
1588300 349
1588310 346
1588320 346
1588330 342
1588340 339
1588350 339
1588360 335
1588370 329
1588380 329
1588390 323
1588400 319
1588410 319
1588420 322
1588430 323
1588440 323
1588450 319
1588460 314
1588470 314
1588480 310
1588490 310
1588500 310
1588510 309
1588520 308
1588530 308
1588540 304
1588550 301
1588560 301
1588570 298
1588580 294
1588590 294
1588600 291
1588610 289
1588620 289
1588630 288
1588640 286
1588650 286
1588660 285
1588670 284
1588680 284
1588690 283
1588700 283
1588710 283
1588720 283
1588730 281
1588740 281
1588750 279
1588760 275
1588770 275
1588780 272
1588790 274
1588800 274
1588810 275
1588820 277
1588830 277
1588840 286
1588850 291
1588860 291
1588870 292
1588880 299
1588890 299
1588900 308
1588910 312
1588920 312
1588930 312
1588940 312
1588950 312
1588960 312
1588970 312
1588980 312
1588990 313
1589000 313
1589010 313
1589020 314
1589030 315
1589040 315
1589050 316
1589060 316
1589070 316
1589080 316
1589090 316
1589100 316
1589110 315
1589120 314
1589130 314
1589140 314
1589150 314
1589160 314
1589170 313
1589180 312
1589190 312
1589200 311
1589210 311
1589220 311
1589230 310
1589240 310
1589250 310
1589260 311
1589270 311
1589280 311
1589290 311
1589300 310
1589310 310
1589320 309
1589330 308
1589340 308
1589350 307
1589360 306
1589370 306
1589380 306
1589390 306
1589400 306
1589410 304
1589420 303
1589430 303
1589440 303
1589450 303
1589460 303
1589470 302
1589480 301
1589490 301
1589500 300
1589510 300
1589520 300
1589530 299
1589540 299
1589550 299
1589560 298
1589570 297
1589580 297
1589590 296
1589600 291
1589610 291
1589620 286
1589630 286
1589640 286
1589650 289
1589660 290
1589670 290
1589680 289
1589690 287
1589700 287
1589710 285
1589720 283
1589730 283
1589740 280
1589750 277
1589760 277
1589770 276
1589780 275
1589790 275
1589800 275
1589810 271
1589820 271
1589830 271
1589840 272
1589850 272
1589860 271
1589870 271
1589880 271
1589890 270
1589900 269
1589910 269
1589920 268
1589930 268
1589940 268
1589950 268
1589960 268
1589970 268
1589980 267
1589990 267
1590000 267
1590010 267
1590020 267
1590030 267
1590040 267
1590050 267
1590060 267
1590070 267
1590080 266
1590090 266
1590100 266
1590110 266
1590120 266
1590130 266
1590140 266
1590150 266
1590160 265
1590170 265
1590180 265
1590190 265
1590200 265
1590210 265
1590220 265
1590230 265
1590240 265
1590250 265
1590260 264
1590270 264
1590280 264
1590290 264
1590300 264
1590310 264
1590320 264
1590330 264
1590340 264
1590350 264
1590360 264
1590370 264
1590380 265
1590390 265
1590400 264
1590410 264
1590420 264
1590430 264
1590440 265
1590450 265
1590460 265
1590470 263
1590480 263
1590490 262
1590500 262
1590510 262
1590520 262
1590530 262
1590540 262
1590550 262
1590560 262
1590570 262
1590580 262
1590590 262
1590600 262
1590610 262
1590620 262
1590630 262
1590640 262
1590650 262
1590660 262
1590670 262
1590680 261
1590690 261
1590700 261
1590710 261
1590720 261
1590730 261
1590740 261
1590750 261
1590760 261
1590770 261
1590780 261
1590790 261
1590800 260
1590810 260
1590820 260
1590830 260
1590840 260
1590850 260
1590860 260
1590870 260
1590880 261
1590890 261
1590900 261
1590910 261
1590920 261
1590930 261
1590940 261
1590950 261
1590960 261
1590970 261
1590980 261
1590990 261
1591000 261
1591010 261
1591020 261
1591030 261
1591040 261
1591050 261
1591060 261
1591070 261
1591080 261
1591090 261
1591100 261
1591110 261
1591120 261
1591130 261
1591140 261
1591150 261
1591160 261
1591170 261
1591180 261
1591190 261
1591200 261
1591210 261
1591220 261
1591230 261
1591240 261
1591250 261
1591260 261
1591270 261
1591280 260
1591290 260
1591300 260
1591310 260
1591320 260
1591330 260
1591340 260
1591350 260
1591360 260
1591370 260
1591380 260
1591390 260
1591400 260
1591410 260
1591420 260
1591430 260
1591440 260
1591450 260
1591460 260
1591470 260
1591480 260
1591490 260
1591500 260
1591510 260
1591520 260
1591530 260
1591540 260
1591550 260
1591560 260
1591570 260
1591580 260
1591590 260
1591600 260
1591610 260
1591620 260
1591630 260
1591640 260
1591650 260
1591660 260
1591670 260
1591680 260
1591690 260
1591700 261
1591710 261
1591720 260
1591730 260
1591740 260
1591750 260
1591760 260
1591770 260
1591780 260
1591790 260
1591800 260
1591810 260
1591820 260
1591830 260
1591840 260
1591850 260
1591860 260
1591870 260
1591880 260
1591890 260
1591900 260
1591910 260
1591920 260
1591930 260
1591940 260
1591950 260
1591960 257
1591970 256
1591980 256
1591990 259
1592000 259
1592010 259
1592020 259
1592030 259
1592040 259
1592050 259
1592060 259
1592070 259
1592080 259
1592090 259
1592100 259
1592110 259
1592120 259
1592130 259
1592140 259
1592150 260
1592160 260
1592170 260
1592180 259
1592190 259
1592200 259
1592210 259
1592220 259
1592230 259
1592240 259
1592250 259
1592260 259
1592270 259
1592280 259
1592290 259
1592300 260
1592310 260
1592320 258
1592330 258
1592340 258
1592350 259
1592360 260
1592370 260
1592380 260
1592390 260
1592400 260
1592410 260
1592420 259
1592430 259
1592440 256
1592450 257
1592460 257
1592470 258
1592480 257
1592490 257
1592500 256
1592510 256
1592520 256
1592530 254
1592540 254
1592550 254
1592560 256
1592570 257
1592580 257
1592590 257
1592600 259
1592610 259
1592620 260
1592630 260
1592640 260
1592650 260
1592660 260
1592670 260
1592680 260
1592690 260
1592700 260
1592710 260
1592720 260
1592730 260
1592740 260
1592750 260
1592760 260
1592770 260
1592780 259
1592790 259
1592800 259
1592810 259
1592820 259
1592830 259
1592840 259
1592850 259
1592860 259
1592870 258
1592880 258
1592890 259
1592900 259
1592910 259
1592920 259
1592930 259
1592940 259
1592950 259
1592960 259
1592970 259
1592980 259
1592990 259
1593000 259
1593010 259
1593020 258
1593030 258
1593040 258
1593050 258
1593060 258
1593070 258
1593080 259
1593090 259
1593100 259
1593110 259
1593120 259
1593130 259
1593140 259
1593150 259
1593160 258
1593170 258
1593180 258
1593190 258
1593200 258
1593210 258
1593220 258
1593230 258
1593240 258
1593250 258
1593260 258
1593270 258
1593280 258
1593290 258
1593300 258
1593310 258
1593320 258
1593330 258
1593340 258
1593350 258
1593360 258
1593370 258
1593380 258
1593390 258
1593400 258
1593410 258
1593420 257
1593430 256
1593440 256
1593450 256
1593460 256
1593470 256
1593480 254
1593490 254
1593500 254
1593510 254
1593520 254
1593530 254
1593540 254
1593550 254
1593560 254
1593570 254
1593580 254
1593590 254
1593600 254
1593610 253
1593620 253
1593630 253
1593640 253
1593650 253
1593660 253
1593670 254
1593680 254
1593690 254
1593700 254
1593710 254
1593720 254
1593730 255
1593740 255
1593750 254
1593760 254
1593770 254
1593780 254
1593790 254
1593800 254
1593810 255
1593820 255
1593830 255
1593840 255
1593850 255
1593860 255
1593870 255
1593880 255
1593890 255
1593900 254
1593910 254
1593920 254
1593930 254
1593940 254
1593950 254
1593960 254
1593970 254
1593980 254
1593990 254
1594000 254
1594010 254
1594020 254
1594030 254
1594040 254
1594050 254
1594060 254
1594070 254
1594080 254
1594090 253
1594100 253
1594110 253
1594120 253
1594130 253
1594140 253
1594150 253
1594160 253
1594170 253
1594180 253
1594190 253
1594200 253
1594210 253
1594220 253
1594230 253
1594240 254
1594250 254
1594260 253
1594270 252
1594280 252
1594290 252
1594300 252
1594310 252
1594320 252
1594330 254
1594340 254
1594350 254
1594360 254
1594370 254
1594380 253
1594390 253
1594400 253
1594410 253
1594420 254
1594430 254
1594440 254
1594450 253
1594460 253
1594470 253
1594480 253
1594490 253
1594500 254
1594510 254
1594520 254
1594530 254
1594540 254
1594550 254
1594560 254
1594570 254
1594580 254
1594590 254
1594600 254
1594610 254
1594620 254
1594630 255
1594640 255
1594650 255
1594660 256
1594670 256
1594680 256
1594690 256
1594700 256
1594710 256
1594720 256
1594730 256
1594740 256
1594750 256
1594760 256
1594770 256
1594780 256
1594790 256
1594800 256
1594810 256
1594820 256
1594830 256
1594840 256
1594850 256
1594860 256
1594870 256
1594880 256
1594890 256
1594900 256
1594910 256
1594920 256
1594930 256
1594940 256
1594950 256
1594960 256
1594970 256
1594980 256
1594990 256
1595000 256
1595010 256
1595020 256
1595030 256
1595040 256
1595050 256
1595060 256
1595070 256
1595080 256
1595090 256
1595100 256
1595110 255
1595120 255
1595130 254
1595140 253
1595150 253
1595160 253
1595170 253
1595180 253
1595190 254
1595200 253
1595210 253
1595220 253
1595230 252
1595240 252
1595250 252
1595260 251
1595270 251
1595280 251
1595290 251
1595300 251
1595310 252
1595320 252
1595330 252
1595340 252
1595350 252
1595360 252
1595370 251
1595380 251
1595390 251
1595400 251
1595410 251
1595420 251
1595430 251
1595440 251
1595450 251
1595460 251
1595470 251
1595480 251
1595490 251
1595500 251
1595510 251
1595520 251
1595530 251
1595540 251
1595550 250
1595560 248
1595570 248
1595580 250
1595590 252
1595600 252
1595610 254
1595620 253
1595630 253
1595640 252
1595650 251
1595660 251
1595670 251
1595680 251
1595690 251
1595700 251
1595710 251
1595720 251
1595730 251
1595740 251
1595750 251
1595760 251
1595770 251
1595780 251
1595790 251
1595800 251
1595810 251
1595820 251
1595830 251
1595840 251
1595850 251
1595860 251
1595870 251
1595880 251
1595890 251
1595900 251
1595910 251
1595920 251
1595930 251
1595940 251
1595950 251
1595960 251
1595970 251
1595980 251
1595990 251
1596000 251
1596010 251
1596020 251
1596030 251
1596040 251
1596050 251
1596060 251
1596070 251
1596080 251
1596090 251
1596100 251
1596110 251
1596120 251
1596130 251
1596140 251
1596150 253
1596160 254
1596170 254
1596180 255
1596190 255
1596200 255
1596210 255
1596220 254
1596230 254
1596240 254
1596250 254
1596260 254
1596270 254
1596280 254
1596290 254
1596300 255
1596310 256
1596320 256
1596330 257
1596340 260
1596350 260
1596360 258
1596370 257
1596380 257
1596390 258
1596400 261
1596410 261
1596420 263
1596430 265
1596440 265
1596450 264
1596460 265
1596470 265
1596480 268
1596490 271
1596500 271
1596510 272
1596520 273
1596530 273
1596540 274
1596550 274
1596560 274
1596570 273
1596580 273
1596590 273
1596600 276
1596610 276
1596620 276
1596630 276
1596640 278
1596650 278
1596660 280
1596670 283
1596680 283
1596690 284
1596700 286
1596710 286
1596720 288
1596730 292
1596740 292
1596750 294
1596760 296
1596770 296
1596780 300
1596790 303
1596800 303
1596810 307
1596820 310
1596830 310
1596840 312
1596850 315
1596860 315
1596870 318
1596880 322
1596890 322
1596900 325
1596910 328
1596920 328
1596930 331
1596940 334
1596950 334
1596960 337
1596970 341
1596980 341
1596990 344
1597000 347
1597010 347
1597020 351
1597030 355
1597040 355
1597050 359
1597060 362
1597070 362
1597080 364
1597090 367
1597100 367
1597110 370
1597120 374
1597130 374
1597140 375
1597150 375
1597160 375
1597170 375
1597180 376
1597190 376
1597200 378
1597210 380
1597220 380
1597230 383
1597240 387
1597250 387
1597260 391
1597270 395
1597280 395
1597290 401
1597300 406
1597310 406
1597320 411
1597330 415
1597340 415
1597350 420
1597360 425
1597370 425
1597380 429
1597390 434
1597400 434
1597410 438
1597420 442
1597430 442
1597440 446
1597450 450
1597460 450
1597470 453
1597480 456
1597490 456
1597500 459
1597510 460
1597520 460
1597530 462
1597540 465
1597550 465
1597560 469
1597570 473
1597580 473
1597590 477
1597600 479
1597610 479
1597620 482
1597630 484
1597640 484
1597650 486
1597660 488
1597670 488
1597680 489
1597690 489
1597700 489
1597710 489
1597720 489
1597730 489
1597740 489
1597750 490
1597760 490
1597770 490
1597780 490
1597790 490
1597800 489
1597810 489
1597820 489
1597830 489
1597840 488
1597850 488
1597860 488
1597870 487
1597880 487
1597890 487
1597900 487
1597910 487
1597920 487
1597930 487
1597940 487
1597950 487
1597960 487
1597970 487
1597980 487
1597990 488
1598000 488
1598010 488
1598020 488
1598030 488
1598040 489
1598050 489
1598060 489
1598070 489
1598080 489
1598090 489
1598100 490
1598110 490
1598120 490
1598130 490
1598140 491
1598150 491
1598160 491
1598170 492
1598180 492
1598190 492
1598200 492
1598210 492
1598220 492
1598230 493
1598240 493
1598250 493
1598260 493
1598270 493
1598280 493
1598290 493
1598300 493
1598310 492
1598320 492
1598330 492
1598340 491
1598350 490
1598360 490
1598370 489
1598380 487
1598390 487
1598400 484
1598410 481
1598420 481
1598430 478
1598440 475
1598450 475
1598460 473
1598470 471
1598480 471
1598490 469
1598500 467
1598510 467
1598520 465
1598530 462
1598540 462
1598550 458
1598560 457
1598570 457
1598580 461
1598590 465
1598600 465
1598610 470
1598620 475
1598630 475
1598640 480
1598650 483
1598660 483
1598670 485
1598680 487
1598690 487
1598700 491
1598710 496
1598720 496
1598730 500
1598740 504
1598750 504
1598760 506
1598770 508
1598780 508
1598790 508
1598800 509
1598810 509
1598820 510
1598830 511
1598840 511
1598850 510
1598860 509
1598870 509
1598880 507
1598890 505
1598900 503
1598910 501
1598920 499
1598930 499
1598940 497
1598950 495
1598960 495
1598970 492
1598980 488
1598990 488
1599000 485
1599010 481
1599020 481
1599030 477
1599040 474
1599050 474
1599060 470
1599070 467
1599080 467
1599090 464
1599100 462
1599110 462
1599120 459
1599130 456
1599140 456
1599150 454
1599160 451
1599170 451
1599180 449
1599190 447
1599200 447
1599210 446
1599220 447
1599230 447
1599240 447
1599250 446
1599260 446
1599270 445
1599280 443
1599290 443
1599300 441
1599310 438
1599320 438
1599330 437
1599340 436
1599350 436
1599360 436
1599370 436
1599380 436
1599390 436
1599400 438
1599410 438
1599420 439
1599430 441
1599440 441
1599450 443
1599460 444
1599470 444
1599480 445
1599490 447
1599500 447
1599510 449
1599520 452
1599530 452
1599540 455
1599550 457
1599560 457
1599570 459
1599580 462
1599590 462
1599600 464
1599610 465
1599620 465
1599630 462
1599640 456
1599650 456
1599660 453
1599670 451
1599680 451
1599690 450
1599700 448
1599710 448
1599720 448
1599730 448
1599740 448
1599750 449
1599760 450
1599770 450
1599780 452
1599790 454
1599800 454
1599810 456
1599820 458
1599830 458
1599840 461
1599850 464
1599860 464
1599870 467
1599880 470
1599890 470
1599900 473
1599910 476
1599920 476
1599930 480
1599940 484
1599950 484
1599960 487
1599970 490
1599980 490
1599990 496
