1580000 367
1580010 368
1580020 369
1580030 369
1580040 370
1580050 372
1580060 372
1580070 373
1580080 374
1580090 374
1580100 375
1580110 375
1580120 375
1580130 377
1580140 378
1580150 378
1580160 379
1580170 380
1580180 380
1580190 381
1580200 382
1580210 382
1580220 383
1580230 384
1580240 384
1580250 384
1580260 385
1580270 385
1580280 386
1580290 386
1580300 386
1580310 387
1580320 388
1580330 388
1580340 389
1580350 389
1580360 389
1580370 391
1580380 391
1580390 392
1580400 393
1580410 393
1580420 394
1580430 395
1580440 395
1580450 397
1580460 398
1580470 398
1580480 399
1580490 401
1580500 401
1580510 402
1580520 403
1580530 403
1580540 405
1580550 406
1580560 406
1580570 408
1580580 409
1580590 409
1580600 410
1580610 412
1580620 412
1580630 413
1580640 414
1580650 414
1580660 415
1580670 417
1580680 417
1580690 418
1580700 419
1580710 419
1580720 419
1580730 420
1580740 420
1580750 421
1580760 422
1580770 422
1580780 423
1580790 423
1580800 423
1580810 424
1580820 425
1580830 425
1580840 426
1580850 427
1580860 427
1580870 428
1580880 429
1580890 429
1580900 430
1580910 431
1580920 431
1580930 432
1580940 432
1580950 432
1580960 433
1580970 434
1580980 434
1580990 435
1581000 435
1581010 435
1581020 435
1581030 436
1581040 436
1581050 436
1581060 436
1581070 436
1581080 436
1581090 437
1581100 437
1581110 438
1581120 439
1581130 439
1581140 440
1581150 441
1581160 441
1581170 441
1581180 442
1581190 442
1581200 443
1581210 443
1581220 443
1581230 443
1581240 444
1581250 444
1581260 445
1581270 445
1581280 445
1581290 447
1581300 448
1581310 448
1581320 448
1581330 449
1581340 449
1581350 450
1581360 451
1581370 451
1581380 452
1581390 453
1581400 453
1581410 453
1581420 454
1581430 454
1581440 455
1581450 455
1581460 455
1581470 455
1581480 456
1581490 456
1581500 456
1581510 456
1581520 456
1581530 456
1581540 456
1581550 456
1581560 456
1581570 456
1581580 456
1581590 456
1581600 456
1581610 456
1581620 456
1581630 456
1581640 456
1581650 456
1581660 457
1581670 457
1581680 457
1581690 457
1581700 457
1581710 457
1581720 457
1581730 457
1581740 457
1581750 457
1581760 457
1581770 457
1581780 456
1581790 456
1581800 456
1581810 456
1581820 456
1581830 455
1581840 455
1581850 455
1581860 454
1581870 454
1581880 454
1581890 453
1581900 452
1581910 452
1581920 451
1581930 450
1581940 450
1581950 449
1581960 449
1581970 449
1581980 448
1581990 448
1582000 448
1582010 447
1582020 446
1582030 446
1582040 445
1582050 444
1582060 444
1582070 443
1582080 442
1582090 442
1582100 441
1582110 440
1582120 440
1582130 439
1582140 437
1582150 437
1582160 436
1582170 434
1582180 434
1582190 433
1582200 431
1582210 431
1582220 428
1582230 424
1582240 424
1582250 420
1582260 416
1582270 416
1582280 414
1582290 412
1582300 412
1582310 410
1582320 409
1582330 409
1582340 407
1582350 406
1582360 406
1582370 404
1582380 402
1582390 402
1582400 399
1582410 397
1582420 397
1582430 393
1582440 388
1582450 388
1582460 382
1582470 376
1582480 376
1582490 371
1582500 370
1582510 370
1582520 370
1582530 371
1582540 371
1582550 373
1582560 375
1582570 375
1582580 378
1582590 380
1582600 380
1582610 381
1582620 382
1582630 382
1582640 381
1582650 379
1582660 379
1582670 375
1582680 370
1582690 370
1582700 366
1582710 363
1582720 363
1582730 359
1582740 357
1582750 357
1582760 356
1582770 355
1582780 355
1582790 352
1582800 348
1582810 348
1582820 343
1582830 340
1582840 340
1582850 340
1582860 342
1582870 342
1582880 343
1582890 345
1582900 345
1582910 347
1582920 349
1582930 349
1582940 350
1582950 351
1582960 351
1582970 353
1582980 354
1582990 352
1583000 353
1583010 355
1583020 355
1583030 357
1583040 358
1583050 358
1583060 359
1583070 362
1583080 362
1583090 365
1583100 368
1583110 368
1583120 370
1583130 372
1583140 372
1583150 375
1583160 378
1583170 378
1583180 381
1583190 386
1583200 386
1583210 389
1583220 393
1583230 393
1583240 396
1583250 398
1583260 398
1583270 400
1583280 403
1583290 403
1583300 405
1583310 408
1583320 408
1583330 412
1583340 414
1583350 414
1583360 416
1583370 417
1583380 417
1583390 417
1583400 418
1583410 418
1583420 417
1583430 416
1583440 416
1583450 415
1583460 414
1583470 414
1583480 412
1583490 409
1583500 409
1583510 406
1583520 402
1583530 402
1583540 398
1583550 393
1583560 393
1583570 388
1583580 384
1583590 384
1583600 379
1583610 375
1583620 375
1583630 372
1583640 369
1583650 369
1583660 366
1583670 364
1583680 364
1583690 363
1583700 362
1583710 362
1583720 361
1583730 359
1583740 359
1583750 356
1583760 359
1583770 359
1583780 362
1583790 364
1583800 364
1583810 366
1583820 370
1583830 370
1583840 373
1583850 377
1583860 377
1583870 380
1583880 383
1583890 383
1583900 386
1583910 387
1583920 387
1583930 389
1583940 390
1583950 390
1583960 391
1583970 392
1583980 392
1583990 392
1584000 393
1584010 393
1584020 393
1584030 392
1584040 392
1584050 392
1584060 391
1584070 391
1584080 389
1584090 388
1584100 388
1584110 385
1584120 383
1584130 383
1584140 381
1584150 379
1584160 379
1584170 376
1584180 374
1584190 374
1584200 372
1584210 370
1584220 370
1584230 368
1584240 365
1584250 365
1584260 361
1584270 357
1584280 357
1584290 353
1584300 347
1584310 347
1584320 341
1584330 340
1584340 340
1584350 341
1584360 340
1584370 340
1584380 339
1584390 339
1584400 339
1584410 339
1584420 340
1584430 340
1584440 340
1584450 339
1584460 339
1584470 339
1584480 337
1584490 337
1584500 336
1584510 334
1584520 334
1584530 331
1584540 329
1584550 329
1584560 327
1584570 325
1584580 325
1584590 323
1584600 321
1584610 321
1584620 320
1584630 319
1584640 319
1584650 318
1584660 316
1584670 316
1584680 315
1584690 313
1584700 313
1584710 311
1584720 310
1584730 310
1584740 309
1584750 308
1584760 308
1584770 304
1584780 301
1584790 301
1584800 297
1584810 296
1584820 296
1584830 296
1584840 300
1584850 300
1584860 303
1584870 304
1584880 304
1584890 305
1584900 305
1584910 305
1584920 304
1584930 305
1584940 305
1584950 305
1584960 308
1584970 308
1584980 312
1584990 316
1585000 316
1585010 319
1585020 322
1585030 322
1585040 326
1585050 329
1585060 329
1585070 332
1585080 336
1585090 336
1585100 338
1585110 340
1585120 340
1585130 342
1585140 344
1585150 344
1585160 344
1585170 345
1585180 345
1585190 345
1585200 346
1585210 346
1585220 346
1585230 346
1585240 346
1585250 347
1585260 347
1585270 347
1585280 346
1585290 345
1585300 345
1585310 343
1585320 341
1585330 341
1585340 339
1585350 337
1585360 337
1585370 334
1585380 332
1585390 332
1585400 330
1585410 331
1585420 331
1585430 333
1585440 337
1585450 337
1585460 341
1585470 344
1585480 344
1585490 347
1585500 349
1585510 349
1585520 349
1585530 349
1585540 349
1585550 350
1585560 351
1585570 351
1585580 352
1585590 354
1585600 354
1585610 356
1585620 358
1585630 358
1585640 359
1585650 360
1585660 360
1585670 361
1585680 362
1585690 362
1585700 364
1585710 365
1585720 365
1585730 366
1585740 366
1585750 366
1585760 366
1585770 366
1585780 366
1585790 366
1585800 366
1585810 366
1585820 366
1585830 365
1585840 365
1585850 365
1585860 365
1585870 365
1585880 365
1585890 364
1585900 364
1585910 364
1585920 364
1585930 364
1585940 363
1585950 363
1585960 363
1585970 362
1585980 361
1585990 361
1586000 361
1586010 360
1586020 360
1586030 359
1586040 358
1586050 358
1586060 357
1586070 356
1586080 356
1586090 355
1586100 353
1586110 353
1586120 351
1586130 350
1586140 350
1586150 349
1586160 347
1586170 347
1586180 346
1586190 345
1586200 345
1586210 345
1586220 344
1586230 344
1586240 342
1586250 340
1586260 340
1586270 336
1586280 333
1586290 333
1586300 330
1586310 328
1586320 328
1586330 326
1586340 327
1586350 327
1586360 327
1586370 328
1586380 328
1586390 329
1586400 330
1586410 330
1586420 330
1586430 331
1586440 331
1586450 331
1586460 332
1586470 332
1586480 332
1586490 332
1586500 332
1586510 333
1586520 333
1586530 333
1586540 333
1586550 333
1586560 333
1586570 332
1586580 332
1586590 332
1586600 331
1586610 331
1586620 331
1586630 330
1586640 329
1586650 329
1586660 329
1586670 328
1586680 328
1586690 328
1586700 327
1586710 327
1586720 326
1586730 325
1586740 325
1586750 324
1586760 323
1586770 323
1586780 322
1586790 320
1586800 320
1586810 319
1586820 316
1586830 316
1586840 315
1586850 313
1586860 313
1586870 314
1586880 312
1586890 312
1586900 311
1586910 310
1586920 310
1586930 308
1586940 307
1586950 307
1586960 306
1586970 305
1586980 305
1586990 303
1587000 301
1587010 301
1587020 301
1587030 302
1587040 302
1587050 303
1587060 304
1587070 304
1587080 304
1587090 304
1587100 304
1587110 305
1587120 304
1587130 304
1587140 304
1587150 304
1587160 304
1587170 305
1587180 306
1587190 306
1587200 307
1587210 307
1587220 307
1587230 307
1587240 307
1587250 307
1587260 306
1587270 306
1587280 306
1587290 305
1587300 305
1587310 305
1587320 305
1587330 303
1587340 303
1587350 301
1587360 298
1587370 298
1587380 296
1587390 295
1587400 295
1587410 296
1587420 299
1587430 299
1587440 302
1587450 304
1587460 304
1587470 306
1587480 307
1587490 307
1587500 310
1587510 314
1587520 314
1587530 317
1587540 320
1587550 320
1587560 324
1587570 330
1587580 330
1587590 335
1587600 341
1587610 341
1587620 345
1587630 348
1587640 348
1587650 352
1587660 356
1587670 356
1587680 360
1587690 363
1587700 363
1587710 367
1587720 370
1587730 370
1587740 373
1587750 375
1587760 375
1587770 378
1587780 382
1587790 382
1587800 383
1587810 384
1587820 384
1587830 386
1587840 388
1587850 388
1587860 390
1587870 392
1587880 392
1587890 393
1587900 395
1587910 395
1587920 396
1587930 397
1587940 397
1587950 398
1587960 398
1587970 398
1587980 399
1587990 399
1588000 399
1588010 399
1588020 399
1588030 399
1588040 398
1588050 398
1588060 399
1588070 396
1588080 396
1588090 393
1588100 392
1588110 392
1588120 389
1588130 386
1588140 386
1588150 383
1588160 380
1588170 380
1588180 377
1588190 374
1588200 374
1588210 372
1588220 371
1588230 371
1588240 369
1588250 368
1588260 368
1588270 366
1588280 365
1588290 365
1588300 364
1588310 363
1588320 363
1588330 361
1588340 360
1588350 360
1588360 358
1588370 357
1588380 357
1588390 355
1588400 354
1588410 354
1588420 352
1588430 349
1588440 349
1588450 347
1588460 346
1588470 346
1588480 345
1588490 344
1588500 344
1588510 343
1588520 342
1588530 342
1588540 340
1588550 339
1588560 339
1588570 338
1588580 337
1588590 337
1588600 336
1588610 335
1588620 335
1588630 334
1588640 333
1588650 333
1588660 332
1588670 331
1588680 331
1588690 330
1588700 328
1588710 328
1588720 326
1588730 324
1588740 324
1588750 322
1588760 321
1588770 321
1588780 320
1588790 320
1588800 320
1588810 319
1588820 319
1588830 319
1588840 318
1588850 318
1588860 318
1588870 318
1588880 317
1588890 317
1588900 317
1588910 316
1588920 316
1588930 315
1588940 315
1588950 315
1588960 315
1588970 314
1588980 314
1588990 314
1589000 314
1589010 314
1589020 314
1589030 314
1589040 314
1589050 314
1589060 314
1589070 314
1589080 314
1589090 314
1589100 314
1589110 314
1589120 314
1589130 314
1589140 314
1589150 314
1589160 314
1589170 314
1589180 313
1589190 313
1589200 313
1589210 312
1589220 312
1589230 311
1589240 310
1589250 310
1589260 310
1589270 309
1589280 309
1589290 308
1589300 308
1589310 308
1589320 307
1589330 307
1589340 307
1589350 306
1589360 305
1589370 305
1589380 305
1589390 305
1589400 305
1589410 304
1589420 304
1589430 304
1589440 304
1589450 303
1589460 303
1589470 301
1589480 300
1589490 300
1589500 299
1589510 298
1589520 298
1589530 296
1589540 295
1589550 295
1589560 294
1589570 293
1589580 293
1589590 293
1589600 292
1589610 292
1589620 289
1589630 286
1589640 286
1589650 284
1589660 283
1589670 283
1589680 282
1589690 281
1589700 281
1589710 279
1589720 275
1589730 275
1589740 274
1589750 273
1589760 273
1589770 273
1589780 274
1589790 274
1589800 275
1589810 275
1589820 275
1589830 275
1589840 274
1589850 274
1589860 274
1589870 271
1589880 271
1589890 270
1589900 269
1589910 269
1589920 268
1589930 269
1589940 269
1589950 269
1589960 268
1589970 268
1589980 268
1589990 267
1590000 267
1590010 267
1590020 267
1590030 267
1590040 266
1590050 266
1590060 266
1590070 266
1590080 265
1590090 265
1590100 265
1590110 265
1590120 265
1590130 265
1590140 264
1590150 264
1590160 264
1590170 264
1590180 264
1590190 263
1590200 263
1590210 263
1590220 263
1590230 264
1590240 264
1590250 264
1590260 265
1590270 265
1590280 265
1590290 265
1590300 265
1590310 265
1590320 264
1590330 264
1590340 264
1590350 264
1590360 264
1590370 264
1590380 264
1590390 264
1590400 264
1590410 264
1590420 264
1590430 264
1590440 264
1590450 264
1590460 264
1590470 263
1590480 263
1590490 263
1590500 263
1590510 263
1590520 263
1590530 263
1590540 263
1590550 263
1590560 263
1590570 263
1590580 263
1590590 262
1590600 262
1590610 262
1590620 261
1590630 261
1590640 262
1590650 262
1590660 262
1590670 262
1590680 262
1590690 262
1590700 262
1590710 262
1590720 262
1590730 262
1590740 262
1590750 262
1590760 261
1590770 261
1590780 261
1590790 262
1590800 260
1590810 260
1590820 260
1590830 260
1590840 260
1590850 260
1590860 261
1590870 261
1590880 261
1590890 260
1590900 260
1590910 260
1590920 261
1590930 261
1590940 261
1590950 261
1590960 261
1590970 261
1590980 261
1590990 261
1591000 261
1591010 261
1591020 261
1591030 261
1591040 261
1591050 261
1591060 261
1591070 261
1591080 261
1591090 261
1591100 261
1591110 261
1591120 261
1591130 261
1591140 261
1591150 261
1591160 261
1591170 261
1591180 261
1591190 261
1591200 261
1591210 261
1591220 261
1591230 261
1591240 260
1591250 261
1591260 261
1591270 261
1591280 261
1591290 261
1591300 260
1591310 260
1591320 260
1591330 260
1591340 260
1591350 260
1591360 260
1591370 260
1591380 260
1591390 260
1591400 260
1591410 260
1591420 260
1591430 260
1591440 260
1591450 260
1591460 260
1591470 260
1591480 260
1591490 260
1591500 260
1591510 260
1591520 260
1591530 260
1591540 260
1591550 260
1591560 260
1591570 260
1591580 260
1591590 260
1591600 260
1591610 260
1591620 260
1591630 260
1591640 260
1591650 260
1591660 260
1591670 260
1591680 260
1591690 260
1591700 260
1591710 260
1591720 260
1591730 260
1591740 260
1591750 260
1591760 260
1591770 260
1591780 261
1591790 261
1591800 261
1591810 261
1591820 260
1591830 261
1591840 260
1591850 260
1591860 260
1591870 260
1591880 260
1591890 260
1591900 260
1591910 260
1591920 260
1591930 260
1591940 260
1591950 260
1591960 259
1591970 259
1591980 259
1591990 259
1592000 258
1592010 258
1592020 257
1592030 257
1592040 257
1592050 259
1592060 260
1592070 260
1592080 260
1592090 260
1592100 260
1592110 260
1592120 260
1592130 260
1592140 260
1592150 260
1592160 260
1592170 260
1592180 260
1592190 260
1592200 260
1592210 260
1592220 260
1592230 260
1592240 260
1592250 260
1592260 260
1592270 260
1592280 260
1592290 260
1592300 260
1592310 260
1592320 260
1592330 260
1592340 260
1592350 260
1592360 260
1592370 260
1592380 260
1592390 260
1592400 260
1592410 260
1592420 260
1592430 260
1592440 260
1592450 260
1592460 260
1592470 259
1592480 260
1592490 260
1592500 260
1592510 260
1592520 260
1592530 260
1592540 260
1592550 260
1592560 260
1592570 260
1592580 260
1592590 260
1592600 260
1592610 260
1592620 259
1592630 260
1592640 260
1592650 260
1592660 260
1592670 260
1592680 260
1592690 260
1592700 260
1592710 260
1592720 260
1592730 260
1592740 258
1592750 259
1592760 259
1592770 259
1592780 260
1592790 260
1592800 259
1592810 260
1592820 260
1592830 260
1592840 259
1592850 259
1592860 259
1592870 259
1592880 259
1592890 258
1592900 258
1592910 258
1592920 256
1592930 258
1592940 258
1592950 258
1592960 258
1592970 258
1592980 258
1592990 258
1593000 258
1593010 258
1593020 258
1593030 258
1593040 258
1593050 258
1593060 258
1593070 258
1593080 258
1593090 258
1593100 258
1593110 258
1593120 258
1593130 258
1593140 257
1593150 257
1593160 256
1593170 255
1593180 255
1593190 257
1593200 258
1593210 258
1593220 257
1593230 257
1593240 257
1593250 257
1593260 257
1593270 257
1593280 258
1593290 258
1593300 258
1593310 258
1593320 258
1593330 258
1593340 258
1593350 259
1593360 259
1593370 259
1593380 258
1593390 258
1593400 258
1593410 258
1593420 258
1593430 258
1593440 256
1593450 256
1593460 256
1593470 256
1593480 256
1593490 256
1593500 256
1593510 256
1593520 255
1593530 254
1593540 254
1593550 255
1593560 254
1593570 254
1593580 254
1593590 254
1593600 254
1593610 254
1593620 254
1593630 254
1593640 254
1593650 253
1593660 253
1593670 253
1593680 253
1593690 253
1593700 254
1593710 254
1593720 254
1593730 255
1593740 255
1593750 255
1593760 255
1593770 255
1593780 255
1593790 255
1593800 255
1593810 255
1593820 255
1593830 255
1593840 255
1593850 255
1593860 255
1593870 255
1593880 255
1593890 254
1593900 254
1593910 254
1593920 254
1593930 254
1593940 254
1593950 254
1593960 254
1593970 254
1593980 254
1593990 254
1594000 254
1594010 254
1594020 254
1594030 254
1594040 254
1594050 254
1594060 254
1594070 253
1594080 253
1594090 253
1594100 252
1594110 252
1594120 251
1594130 252
1594140 252
1594150 253
1594160 253
1594170 253
1594180 253
1594190 253
1594200 253
1594210 253
1594220 253
1594230 253
1594240 254
1594250 254
1594260 254
1594270 254
1594280 253
1594290 253
1594300 253
1594310 253
1594320 253
1594330 252
1594340 252
1594350 252
1594360 252
1594370 252
1594380 252
1594390 251
1594400 251
1594410 251
1594420 251
1594430 251
1594440 251
1594450 251
1594460 251
1594470 251
1594480 251
1594490 252
1594500 252
1594510 251
1594520 251
1594530 251
1594540 251
1594550 251
1594560 251
1594570 252
1594580 253
1594590 253
1594600 255
1594610 255
1594620 255
1594630 256
1594640 256
1594650 256
1594660 256
1594670 256
1594680 256
1594690 256
1594700 256
1594710 256
1594720 256
1594730 256
1594740 256
1594750 256
1594760 256
1594770 256
1594780 256
1594790 256
1594800 256
1594810 256
1594820 256
1594830 256
1594840 256
1594850 256
1594860 256
1594870 256
1594880 256
1594890 256
1594900 256
1594910 256
1594920 256
1594930 256
1594940 256
1594950 256
1594960 256
1594970 256
1594980 256
1594990 256
1595000 256
1595010 256
1595020 256
1595030 256
1595040 256
1595050 255
1595060 256
1595070 256
1595080 256
1595090 256
1595100 256
1595110 256
1595120 255
1595130 255
1595140 253
1595150 253
1595160 253
1595170 253
1595180 253
1595190 253
1595200 253
1595210 254
1595220 254
1595230 254
1595240 253
1595250 253
1595260 252
1595270 252
1595280 252
1595290 252
1595300 252
1595310 252
1595320 252
1595330 251
1595340 251
1595350 251
1595360 251
1595370 251
1595380 251
1595390 251
1595400 251
1595410 251
1595420 251
1595430 251
1595440 251
1595450 251
1595460 251
1595470 251
1595480 251
1595490 251
1595500 251
1595510 251
1595520 251
1595530 251
1595540 251
1595550 251
1595560 251
1595570 251
1595580 251
1595590 250
1595600 250
1595610 248
1595620 251
1595630 251
1595640 254
1595650 254
1595660 254
1595670 253
1595680 251
1595690 251
1595700 251
1595710 251
1595720 251
1595730 251
1595740 251
1595750 251
1595760 251
1595770 251
1595780 251
1595790 251
1595800 251
1595810 251
1595820 251
1595830 251
1595840 251
1595850 251
1595860 251
1595870 251
1595880 251
1595890 251
1595900 251
1595910 251
1595920 251
1595930 251
1595940 251
1595950 251
1595960 251
1595970 251
1595980 251
1595990 251
1596000 251
1596010 251
1596020 251
1596030 251
1596040 251
1596050 251
1596060 251
1596070 251
1596080 251
1596090 251
1596100 251
1596110 251
1596120 251
1596130 251
1596140 251
1596150 251
1596160 251
1596170 251
1596180 251
1596190 251
1596200 251
1596210 252
1596220 254
1596230 254
1596240 254
1596250 252
1596260 252
1596270 250
1596280 247
1596290 247
1596300 247
1596310 250
1596320 250
1596330 252
1596340 252
1596350 252
1596360 253
1596370 254
1596380 254
1596390 255
1596400 257
1596410 257
1596420 257
1596430 257
1596440 257
1596450 257
1596460 258
1596470 258
1596480 263
1596490 269
1596500 269
1596510 273
1596520 277
1596530 277
1596540 281
1596550 284
1596560 284
1596570 284
1596580 287
1596590 287
1596600 290
1596610 294
1596620 294
1596630 298
1596640 302
1596650 302
1596660 304
1596670 306
1596680 306
1596690 308
1596700 310
1596710 310
1596720 312
1596730 314
1596740 314
1596750 317
1596760 319
1596770 319
1596780 322
1596790 325
1596800 325
1596810 328
1596820 333
1596830 333
1596840 338
1596850 343
1596860 343
1596870 347
1596880 350
1596890 350
1596900 353
1596910 357
1596920 357
1596930 361
1596940 365
1596950 365
1596960 368
1596970 370
1596980 370
1596990 373
1597000 376
1597010 376
1597020 380
1597030 383
1597040 383
1597050 386
1597060 388
1597070 388
1597080 390
1597090 392
1597100 392
1597110 394
1597120 397
1597130 397
1597140 400
1597150 403
1597160 403
1597170 406
1597180 409
1597190 409
1597200 412
1597210 414
1597220 414
1597230 416
1597240 417
1597250 417
1597260 419
1597270 420
1597280 420
1597290 421
1597300 422
1597310 422
1597320 424
1597330 426
1597340 426
1597350 429
1597360 432
1597370 432
1597380 436
1597390 441
1597400 441
1597410 446
1597420 451
1597430 451
1597440 456
1597450 461
1597460 461
1597470 465
1597480 468
1597490 468
1597500 471
1597510 473
1597520 473
1597530 475
1597540 477
1597550 477
1597560 478
1597570 480
1597580 480
1597590 481
1597600 482
1597610 482
1597620 482
1597630 483
1597640 483
1597650 483
1597660 484
1597670 484
1597680 484
1597690 484
1597700 484
1597710 484
1597720 485
1597730 485
1597740 485
1597750 485
1597760 485
1597770 484
1597780 484
1597790 484
1597800 484
1597810 484
1597820 484
1597830 483
1597840 483
1597850 483
1597860 482
1597870 482
1597880 482
1597890 481
1597900 481
1597910 481
1597920 481
1597930 480
1597940 480
1597950 479
1597960 479
1597970 479
1597980 478
1597990 478
1598000 478
1598010 477
1598020 476
1598030 476
1598040 476
1598050 475
1598060 475
1598070 475
1598080 474
1598090 474
1598100 474
1598110 474
1598120 474
1598130 474
1598140 475
1598150 475
1598160 475
1598170 475
1598180 475
1598190 475
1598200 475
1598210 475
1598220 476
1598230 476
1598240 476
1598250 477
1598260 477
1598270 477
1598280 478
1598290 479
1598300 479
1598310 480
1598320 481
1598330 481
1598340 481
1598350 482
1598360 482
1598370 483
1598380 483
1598390 483
1598400 483
1598410 483
1598420 483
1598430 482
1598440 482
1598450 482
1598460 482
1598470 480
1598480 480
1598490 476
1598500 472
1598510 472
1598520 468
1598530 464
1598540 464
1598550 460
1598560 457
1598570 457
1598580 455
1598590 453
1598600 453
1598610 452
1598620 453
1598630 453
1598640 456
1598650 459
1598660 459
1598670 464
1598680 469
1598690 469
1598700 473
1598710 477
1598720 477
1598730 479
1598740 481
1598750 481
1598760 483
1598770 486
1598780 486
1598790 489
1598800 492
1598810 492
1598820 495
1598830 496
1598840 496
1598850 498
1598860 504
1598870 504
1598880 504
1598890 503
1598900 503
1598910 502
1598920 500
1598930 500
1598940 499
1598950 496
1598960 496
1598970 492
1598980 489
1598990 489
1599000 487
1599010 486
1599020 486
1599030 485
1599040 484
1599050 484
1599060 484
1599070 483
1599080 483
1599090 482
1599100 480
1599110 480
1599120 479
1599130 477
1599140 477
1599150 476
1599160 475
1599170 475
1599180 474
1599190 473
1599200 473
1599210 472
1599220 471
1599230 471
1599240 469
1599250 468
1599260 468
1599270 466
1599280 464
1599290 464
1599300 462
1599310 460
1599320 460
1599330 458
1599340 455
1599350 455
1599360 452
1599370 449
1599380 449
1599390 447
1599400 443
1599410 443
1599420 440
1599430 438
1599440 438
1599450 435
1599460 433
1599470 433
1599480 430
1599490 427
1599500 427
1599510 424
1599520 422
1599530 422
1599540 422
1599550 424
1599560 424
1599570 426
1599580 429
1599590 429
1599600 432
1599610 434
1599620 434
1599630 433
1599640 431
1599650 431
1599660 430
1599670 429
1599680 429
1599690 431
1599700 432
1599710 432
1599720 434
1599730 435
1599740 435
1599750 437
1599760 439
1599770 439
1599780 441
1599790 445
1599800 445
1599810 449
1599820 452
1599830 452
1599840 456
1599850 460
1599860 460
1599870 464
1599880 469
1599890 469
1599900 473
1599910 475
1599920 475
1599930 477
1599940 480
1599950 480
1599960 482
1599970 484
1599980 484
1599990 488
