1580000 380
1580010 380
1580020 381
1580030 382
1580040 382
1580050 383
1580060 384
1580070 384
1580080 385
1580090 386
1580100 386
1580110 386
1580120 387
1580130 387
1580140 388
1580150 388
1580160 388
1580170 389
1580180 389
1580190 389
1580200 389
1580210 389
1580220 389
1580230 389
1580240 389
1580250 389
1580260 387
1580270 385
1580280 385
1580290 382
1580300 379
1580310 379
1580320 375
1580330 370
1580340 370
1580350 365
1580360 366
1580370 366
1580380 371
1580390 375
1580400 375
1580410 378
1580420 383
1580430 383
1580440 387
1580450 390
1580460 390
1580470 393
1580480 395
1580490 395
1580500 396
1580510 397
1580520 397
1580530 398
1580540 399
1580550 399
1580560 400
1580570 401
1580580 401
1580590 402
1580600 403
1580610 403
1580620 403
1580630 405
1580640 405
1580650 405
1580660 406
1580670 406
1580680 408
1580690 409
1580700 409
1580710 409
1580720 410
1580730 410
1580740 411
1580750 412
1580760 412
1580770 413
1580780 413
1580790 413
1580800 414
1580810 415
1580820 415
1580830 415
1580840 416
1580850 416
1580860 416
1580870 417
1580880 417
1580890 417
1580900 417
1580910 417
1580920 416
1580930 415
1580940 415
1580950 413
1580960 412
1580970 412
1580980 410
1580990 407
1581000 407
1581010 403
1581020 401
1581030 401
1581040 399
1581050 395
1581060 395
1581070 396
1581080 400
1581090 400
1581100 402
1581110 404
1581120 404
1581130 405
1581140 405
1581150 405
1581160 405
1581170 404
1581180 404
1581190 403
1581200 403
1581210 403
1581220 402
1581230 401
1581240 401
1581250 399
1581260 397
1581270 397
1581280 396
1581290 393
1581300 393
1581310 389
1581320 385
1581330 385
1581340 381
1581350 376
1581360 376
1581370 374
1581380 375
1581390 375
1581400 374
1581410 372
1581420 372
1581430 368
1581440 366
1581450 366
1581460 364
1581470 363
1581480 363
1581490 362
1581500 360
1581510 360
1581520 356
1581530 352
1581540 352
1581550 345
1581560 334
1581570 334
1581580 323
1581590 312
1581600 312
1581610 303
1581620 299
1581630 299
1581640 295
1581650 291
1581660 291
1581670 286
1581680 280
1581690 280
1581700 272
1581710 265
1581720 265
1581730 261
1581740 259
1581750 259
1581760 258
1581770 255
1581780 255
1581790 252
1581800 251
1581810 251
1581820 251
1581830 251
1581840 251
1581850 251
1581860 251
1581870 251
1581880 251
1581890 251
1581900 251
1581910 251
1581920 251
1581930 251
1581940 251
1581950 251
1581960 251
1581970 251
1581980 251
1581990 251
1582000 251
1582010 251
1582020 251
1582030 251
1582040 251
1582050 251
1582060 251
1582070 251
1582080 251
1582090 251
1582100 251
1582110 251
1582120 251
1582130 251
1582140 251
1582150 251
1582160 252
1582170 252
1582180 252
1582190 251
1582200 251
1582210 251
1582220 251
1582230 251
1582240 251
1582250 251
1582260 251
1582270 252
1582280 253
1582290 253
1582300 256
1582310 259
1582320 259
1582330 260
1582340 260
1582350 260
1582360 263
1582370 269
1582380 269
1582390 275
1582400 280
1582410 280
1582420 283
1582430 287
1582440 287
1582450 291
1582460 293
1582470 293
1582480 294
1582490 295
1582500 295
1582510 296
1582520 297
1582530 297
1582540 298
1582550 299
1582560 299
1582570 300
1582580 301
1582590 301
1582600 301
1582610 301
1582620 301
1582630 301
1582640 301
1582650 301
1582660 301
1582670 300
1582680 300
1582690 299
1582700 298
1582710 298
1582720 297
1582730 295
1582740 295
1582750 290
1582760 284
1582770 284
1582780 281
1582790 278
1582800 278
1582810 273
1582820 273
1582830 274
1582840 279
1582850 279
1582860 286
1582870 293
1582880 293
1582890 296
1582900 299
1582910 299
1582920 301
1582930 302
1582940 302
1582950 304
1582960 306
1582970 306
1582980 307
1582990 308
1583000 308
1583010 309
1583020 309
1583030 309
1583040 310
1583050 311
1583060 311
1583070 311
1583080 311
1583090 311
1583100 312
1583110 312
1583120 312
1583130 312
1583140 312
1583150 312
1583160 312
1583170 311
1583180 311
1583190 311
1583200 311
1583210 311
1583220 311
1583230 311
1583240 311
1583250 311
1583260 310
1583270 310
1583280 310
1583290 309
1583300 309
1583310 308
1583320 303
1583330 303
1583340 300
1583350 299
1583360 299
1583370 298
1583380 297
1583390 297
1583400 296
1583410 295
1583420 295
1583430 294
1583440 293
1583450 293
1583460 293
1583470 294
1583480 294
1583490 296
1583500 300
1583510 300
1583520 302
1583530 305
1583540 305
1583550 307
1583560 309
1583570 309
1583580 310
1583590 312
1583600 312
1583610 313
1583620 313
1583630 313
1583640 313
1583650 314
1583660 314
1583670 314
1583680 314
1583690 314
1583700 314
1583710 315
1583720 315
1583730 315
1583740 315
1583750 315
1583760 315
1583770 315
1583780 315
1583790 315
1583800 315
1583810 315
1583820 315
1583830 315
1583840 315
1583850 315
1583860 315
1583870 315
1583880 315
1583890 315
1583900 315
1583910 315
1583920 315
1583930 315
1583940 315
1583950 315
1583960 315
1583970 314
1583980 314
1583990 314
1584000 314
1584010 313
1584020 313
1584030 313
1584040 312
1584050 312
1584060 312
1584070 311
1584080 311
1584090 310
1584100 308
1584110 308
1584120 305
1584130 303
1584140 303
1584150 299
1584160 296
1584170 296
1584180 294
1584190 292
1584200 292
1584210 291
1584220 293
1584230 293
1584240 294
1584250 298
1584260 298
1584270 301
1584280 303
1584290 303
1584300 305
1584310 307
1584320 307
1584330 306
1584340 306
1584350 306
1584360 306
1584370 307
1584380 307
1584390 309
1584400 309
1584410 309
1584420 309
1584430 309
1584440 309
1584450 310
1584460 310
1584470 310
1584480 311
1584490 312
1584500 312
1584510 312
1584520 312
1584530 312
1584540 312
1584550 312
1584560 312
1584570 312
1584580 312
1584590 312
1584600 312
1584610 312
1584620 312
1584630 312
1584640 312
1584650 312
1584660 312
1584670 311
1584680 311
1584690 311
1584700 311
1584710 311
1584720 310
1584730 309
1584740 309
1584750 307
1584760 306
1584770 306
1584780 305
1584790 304
1584800 304
1584810 303
1584820 302
1584830 302
1584840 302
1584850 304
1584860 304
1584870 306
1584880 307
1584890 307
1584900 307
1584910 308
1584920 308
1584930 308
1584940 309
1584950 309
1584960 308
1584970 309
1584980 309
1584990 309
1585000 310
1585010 310
1585020 309
1585030 309
1585040 309
1585050 309
1585060 308
1585070 308
1585080 308
1585090 307
1585100 307
1585110 306
1585120 304
1585130 304
1585140 302
1585150 300
1585160 300
1585170 298
1585180 295
1585190 295
1585200 294
1585210 290
1585220 290
1585230 284
1585240 279
1585250 279
1585260 277
1585270 275
1585280 275
1585290 274
1585300 272
1585310 272
1585320 273
1585330 275
1585340 275
1585350 277
1585360 281
1585370 281
1585380 285
1585390 290
1585400 290
1585410 292
1585420 295
1585430 295
1585440 297
1585450 298
1585460 298
1585470 300
1585480 302
1585490 302
1585500 302
1585510 303
1585520 303
1585530 302
1585540 303
1585550 303
1585560 304
1585570 305
1585580 305
1585590 306
1585600 307
1585610 307
1585620 307
1585630 307
1585640 307
1585650 308
1585660 308
1585670 308
1585680 307
1585690 307
1585700 307
1585710 307
1585720 308
1585730 308
1585740 311
1585750 312
1585760 312
1585770 314
1585780 315
1585790 315
1585800 316
1585810 318
1585820 318
1585830 320
1585840 322
1585850 322
1585860 325
1585870 327
1585880 327
1585890 329
1585900 331
1585910 331
1585920 333
1585930 335
1585940 335
1585950 338
1585960 340
1585970 340
1585980 342
1585990 344
1586000 344
1586010 347
1586020 349
1586030 349
1586040 351
1586050 354
1586060 354
1586070 356
1586080 359
1586090 359
1586100 361
1586110 364
1586120 364
1586130 366
1586140 367
1586150 367
1586160 367
1586170 365
1586180 365
1586190 364
1586200 364
1586210 364
1586220 362
1586230 357
1586240 357
1586250 353
1586260 347
1586270 347
1586280 342
1586290 338
1586300 338
1586310 334
1586320 329
1586330 329
1586340 325
1586350 320
1586360 320
1586370 317
1586380 316
1586390 316
1586400 319
1586410 325
1586420 325
1586430 330
1586440 335
1586450 335
1586460 340
1586470 341
1586480 341
1586490 343
1586500 345
1586510 345
1586520 347
1586530 349
1586540 349
1586550 351
1586560 353
1586570 353
1586580 356
1586590 358
1586600 358
1586610 359
1586620 360
1586630 360
1586640 361
1586650 362
1586660 362
1586670 363
1586680 364
1586690 364
1586700 364
1586710 365
1586720 365
1586730 365
1586740 365
1586750 365
1586760 364
1586770 362
1586780 362
1586790 360
1586800 356
1586810 356
1586820 352
1586830 347
1586840 347
1586850 344
1586860 345
1586870 345
1586880 346
1586890 348
1586900 348
1586910 350
1586920 352
1586930 352
1586940 355
1586950 357
1586960 357
1586970 359
1586980 360
1586990 360
1587000 362
1587010 364
1587020 364
1587030 366
1587040 366
1587050 366
1587060 368
1587070 369
1587080 369
1587090 369
1587100 370
1587110 370
1587120 371
1587130 372
1587140 372
1587150 373
1587160 374
1587170 374
1587180 375
1587190 378
1587200 378
1587210 380
1587220 381
1587230 381
1587240 382
1587250 384
1587260 384
1587270 386
1587280 388
1587290 388
1587300 390
1587310 391
1587320 391
1587330 392
1587340 391
1587350 391
1587360 391
1587370 391
1587380 391
1587390 391
1587400 392
1587410 392
1587420 392
1587430 391
1587440 391
1587450 391
1587460 390
1587470 390
1587480 389
1587490 388
1587500 388
1587510 387
1587520 386
1587530 387
1587540 385
1587550 383
1587560 383
1587570 382
1587580 381
1587590 381
1587600 379
1587610 377
1587620 377
1587630 376
1587640 375
1587650 375
1587660 373
1587670 372
1587680 372
1587690 371
1587700 369
1587710 369
1587720 368
1587730 367
1587740 367
1587750 366
1587760 365
1587770 365
1587780 363
1587790 361
1587800 361
1587810 359
1587820 357
1587830 357
1587840 355
1587850 353
1587860 353
1587870 351
1587880 348
1587890 348
1587900 344
1587910 341
1587920 341
1587930 340
1587940 340
1587950 340
1587960 339
1587970 337
1587980 337
1587990 334
1588000 332
1588010 332
1588020 328
1588030 325
1588040 325
1588050 321
1588060 318
1588070 318
1588080 315
1588090 313
1588100 313
1588110 310
1588120 309
1588130 309
1588140 310
1588150 311
1588160 311
1588170 310
1588180 309
1588190 309
1588200 308
1588210 306
1588220 306
1588230 305
1588240 304
1588250 304
1588260 303
1588270 303
1588280 303
1588290 301
1588300 301
1588310 301
1588320 300
1588330 298
1588340 298
1588350 297
1588360 296
1588370 296
1588380 295
1588390 295
1588400 295
1588410 294
1588420 294
1588430 294
1588440 294
1588450 294
1588460 293
1588470 293
1588480 293
1588490 292
1588500 291
1588510 291
1588520 291
1588530 290
1588540 290
1588550 289
1588560 289
1588570 289
1588580 289
1588590 288
1588600 288
1588610 288
1588620 288
1588630 288
1588640 288
1588650 288
1588660 288
1588670 288
1588680 287
1588690 287
1588700 287
1588710 287
1588720 287
1588730 287
1588740 287
1588750 287
1588760 287
1588770 285
1588780 283
1588790 282
1588800 282
1588810 282
1588820 282
1588830 281
1588840 281
1588850 281
1588860 281
1588870 281
1588880 281
1588890 281
1588900 281
1588910 282
1588920 284
1588930 284
1588940 285
1588950 285
1588960 285
1588970 284
1588980 284
1588990 284
1589000 284
1589010 284
1589020 284
1589030 284
1589040 284
1589050 284
1589060 283
1589070 284
1589080 284
1589090 284
1589100 283
1589110 283
1589120 283
1589130 282
1589140 282
1589150 281
1589160 281
1589170 281
1589180 280
1589190 278
1589200 278
1589210 277
1589220 277
1589230 277
1589240 276
1589250 276
1589260 276
1589270 275
1589280 275
1589290 275
1589300 275
1589310 274
1589320 274
1589330 274
1589340 274
1589350 274
1589360 274
1589370 274
1589380 274
1589390 274
1589400 274
1589410 274
1589420 274
1589430 274
1589440 274
1589450 274
1589460 273
1589470 273
1589480 273
1589490 273
1589500 273
1589510 273
1589520 273
1589530 273
1589540 272
1589550 272
1589560 272
1589570 273
1589580 274
1589590 274
1589600 274
1589610 273
1589620 273
1589630 271
1589640 270
1589650 270
1589660 269
1589670 268
1589680 268
1589690 268
1589700 267
1589710 267
1589720 267
1589730 267
1589740 267
1589750 267
1589760 267
1589770 267
1589780 267
1589790 267
1589800 267
1589810 266
1589820 266
1589830 266
1589840 266
1589850 266
1589860 266
1589870 266
1589880 266
1589890 266
1589900 266
1589910 266
1589920 266
1589930 265
1589940 264
1589950 264
1589960 263
1589970 261
1589980 261
1589990 261
1590000 261
1590010 261
1590020 262
1590030 262
1590040 262
1590050 262
1590060 261
1590070 261
1590080 261
1590090 261
1590100 261
1590110 261
1590120 261
1590130 261
1590140 261
1590150 260
1590160 260
1590170 260
1590180 259
1590190 259
1590200 259
1590210 261
1590220 261
1590230 261
1590240 261
1590250 261
1590260 261
1590270 261
1590280 261
1590290 261
1590300 261
1590310 261
1590320 261
1590330 260
1590340 260
1590350 260
1590360 260
1590370 260
1590380 260
1590390 260
1590400 260
1590410 260
1590420 259
1590430 259
1590440 259
1590450 259
1590460 259
1590470 259
1590480 259
1590490 259
1590500 259
1590510 259
1590520 259
1590530 259
1590540 259
1590550 259
1590560 259
1590570 259
1590580 259
1590590 259
1590600 259
1590610 259
1590620 259
1590630 259
1590640 259
1590650 258
1590660 259
1590670 259
1590680 259
1590690 259
1590700 259
1590710 259
1590720 257
1590730 257
1590740 255
1590750 254
1590760 254
1590770 254
1590780 254
1590790 254
1590800 254
1590810 254
1590820 254
1590830 254
1590840 254
1590850 254
1590860 254
1590870 254
1590880 254
1590890 254
1590900 254
1590910 254
1590920 253
1590930 252
1590940 252
1590950 251
1590960 251
1590970 251
1590980 251
1590990 251
1591000 251
1591010 251
1591020 251
1591030 251
1591040 251
1591050 251
1591060 251
1591070 251
1591080 251
1591090 251
1591100 251
1591110 251
1591120 251
1591130 251
1591140 251
1591150 251
1591160 251
1591170 251
1591180 251
1591190 251
1591200 251
1591210 251
1591220 251
1591230 251
1591240 251
1591250 251
1591260 251
1591270 251
1591280 251
1591290 251
1591300 251
1591310 251
1591320 251
1591330 251
1591340 251
1591350 251
1591360 251
1591370 251
1591380 252
1591390 252
1591400 253
1591410 254
1591420 254
1591430 254
1591440 255
1591450 255
1591460 256
1591470 256
1591480 256
1591490 255
1591500 255
1591510 255
1591520 254
1591530 255
1591540 255
1591550 255
1591560 255
1591570 255
1591580 255
1591590 256
1591600 256
1591610 256
1591620 257
1591630 257
1591640 259
1591650 258
1591660 258
1591670 258
1591680 257
1591690 257
1591700 257
1591710 257
1591720 257
1591730 256
1591740 256
1591750 256
1591760 256
1591770 255
1591780 255
1591790 255
1591800 255
1591810 255
1591820 255
1591830 254
1591840 254
1591850 254
1591860 255
1591870 255
1591880 255
1591890 255
1591900 255
1591910 255
1591920 255
1591930 255
1591940 255
1591950 255
1591960 255
1591970 255
1591980 255
1591990 255
1592000 255
1592010 255
1592020 255
1592030 255
1592040 255
1592050 255
1592060 255
1592070 255
1592080 255
1592090 254
1592100 255
1592110 255
1592120 255
1592130 255
1592140 255
1592150 255
1592160 255
1592170 255
1592180 255
1592190 255
1592200 255
1592210 255
1592220 255
1592230 255
1592240 255
1592250 254
1592260 254
1592270 254
1592280 254
1592290 254
1592300 254
1592310 254
1592320 254
1592330 254
1592340 254
1592350 254
1592360 254
1592370 254
1592380 254
1592390 254
1592400 254
1592410 254
1592420 254
1592430 254
1592440 254
1592450 254
1592460 254
1592470 254
1592480 254
1592490 254
1592500 254
1592510 254
1592520 254
1592530 254
1592540 256
1592550 258
1592560 258
1592570 259
1592580 258
1592590 258
1592600 255
1592610 254
1592620 254
1592630 253
1592640 254
1592650 254
1592660 253
1592670 253
1592680 253
1592690 253
1592700 253
1592710 253
1592720 253
1592730 253
1592740 253
1592750 253
1592760 253
1592770 253
1592780 253
1592790 253
1592800 253
1592810 253
1592820 253
1592830 253
1592840 253
1592850 253
1592860 253
1592870 253
1592880 253
1592890 253
1592900 253
1592910 254
1592920 254
1592930 254
1592940 254
1592950 254
1592960 254
1592970 254
1592980 254
1592990 255
1593000 255
1593010 255
1593020 254
1593030 254
1593040 254
1593050 254
1593060 254
1593070 254
1593080 254
1593090 254
1593100 254
1593110 254
1593120 254
1593130 254
1593140 254
1593150 253
1593160 253
1593170 253
1593180 253
1593190 253
1593200 253
1593210 253
1593220 253
1593230 253
1593240 253
1593250 253
1593260 253
1593270 253
1593280 253
1593290 253
1593300 252
1593310 252
1593320 252
1593330 252
1593340 252
1593350 251
1593360 251
1593370 251
1593380 251
1593390 251
1593400 251
1593410 251
1593420 251
1593430 251
1593440 251
1593450 251
1593460 251
1593470 251
1593480 251
1593490 251
1593500 251
1593510 251
1593520 251
1593530 251
1593540 251
1593550 251
1593560 251
1593570 251
1593580 251
1593590 251
1593600 251
1593610 251
1593620 251
1593630 251
1593640 251
1593650 251
1593660 251
1593670 251
1593680 251
1593690 251
1593700 251
1593710 251
1593720 251
1593730 251
1593740 251
1593750 251
1593760 251
1593770 251
1593780 251
1593790 251
1593800 251
1593810 251
1593820 251
1593830 251
1593840 251
1593850 251
1593860 251
1593870 252
1593880 252
1593890 253
1593900 253
1593910 253
1593920 253
1593930 253
1593940 253
1593950 252
1593960 251
1593970 251
1593980 251
1593990 251
1594000 251
1594010 251
1594020 251
1594030 251
1594040 251
1594050 251
1594060 251
1594070 251
1594080 251
1594090 251
1594100 251
1594110 251
1594120 251
1594130 251
1594140 251
1594150 251
1594160 251
1594170 251
1594180 251
1594190 252
1594200 252
1594210 253
1594220 254
1594230 254
1594240 254
1594250 254
1594260 254
1594270 255
1594280 253
1594290 253
1594300 253
1594310 253
1594320 253
1594330 253
1594340 253
1594350 253
1594360 253
1594370 253
1594380 253
1594390 253
1594400 252
1594410 252
1594420 252
1594430 251
1594440 251
1594450 251
1594460 251
1594470 251
1594480 251
1594490 251
1594500 251
1594510 251
1594520 251
1594530 251
1594540 251
1594550 251
1594560 251
1594570 251
1594580 251
1594590 251
1594600 251
1594610 251
1594620 251
1594630 251
1594640 251
1594650 251
1594660 251
1594670 251
1594680 251
1594690 251
1594700 251
1594710 251
1594720 251
1594730 251
1594740 251
1594750 251
1594760 251
1594770 251
1594780 251
1594790 251
1594800 251
1594810 251
1594820 251
1594830 251
1594840 251
1594850 251
1594860 251
1594870 251
1594880 251
1594890 251
1594900 251
1594910 251
1594920 251
1594930 251
1594940 251
1594950 251
1594960 251
1594970 251
1594980 251
1594990 252
1595000 252
1595010 252
1595020 252
1595030 252
1595040 252
1595050 252
1595060 252
1595070 252
1595080 252
1595090 251
1595100 251
1595110 251
1595120 251
1595130 251
1595140 251
1595150 251
1595160 251
1595170 251
1595180 251
1595190 251
1595200 251
1595210 251
1595220 251
1595230 251
1595240 251
1595250 251
1595260 250
1595270 250
1595280 250
1595290 250
1595300 250
1595310 250
1595320 251
1595330 251
1595340 251
1595350 251
1595360 251
1595370 251
1595380 251
1595390 251
1595400 251
1595410 251
1595420 251
1595430 251
1595440 252
1595450 252
1595460 252
1595470 253
1595480 254
1595490 254
1595500 253
1595510 253
1595520 253
1595530 251
1595540 251
1595550 251
1595560 251
1595570 251
1595580 251
1595590 251
1595600 252
1595610 252
1595620 253
1595630 252
1595640 252
1595650 252
1595660 251
1595670 251
1595680 250
1595690 250
1595700 250
1595710 250
1595720 250
1595730 250
1595740 250
1595750 249
1595760 249
1595770 248
1595780 248
1595790 248
1595800 248
1595810 248
1595820 248
1595830 248
1595840 249
1595850 249
1595860 250
1595870 251
1595880 251
1595890 253
1595900 255
1595910 255
1595920 255
1595930 256
1595940 256
1595950 258
1595960 262
1595970 262
1595980 267
1595990 274
1596000 274
1596010 273
1596020 277
1596030 277
1596040 282
1596050 289
1596060 289
1596070 297
1596080 302
1596090 302
1596100 305
1596110 307
1596120 307
1596130 310
1596140 312
1596150 312
1596160 314
1596170 315
1596180 315
1596190 318
1596200 321
1596210 321
1596220 324
1596230 329
1596240 329
1596250 332
1596260 336
1596270 336
1596280 339
1596290 342
1596300 342
1596310 345
1596320 348
1596330 348
1596340 351
1596350 353
1596360 353
1596370 356
1596380 358
1596390 358
1596400 360
1596410 362
1596420 362
1596430 363
1596440 365
1596450 365
1596460 366
1596470 366
1596480 366
1596490 365
1596500 363
1596510 363
1596520 362
1596530 360
1596540 360
1596550 357
1596560 358
1596570 358
1596580 360
1596590 362
1596600 362
1596610 363
1596620 364
1596630 364
1596640 365
1596650 366
1596660 366
1596670 367
1596680 370
1596690 370
1596700 371
1596710 373
1596720 373
1596730 375
1596740 377
1596750 377
1596760 379
1596770 381
1596780 381
1596790 383
1596800 385
1596810 385
1596820 387
1596830 388
1596840 388
1596850 390
1596860 392
1596870 392
1596880 394
1596890 396
1596900 396
1596910 398
1596920 399
1596930 399
1596940 402
1596950 405
1596960 405
1596970 407
1596980 409
1596990 409
1597000 411
1597010 412
1597020 412
1597030 414
1597040 416
1597050 416
1597060 417
1597070 419
1597080 419
1597090 422
1597100 424
1597110 424
1597120 426
1597130 429
1597140 429
1597150 431
1597160 433
1597170 430
1597180 433
1597190 435
1597200 435
1597210 437
1597220 440
1597230 440
1597240 443
1597250 446
1597260 446
1597270 449
1597280 452
1597290 452
1597300 454
1597310 457
1597320 457
1597330 460
1597340 464
1597350 464
1597360 466
1597370 469
1597380 469
1597390 472
1597400 475
1597410 475
1597420 479
1597430 482
1597440 482
1597450 485
1597460 488
1597470 488
1597480 491
1597490 494
1597500 494
1597510 497
1597520 501
1597530 501
1597540 505
1597550 508
1597560 508
1597570 511
1597580 514
1597590 514
1597600 516
1597610 519
1597620 519
1597630 522
1597640 525
1597650 525
1597660 527
1597670 530
1597680 530
1597690 532
1597700 535
1597710 535
1597720 537
1597730 540
1597740 540
1597750 543
1597760 546
1597770 546
1597780 549
1597790 552
1597800 552
1597810 555
1597820 557
1597830 557
1597840 558
1597850 559
1597860 559
1597870 560
1597880 561
1597890 561
1597900 561
1597910 561
1597920 561
1597930 561
1597940 561
1597950 561
1597960 562
1597970 564
1597980 564
1597990 567
1598000 571
1598010 571
1598020 577
1598030 582
1598040 582
1598050 586
1598060 590
1598070 590
1598080 593
1598090 595
1598100 595
1598110 595
1598120 595
1598130 595
1598140 595
1598150 594
1598160 594
1598170 594
1598180 594
1598190 594
1598200 595
1598210 595
1598220 595
1598230 597
1598240 597
1598250 597
1598260 597
1598270 596
1598280 596
1598290 594
1598300 593
1598310 592
1598320 591
1598330 589
1598340 589
1598350 587
1598360 585
1598370 585
1598380 584
1598390 583
1598400 583
1598410 582
1598420 581
1598430 581
1598440 581
1598450 579
1598460 579
1598470 579
1598480 579
1598490 579
1598500 578
1598510 578
1598520 578
1598530 577
1598540 577
1598550 577
1598560 576
1598570 576
1598580 576
1598590 575
1598600 575
1598610 575
1598620 574
1598630 573
1598640 573
1598650 573
1598660 572
1598670 572
1598680 571
1598690 570
1598700 570
1598710 569
1598720 568
1598730 568
1598740 567
1598750 565
1598760 565
1598770 564
1598780 565
1598790 565
1598800 564
1598810 564
1598820 564
1598830 561
1598840 558
1598850 558
1598860 556
1598870 553
1598880 553
1598890 549
1598900 546
1598910 546
1598920 544
1598930 540
1598940 540
1598950 536
1598960 533
1598970 533
1598980 531
1598990 526
1599000 526
1599010 520
1599020 515
1599030 515
1599040 512
1599050 509
1599060 509
1599070 506
1599080 505
1599090 505
1599100 503
1599110 502
1599120 502
1599130 500
1599140 499
1599150 499
1599160 497
1599170 496
1599180 496
1599190 493
1599200 491
1599210 491
1599220 489
1599230 487
1599240 487
1599250 484
1599260 482
1599270 482
1599280 480
1599290 478
1599300 478
1599310 476
1599320 473
1599330 473
1599340 471
1599350 469
1599360 469
1599370 468
1599380 467
1599390 467
1599400 466
1599410 463
1599420 463
1599430 459
1599440 460
1599450 456
1599460 457
1599470 457
1599480 457
1599490 457
1599500 457
1599510 457
1599520 457
1599530 457
1599540 456
1599550 455
1599560 455
1599570 454
1599580 452
1599590 452
1599600 451
1599610 450
1599620 450
1599630 449
1599640 448
1599650 448
1599660 448
1599670 448
1599680 448
1599690 448
1599700 448
1599710 448
1599720 449
1599730 450
1599740 450
1599750 450
1599760 450
1599770 450
1599780 451
1599790 451
1599800 451
1599810 451
1599820 451
1599830 451
1599840 451
1599850 451
1599860 451
1599870 451
1599880 451
1599890 451
1599900 451
1599910 450
1599920 450
1599930 450
1599940 450
1599950 450
1599960 450
1599970 450
1599980 450
1599990 450
