1580000 251
1580010 251
1580020 252
1580030 252
1580040 252
1580050 252
1580060 254
1580070 254
1580080 257
1580090 261
1580100 261
1580110 262
1580120 265
1580130 265
1580140 272
1580150 281
1580160 281
1580170 287
1580180 287
1580190 287
1580200 287
1580210 287
1580220 287
1580230 286
1580240 284
1580250 284
1580260 283
1580270 283
1580280 283
1580290 283
1580300 281
1580310 281
1580320 280
1580330 277
1580340 277
1580350 276
1580360 276
1580370 276
1580380 277
1580390 277
1580400 277
1580410 276
1580420 277
1580430 277
1580440 281
1580450 284
1580460 284
1580470 287
1580480 289
1580490 289
1580500 291
1580510 293
1580520 293
1580530 296
1580540 298
1580550 298
1580560 300
1580570 302
1580580 301
1580590 302
1580600 304
1580610 304
1580620 305
1580630 305
1580640 305
1580650 306
1580660 306
1580670 306
1580680 307
1580690 307
1580700 307
1580710 309
1580720 310
1580730 310
1580740 311
1580750 313
1580760 313
1580770 314
1580780 315
1580790 315
1580800 316
1580810 317
1580820 317
1580830 318
1580840 320
1580850 320
1580860 321
1580870 322
1580880 322
1580890 324
1580900 325
1580910 325
1580920 326
1580930 327
1580940 327
1580950 329
1580960 330
1580970 330
1580980 331
1580990 332
1581000 332
1581010 333
1581020 334
1581030 334
1581040 335
1581050 336
1581060 336
1581070 336
1581080 337
1581090 337
1581100 338
1581110 338
1581120 338
1581130 339
1581140 340
1581150 340
1581160 341
1581170 342
1581180 342
1581190 343
1581200 345
1581210 345
1581220 346
1581230 348
1581240 348
1581250 349
1581260 350
1581270 350
1581280 352
1581290 354
1581300 354
1581310 355
1581320 357
1581330 357
1581340 358
1581350 360
1581360 360
1581370 361
1581380 363
1581390 363
1581400 364
1581410 365
1581420 365
1581430 366
1581440 367
1581450 367
1581460 369
1581470 372
1581480 372
1581490 373
1581500 373
1581510 373
1581520 373
1581530 372
1581540 372
1581550 371
1581560 371
1581570 371
1581580 372
1581590 373
1581600 373
1581610 373
1581620 374
1581630 374
1581640 374
1581650 375
1581660 375
1581670 376
1581680 376
1581690 376
1581700 377
1581710 377
1581720 377
1581730 378
1581740 378
1581750 378
1581760 379
1581770 380
1581780 380
1581790 383
1581800 386
1581810 386
1581820 388
1581830 391
1581840 391
1581850 394
1581860 397
1581870 397
1581880 400
1581890 404
1581900 404
1581910 406
1581920 408
1581930 408
1581940 410
1581950 412
1581960 412
1581970 414
1581980 415
1581990 415
1582000 417
1582010 419
1582020 419
1582030 420
1582040 421
1582050 421
1582060 423
1582070 424
1582080 424
1582090 425
1582100 426
1582110 426
1582120 427
1582130 428
1582140 428
1582150 429
1582160 430
1582170 430
1582180 431
1582190 432
1582200 432
1582210 433
1582220 434
1582230 434
1582240 434
1582250 435
1582260 435
1582270 435
1582280 436
1582290 436
1582300 435
1582310 435
1582320 435
1582330 433
1582340 430
1582350 430
1582360 427
1582370 424
1582380 424
1582390 422
1582400 419
1582410 419
1582420 419
1582430 421
1582440 421
1582450 424
1582460 427
1582470 427
1582480 430
1582490 432
1582500 432
1582510 434
1582520 435
1582530 435
1582540 436
1582550 436
1582560 436
1582570 436
1582580 435
1582590 435
1582600 433
1582610 430
1582620 430
1582630 425
1582640 419
1582650 419
1582660 414
1582670 410
1582680 410
1582690 407
1582700 406
1582710 406
1582720 409
1582730 413
1582740 413
1582750 417
1582760 421
1582770 421
1582780 425
1582790 430
1582800 430
1582810 435
1582820 439
1582830 439
1582840 442
1582850 443
1582860 443
1582870 444
1582880 445
1582890 445
1582900 445
1582910 446
1582920 446
1582930 447
1582940 447
1582950 447
1582960 448
1582970 448
1582980 448
1582990 449
1583000 450
1583010 450
1583020 451
1583030 452
1583040 452
1583050 453
1583060 455
1583070 455
1583080 456
1583090 457
1583100 457
1583110 458
1583120 459
1583130 459
1583140 460
1583150 460
1583160 460
1583170 460
1583180 462
1583190 462
1583200 463
1583210 464
1583220 464
1583230 465
1583240 466
1583250 467
1583260 468
1583270 469
1583280 469
1583290 470
1583300 471
1583310 471
1583320 471
1583330 472
1583340 472
1583350 473
1583360 473
1583370 473
1583380 474
1583390 474
1583400 474
1583410 474
1583420 474
1583430 474
1583440 474
1583450 474
1583460 474
1583470 473
1583480 473
1583490 473
1583500 473
1583510 472
1583520 472
1583530 472
1583540 473
1583550 473
1583560 474
1583570 474
1583580 474
1583590 475
1583600 476
1583610 476
1583620 476
1583630 477
1583640 477
1583650 477
1583660 477
1583670 477
1583680 476
1583690 474
1583700 474
1583710 472
1583720 470
1583730 470
1583740 468
1583750 467
1583760 467
1583770 466
1583780 466
1583790 465
1583800 465
1583810 465
1583820 468
1583830 470
1583840 470
1583850 472
1583860 474
1583870 474
1583880 477
1583890 479
1583900 479
1583910 481
1583920 484
1583930 484
1583940 486
1583950 488
1583960 488
1583970 490
1583980 492
1583990 492
1584000 494
1584010 495
1584020 495
1584030 495
1584040 496
1584050 496
1584060 496
1584070 496
1584080 496
1584090 496
1584100 496
1584110 496
1584120 496
1584130 496
1584140 496
1584150 496
1584160 496
1584170 496
1584180 496
1584190 497
1584200 497
1584210 497
1584220 497
1584230 497
1584240 497
1584250 497
1584260 497
1584270 498
1584280 498
1584290 498
1584300 498
1584310 499
1584320 499
1584330 499
1584340 499
1584350 499
1584360 500
1584370 500
1584380 500
1584390 501
1584400 502
1584410 502
1584420 502
1584430 503
1584440 503
1584450 504
1584460 505
1584470 505
1584480 505
1584490 506
1584500 506
1584510 506
1584520 507
1584530 507
1584540 507
1584550 509
1584560 509
1584570 509
1584580 510
1584590 510
1584600 510
1584610 511
1584620 511
1584630 512
1584640 512
1584650 512
1584660 513
1584670 513
1584680 513
1584690 512
1584700 511
1584710 511
1584720 510
1584730 508
1584740 508
1584750 506
1584760 504
1584770 504
1584780 502
1584790 499
1584800 499
1584810 496
1584820 492
1584830 492
1584840 487
1584850 482
1584860 482
1584870 478
1584880 475
1584890 475
1584900 472
1584910 469
1584920 469
1584930 467
1584940 466
1584950 466
1584960 465
1584970 462
1584980 462
1584990 457
1585000 452
1585010 452
1585020 452
1585030 455
1585040 455
1585050 460
1585060 465
1585070 465
1585080 468
1585090 471
1585100 471
1585110 475
1585120 478
1585130 478
1585140 481
1585150 484
1585160 484
1585170 485
1585180 486
1585190 486
1585200 486
1585210 487
1585220 487
1585230 488
1585240 488
1585250 488
1585260 489
1585270 490
1585280 490
1585290 489
1585300 489
1585310 489
1585320 488
1585330 487
1585340 487
1585350 485
1585360 484
1585370 484
1585380 482
1585390 480
1585400 480
1585410 479
1585420 477
1585430 477
1585440 476
1585450 475
1585460 475
1585470 474
1585480 473
1585490 473
1585500 473
1585510 472
1585520 472
1585530 472
1585540 472
1585550 472
1585560 471
1585570 471
1585580 471
1585590 470
1585600 469
1585610 469
1585620 468
1585630 466
1585640 466
1585650 464
1585660 460
1585670 460
1585680 455
1585690 451
1585700 451
1585710 446
1585720 440
1585730 440
1585740 433
1585750 426
1585760 426
1585770 421
1585780 419
1585790 419
1585800 422
1585810 426
1585820 426
1585830 430
1585840 436
1585850 436
1585860 438
1585870 438
1585880 438
1585890 436
1585900 432
1585910 432
1585920 428
1585930 424
1585940 424
1585950 420
1585960 415
1585970 415
1585980 409
1585990 406
1586000 406
1586010 406
1586020 406
1586030 406
1586040 405
1586050 404
1586060 404
1586070 402
1586080 403
1586090 403
1586100 406
1586110 411
1586120 411
1586130 417
1586140 422
1586150 422
1586160 427
1586170 431
1586180 431
1586190 434
1586200 437
1586210 437
1586220 438
1586230 440
1586240 440
1586250 442
1586260 443
1586270 443
1586280 445
1586290 447
1586300 447
1586310 450
1586320 452
1586330 452
1586340 455
1586350 458
1586360 458
1586370 461
1586380 464
1586390 464
1586400 465
1586410 466
1586420 466
1586430 468
1586440 470
1586450 470
1586460 471
1586470 473
1586480 473
1586490 475
1586500 476
1586510 476
1586520 478
1586530 481
1586540 481
1586550 483
1586560 485
1586570 485
1586580 486
1586590 487
1586600 487
1586610 488
1586620 490
1586630 490
1586640 491
1586650 492
1586660 492
1586670 493
1586680 494
1586690 494
1586700 495
1586710 496
1586720 496
1586730 497
1586740 497
1586750 497
1586760 498
1586770 498
1586780 498
1586790 499
1586800 499
1586810 499
1586820 499
1586830 498
1586840 498
1586850 498
1586860 497
1586870 497
1586880 497
1586890 496
1586900 496
1586910 496
1586920 495
1586930 495
1586940 495
1586950 495
1586960 495
1586970 494
1586980 494
1586990 494
1587000 493
1587010 492
1587020 492
1587030 491
1587040 491
1587050 491
1587060 490
1587070 489
1587080 489
1587090 487
1587100 486
1587110 486
1587120 485
1587130 483
1587140 483
1587150 481
1587160 479
1587170 479
1587180 477
1587190 473
1587200 473
1587210 472
1587220 471
1587230 471
1587240 471
1587250 470
1587260 470
1587270 469
1587280 468
1587290 468
1587300 467
1587310 465
1587320 465
1587330 464
1587340 462
1587350 462
1587360 461
1587370 459
1587380 459
1587390 457
1587400 455
1587410 455
1587420 452
1587430 451
1587440 451
1587450 449
1587460 448
1587470 448
1587480 446
1587490 445
1587500 445
1587510 443
1587520 441
1587530 441
1587540 439
1587550 437
1587560 437
1587570 435
1587580 433
1587590 433
1587600 432
1587610 430
1587620 430
1587630 428
1587640 427
1587650 427
1587660 425
1587670 423
1587680 423
1587690 420
1587700 416
1587710 416
1587720 414
1587730 411
1587740 411
1587750 408
1587760 405
1587770 405
1587780 402
1587790 401
1587800 401
1587810 400
1587820 399
1587830 399
1587840 397
1587850 395
1587860 395
1587870 393
1587880 390
1587890 390
1587900 387
1587910 385
1587920 385
1587930 383
1587940 380
1587950 380
1587960 375
1587970 371
1587980 371
1587990 369
1588000 366
1588010 366
1588020 362
1588030 362
1588040 360
1588050 358
1588060 358
1588070 356
1588080 355
1588090 355
1588100 353
1588110 352
1588120 352
1588130 349
1588140 347
1588150 347
1588160 344
1588170 342
1588180 342
1588190 340
1588200 337
1588210 337
1588220 336
1588230 337
1588240 337
1588250 339
1588260 341
1588270 341
1588280 340
1588290 337
1588300 337
1588310 334
1588320 331
1588330 331
1588340 327
1588350 324
1588360 324
1588370 319
1588380 315
1588390 315
1588400 315
1588410 314
1588420 314
1588430 314
1588440 314
1588450 314
1588460 315
1588470 319
1588480 319
1588490 322
1588500 326
1588510 326
1588520 328
1588530 328
1588540 328
1588550 329
1588560 329
1588570 329
1588580 328
1588590 326
1588600 326
1588610 326
1588620 326
1588630 326
1588640 328
1588650 332
1588660 332
1588670 333
1588680 332
1588690 332
1588700 332
1588710 334
1588720 334
1588730 335
1588740 336
1588750 336
1588760 336
1588770 336
1588780 336
1588790 336
1588800 336
1588810 336
1588820 336
1588830 336
1588840 336
1588850 337
1588860 337
1588870 337
1588880 337
1588890 337
1588900 337
1588910 336
1588920 335
1588930 335
1588940 334
1588950 333
1588960 333
1588970 332
1588980 331
1588990 331
1589000 330
1589010 329
1589020 329
1589030 328
1589040 327
1589050 327
1589060 325
1589070 324
1589080 324
1589090 323
1589100 320
1589110 320
1589120 316
1589130 314
1589140 314
1589150 314
1589160 317
1589170 317
1589180 317
1589190 316
1589200 316
1589210 315
1589220 314
1589230 314
1589240 313
1589250 313
1589260 313
1589270 312
1589280 311
1589290 311
1589300 310
1589310 308
1589320 308
1589330 308
1589340 307
1589350 307
1589360 306
1589370 305
1589380 305
1589390 304
1589400 303
1589410 303
1589420 303
1589430 302
1589440 302
1589450 301
1589460 300
1589470 300
1589480 299
1589490 298
1589500 298
1589510 297
1589520 295
1589530 295
1589540 294
1589550 294
1589560 294
1589570 294
1589580 293
1589590 293
1589600 292
1589610 291
1589620 291
1589630 291
1589640 291
1589650 291
1589660 290
1589670 290
1589680 290
1589690 289
1589700 289
1589710 289
1589720 288
1589730 288
1589740 288
1589750 287
1589760 286
1589770 286
1589780 286
1589790 286
1589800 286
1589810 285
1589820 284
1589830 284
1589840 283
1589850 282
1589860 282
1589870 282
1589880 281
1589890 281
1589900 280
1589910 279
1589920 279
1589930 278
1589940 277
1589950 277
1589960 277
1589970 276
1589980 276
1589990 275
1590000 274
1590010 274
1590020 274
1590030 273
1590040 273
1590050 272
1590060 271
1590070 271
1590080 270
1590090 270
1590100 270
1590110 269
1590120 269
1590130 269
1590140 269
1590150 269
1590160 269
1590170 269
1590180 269
1590190 269
1590200 269
1590210 268
1590220 268
1590230 268
1590240 268
1590250 268
1590260 268
1590270 267
1590280 267
1590290 267
1590300 267
1590310 267
1590320 267
1590330 267
1590340 267
1590350 267
1590360 267
1590370 267
1590380 267
1590390 267
1590400 267
1590410 267
1590420 267
1590430 267
1590440 267
1590450 267
1590460 267
1590470 267
1590480 267
1590490 267
1590500 267
1590510 267
1590520 267
1590530 267
1590540 267
1590550 267
1590560 267
1590570 266
1590580 266
1590590 266
1590600 266
1590610 266
1590620 267
1590630 266
1590640 266
1590650 266
1590660 266
1590670 266
1590680 266
1590690 266
1590700 266
1590710 266
1590720 266
1590730 266
1590740 265
1590750 264
1590760 264
1590770 264
1590780 264
1590790 264
1590800 263
1590810 263
1590820 263
1590830 263
1590840 263
1590850 263
1590860 263
1590870 263
1590880 263
1590890 263
1590900 263
1590910 263
1590920 263
1590930 263
1590940 263
1590950 263
1590960 262
1590970 262
1590980 262
1590990 263
1591000 263
1591010 263
1591020 263
1591030 263
1591040 263
1591050 263
1591060 263
1591070 263
1591080 262
1591090 262
1591100 262
1591110 262
1591120 262
1591130 262
1591140 262
1591150 262
1591160 262
1591170 262
1591180 262
1591190 262
1591200 262
1591210 262
1591220 262
1591230 262
1591240 262
1591250 262
1591260 261
1591270 261
1591280 261
1591290 261
1591300 261
1591310 261
1591320 261
1591330 261
1591340 261
1591350 260
1591360 260
1591370 260
1591380 260
1591390 260
1591400 260
1591410 260
1591420 260
1591430 260
1591440 260
1591450 260
1591460 260
1591470 260
1591480 260
1591490 260
1591500 260
1591510 260
1591520 260
1591530 260
1591540 260
1591550 260
1591560 259
1591570 259
1591580 258
1591590 259
1591600 259
1591610 260
1591620 260
1591630 260
1591640 259
1591650 259
1591660 259
1591670 259
1591680 259
1591690 259
1591700 259
1591710 259
1591720 259
1591730 259
1591740 259
1591750 259
1591760 259
1591770 259
1591780 259
1591790 259
1591800 259
1591810 259
1591820 259
1591830 259
1591840 259
1591850 259
1591860 259
1591870 259
1591880 258
1591890 258
1591900 258
1591910 258
1591920 258
1591930 258
1591940 258
1591950 258
1591960 258
1591970 259
1591980 259
1591990 259
1592000 260
1592010 260
1592020 260
1592030 260
1592040 259
1592050 259
1592060 259
1592070 260
1592080 260
1592090 260
1592100 259
1592110 259
1592120 259
1592130 259
1592140 259
1592150 259
1592160 259
1592170 259
1592180 259
1592190 259
1592200 259
1592210 259
1592220 259
1592230 259
1592240 259
1592250 259
1592260 259
1592270 259
1592280 259
1592290 259
1592300 259
1592310 259
1592320 259
1592330 259
1592340 259
1592350 259
1592360 260
1592370 260
1592380 259
1592390 260
1592400 260
1592410 259
1592420 259
1592430 259
1592440 259
1592450 259
1592460 259
1592470 259
1592480 259
1592490 259
1592500 259
1592510 259
1592520 259
1592530 259
1592540 259
1592550 259
1592560 258
1592570 258
1592580 258
1592590 258
1592600 258
1592610 258
1592620 258
1592630 258
1592640 258
1592650 258
1592660 258
1592670 258
1592680 258
1592690 258
1592700 258
1592710 258
1592720 258
1592730 258
1592740 258
1592750 257
1592760 257
1592770 257
1592780 257
1592790 257
1592800 257
1592810 257
1592820 257
1592830 256
1592840 256
1592850 256
1592860 256
1592870 256
1592880 256
1592890 257
1592900 257
1592910 257
1592920 258
1592930 258
1592940 258
1592950 256
1592960 255
1592970 255
1592980 255
1592990 255
1593000 255
1593010 255
1593020 254
1593030 254
1593040 256
1593050 256
1593060 256
1593070 257
1593080 257
1593090 257
1593100 257
1593110 256
1593120 256
1593130 256
1593140 256
1593150 256
1593160 257
1593170 257
1593180 257
1593190 257
1593200 257
1593210 257
1593220 257
1593230 257
1593240 257
1593250 257
1593260 257
1593270 257
1593280 257
1593290 257
1593300 257
1593310 257
1593320 257
1593330 257
1593340 257
1593350 257
1593360 257
1593370 257
1593380 257
1593390 257
1593400 257
1593410 257
1593420 257
1593430 257
1593440 257
1593450 257
1593460 256
1593470 256
1593480 256
1593490 257
1593500 257
1593510 257
1593520 257
1593530 257
1593540 257
1593550 257
1593560 256
1593570 256
1593580 257
1593590 257
1593600 257
1593610 257
1593620 256
1593630 256
1593640 256
1593650 256
1593660 256
1593670 255
1593680 255
1593690 255
1593700 256
1593710 256
1593720 256
1593730 256
1593740 256
1593750 256
1593760 256
1593770 256
1593780 256
1593790 255
1593800 255
1593810 255
1593820 255
1593830 255
1593840 255
1593850 255
1593860 255
1593870 255
1593880 255
1593890 255
1593900 255
1593910 255
1593920 255
1593930 255
1593940 255
1593950 255
1593960 255
1593970 255
1593980 255
1593990 255
1594000 255
1594010 256
1594020 256
1594030 256
1594040 256
1594050 256
1594060 256
1594070 256
1594080 256
1594090 256
1594100 256
1594110 256
1594120 256
1594130 256
1594140 256
1594150 256
1594160 255
1594170 255
1594180 255
1594190 255
1594200 255
1594210 255
1594220 255
1594230 255
1594240 255
1594250 255
1594260 255
1594270 254
1594280 252
1594290 252
1594300 252
1594310 253
1594320 253
1594330 252
1594340 252
1594350 252
1594360 253
1594370 253
1594380 253
1594390 253
1594400 253
1594410 253
1594420 253
1594430 253
1594440 253
1594450 254
1594460 255
1594470 255
1594480 255
1594490 255
1594500 255
1594510 254
1594520 255
1594530 255
1594540 255
1594550 256
1594560 256
1594570 256
1594580 255
1594590 255
1594600 256
1594610 259
1594620 259
1594630 262
1594640 267
1594650 267
1594660 273
1594670 274
1594680 274
1594690 275
1594700 275
1594710 275
1594720 276
1594730 279
1594740 279
1594750 283
1594760 287
1594770 287
1594780 289
1594790 292
1594800 292
1594810 295
1594820 297
1594830 297
1594840 298
1594850 300
1594860 300
1594870 301
1594880 303
1594890 303
1594900 304
1594910 305
1594920 305
1594930 305
1594940 306
1594950 306
1594960 306
1594970 306
1594980 306
1594990 306
1595000 306
1595010 306
1595020 306
1595030 305
1595040 305
1595050 305
1595060 305
1595070 305
1595080 305
1595090 304
1595100 304
1595110 304
1595120 303
1595130 303
1595140 302
1595150 301
1595160 301
1595170 300
1595180 299
1595190 299
1595200 297
1595210 296
1595220 296
1595230 295
1595240 294
1595250 294
1595260 293
1595270 292
1595280 292
1595290 291
1595300 290
1595310 290
1595320 289
1595330 289
1595340 289
1595350 288
1595360 288
1595370 288
1595380 287
1595390 287
1595400 287
1595410 286
1595420 283
1595430 283
1595440 277
1595450 271
1595460 271
1595470 266
1595480 263
1595490 263
1595500 261
1595510 261
1595520 261
1595530 262
1595540 262
1595550 262
1595560 263
1595570 264
1595580 264
1595590 265
1595600 264
1595610 264
1595620 265
1595630 265
1595640 266
1595650 267
1595660 267
1595670 267
1595680 267
1595690 268
1595700 268
1595710 270
1595720 272
1595730 272
1595740 274
1595750 277
1595760 277
1595770 279
1595780 281
1595790 281
1595800 282
1595810 284
1595820 284
1595830 285
1595840 285
1595850 285
1595860 285
1595870 285
1595880 285
1595890 286
1595900 289
1595910 289
1595920 290
1595930 291
1595940 291
1595950 287
1595960 288
1595970 288
1595980 290
1595990 295
1596000 295
1596010 296
1596020 297
1596030 297
1596040 298
1596050 299
1596060 299
1596070 301
1596080 303
1596090 303
1596100 305
1596110 307
1596120 307
1596130 308
1596140 310
1596150 310
1596160 310
1596170 310
1596180 310
1596190 309
1596200 312
1596210 312
1596220 314
1596230 314
1596240 314
1596250 317
1596260 320
1596270 320
1596280 323
1596290 326
1596300 326
1596310 329
1596320 331
1596330 331
1596340 334
1596350 336
1596360 336
1596370 338
1596380 338
1596390 340
1596400 342
1596410 342
1596420 344
1596430 345
1596440 345
1596450 345
1596460 346
1596470 346
1596480 347
1596490 348
1596500 348
1596510 348
1596520 349
1596530 349
1596540 349
1596550 350
1596560 350
1596570 350
1596580 350
1596590 350
1596600 350
1596610 350
1596620 350
1596630 350
1596640 350
1596650 350
1596660 350
1596670 349
1596680 349
1596690 349
1596700 348
1596710 348
1596720 348
1596730 348
1596740 348
1596750 346
1596760 345
1596770 345
1596780 343
1596790 342
1596800 343
1596810 342
1596820 342
1596830 342
1596840 342
1596850 342
1596860 342
1596870 342
1596880 342
1596890 342
1596900 343
1596910 344
1596920 344
1596930 345
1596940 346
1596950 346
1596960 348
1596970 350
1596980 350
1596990 352
1597000 354
1597010 354
1597020 355
1597030 357
1597040 357
1597050 358
1597060 359
1597070 359
1597080 360
1597090 361
1597100 361
1597110 363
1597120 364
1597130 364
1597140 365
1597150 366
1597160 366
1597170 366
1597180 367
1597190 367
1597200 368
1597210 369
1597220 369
1597230 370
1597240 370
1597250 370
1597260 371
1597270 372
1597280 372
1597290 372
1597300 373
1597310 373
1597320 373
1597330 374
1597340 374
1597350 375
1597360 376
1597370 376
1597380 377
1597390 378
1597400 378
1597410 379
1597420 379
1597430 379
1597440 380
1597450 381
1597460 381
1597470 381
1597480 382
1597490 382
1597500 382
1597510 383
1597520 383
1597530 384
1597540 385
1597550 385
1597560 385
1597570 386
1597580 386
1597590 387
1597600 387
1597610 387
1597620 388
1597630 389
1597640 389
1597650 390
1597660 390
1597670 390
1597680 391
1597690 392
1597700 392
1597710 393
1597720 394
1597730 394
1597740 394
1597750 395
1597760 395
1597770 395
1597780 395
1597790 395
1597800 395
1597810 395
1597820 395
1597830 395
1597840 396
1597850 396
1597860 396
1597870 396
1597880 396
1597890 396
1597900 395
1597910 395
1597920 395
1597930 395
1597940 395
1597950 397
1597960 397
1597970 397
1597980 396
1597990 394
1598000 394
1598010 396
1598020 396
1598030 396
1598040 396
1598050 396
1598060 396
1598070 396
1598080 396
1598090 396
1598100 397
1598110 397
1598120 397
1598130 395
1598140 397
1598150 397
1598160 398
1598170 398
1598180 398
1598190 398
1598200 396
1598210 396
1598220 398
1598230 400
1598240 400
1598250 400
1598260 399
1598270 399
1598280 399
1598290 399
1598300 399
1598310 399
1598320 399
1598330 399
1598340 399
1598350 399
1598360 399
1598370 399
1598380 398
1598390 398
1598400 398
1598410 397
1598420 397
1598430 397
1598440 396
1598450 396
1598460 396
1598470 395
1598480 395
1598490 394
1598500 393
1598510 393
1598520 393
1598530 391
1598540 391
1598550 391
1598560 390
1598570 390
1598580 390
1598590 389
1598600 389
1598610 388
1598620 387
1598630 387
1598640 386
1598650 386
1598660 386
1598670 386
1598680 387
1598690 387
1598700 388
1598710 389
1598720 389
1598730 388
1598740 389
1598750 389
1598760 392
1598770 393
1598780 393
1598790 394
1598800 396
1598810 396
1598820 398
1598830 400
1598840 400
1598850 402
1598860 404
1598870 404
1598880 406
1598890 407
1598900 407
1598910 409
1598920 409
1598930 409
1598940 410
1598950 411
1598960 411
1598970 412
1598980 413
1598990 413
1599000 413
1599010 414
1599020 414
1599030 414
1599040 414
1599050 414
1599060 415
1599070 415
1599080 415
1599090 416
1599100 416
1599110 416
1599120 416
1599130 416
1599140 416
1599150 416
1599160 417
1599170 417
1599180 417
1599190 417
1599200 417
1599210 417
1599220 417
1599230 417
1599240 417
1599250 417
1599260 417
1599270 417
1599280 417
1599290 417
1599300 417
1599310 418
1599320 418
1599330 418
1599340 418
1599350 418
1599360 417
1599370 418
1599380 418
1599390 418
1599400 418
1599410 418
1599420 418
1599430 418
1599440 418
1599450 419
1599460 419
1599470 419
1599480 420
1599490 420
1599500 420
1599510 420
1599520 420
1599530 420
1599540 420
1599550 420
1599560 420
1599570 420
1599580 420
1599590 420
1599600 421
1599610 421
1599620 421
1599630 421
1599640 421
1599650 421
1599660 421
1599670 421
1599680 421
1599690 421
1599700 421
1599710 421
1599720 422
1599730 422
1599740 422
1599750 422
1599760 422
1599770 422
1599780 422
1599790 422
1599800 422
1599810 423
1599820 423
1599830 423
1599840 423
1599850 423
1599860 423
1599870 423
1599880 422
1599890 422
1599900 421
1599910 420
1599920 420
1599930 418
1599940 415
1599950 415
1599960 413
1599970 411
1599980 411
1599990 410
