1580000 524
1580010 524
1580020 524
1580030 525
1580040 525
1580050 526
1580060 527
1580070 527
1580080 528
1580090 529
1580100 529
1580110 531
1580120 532
1580130 532
1580140 533
1580150 534
1580160 534
1580170 535
1580180 536
1580190 536
1580200 537
1580210 538
1580220 538
1580230 539
1580240 540
1580250 540
1580260 541
1580270 542
1580280 542
1580290 543
1580300 544
1580310 544
1580320 545
1580330 546
1580340 546
1580350 546
1580360 547
1580370 547
1580380 547
1580390 548
1580400 548
1580410 547
1580420 546
1580430 546
1580440 546
1580450 545
1580460 545
1580470 544
1580480 543
1580490 543
1580500 541
1580510 540
1580520 540
1580530 538
1580540 537
1580550 537
1580560 536
1580570 535
1580580 535
1580590 534
1580600 533
1580610 533
1580620 532
1580630 532
1580640 532
1580650 532
1580660 534
1580670 534
1580680 535
1580690 535
1580700 535
1580710 535
1580720 534
1580730 534
1580740 533
1580750 531
1580760 531
1580770 530
1580780 527
1580790 527
1580800 525
1580810 522
1580820 522
1580830 519
1580840 517
1580850 517
1580860 516
1580870 515
1580880 515
1580890 513
1580900 512
1580910 512
1580920 510
1580930 509
1580940 509
1580950 509
1580960 509
1580970 509
1580980 509
1580990 509
1581000 509
1581010 509
1581020 508
1581030 508
1581040 509
1581050 511
1581060 511
1581070 512
1581080 514
1581090 514
1581100 515
1581110 516
1581120 516
1581130 517
1581140 518
1581150 518
1581160 519
1581170 520
1581180 520
1581190 523
1581200 525
1581210 525
1581220 527
1581230 529
1581240 529
1581250 530
1581260 532
1581270 532
1581280 534
1581290 536
1581300 536
1581310 538
1581320 540
1581330 540
1581340 544
1581350 545
1581360 545
1581370 547
1581380 547
1581390 549
1581400 551
1581410 551
1581420 552
1581430 554
1581440 554
1581450 555
1581460 556
1581470 556
1581480 557
1581490 558
1581500 558
1581510 559
1581520 559
1581530 559
1581540 559
1581550 562
1581560 562
1581570 565
1581580 567
1581590 567
1581600 569
1581610 571
1581620 571
1581630 574
1581640 577
1581650 577
1581660 579
1581670 582
1581680 582
1581690 585
1581700 587
1581710 587
1581720 590
1581730 593
1581740 593
1581750 595
1581760 597
1581770 597
1581780 600
1581790 603
1581800 603
1581810 605
1581820 607
1581830 607
1581840 610
1581850 612
1581860 612
1581870 615
1581880 617
1581890 617
1581900 619
1581910 621
1581920 621
1581930 623
1581940 624
1581950 624
1581960 626
1581970 626
1581980 626
1581990 627
1582000 627
1582010 627
1582020 627
1582030 627
1582040 627
1582050 627
1582060 627
1582070 627
1582080 628
1582090 628
1582100 628
1582110 628
1582120 628
1582130 628
1582140 628
1582150 628
1582160 628
1582170 628
1582180 628
1582190 628
1582200 629
1582210 629
1582220 629
1582230 629
1582240 629
1582250 629
1582260 629
1582270 630
1582280 630
1582290 630
1582300 630
1582310 630
1582320 630
1582330 630
1582340 630
1582350 629
1582360 629
1582370 629
1582380 629
1582390 629
1582400 629
1582410 629
1582420 628
1582430 628
1582440 628
1582450 628
1582460 628
1582470 627
1582480 626
1582490 626
1582500 625
1582510 624
1582520 624
1582530 625
1582540 625
1582550 625
1582560 626
1582570 627
1582580 627
1582590 627
1582600 628
1582610 628
1582620 629
1582630 630
1582640 630
1582650 631
1582660 632
1582670 631
1582680 632
1582690 633
1582700 633
1582710 634
1582720 634
1582730 634
1582740 635
1582750 636
1582760 636
1582770 637
1582780 637
1582790 637
1582800 638
1582810 638
1582820 638
1582830 639
1582840 639
1582850 639
1582860 640
1582870 640
1582880 640
1582890 640
1582900 640
1582910 640
1582920 640
1582930 641
1582940 641
1582950 641
1582960 641
1582970 641
1582980 642
1582990 642
1583000 642
1583010 642
1583020 643
1583030 643
1583040 643
1583050 644
1583060 644
1583070 644
1583080 645
1583090 645
1583100 646
1583110 647
1583120 647
1583130 647
1583140 648
1583150 648
1583160 649
1583170 650
1583180 650
1583190 651
1583200 652
1583210 652
1583220 653
1583230 654
1583240 654
1583250 655
1583260 656
1583270 656
1583280 657
1583290 658
1583300 658
1583310 659
1583320 660
1583330 660
1583340 661
1583350 662
1583360 662
1583370 663
1583380 665
1583390 665
1583400 666
1583410 667
1583420 667
1583430 668
1583440 670
1583450 670
1583460 671
1583470 672
1583480 672
1583490 674
1583500 675
1583510 675
1583520 677
1583530 678
1583540 678
1583550 680
1583560 681
1583570 681
1583580 683
1583590 684
1583600 684
1583610 685
1583620 686
1583630 686
1583640 687
1583650 689
1583660 689
1583670 690
1583680 692
1583690 692
1583700 693
1583710 695
1583720 695
1583730 698
1583740 698
1583750 699
1583760 700
1583770 700
1583780 700
1583790 702
1583800 702
1583810 705
1583820 707
1583830 707
1583840 708
1583850 710
1583860 710
1583870 711
1583880 713
1583890 713
1583900 715
1583910 717
1583920 717
1583930 718
1583940 721
1583950 721
1583960 723
1583970 726
1583980 726
1583990 729
1584000 732
1584010 732
1584020 734
1584030 735
1584040 735
1584050 737
1584060 738
1584070 738
1584080 739
1584090 741
1584100 741
1584110 742
1584120 744
1584130 744
1584140 745
1584150 747
1584160 747
1584170 749
1584180 751
1584190 751
1584200 752
1584210 754
1584220 754
1584230 755
1584240 758
1584250 758
1584260 760
1584270 761
1584280 761
1584290 763
1584300 765
1584310 765
1584320 768
1584330 770
1584340 770
1584350 772
1584360 775
1584370 775
1584380 777
1584390 780
1584400 780
1584410 783
1584420 787
1584430 787
1584440 790
1584450 793
1584460 793
1584470 796
1584480 800
1584490 800
1584500 804
1584510 807
1584520 807
1584530 807
1584540 808
1584550 808
1584560 808
1584570 809
1584580 809
1584590 810
1584600 810
1584610 810
1584620 810
1584630 810
1584640 810
1584650 811
1584660 811
1584670 811
1584680 811
1584690 812
1584700 812
1584710 812
1584720 812
1584730 812
1584740 812
1584750 812
1584760 812
1584770 812
1584780 812
1584790 812
1584800 813
1584810 813
1584820 813
1584830 813
1584840 813
1584850 813
1584860 813
1584870 813
1584880 813
1584890 813
1584900 813
1584910 813
1584920 813
1584930 814
1584940 814
1584950 814
1584960 814
1584970 814
1584980 814
1584990 815
1585000 815
1585010 815
1585020 815
1585030 815
1585040 815
1585050 816
1585060 816
1585070 817
1585080 817
1585090 817
1585100 817
1585110 816
1585120 816
1585130 815
1585140 814
1585150 814
1585160 813
1585170 810
1585180 810
1585190 807
1585200 806
1585210 806
1585220 805
1585230 804
1585240 804
1585250 804
1585260 804
1585270 804
1585280 804
1585290 803
1585300 803
1585310 803
1585320 804
1585330 804
1585340 804
1585350 805
1585360 805
1585370 805
1585380 806
1585390 806
1585400 806
1585410 806
1585420 806
1585430 806
1585440 806
1585450 806
1585460 806
1585470 805
1585480 805
1585490 804
1585500 804
1585510 804
1585520 803
1585530 803
1585540 803
1585550 802
1585560 802
1585570 802
1585580 801
1585590 801
1585600 801
1585610 800
1585620 800
1585630 800
1585640 799
1585650 799
1585660 799
1585670 799
1585680 798
1585690 798
1585700 798
1585710 798
1585720 798
1585730 798
1585740 798
1585750 798
1585760 798
1585770 798
1585780 798
1585790 797
1585800 797
1585810 797
1585820 798
1585830 798
1585840 798
1585850 798
1585860 798
1585870 798
1585880 798
1585890 799
1585900 799
1585910 799
1585920 801
1585930 801
1585940 801
1585950 801
1585960 801
1585970 801
1585980 802
1585990 802
1586000 802
1586010 802
1586020 802
1586030 803
1586040 803
1586050 803
1586060 804
1586070 804
1586080 805
1586090 806
1586100 806
1586110 807
1586120 807
1586130 807
1586140 807
1586150 808
1586160 808
1586170 808
1586180 809
1586190 809
1586200 810
1586210 811
1586220 811
1586230 811
1586240 810
1586250 810
1586260 810
1586270 811
1586280 811
1586290 813
1586300 813
1586310 813
1586320 814
1586330 815
1586340 815
1586350 816
1586360 816
1586370 816
1586380 817
1586390 817
1586400 817
1586410 818
1586420 818
1586430 818
1586440 819
1586450 819
1586460 819
1586470 820
1586480 820
1586490 820
1586500 820
1586510 821
1586520 821
1586530 821
1586540 822
1586550 822
1586560 822
1586570 823
1586580 825
1586590 826
1586600 826
1586610 826
1586620 827
1586630 827
1586640 827
1586650 827
1586660 828
1586670 828
1586680 829
1586690 830
1586700 830
1586710 831
1586720 832
1586730 832
1586740 834
1586750 835
1586760 835
1586770 836
1586780 838
1586790 838
1586800 840
1586810 841
1586820 841
1586830 843
1586840 845
1586850 845
1586860 846
1586870 847
1586880 847
1586890 848
1586900 849
1586910 849
1586920 850
1586930 850
1586940 850
1586950 851
1586960 852
1586970 852
1586980 855
1586990 858
1587000 858
1587010 859
1587020 860
1587030 860
1587040 860
1587050 860
1587060 860
1587070 859
1587080 859
1587090 859
1587100 859
1587110 858
1587120 858
1587130 857
1587140 857
1587150 857
1587160 855
1587170 854
1587180 854
1587190 853
1587200 852
1587210 852
1587220 850
1587230 847
1587240 847
1587250 845
1587260 844
1587270 844
1587280 843
1587290 842
1587300 842
1587310 840
1587320 839
1587330 839
1587340 838
1587350 837
1587360 837
1587370 836
1587380 835
1587390 835
1587400 833
1587410 832
1587420 832
1587430 830
1587440 828
1587450 828
1587460 827
1587470 825
1587480 825
1587490 823
1587500 821
1587510 821
1587520 819
1587530 817
1587540 817
1587550 814
1587560 811
1587570 811
1587580 808
1587590 805
1587600 805
1587610 802
1587620 800
1587630 800
1587640 798
1587650 797
1587660 797
1587670 796
1587680 794
1587690 794
1587700 793
1587710 792
1587720 792
1587730 790
1587740 789
1587750 789
1587760 788
1587770 786
1587780 786
1587790 785
1587800 783
1587810 783
1587820 782
1587830 781
1587840 781
1587850 779
1587860 779
1587870 779
1587880 777
1587890 776
1587900 776
1587910 774
1587920 772
1587930 772
1587940 771
1587950 770
1587960 770
1587970 767
1587980 766
1587990 766
1588000 764
1588010 764
1588020 764
1588030 763
1588040 762
1588050 762
1588060 760
1588070 758
1588080 758
1588090 756
1588100 754
1588110 754
1588120 753
1588130 752
1588140 752
1588150 750
1588160 747
1588170 747
1588180 745
1588190 744
1588200 744
1588210 742
1588220 740
1588230 740
1588240 738
1588250 737
1588260 737
1588270 736
1588280 735
1588290 735
1588300 734
1588310 732
1588320 732
1588330 731
1588340 730
1588350 730
1588360 729
1588370 727
1588380 727
1588390 726
1588400 726
1588410 725
1588420 724
1588430 724
1588440 723
1588450 721
1588460 721
1588470 720
1588480 719
1588490 719
1588500 717
1588510 715
1588520 715
1588530 714
1588540 714
1588550 714
1588560 713
1588570 712
1588580 712
1588590 711
1588600 710
1588610 710
1588620 709
1588630 707
1588640 707
1588650 705
1588660 704
1588670 704
1588680 701
1588690 699
1588700 699
1588710 697
1588720 695
1588730 695
1588740 693
1588750 692
1588760 692
1588770 691
1588780 690
1588790 690
1588800 689
1588810 688
1588820 688
1588830 687
1588840 686
1588850 686
1588860 685
1588870 684
1588880 684
1588890 683
1588900 682
1588910 682
1588920 681
1588930 681
1588940 681
1588950 680
1588960 680
1588970 680
1588980 679
1588990 678
1589000 678
1589010 677
1589020 677
1589030 677
1589040 676
1589050 676
1589060 676
1589070 675
1589080 675
1589090 675
1589100 673
1589110 672
1589120 672
1589130 671
1589140 670
1589150 670
1589160 669
1589170 667
1589180 667
1589190 665
1589200 664
1589210 664
1589220 662
1589230 660
1589240 660
1589250 657
1589260 655
1589270 655
1589280 652
1589290 650
1589300 650
1589310 647
1589320 645
1589330 645
1589340 642
1589350 639
1589360 639
1589370 637
1589380 634
1589390 634
1589400 630
1589410 625
1589420 625
1589430 622
1589440 619
1589450 619
1589460 616
1589470 614
1589480 614
1589490 612
1589500 610
1589510 610
1589520 608
1589530 605
1589540 605
1589550 602
1589560 598
1589570 598
1589580 595
1589590 593
1589600 593
1589610 591
1589620 588
1589630 588
1589640 585
1589650 581
1589660 581
1589670 579
1589680 576
1589690 576
1589700 575
1589710 573
1589720 573
1589730 571
1589740 570
1589750 570
1589760 569
1589770 566
1589780 566
1589790 562
1589800 557
1589810 557
1589820 553
1589830 551
1589840 551
1589850 551
1589860 550
1589870 550
1589880 548
1589890 545
1589900 545
1589910 541
1589920 536
1589930 536
1589940 529
1589950 523
1589960 523
1589970 516
1589980 509
1589990 509
1590000 503
1590010 497
1590020 497
1590030 491
1590040 485
1590050 485
1590060 479
1590070 473
1590080 473
1590090 467
1590100 462
1590110 462
1590120 459
1590130 455
1590140 455
1590150 453
1590160 453
1590170 453
1590180 454
1590190 456
1590200 456
1590210 458
1590220 462
1590230 462
1590240 467
1590250 471
1590260 471
1590270 477
1590280 482
1590290 482
1590300 486
1590310 489
1590320 489
1590330 500
1590340 504
1590350 504
1590360 508
1590370 510
1590380 510
1590390 512
1590400 515
1590410 515
1590420 518
1590430 521
1590440 521
1590450 522
1590460 523
1590470 523
1590480 524
1590490 525
1590500 525
1590510 524
1590520 521
1590530 521
1590540 517
1590550 512
1590560 512
1590570 507
1590580 502
1590590 502
1590600 498
1590610 494
1590620 494
1590630 489
1590640 485
1590650 485
1590660 482
1590670 478
1590680 478
1590690 473
1590700 473
1590710 469
1590720 466
1590730 466
1590740 463
1590750 457
1590760 457
1590770 450
1590780 444
1590790 444
1590800 438
1590810 434
1590820 434
1590830 431
1590840 427
1590850 427
1590860 425
1590870 422
1590880 422
1590890 421
1590900 420
1590910 420
1590920 419
1590930 420
1590940 420
1590950 420
1590960 419
1590970 419
1590980 421
1590990 426
1591000 426
1591010 433
1591020 441
1591030 441
1591040 447
1591050 453
1591060 453
1591070 459
1591080 466
1591090 466
1591100 472
1591110 479
1591120 479
1591130 485
1591140 492
1591150 492
1591160 498
1591170 505
1591180 505
1591190 511
1591200 517
1591210 517
1591220 522
1591230 528
1591240 528
1591250 533
1591260 539
1591270 539
1591280 545
1591290 550
1591300 550
1591310 555
1591320 560
1591330 560
1591340 565
1591350 569
1591360 569
1591370 572
1591380 573
1591390 573
1591400 572
1591410 571
1591420 571
1591430 569
1591440 567
1591450 567
1591460 565
1591470 562
1591480 562
1591490 559
1591500 556
1591510 556
1591520 554
1591530 555
1591540 555
1591550 557
1591560 559
1591570 559
1591580 561
1591590 563
1591600 563
1591610 565
1591620 568
1591630 568
1591640 570
1591650 572
1591660 572
1591670 573
1591680 575
1591690 575
1591700 577
1591710 578
1591720 578
1591730 580
1591740 581
1591750 581
1591760 583
1591770 585
1591780 585
1591790 586
1591800 589
1591810 589
1591820 591
1591830 594
1591840 594
1591850 596
1591860 598
1591870 598
1591880 599
1591890 601
1591900 601
1591910 603
1591920 605
1591930 605
1591940 607
1591950 609
1591960 609
1591970 610
1591980 612
1591990 612
1592000 614
1592010 617
1592020 617
1592030 618
1592040 620
1592050 620
1592060 621
1592070 623
1592080 623
1592090 624
1592100 625
1592110 625
1592120 626
1592130 628
1592140 628
1592150 629
1592160 630
1592170 630
1592180 632
1592190 633
1592200 633
1592210 635
1592220 636
1592230 636
1592240 638
1592250 640
1592260 640
1592270 641
1592280 643
1592290 643
1592300 645
1592310 647
1592320 647
1592330 649
1592340 651
1592350 651
1592360 654
1592370 656
1592380 656
1592390 658
1592400 659
1592410 659
1592420 660
1592430 660
1592440 660
1592450 660
1592460 660
1592470 660
1592480 659
1592490 658
1592500 658
1592510 657
1592520 656
1592530 656
1592540 655
1592550 654
1592560 654
1592570 653
1592580 652
1592590 652
1592600 651
1592610 650
1592620 650
1592630 650
1592640 649
1592650 649
1592660 649
1592670 649
1592680 649
1592690 649
1592700 648
1592710 648
1592720 648
1592730 648
1592740 648
1592750 647
1592760 648
1592770 648
1592780 648
1592790 647
1592800 647
1592810 647
1592820 647
1592830 647
1592840 646
1592850 646
1592860 646
1592870 646
1592880 646
1592890 646
1592900 647
1592910 647
1592920 647
1592930 647
1592940 648
1592950 648
1592960 648
1592970 648
1592980 648
1592990 648
1593000 648
1593010 648
1593020 648
1593030 648
1593040 648
1593050 649
1593060 649
1593070 649
1593080 649
1593090 649
1593100 649
1593110 650
1593120 650
1593130 651
1593140 652
1593150 652
1593160 653
1593170 654
1593180 654
1593190 655
1593200 655
1593210 655
1593220 656
1593230 657
1593240 657
1593250 658
1593260 659
1593270 659
1593280 660
1593290 661
1593300 661
1593310 662
1593320 663
1593330 663
1593340 663
1593350 664
1593360 664
1593370 665
1593380 665
1593390 665
1593400 666
1593410 667
1593420 667
1593430 667
1593440 668
1593450 668
1593460 669
1593470 669
1593480 669
1593490 670
1593500 671
1593510 671
1593520 672
1593530 673
1593540 673
1593550 674
1593560 675
1593570 675
1593580 677
1593590 678
1593600 678
1593610 679
1593620 680
1593630 680
1593640 681
1593650 682
1593660 682
1593670 682
1593680 683
1593690 683
1593700 684
1593710 685
1593720 685
1593730 685
1593740 685
1593750 685
1593760 685
1593770 685
1593780 685
1593790 684
1593800 683
1593810 683
1593820 683
1593830 684
1593840 684
1593850 684
1593860 684
1593870 684
1593880 684
1593890 684
1593900 684
1593910 683
1593920 682
1593930 682
1593940 682
1593950 681
1593960 681
1593970 681
1593980 680
1593990 680
1594000 679
1594010 678
1594020 678
1594030 677
1594040 676
1594050 676
1594060 676
1594070 675
1594080 675
1594090 673
1594100 672
1594110 672
1594120 670
1594130 669
1594140 669
1594150 669
1594160 669
1594170 669
1594180 669
1594190 669
1594200 669
1594210 670
1594220 670
1594230 670
1594240 670
1594250 670
1594260 670
1594270 670
1594280 670
1594290 670
1594300 670
1594310 670
1594320 670
1594330 670
1594340 670
1594350 670
1594360 670
1594370 670
1594380 670
1594390 670
1594400 670
1594410 670
1594420 670
1594430 670
1594440 670
1594450 670
1594460 670
1594470 670
1594480 670
1594490 670
1594500 670
1594510 669
1594520 668
1594530 668
1594540 668
1594550 668
1594560 668
1594570 667
1594580 666
1594590 666
1594600 666
1594610 665
1594620 665
1594630 665
1594640 664
1594650 664
1594660 664
1594670 664
1594680 664
1594690 663
1594700 662
1594710 662
1594720 662
1594730 661
1594740 661
1594750 661
1594760 661
1594770 661
1594780 660
1594790 660
1594800 660
1594810 659
1594820 659
1594830 659
1594840 658
1594850 657
1594860 657
1594870 656
1594880 655
1594890 655
1594900 655
1594910 654
1594920 654
1594930 654
1594940 653
1594950 653
1594960 653
1594970 652
1594980 652
1594990 652
1595000 651
1595010 651
1595020 651
1595030 651
1595040 651
1595050 650
1595060 649
1595070 649
1595080 649
1595090 648
1595100 648
1595110 648
1595120 647
1595130 647
1595140 646
1595150 646
1595160 646
1595170 645
1595180 644
1595190 644
1595200 643
1595210 642
1595220 642
1595230 640
1595240 639
1595250 639
1595260 639
1595270 638
1595280 638
1595290 637
1595300 637
1595310 637
1595320 637
1595330 637
1595340 637
1595350 636
1595360 636
1595370 636
1595380 635
1595390 635
1595400 634
1595410 634
1595420 634
1595430 633
1595440 633
1595450 633
1595460 632
1595470 632
1595480 632
1595490 632
1595500 631
1595510 631
1595520 631
1595530 631
1595540 631
1595550 631
1595560 631
1595570 631
1595580 631
1595590 631
1595600 631
1595610 631
1595620 631
1595630 631
1595640 631
1595650 631
1595660 631
1595670 631
1595680 631
1595690 631
1595700 631
1595710 631
1595720 631
1595730 631
1595740 631
1595750 631
1595760 631
1595770 631
1595780 631
1595790 631
1595800 631
1595810 631
1595820 631
1595830 631
1595840 631
1595850 631
1595860 631
1595870 631
1595880 631
1595890 631
1595900 631
1595910 631
1595920 631
1595930 631
1595940 631
1595950 631
1595960 631
1595970 631
1595980 631
1595990 631
1596000 631
1596010 630
1596020 630
1596030 630
1596040 630
1596050 630
1596060 629
1596070 629
1596080 629
1596090 629
1596100 627
1596110 627
1596120 626
1596130 625
1596140 625
1596150 624
1596160 622
1596170 622
1596180 621
1596190 620
1596200 620
1596210 619
1596220 618
1596230 618
1596240 617
1596250 616
1596260 616
1596270 614
1596280 613
1596290 613
1596300 611
1596310 609
1596320 609
1596330 606
1596340 603
1596350 603
1596360 602
1596370 602
1596380 602
1596390 601
1596400 602
1596410 602
1596420 602
1596430 602
1596440 602
1596450 602
1596460 602
1596470 602
1596480 602
1596490 603
1596500 603
1596510 603
1596520 603
1596530 603
1596540 604
1596550 605
1596560 605
1596570 605
1596580 606
1596590 606
1596600 607
1596610 608
1596620 608
1596630 609
1596640 610
1596650 610
1596660 609
1596670 608
1596680 608
1596690 608
1596700 608
1596710 608
1596720 608
1596730 607
1596740 607
1596750 606
1596760 604
1596770 604
1596780 603
1596790 602
1596800 602
1596810 600
1596820 598
1596830 598
1596840 596
1596850 596
1596860 596
1596870 595
1596880 594
1596890 594
1596900 594
1596910 595
1596920 595
1596930 595
1596940 595
1596950 595
1596960 595
1596970 595
1596980 595
1596990 595
1597000 595
1597010 595
1597020 595
1597030 595
1597040 595
1597050 595
1597060 596
1597070 596
1597080 596
1597090 596
1597100 596
1597110 596
1597120 596
1597130 596
1597140 596
1597150 596
1597160 596
1597170 596
1597180 595
1597190 595
1597200 595
1597210 595
1597220 595
1597230 595
1597240 594
1597250 594
1597260 594
1597270 594
1597280 594
1597290 594
1597300 594
1597310 594
1597320 594
1597330 594
1597340 594
1597350 594
1597360 594
1597370 594
1597380 594
1597390 593
1597400 593
1597410 593
1597420 593
1597430 593
1597440 593
1597450 593
1597460 593
1597470 593
1597480 593
1597490 593
1597500 592
1597510 591
1597520 591
1597530 590
1597540 589
1597550 589
1597560 588
1597570 587
1597580 587
1597590 586
1597600 585
1597610 585
1597620 584
1597630 583
1597640 583
1597650 582
1597660 582
1597670 580
1597680 579
1597690 579
1597700 577
1597710 575
1597720 575
1597730 574
1597740 570
1597750 570
1597760 566
1597770 561
1597780 561
1597790 559
1597800 557
1597810 557
1597820 555
1597830 553
1597840 553
1597850 551
1597860 549
1597870 549
1597880 547
1597890 544
1597900 544
1597910 542
1597920 541
1597930 541
1597940 539
1597950 537
1597960 537
1597970 535
1597980 533
1597990 533
1598000 530
1598010 526
1598020 526
1598030 523
1598040 522
1598050 522
1598060 521
1598070 521
1598080 521
1598090 521
1598100 521
1598110 521
1598120 521
1598130 522
1598140 522
1598150 523
1598160 525
1598170 525
1598180 526
1598190 528
1598200 528
1598210 531
1598220 532
1598230 532
1598240 534
1598250 535
1598260 535
1598270 537
1598280 538
1598290 538
1598300 540
1598310 542
1598320 542
1598330 543
1598340 545
1598350 545
1598360 545
1598370 546
1598380 546
1598390 546
1598400 547
1598410 547
1598420 547
1598430 548
1598440 548
1598450 548
1598460 548
1598470 548
1598480 548
1598490 549
1598500 549
1598510 550
1598520 551
1598530 551
1598540 552
1598550 552
1598560 552
1598570 553
1598580 554
1598590 554
1598600 554
1598610 555
1598620 557
1598630 558
1598640 559
1598650 559
1598660 560
1598670 561
1598680 561
1598690 561
1598700 562
1598710 562
1598720 562
1598730 563
1598740 563
1598750 564
1598760 564
1598770 564
1598780 565
1598790 566
1598800 566
1598810 567
1598820 569
1598830 569
1598840 571
1598850 572
1598860 572
1598870 574
1598880 575
1598890 575
1598900 576
1598910 576
1598920 576
1598930 576
1598940 575
1598950 575
1598960 574
1598970 573
1598980 573
1598990 571
1599000 569
1599010 569
1599020 568
1599030 566
1599040 566
1599050 564
1599060 563
1599070 563
1599080 561
1599090 559
1599100 559
1599110 557
1599120 555
1599130 555
1599140 552
1599150 550
1599160 550
1599170 547
1599180 543
1599190 543
1599200 539
1599210 537
1599220 537
1599230 535
1599240 533
1599250 533
1599260 531
1599270 528
1599280 528
1599290 529
1599300 530
1599310 530
1599320 531
1599330 533
1599340 533
1599350 535
1599360 536
1599370 536
1599380 538
1599390 539
1599400 539
1599410 540
1599420 542
1599430 542
1599440 543
1599450 545
1599460 545
1599470 546
1599480 548
1599490 548
1599500 549
1599510 551
1599520 551
1599530 552
1599540 553
1599550 553
1599560 555
1599570 556
1599580 556
1599590 558
1599600 559
1599610 559
1599620 560
1599630 561
1599640 561
1599650 562
1599660 562
1599670 562
1599680 562
1599690 562
1599700 562
1599710 563
1599720 563
1599730 563
1599740 564
1599750 567
1599760 567
1599770 567
1599780 568
1599790 568
1599800 568
1599810 568
1599820 568
1599830 568
1599840 568
1599850 568
1599860 568
1599870 568
1599880 568
1599890 568
1599900 568
1599910 568
1599920 568
1599930 568
1599940 568
1599950 569
1599960 569
1599970 569
1599980 569
1599990 569
