1580000 538
1580010 537
1580020 537
1580030 535
1580040 533
1580050 533
1580060 531
1580070 530
1580080 530
1580090 528
1580100 526
1580110 526
1580120 526
1580130 526
1580140 526
1580150 528
1580160 530
1580170 530
1580180 531
1580190 531
1580200 533
1580210 534
1580220 534
1580230 536
1580240 537
1580250 537
1580260 538
1580270 539
1580280 539
1580290 540
1580300 540
1580310 540
1580320 541
1580330 542
1580340 542
1580350 542
1580360 543
1580370 543
1580380 543
1580390 543
1580400 543
1580410 543
1580420 542
1580430 542
1580440 541
1580450 538
1580460 538
1580470 536
1580480 532
1580490 532
1580500 529
1580510 526
1580520 526
1580530 522
1580540 519
1580550 519
1580560 517
1580570 514
1580580 514
1580590 510
1580600 503
1580610 503
1580620 496
1580630 489
1580640 489
1580650 483
1580660 480
1580670 480
1580680 477
1580690 476
1580700 476
1580710 475
1580720 475
1580730 475
1580740 476
1580750 476
1580760 476
1580770 476
1580780 475
1580790 475
1580800 475
1580810 476
1580820 476
1580830 476
1580840 476
1580850 476
1580860 477
1580870 477
1580880 477
1580890 477
1580900 478
1580910 478
1580920 478
1580930 478
1580940 478
1580950 478
1580960 479
1580970 479
1580980 479
1580990 480
1581000 480
1581010 481
1581020 482
1581030 482
1581040 483
1581050 484
1581060 484
1581070 485
1581080 487
1581090 487
1581100 488
1581110 490
1581120 490
1581130 491
1581140 493
1581150 493
1581160 494
1581170 494
1581180 494
1581190 496
1581200 497
1581210 497
1581220 498
1581230 500
1581240 500
1581250 501
1581260 503
1581270 503
1581280 505
1581290 507
1581300 507
1581310 509
1581320 511
1581330 511
1581340 513
1581350 515
1581360 515
1581370 518
1581380 521
1581390 521
1581400 524
1581410 528
1581420 528
1581430 532
1581440 536
1581450 536
1581460 540
1581470 544
1581480 544
1581490 548
1581500 551
1581510 551
1581520 554
1581530 557
1581540 557
1581550 561
1581560 564
1581570 564
1581580 567
1581590 569
1581600 569
1581610 571
1581620 573
1581630 573
1581640 575
1581650 577
1581660 577
1581670 578
1581680 580
1581690 580
1581700 582
1581710 583
1581720 583
1581730 584
1581740 583
1581750 583
1581760 582
1581770 581
1581780 581
1581790 578
1581800 574
1581810 574
1581820 570
1581830 566
1581840 566
1581850 561
1581860 557
1581870 557
1581880 555
1581890 554
1581900 554
1581910 553
1581920 553
1581930 553
1581940 553
1581950 553
1581960 553
1581970 552
1581980 553
1581990 553
1582000 554
1582010 556
1582020 556
1582030 560
1582040 562
1582050 562
1582060 565
1582070 566
1582080 566
1582090 567
1582100 569
1582110 569
1582120 571
1582130 572
1582140 572
1582150 575
1582160 576
1582170 576
1582180 578
1582190 580
1582200 580
1582210 582
1582220 584
1582230 584
1582240 586
1582250 588
1582260 588
1582270 590
1582280 590
1582290 593
1582300 596
1582310 596
1582320 599
1582330 602
1582340 602
1582350 605
1582360 609
1582370 609
1582380 614
1582390 618
1582400 618
1582410 622
1582420 624
1582430 624
1582440 625
1582450 627
1582460 627
1582470 627
1582480 625
1582490 625
1582500 624
1582510 623
1582520 623
1582530 620
1582540 616
1582550 616
1582560 613
1582570 610
1582580 610
1582590 608
1582600 606
1582610 606
1582620 602
1582630 599
1582640 599
1582650 599
1582660 600
1582670 600
1582680 601
1582690 603
1582700 603
1582710 605
1582720 608
1582730 608
1582740 611
1582750 614
1582760 614
1582770 620
1582780 625
1582790 625
1582800 628
1582810 628
1582820 628
1582830 629
1582840 629
1582850 629
1582860 630
1582870 630
1582880 630
1582890 630
1582900 630
1582910 630
1582920 630
1582930 630
1582940 630
1582950 630
1582960 630
1582970 630
1582980 631
1582990 631
1583000 631
1583010 631
1583020 631
1583030 631
1583040 631
1583050 631
1583060 631
1583070 630
1583080 630
1583090 630
1583100 630
1583110 629
1583120 629
1583130 629
1583140 629
1583150 629
1583160 629
1583170 629
1583180 629
1583190 629
1583200 629
1583210 629
1583220 628
1583230 628
1583240 628
1583250 628
1583260 628
1583270 628
1583280 629
1583290 629
1583300 629
1583310 629
1583320 630
1583330 630
1583340 631
1583350 632
1583360 632
1583370 633
1583380 635
1583390 634
1583400 635
1583410 637
1583420 637
1583430 639
1583440 640
1583450 640
1583460 641
1583470 643
1583480 643
1583490 644
1583500 645
1583510 645
1583520 646
1583530 646
1583540 646
1583550 647
1583560 648
1583570 648
1583580 648
1583590 648
1583600 648
1583610 648
1583620 648
1583630 648
1583640 647
1583650 647
1583660 647
1583670 647
1583680 647
1583690 647
1583700 647
1583710 647
1583720 647
1583730 648
1583740 648
1583750 648
1583760 649
1583770 649
1583780 649
1583790 650
1583800 651
1583810 651
1583820 651
1583830 652
1583840 652
1583850 652
1583860 655
1583870 655
1583880 657
1583890 658
1583900 658
1583910 658
1583920 658
1583930 658
1583940 658
1583950 658
1583960 658
1583970 658
1583980 660
1583990 660
1584000 662
1584010 663
1584020 663
1584030 665
1584040 666
1584050 666
1584060 667
1584070 669
1584080 669
1584090 670
1584100 672
1584110 672
1584120 673
1584130 674
1584140 674
1584150 675
1584160 676
1584170 676
1584180 676
1584190 677
1584200 677
1584210 678
1584220 679
1584230 679
1584240 679
1584250 680
1584260 680
1584270 681
1584280 681
1584290 681
1584300 682
1584310 683
1584320 683
1584330 684
1584340 684
1584350 684
1584360 685
1584370 685
1584380 686
1584390 686
1584400 686
1584410 687
1584420 688
1584430 688
1584440 688
1584450 689
1584460 689
1584470 689
1584480 690
1584490 690
1584500 691
1584510 692
1584520 692
1584530 693
1584540 694
1584550 694
1584560 695
1584570 697
1584580 697
1584590 699
1584600 701
1584610 701
1584620 702
1584630 703
1584640 703
1584650 704
1584660 706
1584670 706
1584680 707
1584690 708
1584700 709
1584710 711
1584720 712
1584730 712
1584740 713
1584750 714
1584760 714
1584770 716
1584780 717
1584790 717
1584800 719
1584810 720
1584820 720
1584830 721
1584840 722
1584850 722
1584860 724
1584870 725
1584880 725
1584890 727
1584900 728
1584910 728
1584920 730
1584930 732
1584940 732
1584950 733
1584960 735
1584970 735
1584980 736
1584990 738
1585000 738
1585010 739
1585020 740
1585030 740
1585040 742
1585050 743
1585060 743
1585070 745
1585080 746
1585090 746
1585100 748
1585110 750
1585120 750
1585130 751
1585140 753
1585150 753
1585160 755
1585170 757
1585180 757
1585190 759
1585200 760
1585210 760
1585220 762
1585230 764
1585240 764
1585250 767
1585260 769
1585270 769
1585280 772
1585290 774
1585300 774
1585310 776
1585320 777
1585330 777
1585340 779
1585350 781
1585360 781
1585370 782
1585380 783
1585390 783
1585400 785
1585410 788
1585420 788
1585430 790
1585440 792
1585450 792
1585460 794
1585470 796
1585480 796
1585490 797
1585500 799
1585510 799
1585520 800
1585530 802
1585540 802
1585550 803
1585560 804
1585570 804
1585580 806
1585590 808
1585600 808
1585610 810
1585620 811
1585630 811
1585640 813
1585650 815
1585660 815
1585670 817
1585680 819
1585690 819
1585700 820
1585710 822
1585720 822
1585730 823
1585740 825
1585750 825
1585760 826
1585770 828
1585780 828
1585790 829
1585800 831
1585810 831
1585820 832
1585830 834
1585840 834
1585850 835
1585860 837
1585870 837
1585880 838
1585890 840
1585900 840
1585910 841
1585920 843
1585930 843
1585940 844
1585950 845
1585960 845
1585970 847
1585980 848
1585990 849
1586000 850
1586010 852
1586020 852
1586030 853
1586040 855
1586050 855
1586060 856
1586070 858
1586080 858
1586090 859
1586100 861
1586110 861
1586120 862
1586130 863
1586140 863
1586150 864
1586160 865
1586170 865
1586180 867
1586190 868
1586200 868
1586210 869
1586220 870
1586230 870
1586240 871
1586250 872
1586260 872
1586270 873
1586280 874
1586290 874
1586300 875
1586310 876
1586320 876
1586330 877
1586340 879
1586350 879
1586360 880
1586370 880
1586380 881
1586390 882
1586400 882
1586410 883
1586420 884
1586430 884
1586440 885
1586450 886
1586460 886
1586470 887
1586480 888
1586490 888
1586500 889
1586510 890
1586520 890
1586530 890
1586540 891
1586550 891
1586560 892
1586570 893
1586580 893
1586590 893
1586600 894
1586610 894
1586620 894
1586630 895
1586640 895
1586650 895
1586660 895
1586670 895
1586680 894
1586690 894
1586700 894
1586710 894
1586720 893
1586730 893
1586740 893
1586750 892
1586760 892
1586770 891
1586780 890
1586790 890
1586800 889
1586810 888
1586820 888
1586830 887
1586840 886
1586850 886
1586860 884
1586870 883
1586880 883
1586890 881
1586900 879
1586910 879
1586920 876
1586930 874
1586940 874
1586950 871
1586960 869
1586970 869
1586980 867
1586990 866
1587000 866
1587010 865
1587020 864
1587030 864
1587040 862
1587050 861
1587060 861
1587070 860
1587080 859
1587090 859
1587100 858
1587110 858
1587120 858
1587130 857
1587140 856
1587150 856
1587160 856
1587170 855
1587180 855
1587190 855
1587200 854
1587210 854
1587220 854
1587230 853
1587240 853
1587250 853
1587260 852
1587270 853
1587280 852
1587290 852
1587300 852
1587310 851
1587320 850
1587330 850
1587340 849
1587350 849
1587360 849
1587370 849
1587380 848
1587390 848
1587400 847
1587410 847
1587420 847
1587430 846
1587440 845
1587450 845
1587460 844
1587470 844
1587480 844
1587490 843
1587500 842
1587510 842
1587520 842
1587530 841
1587540 841
1587550 840
1587560 839
1587570 839
1587580 837
1587590 836
1587600 836
1587610 834
1587620 833
1587630 833
1587640 832
1587650 831
1587660 831
1587670 829
1587680 828
1587690 828
1587700 826
1587710 825
1587720 825
1587730 823
1587740 821
1587750 821
1587760 818
1587770 816
1587780 816
1587790 815
1587800 813
1587810 813
1587820 812
1587830 812
1587840 812
1587850 810
1587860 809
1587870 809
1587880 808
1587890 807
1587900 807
1587910 806
1587920 806
1587930 806
1587940 805
1587950 804
1587960 804
1587970 803
1587980 802
1587990 802
1588000 802
1588010 801
1588020 801
1588030 800
1588040 800
1588050 800
1588060 799
1588070 798
1588080 798
1588090 797
1588100 796
1588110 796
1588120 795
1588130 794
1588140 794
1588150 794
1588160 795
1588170 795
1588180 795
1588190 795
1588200 795
1588210 795
1588220 794
1588230 794
1588240 793
1588250 793
1588260 793
1588270 792
1588280 792
1588290 792
1588300 792
1588310 792
1588320 792
1588330 792
1588340 793
1588350 793
1588360 793
1588370 793
1588380 793
1588390 792
1588400 791
1588410 791
1588420 791
1588430 791
1588440 790
1588450 789
1588460 789
1588470 788
1588480 786
1588490 786
1588500 785
1588510 783
1588520 783
1588530 783
1588540 781
1588550 781
1588560 779
1588570 776
1588580 776
1588590 774
1588600 772
1588610 772
1588620 770
1588630 769
1588640 769
1588650 767
1588660 766
1588670 766
1588680 763
1588690 760
1588700 760
1588710 757
1588720 755
1588730 755
1588740 752
1588750 750
1588760 750
1588770 748
1588780 745
1588790 745
1588800 743
1588810 741
1588820 741
1588830 739
1588840 736
1588850 736
1588860 734
1588870 732
1588880 732
1588890 729
1588900 726
1588910 726
1588920 724
1588930 721
1588940 721
1588950 719
1588960 717
1588970 717
1588980 714
1588990 710
1589000 710
1589010 706
1589020 702
1589030 702
1589040 698
1589050 694
1589060 694
1589070 692
1589080 690
1589090 690
1589100 687
1589110 685
1589120 685
1589130 683
1589140 681
1589150 681
1589160 678
1589170 676
1589180 676
1589190 672
1589200 668
1589210 668
1589220 664
1589230 662
1589240 662
1589250 658
1589260 656
1589270 656
1589280 655
1589290 657
1589300 657
1589310 659
1589320 660
1589330 660
1589340 662
1589350 665
1589360 665
1589370 668
1589380 671
1589390 671
1589400 675
1589410 678
1589420 678
1589430 682
1589440 685
1589450 685
1589460 688
1589470 692
1589480 692
1589490 695
1589500 699
1589510 699
1589520 702
1589530 705
1589540 705
1589550 709
1589560 712
1589570 712
1589580 714
1589590 717
1589600 717
1589610 720
1589620 723
1589630 723
1589640 726
1589650 727
1589660 727
1589670 726
1589680 725
1589690 725
1589700 725
1589710 725
1589720 725
1589730 725
1589740 724
1589750 724
1589760 724
1589770 721
1589780 721
1589790 719
1589800 718
1589810 718
1589820 717
1589830 716
1589840 716
1589850 714
1589860 712
1589870 712
1589880 711
1589890 709
1589900 709
1589910 707
1589920 705
1589930 705
1589940 703
1589950 701
1589960 701
1589970 699
1589980 698
1589990 698
1590000 697
1590010 696
1590020 696
1590030 695
1590040 694
1590050 694
1590060 692
1590070 690
1590080 690
1590090 688
1590100 686
1590110 686
1590120 684
1590130 682
1590140 682
1590150 680
1590160 677
1590170 677
1590180 675
1590190 672
1590200 672
1590210 670
1590220 668
1590230 668
1590240 667
1590250 665
1590260 665
1590270 663
1590280 661
1590290 661
1590300 659
1590310 658
1590320 658
1590330 656
1590340 654
1590350 654
1590360 653
1590370 651
1590380 651
1590390 649
1590400 648
1590410 648
1590420 646
1590430 644
1590440 644
1590450 643
1590460 643
1590470 640
1590480 638
1590490 638
1590500 636
1590510 634
1590520 634
1590530 632
1590540 631
1590550 631
1590560 630
1590570 629
1590580 629
1590590 628
1590600 627
1590610 627
1590620 626
1590630 625
1590640 625
1590650 625
1590660 625
1590670 625
1590680 626
1590690 626
1590700 626
1590710 627
1590720 628
1590730 628
1590740 629
1590750 629
1590760 629
1590770 630
1590780 631
1590790 631
1590800 631
1590810 631
1590820 631
1590830 632
1590840 632
1590850 632
1590860 632
1590870 632
1590880 632
1590890 632
1590900 632
1590910 632
1590920 632
1590930 632
1590940 632
1590950 632
1590960 631
1590970 631
1590980 631
1590990 631
1591000 634
1591010 634
1591020 633
1591030 633
1591040 633
1591050 633
1591060 633
1591070 632
1591080 631
1591090 631
1591100 629
1591110 626
1591120 626
1591130 622
1591140 616
1591150 616
1591160 609
1591170 602
1591180 602
1591190 596
1591200 588
1591210 588
1591220 582
1591230 575
1591240 575
1591250 568
1591260 561
1591270 561
1591280 554
1591290 547
1591300 547
1591310 539
1591320 534
1591330 534
1591340 528
1591350 521
1591360 521
1591370 515
1591380 509
1591390 509
1591400 501
1591410 496
1591420 496
1591430 495
1591440 495
1591450 495
1591460 496
1591470 498
1591480 498
1591490 501
1591500 505
1591510 505
1591520 510
1591530 515
1591540 515
1591550 520
1591560 526
1591570 526
1591580 533
1591590 536
1591600 536
1591610 542
1591620 550
1591630 550
1591640 557
1591650 563
1591660 563
1591670 570
1591680 575
1591690 575
1591700 581
1591710 586
1591720 586
1591730 590
1591740 594
1591750 594
1591760 598
1591770 602
1591780 602
1591790 605
1591800 607
1591810 607
1591820 609
1591830 611
1591840 611
1591850 612
1591860 613
1591870 613
1591880 614
1591890 615
1591900 615
1591910 616
1591920 617
1591930 617
1591940 618
1591950 618
1591960 618
1591970 619
1591980 620
1591990 620
1592000 621
1592010 621
1592020 621
1592030 623
1592040 624
1592050 624
1592060 626
1592070 627
1592080 627
1592090 628
1592100 630
1592110 630
1592120 631
1592130 633
1592140 633
1592150 634
1592160 635
1592170 635
1592180 637
1592190 638
1592200 638
1592210 638
1592220 639
1592230 639
1592240 640
1592250 642
1592260 642
1592270 643
1592280 644
1592290 644
1592300 645
1592310 646
1592320 646
1592330 647
1592340 649
1592350 649
1592360 650
1592370 651
1592380 651
1592390 653
1592400 654
1592410 654
1592420 656
1592430 658
1592440 658
1592450 659
1592460 661
1592470 661
1592480 662
1592490 663
1592500 663
1592510 665
1592520 665
1592530 667
1592540 668
1592550 668
1592560 669
1592570 671
1592580 671
1592590 672
1592600 674
1592610 674
1592620 675
1592630 677
1592640 677
1592650 678
1592660 680
1592670 680
1592680 681
1592690 683
1592700 683
1592710 684
1592720 686
1592730 686
1592740 687
1592750 689
1592760 689
1592770 691
1592780 692
1592790 692
1592800 694
1592810 695
1592820 695
1592830 696
1592840 698
1592850 698
1592860 699
1592870 701
1592880 701
1592890 702
1592900 704
1592910 704
1592920 705
1592930 707
1592940 707
1592950 708
1592960 710
1592970 710
1592980 711
1592990 713
1593000 713
1593010 714
1593020 716
1593030 716
1593040 717
1593050 719
1593060 719
1593070 722
1593080 725
1593090 725
1593100 727
1593110 730
1593120 730
1593130 732
1593140 735
1593150 735
1593160 738
1593170 740
1593180 740
1593190 743
1593200 746
1593210 746
1593220 748
1593230 750
1593240 750
1593250 752
1593260 753
1593270 753
1593280 755
1593290 756
1593300 756
1593310 758
1593320 759
1593330 759
1593340 760
1593350 761
1593360 761
1593370 762
1593380 762
1593390 762
1593400 763
1593410 763
1593420 764
1593430 764
1593440 764
1593450 764
1593460 764
1593470 763
1593480 763
1593490 763
1593500 762
1593510 762
1593520 762
1593530 761
1593540 761
1593550 761
1593560 761
1593570 761
1593580 761
1593590 761
1593600 761
1593610 760
1593620 760
1593630 760
1593640 759
1593650 759
1593660 759
1593670 759
1593680 758
1593690 758
1593700 758
1593710 757
1593720 757
1593730 756
1593740 756
1593750 756
1593760 755
1593770 754
1593780 754
1593790 753
1593800 752
1593810 752
1593820 751
1593830 751
1593840 751
1593850 750
1593860 749
1593870 749
1593880 749
1593890 748
1593900 748
1593910 747
1593920 746
1593930 746
1593940 745
1593950 744
1593960 744
1593970 743
1593980 743
1593990 743
1594000 742
1594010 741
1594020 741
1594030 740
1594040 740
1594050 740
1594060 739
1594070 738
1594080 738
1594090 737
1594100 736
1594110 736
1594120 735
1594130 734
1594140 734
1594150 733
1594160 732
1594170 732
1594180 731
1594190 729
1594200 729
1594210 728
1594220 727
1594230 727
1594240 725
1594250 723
1594260 723
1594270 722
1594280 720
1594290 720
1594300 718
1594310 716
1594320 716
1594330 715
1594340 714
1594350 714
1594360 712
1594370 711
1594380 711
1594390 709
1594400 708
1594410 708
1594420 706
1594430 705
1594440 705
1594450 704
1594460 703
1594470 703
1594480 702
1594490 701
1594500 701
1594510 700
1594520 699
1594530 699
1594540 699
1594550 699
1594560 699
1594570 700
1594580 700
1594590 700
1594600 701
1594610 699
1594620 699
1594630 699
1594640 699
1594650 699
1594660 700
1594670 700
1594680 700
1594690 701
1594700 701
1594710 702
1594720 702
1594730 702
1594740 702
1594750 702
1594760 702
1594770 702
1594780 701
1594790 701
1594800 701
1594810 701
1594820 701
1594830 701
1594840 701
1594850 701
1594860 701
1594870 700
1594880 700
1594890 701
1594900 700
1594910 700
1594920 700
1594930 700
1594940 700
1594950 699
1594960 698
1594970 698
1594980 697
1594990 696
1595000 696
1595010 695
1595020 694
1595030 694
1595040 693
1595050 692
1595060 692
1595070 692
1595080 691
1595090 691
1595100 691
1595110 690
1595120 690
1595130 689
1595140 689
1595150 689
1595160 688
1595170 686
1595180 686
1595190 686
1595200 685
1595210 685
1595220 684
1595230 683
1595240 683
1595250 682
1595260 681
1595270 681
1595280 680
1595290 680
1595300 680
1595310 679
1595320 678
1595330 678
1595340 676
1595350 675
1595360 675
1595370 675
1595380 674
1595390 674
1595400 673
1595410 673
1595420 673
1595430 672
1595440 672
1595450 672
1595460 671
1595470 671
1595480 671
1595490 671
1595500 670
1595510 670
1595520 669
1595530 669
1595540 669
1595550 668
1595560 667
1595570 667
1595580 667
1595590 667
1595600 667
1595610 667
1595620 666
1595630 666
1595640 665
1595650 666
1595660 666
1595670 665
1595680 664
1595690 664
1595700 663
1595710 662
1595720 662
1595730 663
1595740 663
1595750 663
1595760 663
1595770 663
1595780 664
1595790 664
1595800 663
1595810 663
1595820 663
1595830 663
1595840 663
1595850 663
1595860 663
1595870 663
1595880 663
1595890 663
1595900 663
1595910 663
1595920 663
1595930 663
1595940 663
1595950 663
1595960 663
1595970 663
1595980 663
1595990 663
1596000 663
1596010 664
1596020 664
1596030 664
1596040 665
1596050 665
1596060 666
1596070 666
1596080 666
1596090 666
1596100 667
1596110 667
1596120 667
1596130 668
1596140 668
1596150 669
1596160 669
1596170 669
1596180 670
1596190 671
1596200 671
1596210 671
1596220 672
1596230 672
1596240 673
1596250 673
1596260 673
1596270 674
1596280 674
1596290 674
1596300 675
1596310 675
1596320 675
1596330 676
1596340 676
1596350 676
1596360 676
1596370 676
1596380 676
1596390 677
1596400 677
1596410 677
1596420 677
1596430 677
1596440 677
1596450 677
1596460 677
1596470 677
1596480 677
1596490 677
1596500 677
1596510 677
1596520 678
1596530 678
1596540 678
1596550 678
1596560 678
1596570 678
1596580 678
1596590 678
1596600 678
1596610 678
1596620 678
1596630 678
1596640 678
1596650 678
1596660 678
1596670 678
1596680 678
1596690 679
1596700 679
1596710 679
1596720 679
1596730 679
1596740 679
1596750 679
1596760 679
1596770 678
1596780 678
1596790 678
1596800 678
1596810 677
1596820 677
1596830 677
1596840 676
1596850 676
1596860 676
1596870 675
1596880 675
1596890 675
1596900 674
1596910 674
1596920 673
1596930 673
1596940 674
1596950 673
1596960 672
1596970 672
1596980 671
1596990 670
1597000 670
1597010 668
1597020 667
1597030 667
1597040 666
1597050 666
1597060 666
1597070 666
1597080 665
1597090 665
1597100 663
1597110 662
1597120 662
1597130 661
1597140 661
1597150 661
1597160 660
1597170 660
1597180 660
1597190 659
1597200 659
1597210 659
1597220 659
1597230 659
1597240 659
1597250 659
1597260 660
1597270 660
1597280 660
1597290 661
1597300 661
1597310 662
1597320 663
1597330 663
1597340 663
1597350 665
1597360 665
1597370 666
1597380 667
1597390 667
1597400 668
1597410 670
1597420 670
1597430 671
1597440 673
1597450 673
1597460 675
1597470 676
1597480 676
1597490 678
1597500 680
1597510 680
1597520 682
1597530 683
1597540 683
1597550 685
1597560 686
1597570 686
1597580 687
1597590 687
1597600 687
1597610 688
1597620 688
1597630 688
1597640 689
1597650 689
1597660 689
1597670 690
1597680 690
1597690 690
1597700 690
1597710 690
1597720 690
1597730 691
1597740 690
1597750 690
1597760 690
1597770 690
1597780 690
1597790 691
1597800 691
1597810 691
1597820 692
1597830 693
1597840 693
1597850 694
1597860 694
1597870 694
1597880 694
1597890 695
1597900 695
1597910 696
1597920 696
1597930 696
1597940 697
1597950 697
1597960 697
1597970 697
1597980 697
1597990 697
1598000 697
1598010 697
1598020 697
1598030 697
1598040 697
1598050 697
1598060 697
1598070 697
1598080 697
1598090 695
1598100 695
1598110 695
1598120 694
1598130 694
1598140 694
1598150 693
1598160 692
1598170 692
1598180 691
1598190 690
1598200 690
1598210 689
1598220 688
1598230 688
1598240 687
1598250 686
1598260 686
1598270 686
1598280 686
1598290 686
1598300 685
1598310 685
1598320 685
1598330 686
1598340 686
1598350 686
1598360 686
1598370 686
1598380 686
1598390 686
1598400 687
1598410 687
1598420 687
1598430 687
1598440 687
1598450 687
1598460 687
1598470 687
1598480 687
1598490 688
1598500 688
1598510 688
1598520 688
1598530 688
1598540 688
1598550 688
1598560 688
1598570 688
1598580 687
1598590 687
1598600 687
1598610 687
1598620 687
1598630 687
1598640 687
1598650 686
1598660 685
1598670 685
1598680 685
1598690 684
1598700 684
1598710 684
1598720 682
1598730 682
1598740 681
1598750 680
1598760 680
1598770 678
1598780 677
1598790 677
1598800 676
1598810 675
1598820 675
1598830 674
1598840 673
1598850 673
1598860 671
1598870 670
1598880 670
1598890 670
1598900 669
1598910 669
1598920 668
1598930 667
1598940 667
1598950 666
1598960 666
1598970 666
1598980 665
1598990 665
1599000 665
1599010 664
1599020 664
1599030 664
1599040 663
1599050 663
1599060 663
1599070 662
1599080 662
1599090 662
1599100 661
1599110 660
1599120 660
1599130 660
1599140 659
1599150 659
1599160 658
1599170 658
1599180 658
1599190 657
1599200 656
1599210 656
1599220 655
1599230 654
1599240 653
1599250 652
1599260 650
1599270 650
1599280 649
1599290 648
1599300 648
1599310 647
1599320 645
1599330 645
1599340 644
1599350 643
1599360 643
1599370 642
1599380 641
1599390 641
1599400 639
1599410 638
1599420 638
1599430 637
1599440 636
1599450 636
1599460 634
1599470 633
1599480 633
1599490 632
1599500 630
1599510 630
1599520 629
1599530 628
1599540 628
1599550 627
1599560 626
1599570 626
1599580 624
1599590 623
1599600 623
1599610 622
1599620 621
1599630 621
1599640 620
1599650 619
1599660 619
1599670 618
1599680 617
1599690 617
1599700 616
1599710 615
1599720 615
1599730 614
1599740 613
1599750 613
1599760 612
1599770 610
1599780 610
1599790 609
1599800 608
1599810 608
1599820 606
1599830 605
1599840 605
1599850 604
1599860 603
1599870 603
1599880 601
1599890 599
1599900 599
1599910 596
1599920 594
1599930 594
1599940 590
1599950 587
1599960 587
1599970 585
1599980 582
1599990 582
