1580000 608
1580010 608
1580020 605
1580030 603
1580040 603
1580050 600
1580060 597
1580070 597
1580080 594
1580090 592
1580100 592
1580110 589
1580120 586
1580130 586
1580140 584
1580150 581
1580160 581
1580170 579
1580180 577
1580190 577
1580200 574
1580210 573
1580220 573
1580230 571
1580240 569
1580250 569
1580260 568
1580270 567
1580280 567
1580290 565
1580300 563
1580310 563
1580320 561
1580330 560
1580340 560
1580350 559
1580360 560
1580370 560
1580380 559
1580390 559
1580400 559
1580410 559
1580420 559
1580430 559
1580440 559
1580450 559
1580460 559
1580470 558
1580480 557
1580490 557
1580500 556
1580510 557
1580520 557
1580530 559
1580540 563
1580550 563
1580560 566
1580570 568
1580580 568
1580590 569
1580600 570
1580610 570
1580620 570
1580630 570
1580640 570
1580650 570
1580660 569
1580670 569
1580680 569
1580690 568
1580700 568
1580710 568
1580720 567
1580730 567
1580740 565
1580750 564
1580760 564
1580770 562
1580780 560
1580790 560
1580800 558
1580810 557
1580820 557
1580830 556
1580840 556
1580850 556
1580860 556
1580870 556
1580880 556
1580890 556
1580900 557
1580910 557
1580920 557
1580930 556
1580940 556
1580950 556
1580960 554
1580970 554
1580980 550
1580990 546
1581000 546
1581010 540
1581020 534
1581030 534
1581040 528
1581050 522
1581060 522
1581070 516
1581080 511
1581090 511
1581100 509
1581110 508
1581120 508
1581130 508
1581140 507
1581150 507
1581160 506
1581170 507
1581180 507
1581190 510
1581200 512
1581210 512
1581220 513
1581230 514
1581240 514
1581250 515
1581260 516
1581270 516
1581280 518
1581290 519
1581300 519
1581310 521
1581320 522
1581330 522
1581340 524
1581350 525
1581360 525
1581370 526
1581380 528
1581390 528
1581400 529
1581410 531
1581420 531
1581430 532
1581440 533
1581450 533
1581460 535
1581470 537
1581480 537
1581490 538
1581500 540
1581510 540
1581520 542
1581530 544
1581540 544
1581550 546
1581560 549
1581570 549
1581580 551
1581590 553
1581600 553
1581610 555
1581620 557
1581630 557
1581640 558
1581650 561
1581660 561
1581670 563
1581680 565
1581690 565
1581700 567
1581710 569
1581720 569
1581730 571
1581740 573
1581750 573
1581760 575
1581770 577
1581780 577
1581790 578
1581800 579
1581810 579
1581820 581
1581830 581
1581840 582
1581850 583
1581860 583
1581870 584
1581880 586
1581890 586
1581900 587
1581910 588
1581920 588
1581930 589
1581940 590
1581950 590
1581960 591
1581970 591
1581980 591
1581990 592
1582000 593
1582010 593
1582020 594
1582030 594
1582040 594
1582050 595
1582060 596
1582070 596
1582080 597
1582090 598
1582100 598
1582110 599
1582120 600
1582130 600
1582140 601
1582150 602
1582160 602
1582170 603
1582180 604
1582190 604
1582200 604
1582210 605
1582220 605
1582230 606
1582240 607
1582250 607
1582260 609
1582270 610
1582280 610
1582290 611
1582300 612
1582310 612
1582320 613
1582330 614
1582340 614
1582350 615
1582360 615
1582370 615
1582380 616
1582390 617
1582400 617
1582410 618
1582420 619
1582430 619
1582440 619
1582450 620
1582460 620
1582470 620
1582480 620
1582490 620
1582500 621
1582510 621
1582520 621
1582530 621
1582540 621
1582550 621
1582560 621
1582570 621
1582580 621
1582590 620
1582600 620
1582610 620
1582620 619
1582630 618
1582640 618
1582650 619
1582660 619
1582670 619
1582680 619
1582690 619
1582700 619
1582710 618
1582720 618
1582730 618
1582740 617
1582750 617
1582760 617
1582770 616
1582780 615
1582790 615
1582800 614
1582810 613
1582820 613
1582830 612
1582840 611
1582850 611
1582860 609
1582870 608
1582880 608
1582890 608
1582900 609
1582910 609
1582920 611
1582930 613
1582940 613
1582950 614
1582960 616
1582970 616
1582980 617
1582990 618
1583000 618
1583010 619
1583020 620
1583030 620
1583040 621
1583050 622
1583060 622
1583070 623
1583080 624
1583090 624
1583100 625
1583110 626
1583120 626
1583130 628
1583140 629
1583150 629
1583160 630
1583170 632
1583180 632
1583190 633
1583200 634
1583210 634
1583220 635
1583230 636
1583240 636
1583250 638
1583260 639
1583270 639
1583280 640
1583290 642
1583300 642
1583310 643
1583320 644
1583330 644
1583340 645
1583350 647
1583360 647
1583370 648
1583380 649
1583390 649
1583400 651
1583410 652
1583420 652
1583430 654
1583440 655
1583450 655
1583460 656
1583470 658
1583480 658
1583490 659
1583500 661
1583510 661
1583520 663
1583530 664
1583540 664
1583550 666
1583560 667
1583570 667
1583580 669
1583590 671
1583600 671
1583610 673
1583620 674
1583630 674
1583640 676
1583650 676
1583660 679
1583670 681
1583680 681
1583690 683
1583700 684
1583710 684
1583720 686
1583730 688
1583740 688
1583750 690
1583760 692
1583770 692
1583780 694
1583790 696
1583800 696
1583810 699
1583820 700
1583830 700
1583840 701
1583850 703
1583860 703
1583870 705
1583880 707
1583890 707
1583900 708
1583910 710
1583920 710
1583930 712
1583940 714
1583950 714
1583960 716
1583970 717
1583980 717
1583990 719
1584000 721
1584010 721
1584020 723
1584030 725
1584040 725
1584050 726
1584060 727
1584070 727
1584080 729
1584090 730
1584100 730
1584110 732
1584120 733
1584130 733
1584140 734
1584150 735
1584160 735
1584170 736
1584180 738
1584190 738
1584200 739
1584210 740
1584220 740
1584230 742
1584240 743
1584250 743
1584260 745
1584270 747
1584280 747
1584290 749
1584300 749
1584310 749
1584320 752
1584330 754
1584340 754
1584350 756
1584360 757
1584370 757
1584380 760
1584390 761
1584400 761
1584410 762
1584420 764
1584430 764
1584440 765
1584450 767
1584460 767
1584470 768
1584480 769
1584490 769
1584500 770
1584510 771
1584520 771
1584530 773
1584540 774
1584550 774
1584560 775
1584570 776
1584580 776
1584590 777
1584600 778
1584610 778
1584620 779
1584630 780
1584640 780
1584650 781
1584660 782
1584670 782
1584680 783
1584690 784
1584700 784
1584710 785
1584720 785
1584730 785
1584740 787
1584750 788
1584760 788
1584770 789
1584780 789
1584790 789
1584800 790
1584810 791
1584820 791
1584830 792
1584840 793
1584850 793
1584860 794
1584870 796
1584880 796
1584890 797
1584900 797
1584910 797
1584920 798
1584930 799
1584940 799
1584950 800
1584960 800
1584970 800
1584980 801
1584990 801
1585000 801
1585010 801
1585020 802
1585030 802
1585040 802
1585050 803
1585060 803
1585070 803
1585080 804
1585090 804
1585100 804
1585110 804
1585120 804
1585130 805
1585140 805
1585150 805
1585160 806
1585170 806
1585180 806
1585190 806
1585200 807
1585210 807
1585220 807
1585230 807
1585240 807
1585250 808
1585260 809
1585270 809
1585280 809
1585290 810
1585300 810
1585310 811
1585320 811
1585330 811
1585340 811
1585350 812
1585360 812
1585370 813
1585380 814
1585390 814
1585400 814
1585410 815
1585420 815
1585430 816
1585440 816
1585450 816
1585460 817
1585470 817
1585480 817
1585490 818
1585500 818
1585510 818
1585520 817
1585530 817
1585540 817
1585550 816
1585560 816
1585570 816
1585580 815
1585590 814
1585600 813
1585610 812
1585620 812
1585630 811
1585640 811
1585650 811
1585660 810
1585670 810
1585680 810
1585690 809
1585700 810
1585710 810
1585720 810
1585730 810
1585740 810
1585750 810
1585760 810
1585770 810
1585780 810
1585790 810
1585800 810
1585810 809
1585820 809
1585830 809
1585840 808
1585850 808
1585860 808
1585870 807
1585880 806
1585890 806
1585900 805
1585910 804
1585920 804
1585930 803
1585940 801
1585950 801
1585960 800
1585970 799
1585980 799
1585990 799
1586000 798
1586010 798
1586020 797
1586030 797
1586040 797
1586050 796
1586060 795
1586070 795
1586080 795
1586090 794
1586100 794
1586110 793
1586120 792
1586130 792
1586140 791
1586150 790
1586160 790
1586170 789
1586180 788
1586190 788
1586200 787
1586210 786
1586220 786
1586230 785
1586240 784
1586250 784
1586260 783
1586270 782
1586280 782
1586290 781
1586300 780
1586310 780
1586320 780
1586330 779
1586340 779
1586350 778
1586360 778
1586370 778
1586380 777
1586390 776
1586400 776
1586410 776
1586420 775
1586430 775
1586440 775
1586450 775
1586460 775
1586470 774
1586480 774
1586490 774
1586500 773
1586510 773
1586520 773
1586530 773
1586540 772
1586550 772
1586560 772
1586570 771
1586580 771
1586590 771
1586600 771
1586610 771
1586620 770
1586630 770
1586640 770
1586650 769
1586660 769
1586670 769
1586680 768
1586690 768
1586700 768
1586710 767
1586720 767
1586730 767
1586740 767
1586750 766
1586760 766
1586770 766
1586780 766
1586790 766
1586800 766
1586810 766
1586820 766
1586830 766
1586840 765
1586850 765
1586860 765
1586870 764
1586880 764
1586890 764
1586900 764
1586910 764
1586920 765
1586930 766
1586940 766
1586950 765
1586960 765
1586970 765
1586980 767
1586990 769
1587000 769
1587010 770
1587020 771
1587030 771
1587040 772
1587050 773
1587060 773
1587070 774
1587080 775
1587090 775
1587100 776
1587110 778
1587120 778
1587130 779
1587140 780
1587150 780
1587160 781
1587170 783
1587180 783
1587190 784
1587200 786
1587210 786
1587220 787
1587230 788
1587240 788
1587250 790
1587260 792
1587270 792
1587280 794
1587290 794
1587300 795
1587310 797
1587320 797
1587330 799
1587340 801
1587350 801
1587360 803
1587370 805
1587380 805
1587390 807
1587400 809
1587410 809
1587420 811
1587430 814
1587440 814
1587450 816
1587460 819
1587470 819
1587480 821
1587490 823
1587500 823
1587510 825
1587520 827
1587530 827
1587540 829
1587550 830
1587560 830
1587570 832
1587580 834
1587590 834
1587600 835
1587610 836
1587620 836
1587630 838
1587640 839
1587650 839
1587660 840
1587670 842
1587680 842
1587690 843
1587700 844
1587710 844
1587720 845
1587730 847
1587740 847
1587750 848
1587760 849
1587770 849
1587780 850
1587790 851
1587800 851
1587810 852
1587820 853
1587830 853
1587840 854
1587850 855
1587860 855
1587870 856
1587880 856
1587890 856
1587900 857
1587910 858
1587920 858
1587930 859
1587940 859
1587950 859
1587960 860
1587970 861
1587980 861
1587990 861
1588000 862
1588010 862
1588020 862
1588030 863
1588040 863
1588050 864
1588060 864
1588070 864
1588080 864
1588090 865
1588100 865
1588110 865
1588120 865
1588130 865
1588140 867
1588150 867
1588160 867
1588170 867
1588180 868
1588190 868
1588200 868
1588210 869
1588220 869
1588230 869
1588240 869
1588250 869
1588260 869
1588270 870
1588280 870
1588290 870
1588300 870
1588310 870
1588320 871
1588330 871
1588340 871
1588350 871
1588360 872
1588370 872
1588380 872
1588390 872
1588400 872
1588410 873
1588420 873
1588430 873
1588440 874
1588450 874
1588460 874
1588470 874
1588480 875
1588490 875
1588500 876
1588510 876
1588520 876
1588530 877
1588540 877
1588550 877
1588560 878
1588570 878
1588580 878
1588590 879
1588600 879
1588610 879
1588620 880
1588630 881
1588640 881
1588650 881
1588660 882
1588670 882
1588680 883
1588690 884
1588700 884
1588710 885
1588720 885
1588730 885
1588740 886
1588750 886
1588760 886
1588770 887
1588780 887
1588790 887
1588800 888
1588810 888
1588820 888
1588830 889
1588840 889
1588850 889
1588860 890
1588870 890
1588880 890
1588890 891
1588900 891
1588910 891
1588920 892
1588930 892
1588940 892
1588950 892
1588960 893
1588970 893
1588980 893
1588990 894
1589000 894
1589010 893
1589020 893
1589030 893
1589040 893
1589050 893
1589060 893
1589070 892
1589080 892
1589090 892
1589100 892
1589110 892
1589120 892
1589130 892
1589140 892
1589150 892
1589160 891
1589170 891
1589180 891
1589190 890
1589200 890
1589210 890
1589220 890
1589230 890
1589240 890
1589250 890
1589260 890
1589270 889
1589280 889
1589290 889
1589300 888
1589310 888
1589320 888
1589330 888
1589340 887
1589350 887
1589360 887
1589370 886
1589380 886
1589390 886
1589400 885
1589410 885
1589420 884
1589430 884
1589440 884
1589450 883
1589460 882
1589470 882
1589480 882
1589490 881
1589500 881
1589510 880
1589520 878
1589530 878
1589540 877
1589550 876
1589560 876
1589570 875
1589580 874
1589590 874
1589600 873
1589610 872
1589620 872
1589630 871
1589640 870
1589650 870
1589660 869
1589670 868
1589680 868
1589690 868
1589700 867
1589710 867
1589720 866
1589730 866
1589740 866
1589750 865
1589760 864
1589770 864
1589780 864
1589790 862
1589800 862
1589810 862
1589820 862
1589830 862
1589840 861
1589850 860
1589860 860
1589870 859
1589880 858
1589890 858
1589900 857
1589910 857
1589920 857
1589930 856
1589940 855
1589950 855
1589960 854
1589970 853
1589980 853
1589990 852
1590000 851
1590010 851
1590020 850
1590030 848
1590040 848
1590050 846
1590060 845
1590070 845
1590080 844
1590090 843
1590100 843
1590110 842
1590120 840
1590130 840
1590140 840
1590150 839
1590160 839
1590170 837
1590180 835
1590190 835
1590200 834
1590210 832
1590220 832
1590230 830
1590240 827
1590250 827
1590260 824
1590270 822
1590280 822
1590290 818
1590300 814
1590310 814
1590320 810
1590330 807
1590340 807
1590350 803
1590360 799
1590370 799
1590380 795
1590390 791
1590400 791
1590410 786
1590420 782
1590430 782
1590440 778
1590450 775
1590460 775
1590470 771
1590480 768
1590490 768
1590500 765
1590510 761
1590520 761
1590530 758
1590540 756
1590550 756
1590560 754
1590570 751
1590580 751
1590590 748
1590600 746
1590610 746
1590620 742
1590630 739
1590640 739
1590650 736
1590660 732
1590670 732
1590680 728
1590690 725
1590700 725
1590710 720
1590720 715
1590730 715
1590740 711
1590750 708
1590760 708
1590770 705
1590780 703
1590790 703
1590800 701
1590810 699
1590820 699
1590830 697
1590840 695
1590850 695
1590860 693
1590870 690
1590880 690
1590890 687
1590900 687
1590910 683
1590920 680
1590930 680
1590940 676
1590950 673
1590960 673
1590970 670
1590980 667
1590990 667
1591000 664
1591010 661
1591020 661
1591030 659
1591040 656
1591050 656
1591060 653
1591070 650
1591080 650
1591090 648
1591100 645
1591110 645
1591120 641
1591130 638
1591140 638
1591150 636
1591160 633
1591170 633
1591180 630
1591190 626
1591200 626
1591210 623
1591220 619
1591230 619
1591240 615
1591250 610
1591260 610
1591270 605
1591280 601
1591290 601
1591300 599
1591310 599
1591320 599
1591330 599
1591340 601
1591350 601
1591360 604
1591370 607
1591380 607
1591390 610
1591400 614
1591410 614
1591420 618
1591430 623
1591440 623
1591450 627
1591460 632
1591470 632
1591480 637
1591490 642
1591500 642
1591510 647
1591520 653
1591530 653
1591540 659
1591550 664
1591560 664
1591570 669
1591580 674
1591590 674
1591600 678
1591610 682
1591620 682
1591630 688
1591640 694
1591650 694
1591660 698
1591670 700
1591680 700
1591690 703
1591700 704
1591710 704
1591720 705
1591730 706
1591740 706
1591750 708
1591760 709
1591770 709
1591780 711
1591790 714
1591800 714
1591810 717
1591820 720
1591830 720
1591840 724
1591850 727
1591860 727
1591870 730
1591880 732
1591890 732
1591900 735
1591910 737
1591920 737
1591930 740
1591940 742
1591950 742
1591960 745
1591970 747
1591980 747
1591990 750
1592000 752
1592010 752
1592020 755
1592030 758
1592040 758
1592050 761
1592060 763
1592070 763
1592080 766
1592090 768
1592100 768
1592110 771
1592120 774
1592130 774
1592140 776
1592150 779
1592160 779
1592170 781
1592180 784
1592190 784
1592200 786
1592210 788
1592220 788
1592230 790
1592240 793
1592250 793
1592260 795
1592270 797
1592280 797
1592290 799
1592300 801
1592310 801
1592320 803
1592330 805
1592340 805
1592350 807
1592360 809
1592370 809
1592380 811
1592390 813
1592400 813
1592410 815
1592420 817
1592430 817
1592440 819
1592450 821
1592460 821
1592470 822
1592480 822
1592490 822
1592500 822
1592510 821
1592520 821
1592530 821
1592540 820
1592550 820
1592560 819
1592570 818
1592580 818
1592590 816
1592600 814
1592610 814
1592620 812
1592630 810
1592640 810
1592650 809
1592660 807
1592670 807
1592680 806
1592690 806
1592700 806
1592710 805
1592720 805
1592730 804
1592740 804
1592750 804
1592760 804
1592770 804
1592780 804
1592790 803
1592800 803
1592810 803
1592820 803
1592830 803
1592840 803
1592850 803
1592860 804
1592870 804
1592880 804
1592890 804
1592900 804
1592910 805
1592920 805
1592930 805
1592940 805
1592950 806
1592960 806
1592970 806
1592980 807
1592990 807
1593000 807
1593010 808
1593020 808
1593030 809
1593040 810
1593050 810
1593060 811
1593070 812
1593080 812
1593090 812
1593100 813
1593110 813
1593120 813
1593130 814
1593140 814
1593150 815
1593160 816
1593170 816
1593180 817
1593190 817
1593200 817
1593210 818
1593220 818
1593230 818
1593240 819
1593250 820
1593260 820
1593270 820
1593280 821
1593290 821
1593300 821
1593310 822
1593320 822
1593330 822
1593340 822
1593350 822
1593360 821
1593370 820
1593380 820
1593390 819
1593400 819
1593410 819
1593420 818
1593430 818
1593440 818
1593450 817
1593460 817
1593470 817
1593480 816
1593490 815
1593500 815
1593510 815
1593520 814
1593530 814
1593540 813
1593550 812
1593560 812
1593570 811
1593580 810
1593590 810
1593600 809
1593610 809
1593620 809
1593630 808
1593640 807
1593650 807
1593660 806
1593670 805
1593680 805
1593690 804
1593700 803
1593710 803
1593720 802
1593730 802
1593740 802
1593750 801
1593760 800
1593770 800
1593780 800
1593790 799
1593800 799
1593810 798
1593820 797
1593830 797
1593840 797
1593850 796
1593860 796
1593870 795
1593880 795
1593890 795
1593900 794
1593910 793
1593920 793
1593930 793
1593940 792
1593950 792
1593960 792
1593970 791
1593980 791
1593990 791
1594000 790
1594010 790
1594020 790
1594030 789
1594040 789
1594050 789
1594060 788
1594070 788
1594080 788
1594090 787
1594100 787
1594110 786
1594120 786
1594130 786
1594140 785
1594150 784
1594160 784
1594170 784
1594180 783
1594190 783
1594200 783
1594210 782
1594220 782
1594230 781
1594240 783
1594250 783
1594260 782
1594270 782
1594280 782
1594290 781
1594300 781
1594310 781
1594320 780
1594330 779
1594340 779
1594350 778
1594360 778
1594370 778
1594380 777
1594390 777
1594400 777
1594410 776
1594420 775
1594430 775
1594440 774
1594450 773
1594460 773
1594470 772
1594480 772
1594490 772
1594500 771
1594510 771
1594520 770
1594530 769
1594540 769
1594550 768
1594560 767
1594570 767
1594580 767
1594590 766
1594600 766
1594610 765
1594620 764
1594630 764
1594640 763
1594650 762
1594660 762
1594670 760
1594680 759
1594690 759
1594700 758
1594710 757
1594720 757
1594730 756
1594740 755
1594750 755
1594760 754
1594770 753
1594780 753
1594790 752
1594800 751
1594810 751
1594820 751
1594830 750
1594840 750
1594850 750
1594860 750
1594870 750
1594880 750
1594890 750
1594900 750
1594910 750
1594920 749
1594930 749
1594940 749
1594950 749
1594960 749
1594970 749
1594980 749
1594990 749
1595000 749
1595010 748
1595020 748
1595030 747
1595040 747
1595050 747
1595060 746
1595070 745
1595080 745
1595090 744
1595100 743
1595110 743
1595120 743
1595130 742
1595140 742
1595150 741
1595160 740
1595170 740
1595180 740
1595190 740
1595200 740
1595210 739
1595220 738
1595230 738
1595240 737
1595250 737
1595260 737
1595270 737
1595280 736
1595290 736
1595300 736
1595310 736
1595320 736
1595330 736
1595340 736
1595350 736
1595360 736
1595370 736
1595380 736
1595390 736
1595400 736
1595410 736
1595420 738
1595430 738
1595440 738
1595450 738
1595460 737
1595470 737
1595480 737
1595490 737
1595500 737
1595510 738
1595520 738
1595530 738
1595540 738
1595550 737
1595560 737
1595570 737
1595580 737
1595590 737
1595600 737
1595610 737
1595620 737
1595630 737
1595640 737
1595650 737
1595660 737
1595670 737
1595680 737
1595690 737
1595700 737
1595710 737
1595720 737
1595730 737
1595740 737
1595750 737
1595760 737
1595770 737
1595780 737
1595790 737
1595800 737
1595810 737
1595820 736
1595830 736
1595840 735
1595850 735
1595860 735
1595870 734
1595880 733
1595890 733
1595900 733
1595910 732
1595920 732
1595930 731
1595940 730
1595950 730
1595960 729
1595970 728
1595980 728
1595990 727
1596000 726
1596010 726
1596020 725
1596030 723
1596040 723
1596050 721
1596060 719
1596070 719
1596080 718
1596090 715
1596100 715
1596110 714
1596120 712
1596130 712
1596140 711
1596150 710
1596160 710
1596170 710
1596180 710
1596190 710
1596200 710
1596210 711
1596220 711
1596230 711
1596240 711
1596250 711
1596260 711
1596270 711
1596280 711
1596290 712
1596300 712
1596310 712
1596320 712
1596330 712
1596340 713
1596350 713
1596360 713
1596370 714
1596380 715
1596390 715
1596400 715
1596410 715
1596420 715
1596430 715
1596440 715
1596450 715
1596460 715
1596470 715
1596480 715
1596490 715
1596500 715
1596510 715
1596520 715
1596530 715
1596540 715
1596550 715
1596560 714
1596570 714
1596580 713
1596590 713
1596600 713
1596610 712
1596620 711
1596630 711
1596640 710
1596650 709
1596660 709
1596670 709
1596680 708
1596690 708
1596700 707
1596710 706
1596720 706
1596730 706
1596740 705
1596750 705
1596760 704
1596770 703
1596780 703
1596790 703
1596800 702
1596810 702
1596820 701
1596830 700
1596840 700
1596850 700
1596860 699
1596870 699
1596880 698
1596890 697
1596900 697
1596910 696
1596920 696
1596930 696
1596940 695
1596950 694
1596960 694
1596970 693
1596980 691
1596990 691
1597000 690
1597010 689
1597020 689
1597030 688
1597040 687
1597050 687
1597060 686
1597070 685
1597080 685
1597090 684
1597100 682
1597110 682
1597120 681
1597130 680
1597140 680
1597150 680
1597160 678
1597170 678
1597180 676
1597190 674
1597200 674
1597210 672
1597220 672
1597230 672
1597240 672
1597250 672
1597260 672
1597270 673
1597280 673
1597290 673
1597300 672
1597310 672
1597320 672
1597330 671
1597340 671
1597350 671
1597360 671
1597370 671
1597380 671
1597390 671
1597400 672
1597410 672
1597420 672
1597430 671
1597440 671
1597450 672
1597460 672
1597470 672
1597480 672
1597490 672
1597500 672
1597510 673
1597520 673
1597530 673
1597540 673
1597550 673
1597560 673
1597570 673
1597580 673
1597590 673
1597600 673
1597610 673
1597620 673
1597630 673
1597640 674
1597650 674
1597660 674
1597670 674
1597680 674
1597690 674
1597700 674
1597710 674
1597720 675
1597730 674
1597740 675
1597750 675
1597760 675
1597770 675
1597780 675
1597790 674
1597800 674
1597810 674
1597820 673
1597830 673
1597840 673
1597850 672
1597860 672
1597870 672
1597880 672
1597890 672
1597900 671
1597910 671
1597920 671
1597930 671
1597940 670
1597950 670
1597960 670
1597970 669
1597980 669
1597990 668
1598000 667
1598010 667
1598020 667
1598030 666
1598040 666
1598050 665
1598060 664
1598070 664
1598080 663
1598090 662
1598100 662
1598110 661
1598120 661
1598130 660
1598140 659
1598150 659
1598160 658
1598170 658
1598180 658
1598190 657
1598200 656
1598210 656
1598220 656
1598230 655
1598240 655
1598250 655
1598260 654
1598270 654
1598280 654
1598290 653
1598300 653
1598310 653
1598320 652
1598330 652
1598340 652
1598350 651
1598360 651
1598370 651
1598380 650
1598390 650
1598400 649
1598410 649
1598420 649
1598430 648
1598440 647
1598450 647
1598460 646
1598470 645
1598480 645
1598490 644
1598500 643
1598510 643
1598520 642
1598530 641
1598540 641
1598550 640
1598560 640
1598570 640
1598580 639
1598590 639
1598600 639
1598610 638
1598620 638
1598630 638
1598640 637
1598650 638
1598660 638
1598670 638
1598680 638
1598690 638
1598700 638
1598710 639
1598720 639
1598730 640
1598740 640
1598750 640
1598760 640
1598770 640
1598780 640
1598790 641
1598800 641
1598810 641
1598820 640
1598830 638
1598840 638
1598850 636
1598860 637
1598870 637
1598880 638
1598890 640
1598900 640
1598910 642
1598920 643
1598930 643
1598940 644
1598950 645
1598960 645
1598970 646
1598980 646
1598990 646
1599000 646
1599010 646
1599020 646
1599030 646
1599040 647
1599050 647
1599060 647
1599070 648
1599080 648
1599090 649
1599100 649
1599110 649
1599120 650
1599130 651
1599140 651
1599150 651
1599160 652
1599170 652
1599180 652
1599190 653
1599200 653
1599210 654
1599220 654
1599230 654
1599240 655
1599250 656
1599260 656
1599270 657
1599280 658
1599290 658
1599300 659
1599310 660
1599320 660
1599330 660
1599340 661
1599350 661
1599360 661
1599370 661
1599380 661
1599390 661
1599400 661
1599410 661
1599420 661
1599430 661
1599440 661
1599450 661
1599460 661
1599470 661
1599480 661
1599490 661
1599500 661
1599510 661
1599520 661
1599530 661
1599540 661
1599550 661
1599560 661
1599570 661
1599580 661
1599590 661
1599600 660
1599610 660
1599620 660
1599630 659
1599640 658
1599650 658
1599660 658
1599670 657
1599680 657
1599690 656
1599700 655
1599710 655
1599720 655
1599730 654
1599740 654
1599750 653
1599760 653
1599770 653
1599780 653
1599790 654
1599800 654
1599810 655
1599820 656
1599830 656
1599840 658
1599850 660
1599860 660
1599870 661
1599880 663
1599890 663
1599900 664
1599910 665
1599920 665
1599930 666
1599940 666
1599950 667
1599960 669
1599970 669
1599980 670
1599990 670
