1580000 600
1580010 599
1580020 599
1580030 599
1580040 598
1580050 598
1580060 597
1580070 597
1580080 597
1580090 596
1580100 595
1580110 595
1580120 594
1580130 592
1580140 592
1580150 591
1580160 589
1580170 589
1580180 587
1580190 584
1580200 584
1580210 581
1580220 579
1580230 579
1580240 577
1580250 576
1580260 576
1580270 574
1580280 573
1580290 573
1580300 571
1580310 570
1580320 570
1580330 569
1580340 567
1580350 567
1580360 565
1580370 563
1580380 563
1580390 561
1580400 559
1580410 559
1580420 557
1580430 555
1580440 555
1580450 553
1580460 551
1580470 551
1580480 550
1580490 549
1580500 549
1580510 548
1580520 547
1580530 547
1580540 545
1580550 547
1580560 547
1580570 551
1580580 555
1580590 555
1580600 558
1580610 562
1580620 562
1580630 565
1580640 569
1580650 569
1580660 572
1580670 574
1580680 574
1580690 575
1580700 575
1580710 575
1580720 575
1580730 576
1580740 576
1580750 576
1580760 576
1580770 576
1580780 576
1580790 575
1580800 575
1580810 575
1580820 574
1580830 574
1580840 573
1580850 572
1580860 572
1580870 571
1580880 570
1580890 570
1580900 568
1580910 567
1580920 567
1580930 564
1580940 562
1580950 562
1580960 558
1580970 554
1580980 554
1580990 549
1581000 543
1581010 543
1581020 537
1581030 532
1581040 532
1581050 526
1581060 519
1581070 519
1581080 512
1581090 506
1581100 506
1581110 504
1581120 504
1581130 504
1581140 504
1581150 504
1581160 505
1581170 505
1581180 505
1581190 505
1581200 506
1581210 506
1581220 508
1581230 512
1581240 512
1581250 517
1581260 521
1581270 521
1581280 524
1581290 528
1581300 528
1581310 531
1581320 534
1581330 534
1581340 536
1581350 537
1581360 537
1581370 537
1581380 535
1581390 535
1581400 533
1581410 532
1581420 532
1581430 533
1581440 535
1581450 535
1581460 538
1581470 540
1581480 540
1581490 542
1581500 544
1581510 544
1581520 546
1581530 547
1581540 547
1581550 548
1581560 549
1581570 549
1581580 550
1581590 550
1581600 550
1581610 551
1581620 551
1581630 551
1581640 551
1581650 552
1581660 552
1581670 552
1581680 553
1581690 553
1581700 554
1581710 554
1581720 554
1581730 555
1581740 555
1581750 555
1581760 556
1581770 557
1581780 557
1581790 557
1581800 557
1581810 557
1581820 557
1581830 557
1581840 557
1581850 557
1581860 558
1581870 558
1581880 559
1581890 561
1581900 561
1581910 562
1581920 564
1581930 564
1581940 566
1581950 567
1581960 567
1581970 569
1581980 571
1581990 571
1582000 572
1582010 574
1582020 574
1582030 575
1582040 577
1582050 577
1582060 578
1582070 579
1582080 579
1582090 581
1582100 582
1582110 582
1582120 583
1582130 585
1582140 585
1582150 586
1582160 587
1582170 587
1582180 588
1582190 590
1582200 590
1582210 591
1582220 592
1582230 592
1582240 593
1582250 594
1582260 594
1582270 595
1582280 596
1582290 596
1582300 597
1582310 598
1582320 598
1582330 599
1582340 600
1582350 600
1582360 600
1582370 601
1582380 601
1582390 602
1582400 603
1582410 603
1582420 604
1582430 604
1582440 604
1582450 604
1582460 604
1582470 604
1582480 604
1582490 605
1582500 605
1582510 605
1582520 605
1582530 605
1582540 604
1582550 604
1582560 604
1582570 604
1582580 603
1582590 603
1582600 603
1582610 603
1582620 603
1582630 603
1582640 602
1582650 602
1582660 601
1582670 599
1582680 599
1582690 597
1582700 597
1582710 597
1582720 596
1582730 597
1582740 597
1582750 597
1582760 597
1582770 597
1582780 598
1582790 600
1582800 600
1582810 602
1582820 604
1582830 604
1582840 605
1582850 606
1582860 606
1582870 607
1582880 608
1582890 608
1582900 610
1582910 612
1582920 612
1582930 613
1582940 615
1582950 615
1582960 616
1582970 618
1582980 618
1582990 619
1583000 619
1583010 620
1583020 621
1583030 621
1583040 622
1583050 623
1583060 623
1583070 624
1583080 626
1583090 626
1583100 628
1583110 629
1583120 629
1583130 631
1583140 632
1583150 632
1583160 633
1583170 635
1583180 635
1583190 636
1583200 638
1583210 638
1583220 639
1583230 640
1583240 640
1583250 642
1583260 643
1583270 643
1583280 645
1583290 646
1583300 646
1583310 648
1583320 649
1583330 649
1583340 651
1583350 653
1583360 653
1583370 654
1583380 656
1583390 656
1583400 658
1583410 660
1583420 660
1583430 661
1583440 663
1583450 663
1583460 665
1583470 666
1583480 666
1583490 667
1583500 668
1583510 668
1583520 669
1583530 671
1583540 671
1583550 672
1583560 673
1583570 673
1583580 675
1583590 676
1583600 676
1583610 677
1583620 679
1583630 679
1583640 680
1583650 681
1583660 681
1583670 683
1583680 684
1583690 684
1583700 685
1583710 687
1583720 686
1583730 688
1583740 690
1583750 690
1583760 691
1583770 693
1583780 693
1583790 695
1583800 697
1583810 697
1583820 698
1583830 700
1583840 700
1583850 702
1583860 703
1583870 703
1583880 705
1583890 706
1583900 706
1583910 709
1583920 711
1583930 711
1583940 713
1583950 715
1583960 715
1583970 717
1583980 720
1583990 720
1584000 722
1584010 724
1584020 724
1584030 726
1584040 728
1584050 728
1584060 729
1584070 731
1584080 731
1584090 733
1584100 734
1584110 734
1584120 736
1584130 738
1584140 738
1584150 741
1584160 743
1584170 743
1584180 745
1584190 746
1584200 746
1584210 747
1584220 748
1584230 748
1584240 749
1584250 750
1584260 750
1584270 750
1584280 751
1584290 751
1584300 751
1584310 752
1584320 752
1584330 753
1584340 754
1584350 754
1584360 754
1584370 755
1584380 755
1584390 756
1584400 758
1584410 758
1584420 759
1584430 759
1584440 759
1584450 760
1584460 761
1584470 761
1584480 762
1584490 764
1584500 764
1584510 765
1584520 766
1584530 766
1584540 767
1584550 769
1584560 769
1584570 770
1584580 772
1584590 772
1584600 773
1584610 774
1584620 774
1584630 777
1584640 779
1584650 779
1584660 781
1584670 783
1584680 783
1584690 784
1584700 786
1584710 786
1584720 788
1584730 790
1584740 790
1584750 792
1584760 794
1584770 794
1584780 796
1584790 798
1584800 798
1584810 800
1584820 800
1584830 803
1584840 805
1584850 805
1584860 807
1584870 808
1584880 808
1584890 810
1584900 812
1584910 812
1584920 814
1584930 815
1584940 815
1584950 817
1584960 819
1584970 819
1584980 821
1584990 823
1585000 823
1585010 825
1585020 827
1585030 825
1585040 826
1585050 827
1585060 827
1585070 828
1585080 829
1585090 829
1585100 829
1585110 830
1585120 830
1585130 830
1585140 831
1585150 831
1585160 830
1585170 830
1585180 830
1585190 831
1585200 831
1585210 831
1585220 832
1585230 832
1585240 832
1585250 832
1585260 832
1585270 832
1585280 832
1585290 832
1585300 832
1585310 832
1585320 832
1585330 832
1585340 832
1585350 832
1585360 832
1585370 832
1585380 832
1585390 832
1585400 832
1585410 832
1585420 832
1585430 832
1585440 832
1585450 832
1585460 832
1585470 832
1585480 832
1585490 832
1585500 831
1585510 831
1585520 831
1585530 831
1585540 831
1585550 830
1585560 829
1585570 829
1585580 829
1585590 829
1585600 829
1585610 828
1585620 828
1585630 828
1585640 827
1585650 827
1585660 827
1585670 826
1585680 826
1585690 826
1585700 826
1585710 826
1585720 826
1585730 826
1585740 826
1585750 826
1585760 826
1585770 826
1585780 826
1585790 825
1585800 825
1585810 825
1585820 825
1585830 825
1585840 825
1585850 824
1585860 824
1585870 824
1585880 824
1585890 824
1585900 824
1585910 823
1585920 822
1585930 822
1585940 822
1585950 821
1585960 821
1585970 819
1585980 818
1585990 818
1586000 818
1586010 817
1586020 817
1586030 817
1586040 817
1586050 817
1586060 817
1586070 816
1586080 816
1586090 816
1586100 816
1586110 816
1586120 815
1586130 815
1586140 815
1586150 814
1586160 814
1586170 814
1586180 813
1586190 813
1586200 813
1586210 812
1586220 812
1586230 812
1586240 811
1586250 811
1586260 811
1586270 810
1586280 810
1586290 810
1586300 810
1586310 808
1586320 808
1586330 807
1586340 807
1586350 807
1586360 806
1586370 806
1586380 806
1586390 806
1586400 805
1586410 805
1586420 805
1586430 804
1586440 804
1586450 804
1586460 804
1586470 804
1586480 803
1586490 803
1586500 803
1586510 803
1586520 802
1586530 802
1586540 801
1586550 801
1586560 801
1586570 801
1586580 800
1586590 800
1586600 800
1586610 800
1586620 800
1586630 799
1586640 799
1586650 799
1586660 798
1586670 798
1586680 797
1586690 796
1586700 796
1586710 795
1586720 794
1586730 794
1586740 793
1586750 792
1586760 792
1586770 791
1586780 790
1586790 790
1586800 789
1586810 788
1586820 788
1586830 787
1586840 787
1586850 787
1586860 785
1586870 783
1586880 783
1586890 781
1586900 779
1586910 779
1586920 777
1586930 776
1586940 776
1586950 776
1586960 776
1586970 776
1586980 776
1586990 776
1587000 776
1587010 776
1587020 776
1587030 776
1587040 776
1587050 776
1587060 776
1587070 776
1587080 777
1587090 777
1587100 778
1587110 779
1587120 779
1587130 780
1587140 780
1587150 780
1587160 781
1587170 782
1587180 782
1587190 782
1587200 783
1587210 783
1587220 784
1587230 785
1587240 785
1587250 786
1587260 787
1587270 787
1587280 787
1587290 788
1587300 788
1587310 789
1587320 790
1587330 790
1587340 792
1587350 793
1587360 793
1587370 794
1587380 795
1587390 795
1587400 796
1587410 797
1587420 797
1587430 798
1587440 799
1587450 799
1587460 801
1587470 802
1587480 802
1587490 803
1587500 805
1587510 805
1587520 806
1587530 808
1587540 808
1587550 809
1587560 810
1587570 810
1587580 814
1587590 816
1587600 816
1587610 817
1587620 819
1587630 819
1587640 820
1587650 821
1587660 821
1587670 822
1587680 823
1587690 823
1587700 824
1587710 826
1587720 826
1587730 827
1587740 828
1587750 828
1587760 829
1587770 830
1587780 830
1587790 831
1587800 832
1587810 832
1587820 833
1587830 834
1587840 834
1587850 834
1587860 835
1587870 835
1587880 836
1587890 836
1587900 836
1587910 837
1587920 838
1587930 838
1587940 838
1587950 839
1587960 839
1587970 840
1587980 840
1587990 840
1588000 841
1588010 842
1588020 842
1588030 843
1588040 844
1588050 844
1588060 845
1588070 846
1588080 846
1588090 847
1588100 847
1588110 847
1588120 848
1588130 849
1588140 849
1588150 849
1588160 850
1588170 850
1588180 850
1588190 850
1588200 850
1588210 851
1588220 851
1588230 851
1588240 851
1588250 851
1588260 851
1588270 851
1588280 851
1588290 851
1588300 851
1588310 852
1588320 852
1588330 853
1588340 853
1588350 853
1588360 854
1588370 854
1588380 854
1588390 855
1588400 856
1588410 856
1588420 856
1588430 856
1588440 856
1588450 857
1588460 857
1588470 857
1588480 858
1588490 858
1588500 858
1588510 859
1588520 859
1588530 859
1588540 860
1588550 860
1588560 860
1588570 860
1588580 860
1588590 861
1588600 861
1588610 861
1588620 862
1588630 862
1588640 862
1588650 862
1588660 863
1588670 863
1588680 863
1588690 864
1588700 864
1588710 864
1588720 864
1588730 864
1588740 865
1588750 865
1588760 865
1588770 865
1588780 866
1588790 866
1588800 866
1588810 866
1588820 866
1588830 867
1588840 868
1588850 868
1588860 869
1588870 869
1588880 869
1588890 869
1588900 870
1588910 870
1588920 870
1588930 870
1588940 870
1588950 870
1588960 870
1588970 870
1588980 870
1588990 871
1589000 871
1589010 871
1589020 871
1589030 871
1589040 871
1589050 871
1589060 871
1589070 872
1589080 871
1589090 871
1589100 871
1589110 871
1589120 871
1589130 872
1589140 871
1589150 871
1589160 871
1589170 871
1589180 871
1589190 871
1589200 871
1589210 871
1589220 871
1589230 871
1589240 871
1589250 872
1589260 872
1589270 872
1589280 872
1589290 872
1589300 872
1589310 872
1589320 872
1589330 872
1589340 872
1589350 872
1589360 872
1589370 871
1589380 871
1589390 871
1589400 871
1589410 870
1589420 870
1589430 870
1589440 869
1589450 869
1589460 869
1589470 868
1589480 868
1589490 867
1589500 866
1589510 866
1589520 866
1589530 865
1589540 865
1589550 864
1589560 862
1589570 862
1589580 861
1589590 859
1589600 859
1589610 857
1589620 854
1589630 854
1589640 852
1589650 850
1589660 850
1589670 848
1589680 848
1589690 848
1589700 846
1589710 845
1589720 845
1589730 844
1589740 843
1589750 843
1589760 841
1589770 840
1589780 840
1589790 839
1589800 838
1589810 838
1589820 837
1589830 836
1589840 836
1589850 835
1589860 834
1589870 834
1589880 832
1589890 831
1589900 831
1589910 830
1589920 829
1589930 829
1589940 828
1589950 827
1589960 827
1589970 826
1589980 825
1589990 825
1590000 824
1590010 822
1590020 822
1590030 821
1590040 820
1590050 820
1590060 818
1590070 817
1590080 818
1590090 816
1590100 814
1590110 814
1590120 813
1590130 811
1590140 811
1590150 809
1590160 807
1590170 807
1590180 803
1590190 800
1590200 800
1590210 797
1590220 795
1590230 795
1590240 793
1590250 792
1590260 792
1590270 789
1590280 786
1590290 786
1590300 784
1590310 784
1590320 781
1590330 776
1590340 776
1590350 772
1590360 769
1590370 769
1590380 766
1590390 763
1590400 763
1590410 760
1590420 757
1590430 757
1590440 753
1590450 748
1590460 748
1590470 742
1590480 738
1590490 738
1590500 733
1590510 729
1590520 729
1590530 725
1590540 724
1590550 724
1590560 722
1590570 719
1590580 719
1590590 717
1590600 714
1590610 714
1590620 711
1590630 709
1590640 709
1590650 707
1590660 704
1590670 704
1590680 702
1590690 698
1590700 698
1590710 695
1590720 692
1590730 692
1590740 689
1590750 687
1590760 687
1590770 685
1590780 683
1590790 683
1590800 681
1590810 677
1590820 677
1590830 673
1590840 669
1590850 669
1590860 666
1590870 665
1590880 665
1590890 667
1590900 669
1590910 669
1590920 670
1590930 673
1590940 673
1590950 675
1590960 677
1590970 677
1590980 679
1590990 681
1591000 681
1591010 684
1591020 684
1591030 684
1591040 684
1591050 684
1591060 684
1591070 683
1591080 681
1591090 681
1591100 678
1591110 676
1591120 676
1591130 673
1591140 669
1591150 669
1591160 665
1591170 661
1591180 661
1591190 656
1591200 652
1591210 652
1591220 647
1591230 642
1591240 642
1591250 638
1591260 634
1591270 634
1591280 627
1591290 620
1591300 620
1591310 614
1591320 608
1591330 608
1591340 602
1591350 597
1591360 597
1591370 591
1591380 588
1591390 588
1591400 590
1591410 592
1591420 592
1591430 597
1591440 604
1591450 604
1591460 609
1591470 614
1591480 614
1591490 619
1591500 623
1591510 623
1591520 630
1591530 633
1591540 633
1591550 637
1591560 642
1591570 642
1591580 646
1591590 651
1591600 651
1591610 655
1591620 659
1591630 659
1591640 662
1591650 666
1591660 666
1591670 670
1591680 674
1591690 674
1591700 678
1591710 682
1591720 682
1591730 686
1591740 689
1591750 689
1591760 693
1591770 695
1591780 695
1591790 698
1591800 702
1591810 702
1591820 705
1591830 708
1591840 708
1591850 710
1591860 713
1591870 713
1591880 716
1591890 719
1591900 719
1591910 723
1591920 726
1591930 726
1591940 729
1591950 732
1591960 732
1591970 736
1591980 738
1591990 738
1592000 741
1592010 744
1592020 744
1592030 747
1592040 751
1592050 751
1592060 754
1592070 757
1592080 757
1592090 760
1592100 764
1592110 764
1592120 768
1592130 768
1592140 771
1592150 775
1592160 775
1592170 778
1592180 782
1592190 782
1592200 786
1592210 790
1592220 790
1592230 792
1592240 795
1592250 795
1592260 797
1592270 799
1592280 799
1592290 800
1592300 801
1592310 801
1592320 802
1592330 802
1592340 802
1592350 803
1592360 803
1592370 803
1592380 804
1592390 804
1592400 804
1592410 804
1592420 804
1592430 804
1592440 804
1592450 804
1592460 804
1592470 804
1592480 802
1592490 802
1592500 801
1592510 801
1592520 802
1592530 801
1592540 802
1592550 802
1592560 802
1592570 802
1592580 802
1592590 801
1592600 801
1592610 801
1592620 799
1592630 797
1592640 797
1592650 797
1592660 796
1592670 796
1592680 796
1592690 795
1592700 795
1592710 794
1592720 794
1592730 794
1592740 794
1592750 794
1592760 794
1592770 794
1592780 793
1592790 793
1592800 793
1592810 793
1592820 793
1592830 794
1592840 795
1592850 795
1592860 796
1592870 797
1592880 797
1592890 798
1592900 798
1592910 798
1592920 799
1592930 800
1592940 800
1592950 801
1592960 802
1592970 802
1592980 803
1592990 804
1593000 804
1593010 804
1593020 805
1593030 805
1593040 806
1593050 807
1593060 807
1593070 807
1593080 808
1593090 808
1593100 809
1593110 810
1593120 810
1593130 811
1593140 813
1593150 813
1593160 814
1593170 816
1593180 816
1593190 817
1593200 818
1593210 818
1593220 820
1593230 822
1593240 822
1593250 823
1593260 825
1593270 825
1593280 826
1593290 827
1593300 827
1593310 829
1593320 830
1593330 830
1593340 831
1593350 831
1593360 831
1593370 832
1593380 832
1593390 832
1593400 832
1593410 832
1593420 832
1593430 832
1593440 832
1593450 832
1593460 832
1593470 832
1593480 832
1593490 832
1593500 831
1593510 831
1593520 831
1593530 830
1593540 830
1593550 830
1593560 829
1593570 829
1593580 829
1593590 828
1593600 828
1593610 826
1593620 825
1593630 825
1593640 823
1593650 823
1593660 823
1593670 822
1593680 822
1593690 822
1593700 822
1593710 822
1593720 820
1593730 820
1593740 820
1593750 820
1593760 819
1593770 818
1593780 818
1593790 818
1593800 817
1593810 817
1593820 817
1593830 817
1593840 817
1593850 816
1593860 815
1593870 815
1593880 814
1593890 813
1593900 813
1593910 813
1593920 812
1593930 812
1593940 811
1593950 810
1593960 810
1593970 809
1593980 809
1593990 807
1594000 806
1594010 806
1594020 805
1594030 804
1594040 804
1594050 804
1594060 803
1594070 803
1594080 802
1594090 801
1594100 801
1594110 800
1594120 800
1594130 800
1594140 799
1594150 798
1594160 798
1594170 798
1594180 797
1594190 797
1594200 797
1594210 796
1594220 796
1594230 795
1594240 794
1594250 794
1594260 793
1594270 792
1594280 792
1594290 790
1594300 789
1594310 789
1594320 788
1594330 787
1594340 787
1594350 784
1594360 782
1594370 782
1594380 780
1594390 780
1594400 780
1594410 779
1594420 778
1594430 778
1594440 777
1594450 777
1594460 777
1594470 776
1594480 775
1594490 775
1594500 774
1594510 773
1594520 773
1594530 773
1594540 772
1594550 772
1594560 771
1594570 771
1594580 771
1594590 770
1594600 769
1594610 769
1594620 769
1594630 769
1594640 769
1594650 769
1594660 769
1594670 769
1594680 768
1594690 768
1594700 768
1594710 767
1594720 767
1594730 767
1594740 767
1594750 766
1594760 766
1594770 766
1594780 766
1594790 766
1594800 765
1594810 764
1594820 764
1594830 764
1594840 763
1594850 763
1594860 762
1594870 762
1594880 762
1594890 761
1594900 760
1594910 760
1594920 759
1594930 758
1594940 758
1594950 757
1594960 756
1594970 756
1594980 755
1594990 754
1595000 754
1595010 753
1595020 752
1595030 752
1595040 751
1595050 750
1595060 750
1595070 750
1595080 749
1595090 749
1595100 748
1595110 748
1595120 748
1595130 747
1595140 746
1595150 746
1595160 746
1595170 746
1595180 746
1595190 745
1595200 745
1595210 745
1595220 745
1595230 744
1595240 744
1595250 744
1595260 743
1595270 743
1595280 743
1595290 742
1595300 742
1595310 741
1595320 741
1595330 741
1595340 740
1595350 740
1595360 740
1595370 739
1595380 738
1595390 738
1595400 737
1595410 736
1595420 736
1595430 735
1595440 734
1595450 734
1595460 733
1595470 732
1595480 732
1595490 730
1595500 729
1595510 729
1595520 727
1595530 725
1595540 725
1595550 725
1595560 725
1595570 725
1595580 725
1595590 725
1595600 725
1595610 725
1595620 725
1595630 725
1595640 725
1595650 725
1595660 725
1595670 724
1595680 724
1595690 724
1595700 724
1595710 724
1595720 724
1595730 724
1595740 724
1595750 724
1595760 723
1595770 724
1595780 724
1595790 724
1595800 724
1595810 723
1595820 723
1595830 723
1595840 722
1595850 722
1595860 722
1595870 722
1595880 722
1595890 722
1595900 722
1595910 722
1595920 722
1595930 721
1595940 720
1595950 720
1595960 720
1595970 719
1595980 719
1595990 718
1596000 718
1596010 718
1596020 717
1596030 716
1596040 716
1596050 715
1596060 714
1596070 714
1596080 713
1596090 711
1596100 711
1596110 709
1596120 707
1596130 707
1596140 704
1596150 702
1596160 702
1596170 700
1596180 698
1596190 698
1596200 696
1596210 694
1596220 694
1596230 692
1596240 690
1596250 690
1596260 688
1596270 687
1596280 687
1596290 688
1596300 688
1596310 688
1596320 688
1596330 688
1596340 688
1596350 689
1596360 689
1596370 689
1596380 690
1596390 692
1596400 692
1596410 693
1596420 694
1596430 694
1596440 694
1596450 695
1596460 695
1596470 695
1596480 695
1596490 695
1596500 695
1596510 695
1596520 695
1596530 695
1596540 695
1596550 695
1596560 695
1596570 694
1596580 694
1596590 694
1596600 694
1596610 694
1596620 694
1596630 694
1596640 694
1596650 694
1596660 694
1596670 694
1596680 695
1596690 695
1596700 695
1596710 695
1596720 696
1596730 696
1596740 696
1596750 695
1596760 695
1596770 695
1596780 694
1596790 694
1596800 694
1596810 693
1596820 693
1596830 692
1596840 692
1596850 692
1596860 691
1596870 690
1596880 690
1596890 689
1596900 688
1596910 688
1596920 686
1596930 685
1596940 685
1596950 684
1596960 684
1596970 684
1596980 683
1596990 683
1597000 683
1597010 682
1597020 681
1597030 681
1597040 680
1597050 678
1597060 678
1597070 677
1597080 676
1597090 676
1597100 675
1597110 674
1597120 674
1597130 674
1597140 673
1597150 673
1597160 672
1597170 672
1597180 672
1597190 671
1597200 670
1597210 670
1597220 669
1597230 668
1597240 669
1597250 668
1597260 667
1597270 667
1597280 666
1597290 664
1597300 664
1597310 663
1597320 661
1597330 661
1597340 660
1597350 658
1597360 658
1597370 657
1597380 656
1597390 656
1597400 655
1597410 655
1597420 655
1597430 656
1597440 657
1597450 657
1597460 658
1597470 659
1597480 659
1597490 660
1597500 662
1597510 662
1597520 664
1597530 665
1597540 665
1597550 666
1597560 667
1597570 667
1597580 668
1597590 668
1597600 668
1597610 668
1597620 668
1597630 668
1597640 668
1597650 668
1597660 668
1597670 668
1597680 668
1597690 668
1597700 667
1597710 667
1597720 667
1597730 666
1597740 666
1597750 666
1597760 665
1597770 665
1597780 665
1597790 664
1597800 664
1597810 664
1597820 664
1597830 664
1597840 663
1597850 663
1597860 663
1597870 662
1597880 662
1597890 662
1597900 661
1597910 661
1597920 661
1597930 660
1597940 659
1597950 659
1597960 659
1597970 658
1597980 658
1597990 658
1598000 657
1598010 657
1598020 657
1598030 656
1598040 656
1598050 656
1598060 656
1598070 656
1598080 655
1598090 655
1598100 655
1598110 655
1598120 656
1598130 656
1598140 657
1598150 657
1598160 657
1598170 658
1598180 659
1598190 659
1598200 659
1598210 660
1598220 660
1598230 661
1598240 662
1598250 662
1598260 662
1598270 663
1598280 663
1598290 664
1598300 665
1598310 665
1598320 666
1598330 667
1598340 667
1598350 668
1598360 666
1598370 666
1598380 664
1598390 664
1598400 664
1598410 664
1598420 664
1598430 664
1598440 664
1598450 663
1598460 663
1598470 663
1598480 662
1598490 662
1598500 662
1598510 661
1598520 661
1598530 660
1598540 659
1598550 659
1598560 658
1598570 657
1598580 657
1598590 656
1598600 655
1598610 655
1598620 654
1598630 653
1598640 653
1598650 653
1598660 652
1598670 652
1598680 651
1598690 651
1598700 651
1598710 650
1598720 649
1598730 649
1598740 648
1598750 647
1598760 647
1598770 645
1598780 642
1598790 642
1598800 639
1598810 636
1598820 636
1598830 634
1598840 633
1598850 633
1598860 631
1598870 630
1598880 630
1598890 628
1598900 626
1598910 626
1598920 626
1598930 627
1598940 627
1598950 627
1598960 627
1598970 627
1598980 628
1598990 628
1599000 628
1599010 628
1599020 629
1599030 629
1599040 629
1599050 630
1599060 630
1599070 631
1599080 633
1599090 633
1599100 633
1599110 633
1599120 633
1599130 633
1599140 633
1599150 633
1599160 634
1599170 635
1599180 635
1599190 636
1599200 637
1599210 637
1599220 637
1599230 638
1599240 638
1599250 639
1599260 639
1599270 639
1599280 640
1599290 641
1599300 641
1599310 642
1599320 643
1599330 643
1599340 644
1599350 644
1599360 644
1599370 645
1599380 646
1599390 646
1599400 647
1599410 648
1599420 648
1599430 649
1599440 649
1599450 649
1599460 649
1599470 649
1599480 649
1599490 649
1599500 649
1599510 649
1599520 651
1599530 651
1599540 651
1599550 650
1599560 650
1599570 649
1599580 647
1599590 647
1599600 646
1599610 646
1599620 646
1599630 646
1599640 647
1599650 647
1599660 649
1599670 650
1599680 650
1599690 651
1599700 651
1599710 651
1599720 652
1599730 653
1599740 653
1599750 654
1599760 655
1599770 655
1599780 655
1599790 656
1599800 656
1599810 656
1599820 657
1599830 657
1599840 657
1599850 658
1599860 658
1599870 658
1599880 658
1599890 658
1599900 659
1599910 659
1599920 659
1599930 660
1599940 661
1599950 661
1599960 662
1599970 663
1599980 663
1599990 664
