1580000 653
1580010 652
1580020 652
1580030 651
1580040 651
1580050 651
1580060 650
1580070 649
1580080 649
1580090 649
1580100 649
1580110 649
1580120 648
1580130 647
1580140 647
1580150 646
1580160 645
1580170 645
1580180 644
1580190 643
1580200 643
1580210 641
1580220 640
1580230 640
1580240 638
1580250 636
1580260 636
1580270 633
1580280 630
1580290 630
1580300 627
1580310 625
1580320 625
1580330 622
1580340 619
1580350 619
1580360 616
1580370 612
1580380 612
1580390 610
1580400 610
1580410 610
1580420 610
1580430 611
1580440 611
1580450 611
1580460 612
1580470 612
1580480 612
1580490 613
1580500 613
1580510 614
1580520 614
1580530 614
1580540 615
1580550 615
1580560 616
1580570 616
1580580 616
1580590 616
1580600 615
1580610 615
1580620 613
1580630 612
1580640 612
1580650 611
1580660 610
1580670 610
1580680 610
1580690 610
1580700 610
1580710 609
1580720 607
1580730 607
1580740 605
1580750 603
1580760 603
1580770 600
1580780 597
1580790 597
1580800 597
1580810 598
1580820 598
1580830 599
1580840 600
1580850 600
1580860 601
1580870 602
1580880 602
1580890 603
1580900 603
1580910 603
1580920 603
1580930 604
1580940 605
1580950 606
1580960 607
1580970 607
1580980 607
1580990 608
1581000 608
1581010 608
1581020 608
1581030 608
1581040 609
1581050 609
1581060 609
1581070 610
1581080 611
1581090 611
1581100 612
1581110 612
1581120 612
1581130 613
1581140 613
1581150 613
1581160 614
1581170 615
1581180 615
1581190 616
1581200 617
1581210 617
1581220 617
1581230 618
1581240 618
1581250 619
1581260 619
1581270 619
1581280 620
1581290 620
1581300 620
1581310 621
1581320 621
1581330 621
1581340 621
1581350 621
1581360 621
1581370 621
1581380 621
1581390 621
1581400 620
1581410 620
1581420 620
1581430 619
1581440 619
1581450 619
1581460 618
1581470 618
1581480 618
1581490 618
1581500 617
1581510 617
1581520 617
1581530 616
1581540 616
1581550 615
1581560 614
1581570 614
1581580 613
1581590 612
1581600 612
1581610 611
1581620 609
1581630 609
1581640 608
1581650 607
1581660 607
1581670 606
1581680 605
1581690 605
1581700 604
1581710 603
1581720 603
1581730 601
1581740 599
1581750 599
1581760 597
1581770 595
1581780 595
1581790 593
1581800 591
1581810 591
1581820 589
1581830 588
1581840 588
1581850 586
1581860 583
1581870 583
1581880 578
1581890 574
1581900 574
1581910 570
1581920 566
1581930 566
1581940 562
1581950 558
1581960 558
1581970 554
1581980 549
1581990 549
1582000 544
1582010 540
1582020 540
1582030 537
1582040 535
1582050 535
1582060 533
1582070 532
1582080 532
1582090 532
1582100 533
1582110 533
1582120 537
1582130 541
1582140 541
1582150 544
1582160 547
1582170 547
1582180 550
1582190 553
1582200 553
1582210 556
1582220 559
1582230 559
1582240 562
1582250 565
1582260 565
1582270 567
1582280 566
1582290 568
1582300 571
1582310 571
1582320 573
1582330 576
1582340 576
1582350 578
1582360 580
1582370 580
1582380 582
1582390 584
1582400 584
1582410 586
1582420 587
1582430 587
1582440 589
1582450 591
1582460 591
1582470 593
1582480 595
1582490 595
1582500 597
1582510 599
1582520 599
1582530 601
1582540 603
1582550 603
1582560 605
1582570 607
1582580 607
1582590 609
1582600 611
1582610 611
1582620 613
1582630 615
1582640 615
1582650 617
1582660 619
1582670 619
1582680 621
1582690 623
1582700 623
1582710 624
1582720 625
1582730 625
1582740 626
1582750 627
1582760 627
1582770 628
1582780 628
1582790 628
1582800 628
1582810 628
1582820 628
1582830 628
1582840 627
1582850 627
1582860 627
1582870 627
1582880 627
1582890 627
1582900 626
1582910 626
1582920 625
1582930 624
1582940 624
1582950 622
1582960 621
1582970 621
1582980 619
1582990 618
1583000 618
1583010 616
1583020 613
1583030 613
1583040 612
1583050 611
1583060 611
1583070 609
1583080 607
1583090 607
1583100 603
1583110 600
1583120 600
1583130 596
1583140 594
1583150 594
1583160 593
1583170 591
1583180 591
1583190 589
1583200 587
1583210 587
1583220 584
1583230 582
1583240 582
1583250 579
1583260 576
1583270 576
1583280 577
1583290 579
1583300 579
1583310 580
1583320 581
1583330 581
1583340 583
1583350 583
1583360 583
1583370 585
1583380 586
1583390 586
1583400 588
1583410 590
1583420 590
1583430 591
1583440 592
1583450 592
1583460 593
1583470 595
1583480 595
1583490 596
1583500 598
1583510 598
1583520 599
1583530 601
1583540 601
1583550 602
1583560 604
1583570 604
1583580 606
1583590 607
1583600 607
1583610 607
1583620 609
1583630 609
1583640 611
1583650 613
1583660 613
1583670 615
1583680 616
1583690 616
1583700 618
1583710 620
1583720 620
1583730 622
1583740 624
1583750 624
1583760 626
1583770 627
1583780 627
1583790 630
1583800 631
1583810 631
1583820 633
1583830 635
1583840 635
1583850 637
1583860 638
1583870 638
1583880 640
1583890 642
1583900 642
1583910 643
1583920 644
1583930 644
1583940 646
1583950 648
1583960 648
1583970 650
1583980 652
1583990 652
1584000 653
1584010 653
1584020 655
1584030 657
1584040 657
1584050 659
1584060 660
1584070 660
1584080 662
1584090 664
1584100 664
1584110 666
1584120 668
1584130 668
1584140 671
1584150 674
1584160 674
1584170 677
1584180 680
1584190 680
1584200 683
1584210 686
1584220 686
1584230 688
1584240 691
1584250 691
1584260 694
1584270 698
1584280 698
1584290 700
1584300 703
1584310 703
1584320 706
1584330 709
1584340 709
1584350 712
1584360 715
1584370 715
1584380 718
1584390 721
1584400 721
1584410 725
1584420 728
1584430 728
1584440 730
1584450 733
1584460 733
1584470 736
1584480 737
1584490 737
1584500 739
1584510 742
1584520 742
1584530 743
1584540 743
1584550 743
1584560 743
1584570 743
1584580 743
1584590 743
1584600 742
1584610 742
1584620 742
1584630 741
1584640 741
1584650 741
1584660 740
1584670 740
1584680 740
1584690 739
1584700 739
1584710 738
1584720 737
1584730 737
1584740 736
1584750 735
1584760 735
1584770 734
1584780 733
1584790 733
1584800 732
1584810 731
1584820 731
1584830 730
1584840 729
1584850 729
1584860 728
1584870 726
1584880 726
1584890 725
1584900 724
1584910 722
1584920 721
1584930 719
1584940 719
1584950 718
1584960 716
1584970 716
1584980 715
1584990 714
1585000 714
1585010 713
1585020 712
1585030 712
1585040 712
1585050 711
1585060 711
1585070 710
1585080 709
1585090 709
1585100 708
1585110 708
1585120 708
1585130 706
1585140 705
1585150 705
1585160 703
1585170 702
1585180 702
1585190 701
1585200 700
1585210 700
1585220 698
1585230 697
1585240 697
1585250 697
1585260 697
1585270 697
1585280 697
1585290 697
1585300 697
1585310 696
1585320 695
1585330 695
1585340 694
1585350 693
1585360 693
1585370 693
1585380 695
1585390 695
1585400 696
1585410 697
1585420 697
1585430 698
1585440 699
1585450 699
1585460 699
1585470 700
1585480 700
1585490 700
1585500 699
1585510 699
1585520 699
1585530 698
1585540 698
1585550 697
1585560 696
1585570 696
1585580 695
1585590 693
1585600 693
1585610 692
1585620 691
1585630 691
1585640 690
1585650 689
1585660 689
1585670 688
1585680 686
1585690 686
1585700 685
1585710 684
1585720 684
1585730 682
1585740 682
1585750 681
1585760 680
1585770 680
1585780 679
1585790 677
1585800 677
1585810 676
1585820 674
1585830 674
1585840 673
1585850 672
1585860 672
1585870 669
1585880 667
1585890 667
1585900 666
1585910 664
1585920 664
1585930 662
1585940 660
1585950 660
1585960 658
1585970 656
1585980 656
1585990 654
1586000 654
1586010 654
1586020 655
1586030 656
1586040 656
1586050 657
1586060 660
1586070 660
1586080 662
1586090 664
1586100 664
1586110 667
1586120 669
1586130 669
1586140 672
1586150 676
1586160 676
1586170 680
1586180 683
1586190 683
1586200 685
1586210 688
1586220 688
1586230 692
1586240 695
1586250 695
1586260 698
1586270 702
1586280 702
1586290 705
1586300 710
1586310 710
1586320 714
1586330 717
1586340 717
1586350 721
1586360 726
1586370 726
1586380 731
1586390 736
1586400 736
1586410 741
1586420 746
1586430 746
1586440 749
1586450 752
1586460 752
1586470 754
1586480 755
1586490 755
1586500 756
1586510 758
1586520 758
1586530 761
1586540 764
1586550 764
1586560 766
1586570 768
1586580 768
1586590 769
1586600 771
1586610 771
1586620 773
1586630 774
1586640 774
1586650 776
1586660 778
1586670 778
1586680 779
1586690 779
1586700 779
1586710 780
1586720 782
1586730 782
1586740 783
1586750 785
1586760 785
1586770 786
1586780 787
1586790 787
1586800 789
1586810 790
1586820 790
1586830 791
1586840 792
1586850 792
1586860 793
1586870 794
1586880 794
1586890 795
1586900 796
1586910 796
1586920 796
1586930 797
1586940 797
1586950 798
1586960 799
1586970 799
1586980 800
1586990 801
1587000 801
1587010 802
1587020 802
1587030 802
1587040 803
1587050 804
1587060 804
1587070 805
1587080 806
1587090 806
1587100 807
1587110 807
1587120 807
1587130 808
1587140 810
1587150 810
1587160 811
1587170 811
1587180 811
1587190 812
1587200 814
1587210 814
1587220 815
1587230 816
1587240 816
1587250 818
1587260 819
1587270 819
1587280 820
1587290 821
1587300 821
1587310 822
1587320 823
1587330 823
1587340 825
1587350 826
1587360 826
1587370 827
1587380 828
1587390 828
1587400 829
1587410 830
1587420 830
1587430 830
1587440 830
1587450 831
1587460 832
1587470 832
1587480 833
1587490 834
1587500 834
1587510 835
1587520 836
1587530 836
1587540 837
1587550 838
1587560 838
1587570 839
1587580 840
1587590 840
1587600 841
1587610 843
1587620 843
1587630 844
1587640 845
1587650 845
1587660 846
1587670 847
1587680 847
1587690 849
1587700 850
1587710 850
1587720 852
1587730 853
1587740 853
1587750 854
1587760 856
1587770 856
1587780 857
1587790 858
1587800 858
1587810 860
1587820 861
1587830 861
1587840 862
1587850 864
1587860 864
1587870 866
1587880 867
1587890 867
1587900 868
1587910 869
1587920 869
1587930 871
1587940 872
1587950 872
1587960 874
1587970 875
1587980 875
1587990 877
1588000 878
1588010 878
1588020 879
1588030 880
1588040 880
1588050 882
1588060 883
1588070 883
1588080 884
1588090 885
1588100 885
1588110 886
1588120 887
1588130 887
1588140 888
1588150 890
1588160 890
1588170 891
1588180 892
1588190 892
1588200 893
1588210 894
1588220 894
1588230 895
1588240 896
1588250 896
1588260 896
1588270 897
1588280 897
1588290 898
1588300 898
1588310 898
1588320 899
1588330 899
1588340 899
1588350 900
1588360 900
1588370 900
1588380 901
1588390 901
1588400 901
1588410 902
1588420 902
1588430 902
1588440 902
1588450 902
1588460 902
1588470 902
1588480 903
1588490 903
1588500 903
1588510 903
1588520 903
1588530 903
1588540 903
1588550 903
1588560 902
1588570 902
1588580 902
1588590 901
1588600 901
1588610 901
1588620 900
1588630 898
1588640 898
1588650 898
1588660 897
1588670 897
1588680 897
1588690 896
1588700 896
1588710 896
1588720 896
1588730 895
1588740 894
1588750 894
1588760 894
1588770 894
1588780 894
1588790 894
1588800 894
1588810 893
1588820 893
1588830 894
1588840 894
1588850 894
1588860 894
1588870 893
1588880 893
1588890 894
1588900 894
1588910 894
1588920 894
1588930 894
1588940 894
1588950 894
1588960 894
1588970 894
1588980 894
1588990 895
1589000 895
1589010 895
1589020 895
1589030 895
1589040 895
1589050 894
1589060 894
1589070 895
1589080 895
1589090 895
1589100 895
1589110 895
1589120 895
1589130 895
1589140 895
1589150 895
1589160 895
1589170 895
1589180 896
1589190 896
1589200 896
1589210 896
1589220 896
1589230 896
1589240 896
1589250 895
1589260 895
1589270 894
1589280 894
1589290 894
1589300 892
1589310 891
1589320 891
1589330 890
1589340 889
1589350 889
1589360 887
1589370 886
1589380 886
1589390 885
1589400 885
1589410 885
1589420 884
1589430 882
1589440 882
1589450 881
1589460 881
1589470 881
1589480 880
1589490 879
1589500 879
1589510 877
1589520 876
1589530 876
1589540 874
1589550 874
1589560 874
1589570 873
1589580 872
1589590 872
1589600 870
1589610 869
1589620 869
1589630 868
1589640 867
1589650 867
1589660 866
1589670 866
1589680 866
1589690 865
1589700 864
1589710 864
1589720 863
1589730 862
1589740 862
1589750 861
1589760 860
1589770 860
1589780 859
1589790 858
1589800 858
1589810 857
1589820 856
1589830 856
1589840 855
1589850 854
1589860 854
1589870 853
1589880 852
1589890 852
1589900 851
1589910 850
1589920 850
1589930 849
1589940 849
1589950 849
1589960 848
1589970 850
1589980 850
1589990 849
1590000 849
1590010 849
1590020 848
1590030 847
1590040 847
1590050 847
1590060 846
1590070 846
1590080 846
1590090 846
1590100 846
1590110 847
1590120 847
1590130 847
1590140 847
1590150 847
1590160 847
1590170 847
1590180 847
1590190 847
1590200 847
1590210 847
1590220 847
1590230 847
1590240 848
1590250 848
1590260 848
1590270 849
1590280 849
1590290 849
1590300 849
1590310 849
1590320 848
1590330 848
1590340 848
1590350 847
1590360 846
1590370 846
1590380 845
1590390 844
1590400 844
1590410 843
1590420 841
1590430 841
1590440 840
1590450 839
1590460 839
1590470 838
1590480 836
1590490 836
1590500 834
1590510 833
1590520 833
1590530 831
1590540 830
1590550 830
1590560 828
1590570 827
1590580 827
1590590 825
1590600 823
1590610 823
1590620 821
1590630 819
1590640 819
1590650 817
1590660 815
1590670 815
1590680 813
1590690 811
1590700 811
1590710 809
1590720 808
1590730 808
1590740 806
1590750 803
1590760 803
1590770 801
1590780 798
1590790 798
1590800 795
1590810 792
1590820 792
1590830 788
1590840 785
1590850 785
1590860 783
1590870 783
1590880 781
1590890 779
1590900 779
1590910 777
1590920 775
1590930 775
1590940 772
1590950 770
1590960 770
1590970 768
1590980 765
1590990 765
1591000 762
1591010 758
1591020 758
1591030 754
1591040 750
1591050 750
1591060 745
1591070 741
1591080 741
1591090 738
1591100 734
1591110 734
1591120 731
1591130 727
1591140 727
1591150 722
1591160 717
1591170 717
1591180 713
1591190 708
1591200 707
1591210 702
1591220 696
1591230 696
1591240 692
1591250 687
1591260 687
1591270 681
1591280 676
1591290 676
1591300 671
1591310 667
1591320 667
1591330 662
1591340 658
1591350 658
1591360 655
1591370 653
1591380 653
1591390 653
1591400 654
1591410 654
1591420 655
1591430 655
1591440 655
1591450 658
1591460 661
1591470 661
1591480 664
1591490 666
1591500 666
1591510 668
1591520 671
1591530 671
1591540 673
1591550 676
1591560 676
1591570 679
1591580 681
1591590 681
1591600 682
1591610 685
1591620 685
1591630 687
1591640 689
1591650 689
1591660 692
1591670 694
1591680 694
1591690 696
1591700 698
1591710 698
1591720 700
1591730 702
1591740 702
1591750 704
1591760 706
1591770 706
1591780 708
1591790 709
1591800 709
1591810 712
1591820 714
1591830 714
1591840 717
1591850 719
1591860 719
1591870 721
1591880 723
1591890 723
1591900 725
1591910 727
1591920 727
1591930 728
1591940 730
1591950 730
1591960 733
1591970 735
1591980 735
1591990 738
1592000 741
1592010 741
1592020 743
1592030 745
1592040 745
1592050 747
1592060 750
1592070 750
1592080 753
1592090 756
1592100 756
1592110 758
1592120 759
1592130 759
1592140 761
1592150 763
1592160 763
1592170 765
1592180 767
1592190 767
1592200 768
1592210 770
1592220 770
1592230 771
1592240 773
1592250 773
1592260 775
1592270 776
1592280 776
1592290 778
1592300 779
1592310 779
1592320 780
1592330 782
1592340 782
1592350 783
1592360 785
1592370 785
1592380 786
1592390 787
1592400 787
1592410 789
1592420 791
1592430 791
1592440 793
1592450 794
1592460 794
1592470 795
1592480 796
1592490 796
1592500 797
1592510 798
1592520 798
1592530 799
1592540 801
1592550 801
1592560 802
1592570 803
1592580 803
1592590 804
1592600 804
1592610 805
1592620 806
1592630 806
1592640 807
1592650 808
1592660 808
1592670 809
1592680 809
1592690 809
1592700 810
1592710 811
1592720 811
1592730 812
1592740 813
1592750 813
1592760 814
1592770 815
1592780 815
1592790 815
1592800 816
1592810 816
1592820 817
1592830 818
1592840 818
1592850 819
1592860 820
1592870 820
1592880 820
1592890 821
1592900 821
1592910 821
1592920 822
1592930 822
1592940 823
1592950 823
1592960 823
1592970 823
1592980 823
1592990 823
1593000 822
1593010 822
1593020 822
1593030 823
1593040 823
1593050 823
1593060 823
1593070 823
1593080 823
1593090 823
1593100 823
1593110 823
1593120 823
1593130 824
1593140 824
1593150 824
1593160 824
1593170 824
1593180 824
1593190 824
1593200 824
1593210 825
1593220 825
1593230 825
1593240 825
1593250 825
1593260 825
1593270 825
1593280 825
1593290 825
1593300 826
1593310 826
1593320 826
1593330 826
1593340 826
1593350 826
1593360 826
1593370 826
1593380 826
1593390 826
1593400 826
1593410 826
1593420 826
1593430 826
1593440 826
1593450 826
1593460 826
1593470 826
1593480 826
1593490 826
1593500 826
1593510 826
1593520 826
1593530 826
1593540 826
1593550 825
1593560 825
1593570 825
1593580 825
1593590 825
1593600 825
1593610 825
1593620 825
1593630 825
1593640 824
1593650 824
1593660 824
1593670 824
1593680 824
1593690 824
1593700 823
1593710 823
1593720 823
1593730 823
1593740 823
1593750 822
1593760 822
1593770 822
1593780 822
1593790 822
1593800 822
1593810 821
1593820 820
1593830 820
1593840 820
1593850 820
1593860 820
1593870 819
1593880 819
1593890 819
1593900 819
1593910 819
1593920 819
1593930 819
1593940 820
1593950 820
1593960 820
1593970 820
1593980 820
1593990 820
1594000 820
1594010 820
1594020 820
1594030 820
1594040 820
1594050 819
1594060 819
1594070 819
1594080 819
1594090 819
1594100 819
1594110 819
1594120 819
1594130 819
1594140 819
1594150 819
1594160 819
1594170 819
1594180 819
1594190 819
1594200 819
1594210 818
1594220 818
1594230 818
1594240 817
1594250 817
1594260 817
1594270 817
1594280 817
1594290 817
1594300 817
1594310 817
1594320 816
1594330 816
1594340 816
1594350 816
1594360 816
1594370 816
1594380 816
1594390 816
1594400 816
1594410 816
1594420 816
1594430 816
1594440 816
1594450 816
1594460 816
1594470 816
1594480 816
1594490 817
1594500 817
1594510 817
1594520 817
1594530 817
1594540 817
1594550 817
1594560 817
1594570 817
1594580 817
1594590 817
1594600 817
1594610 817
1594620 817
1594630 817
1594640 817
1594650 817
1594660 817
1594670 817
1594680 817
1594690 817
1594700 817
1594710 817
1594720 817
1594730 817
1594740 817
1594750 817
1594760 817
1594770 816
1594780 816
1594790 816
1594800 816
1594810 816
1594820 815
1594830 815
1594840 815
1594850 813
1594860 812
1594870 812
1594880 811
1594890 810
1594900 810
1594910 809
1594920 808
1594930 808
1594940 807
1594950 806
1594960 806
1594970 805
1594980 803
1594990 803
1595000 802
1595010 801
1595020 801
1595030 802
1595040 802
1595050 802
1595060 803
1595070 803
1595080 803
1595090 803
1595100 803
1595110 803
1595120 803
1595130 803
1595140 803
1595150 803
1595160 804
1595170 804
1595180 804
1595190 804
1595200 804
1595210 804
1595220 804
1595230 804
1595240 805
1595250 805
1595260 805
1595270 805
1595280 806
1595290 806
1595300 806
1595310 806
1595320 806
1595330 806
1595340 806
1595350 806
1595360 806
1595370 806
1595380 806
1595390 806
1595400 806
1595410 806
1595420 806
1595430 806
1595440 806
1595450 806
1595460 806
1595470 806
1595480 806
1595490 805
1595500 805
1595510 805
1595520 805
1595530 805
1595540 804
1595550 804
1595560 804
1595570 804
1595580 804
1595590 804
1595600 803
1595610 803
1595620 803
1595630 802
1595640 802
1595650 802
1595660 802
1595670 801
1595680 801
1595690 801
1595700 800
1595710 800
1595720 800
1595730 799
1595740 799
1595750 798
1595760 797
1595770 797
1595780 795
1595790 794
1595800 794
1595810 793
1595820 792
1595830 792
1595840 791
1595850 790
1595860 790
1595870 789
1595880 788
1595890 788
1595900 786
1595910 785
1595920 785
1595930 783
1595940 782
1595950 782
1595960 781
1595970 780
1595980 779
1595990 777
1596000 776
1596010 776
1596020 775
1596030 774
1596040 774
1596050 773
1596060 773
1596070 771
1596080 770
1596090 770
1596100 769
1596110 767
1596120 767
1596130 766
1596140 764
1596150 764
1596160 763
1596170 762
1596180 762
1596190 761
1596200 760
1596210 760
1596220 758
1596230 757
1596240 757
1596250 756
1596260 754
1596270 754
1596280 753
1596290 752
1596300 752
1596310 752
1596320 751
1596330 751
1596340 750
1596350 749
1596360 749
1596370 747
1596380 746
1596390 746
1596400 744
1596410 743
1596420 743
1596430 742
1596440 740
1596450 740
1596460 738
1596470 737
1596480 737
1596490 736
1596500 734
1596510 734
1596520 732
1596530 729
1596540 729
1596550 727
1596560 726
1596570 726
1596580 726
1596590 726
1596600 726
1596610 726
1596620 726
1596630 726
1596640 726
1596650 725
1596660 725
1596670 725
1596680 724
1596690 724
1596700 724
1596710 724
1596720 724
1596730 723
1596740 722
1596750 722
1596760 722
1596770 722
1596780 722
1596790 722
1596800 721
1596810 721
1596820 721
1596830 721
1596840 721
1596850 720
1596860 720
1596870 720
1596880 719
1596890 718
1596900 718
1596910 717
1596920 717
1596930 717
1596940 716
1596950 716
1596960 716
1596970 715
1596980 714
1596990 714
1597000 713
1597010 713
1597020 713
1597030 712
1597040 711
1597050 711
1597060 711
1597070 710
1597080 710
1597090 709
1597100 708
1597110 708
1597120 705
1597130 702
1597140 701
1597150 698
1597160 696
1597170 696
1597180 695
1597190 694
1597200 694
1597210 693
1597220 692
1597230 692
1597240 692
1597250 693
1597260 693
1597270 692
1597280 692
1597290 692
1597300 693
1597310 695
1597320 695
1597330 697
1597340 697
1597350 697
1597360 696
1597370 695
1597380 695
1597390 696
1597400 697
1597410 697
1597420 698
1597430 698
1597440 698
1597450 699
1597460 700
1597470 700
1597480 700
1597490 699
1597500 699
1597510 698
1597520 698
1597530 698
1597540 698
1597550 698
1597560 698
1597570 698
1597580 698
1597590 698
1597600 698
1597610 698
1597620 698
1597630 698
1597640 698
1597650 698
1597660 698
1597670 697
1597680 697
1597690 697
1597700 697
1597710 697
1597720 697
1597730 696
1597740 696
1597750 696
1597760 696
1597770 696
1597780 695
1597790 695
1597800 695
1597810 695
1597820 695
1597830 694
1597840 694
1597850 694
1597860 694
1597870 693
1597880 693
1597890 693
1597900 693
1597910 693
1597920 692
1597930 692
1597940 692
1597950 691
1597960 691
1597970 691
1597980 691
1597990 691
1598000 691
1598010 692
1598020 692
1598030 692
1598040 692
1598050 693
1598060 693
1598070 693
1598080 693
1598090 693
1598100 693
1598110 694
1598120 694
1598130 694
1598140 694
1598150 694
1598160 694
1598170 695
1598180 695
1598190 695
1598200 695
1598210 695
1598220 695
1598230 695
1598240 695
1598250 696
1598260 695
1598270 695
1598280 695
1598290 696
1598300 696
1598310 696
1598320 696
1598330 696
1598340 696
1598350 696
1598360 696
1598370 696
1598380 696
1598390 696
1598400 697
1598410 697
1598420 697
1598430 697
1598440 697
1598450 697
1598460 697
1598470 697
1598480 697
1598490 697
1598500 697
1598510 697
1598520 697
1598530 697
1598540 697
1598550 697
1598560 696
1598570 696
1598580 696
1598590 697
1598600 697
1598610 697
1598620 697
1598630 697
1598640 698
1598650 698
1598660 698
1598670 698
1598680 698
1598690 698
1598700 699
1598710 699
1598720 699
1598730 699
1598740 700
1598750 700
1598760 700
1598770 701
1598780 701
1598790 701
1598800 701
1598810 701
1598820 702
1598830 703
1598840 703
1598850 703
1598860 704
1598870 704
1598880 705
1598890 705
1598900 705
1598910 706
1598920 706
1598930 706
1598940 707
1598950 707
1598960 707
1598970 708
1598980 708
1598990 708
1599000 709
1599010 709
1599020 709
1599030 708
1599040 708
1599050 708
1599060 708
1599070 708
1599080 708
1599090 708
1599100 707
1599110 707
1599120 707
1599130 707
1599140 707
1599150 706
1599160 706
1599170 706
1599180 706
1599190 706
1599200 706
1599210 705
1599220 705
1599230 705
1599240 705
1599250 705
1599260 705
1599270 704
1599280 703
1599290 703
1599300 703
1599310 703
1599320 703
1599330 702
1599340 702
1599350 702
1599360 702
1599370 702
1599380 702
1599390 701
1599400 700
1599410 700
1599420 700
1599430 700
1599440 700
1599450 700
1599460 700
1599470 700
1599480 700
1599490 700
1599500 700
1599510 701
1599520 701
1599530 701
1599540 701
1599550 701
1599560 702
1599570 702
1599580 702
1599590 703
1599600 703
1599610 703
1599620 703
1599630 704
1599640 704
1599650 704
1599660 705
1599670 705
1599680 706
1599690 707
1599700 707
1599710 707
1599720 707
1599730 707
1599740 707
1599750 707
1599760 707
1599770 707
1599780 707
1599790 707
1599800 707
1599810 707
1599820 707
1599830 708
1599840 708
1599850 708
1599860 708
1599870 707
1599880 707
1599890 707
1599900 707
1599910 707
1599920 707
1599930 707
1599940 707
1599950 706
1599960 706
1599970 706
1599980 705
1599990 705
