1580000 684
1580010 684
1580020 686
1580030 688
1580040 688
1580050 690
1580060 692
1580070 692
1580080 693
1580090 695
1580100 695
1580110 696
1580120 698
1580130 698
1580140 699
1580150 699
1580160 699
1580170 699
1580180 699
1580190 699
1580200 699
1580210 699
1580220 699
1580230 698
1580240 698
1580250 698
1580260 697
1580270 697
1580280 697
1580290 696
1580300 695
1580310 695
1580320 695
1580330 694
1580340 694
1580350 693
1580360 692
1580370 692
1580380 692
1580390 691
1580400 691
1580410 689
1580420 688
1580430 688
1580440 687
1580450 685
1580460 685
1580470 684
1580480 683
1580490 683
1580500 681
1580510 680
1580520 680
1580530 678
1580540 677
1580550 677
1580560 675
1580570 674
1580580 674
1580590 673
1580600 673
1580610 673
1580620 672
1580630 671
1580640 671
1580650 671
1580660 671
1580670 671
1580680 672
1580690 674
1580700 674
1580710 675
1580720 676
1580730 676
1580740 677
1580750 677
1580760 677
1580770 678
1580780 678
1580790 678
1580800 678
1580810 679
1580820 679
1580830 678
1580840 678
1580850 678
1580860 678
1580870 678
1580880 678
1580890 678
1580900 678
1580910 678
1580920 678
1580930 678
1580940 678
1580950 678
1580960 678
1580970 678
1580980 678
1580990 678
1581000 678
1581010 677
1581020 677
1581030 677
1581040 677
1581050 677
1581060 677
1581070 677
1581080 677
1581090 677
1581100 677
1581110 677
1581120 677
1581130 677
1581140 677
1581150 677
1581160 676
1581170 675
1581180 675
1581190 673
1581200 671
1581210 671
1581220 669
1581230 668
1581240 668
1581250 666
1581260 664
1581270 664
1581280 664
1581290 663
1581300 663
1581310 663
1581320 662
1581330 662
1581340 661
1581350 661
1581360 661
1581370 661
1581380 660
1581390 660
1581400 660
1581410 660
1581420 660
1581430 659
1581440 659
1581450 659
1581460 659
1581470 659
1581480 659
1581490 660
1581500 661
1581510 661
1581520 662
1581530 663
1581540 663
1581550 664
1581560 664
1581570 664
1581580 664
1581590 664
1581600 665
1581610 665
1581620 665
1581630 666
1581640 666
1581650 666
1581660 667
1581670 667
1581680 667
1581690 667
1581700 668
1581710 668
1581720 667
1581730 667
1581740 667
1581750 667
1581760 667
1581770 667
1581780 666
1581790 665
1581800 665
1581810 664
1581820 663
1581830 663
1581840 662
1581850 660
1581860 660
1581870 659
1581880 658
1581890 658
1581900 657
1581910 655
1581920 655
1581930 654
1581940 653
1581950 653
1581960 653
1581970 653
1581980 653
1581990 653
1582000 655
1582010 655
1582020 657
1582030 659
1582040 659
1582050 661
1582060 662
1582070 662
1582080 664
1582090 665
1582100 665
1582110 666
1582120 667
1582130 667
1582140 667
1582150 668
1582160 668
1582170 668
1582180 668
1582190 668
1582200 668
1582210 668
1582220 668
1582230 667
1582240 667
1582250 667
1582260 667
1582270 666
1582280 666
1582290 666
1582300 665
1582310 665
1582320 665
1582330 664
1582340 664
1582350 664
1582360 664
1582370 664
1582380 663
1582390 663
1582400 663
1582410 663
1582420 663
1582430 663
1582440 663
1582450 663
1582460 663
1582470 663
1582480 663
1582490 663
1582500 662
1582510 662
1582520 662
1582530 662
1582540 661
1582550 661
1582560 661
1582570 661
1582580 661
1582590 661
1582600 662
1582610 662
1582620 662
1582630 663
1582640 663
1582650 664
1582660 664
1582670 664
1582680 665
1582690 665
1582700 665
1582710 666
1582720 666
1582730 666
1582740 667
1582750 668
1582760 668
1582770 669
1582780 670
1582790 670
1582800 670
1582810 671
1582820 671
1582830 672
1582840 673
1582850 673
1582860 675
1582870 676
1582880 676
1582890 677
1582900 679
1582910 679
1582920 680
1582930 681
1582940 681
1582950 681
1582960 682
1582970 682
1582980 682
1582990 682
1583000 682
1583010 681
1583020 681
1583030 681
1583040 680
1583050 680
1583060 680
1583070 679
1583080 680
1583090 680
1583100 679
1583110 678
1583120 678
1583130 677
1583140 675
1583150 675
1583160 673
1583170 672
1583180 672
1583190 670
1583200 670
1583210 668
1583220 667
1583230 667
1583240 665
1583250 664
1583260 664
1583270 663
1583280 661
1583290 661
1583300 659
1583310 657
1583320 657
1583330 653
1583340 650
1583350 650
1583360 647
1583370 644
1583380 644
1583390 642
1583400 640
1583410 640
1583420 638
1583430 636
1583440 636
1583450 635
1583460 634
1583470 634
1583480 634
1583490 634
1583500 634
1583510 635
1583520 637
1583530 637
1583540 638
1583550 639
1583560 639
1583570 641
1583580 642
1583590 642
1583600 644
1583610 644
1583620 644
1583630 645
1583640 645
1583650 645
1583660 646
1583670 646
1583680 646
1583690 645
1583700 645
1583710 645
1583720 645
1583730 644
1583740 644
1583750 643
1583760 642
1583770 642
1583780 641
1583790 640
1583800 640
1583810 639
1583820 638
1583830 638
1583840 638
1583850 637
1583860 637
1583870 636
1583880 636
1583890 636
1583900 635
1583910 634
1583920 634
1583930 632
1583940 631
1583950 631
1583960 630
1583970 629
1583980 629
1583990 627
1584000 625
1584010 625
1584020 622
1584030 620
1584040 620
1584050 618
1584060 616
1584070 616
1584080 614
1584090 612
1584100 612
1584110 610
1584120 608
1584130 608
1584140 606
1584150 604
1584160 604
1584170 602
1584180 601
1584190 601
1584200 599
1584210 598
1584220 598
1584230 597
1584240 596
1584250 596
1584260 594
1584270 593
1584280 593
1584290 592
1584300 591
1584310 591
1584320 590
1584330 587
1584340 587
1584350 584
1584360 579
1584370 579
1584380 576
1584390 574
1584400 575
1584410 573
1584420 572
1584430 572
1584440 571
1584450 571
1584460 571
1584470 570
1584480 570
1584490 570
1584500 570
1584510 570
1584520 570
1584530 570
1584540 570
1584550 570
1584560 570
1584570 570
1584580 570
1584590 570
1584600 570
1584610 570
1584620 570
1584630 570
1584640 570
1584650 570
1584660 570
1584670 570
1584680 570
1584690 570
1584700 570
1584710 570
1584720 570
1584730 570
1584740 570
1584750 570
1584760 570
1584770 570
1584780 570
1584790 570
1584800 570
1584810 570
1584820 571
1584830 571
1584840 571
1584850 571
1584860 570
1584870 570
1584880 570
1584890 571
1584900 571
1584910 572
1584920 572
1584930 572
1584940 573
1584950 574
1584960 574
1584970 575
1584980 577
1584990 577
1585000 579
1585010 582
1585020 582
1585030 585
1585040 586
1585050 586
1585060 586
1585070 586
1585080 586
1585090 586
1585100 586
1585110 586
1585120 585
1585130 585
1585140 585
1585150 583
1585160 580
1585170 580
1585180 576
1585190 573
1585200 573
1585210 573
1585220 573
1585230 573
1585240 573
1585250 573
1585260 573
1585270 574
1585280 575
1585290 575
1585300 576
1585310 578
1585320 578
1585330 581
1585340 585
1585350 585
1585360 588
1585370 590
1585380 590
1585390 593
1585400 597
1585410 597
1585420 601
1585430 606
1585440 606
1585450 611
1585460 615
1585470 615
1585480 619
1585490 623
1585500 623
1585510 627
1585520 631
1585530 631
1585540 635
1585550 640
1585560 640
1585570 645
1585580 650
1585590 650
1585600 654
1585610 657
1585620 657
1585630 661
1585640 664
1585650 664
1585660 667
1585670 670
1585680 670
1585690 672
1585700 675
1585710 675
1585720 678
1585730 681
1585740 681
1585750 683
1585760 686
1585770 686
1585780 689
1585790 693
1585800 693
1585810 696
1585820 699
1585830 699
1585840 702
1585850 705
1585860 705
1585870 707
1585880 711
1585890 711
1585900 713
1585910 715
1585920 715
1585930 717
1585940 719
1585950 719
1585960 721
1585970 724
1585980 724
1585990 726
1586000 728
1586010 728
1586020 730
1586030 732
1586040 732
1586050 734
1586060 737
1586070 737
1586080 739
1586090 742
1586100 742
1586110 744
1586120 747
1586130 747
1586140 751
1586150 756
1586160 756
1586170 761
1586180 765
1586190 765
1586200 769
1586210 772
1586220 772
1586230 774
1586240 777
1586250 777
1586260 780
1586270 784
1586280 784
1586290 788
1586300 791
1586310 791
1586320 794
1586330 796
1586340 796
1586350 800
1586360 804
1586370 804
1586380 807
1586390 810
1586400 810
1586410 813
1586420 816
1586430 816
1586440 819
1586450 819
1586460 820
1586470 821
1586480 821
1586490 822
1586500 822
1586510 822
1586520 822
1586530 822
1586540 822
1586550 822
1586560 821
1586570 821
1586580 820
1586590 818
1586600 818
1586610 817
1586620 816
1586630 816
1586640 815
1586650 813
1586660 813
1586670 812
1586680 810
1586690 810
1586700 809
1586710 807
1586720 807
1586730 805
1586740 803
1586750 803
1586760 801
1586770 799
1586780 799
1586790 797
1586800 796
1586810 796
1586820 796
1586830 795
1586840 795
1586850 794
1586860 793
1586870 793
1586880 791
1586890 790
1586900 790
1586910 790
1586920 791
1586930 791
1586940 792
1586950 793
1586960 793
1586970 793
1586980 794
1586990 794
1587000 795
1587010 797
1587020 797
1587030 798
1587040 799
1587050 799
1587060 800
1587070 801
1587080 801
1587090 802
1587100 803
1587110 803
1587120 804
1587130 806
1587140 806
1587150 807
1587160 808
1587170 808
1587180 810
1587190 811
1587200 811
1587210 812
1587220 812
1587230 812
1587240 813
1587250 814
1587260 814
1587270 816
1587280 817
1587290 817
1587300 818
1587310 819
1587320 819
1587330 819
1587340 821
1587350 821
1587360 821
1587370 822
1587380 822
1587390 823
1587400 824
1587410 824
1587420 825
1587430 825
1587440 825
1587450 826
1587460 827
1587470 827
1587480 827
1587490 827
1587500 827
1587510 827
1587520 828
1587530 828
1587540 828
1587550 827
1587560 827
1587570 827
1587580 827
1587590 827
1587600 826
1587610 825
1587620 825
1587630 825
1587640 824
1587650 824
1587660 824
1587670 823
1587680 823
1587690 823
1587700 822
1587710 822
1587720 822
1587730 821
1587740 821
1587750 821
1587760 820
1587770 820
1587780 820
1587790 819
1587800 819
1587810 819
1587820 818
1587830 818
1587840 818
1587850 817
1587860 817
1587870 817
1587880 816
1587890 816
1587900 816
1587910 815
1587920 815
1587930 815
1587940 814
1587950 814
1587960 814
1587970 814
1587980 814
1587990 815
1588000 815
1588010 815
1588020 815
1588030 815
1588040 815
1588050 815
1588060 815
1588070 815
1588080 814
1588090 814
1588100 814
1588110 814
1588120 814
1588130 814
1588140 814
1588150 814
1588160 813
1588170 813
1588180 813
1588190 812
1588200 812
1588210 812
1588220 812
1588230 810
1588240 810
1588250 809
1588260 808
1588270 808
1588280 807
1588290 806
1588300 806
1588310 805
1588320 804
1588330 804
1588340 802
1588350 801
1588360 801
1588370 801
1588380 802
1588390 802
1588400 802
1588410 803
1588420 803
1588430 804
1588440 805
1588450 805
1588460 806
1588470 807
1588480 807
1588490 808
1588500 809
1588510 809
1588520 810
1588530 811
1588540 811
1588550 812
1588560 813
1588570 813
1588580 814
1588590 815
1588600 815
1588610 816
1588620 817
1588630 817
1588640 818
1588650 819
1588660 819
1588670 820
1588680 822
1588690 822
1588700 823
1588710 824
1588720 824
1588730 826
1588740 827
1588750 827
1588760 828
1588770 829
1588780 829
1588790 831
1588800 832
1588810 832
1588820 833
1588830 834
1588840 834
1588850 835
1588860 836
1588870 836
1588880 837
1588890 838
1588900 838
1588910 839
1588920 840
1588930 840
1588940 841
1588950 842
1588960 842
1588970 842
1588980 843
1588990 843
1589000 844
1589010 845
1589020 845
1589030 845
1589040 846
1589050 846
1589060 847
1589070 848
1589080 848
1589090 848
1589100 849
1589110 849
1589120 849
1589130 850
1589140 850
1589150 850
1589160 850
1589170 850
1589180 850
1589190 851
1589200 851
1589210 851
1589220 851
1589230 851
1589240 851
1589250 851
1589260 851
1589270 850
1589280 850
1589290 850
1589300 849
1589310 849
1589320 849
1589330 848
1589340 848
1589350 848
1589360 847
1589370 846
1589380 846
1589390 845
1589400 844
1589410 844
1589420 843
1589430 842
1589440 842
1589450 841
1589460 840
1589470 840
1589480 838
1589490 837
1589500 837
1589510 836
1589520 836
1589530 836
1589540 835
1589550 835
1589560 835
1589570 834
1589580 834
1589590 834
1589600 833
1589610 833
1589620 833
1589630 833
1589640 832
1589650 832
1589660 832
1589670 831
1589680 831
1589690 831
1589700 831
1589710 831
1589720 830
1589730 830
1589740 830
1589750 829
1589760 829
1589770 829
1589780 827
1589790 827
1589800 826
1589810 826
1589820 826
1589830 825
1589840 825
1589850 825
1589860 824
1589870 824
1589880 824
1589890 823
1589900 823
1589910 823
1589920 822
1589930 822
1589940 822
1589950 822
1589960 822
1589970 822
1589980 822
1589990 822
1590000 822
1590010 822
1590020 822
1590030 822
1590040 822
1590050 822
1590060 822
1590070 822
1590080 822
1590090 822
1590100 823
1590110 823
1590120 823
1590130 823
1590140 823
1590150 823
1590160 823
1590170 824
1590180 824
1590190 824
1590200 825
1590210 825
1590220 826
1590230 827
1590240 827
1590250 828
1590260 829
1590270 829
1590280 830
1590290 831
1590300 831
1590310 832
1590320 833
1590330 833
1590340 834
1590350 835
1590360 835
1590370 836
1590380 837
1590390 837
1590400 838
1590410 839
1590420 839
1590430 839
1590440 840
1590450 840
1590460 841
1590470 841
1590480 841
1590490 842
1590500 843
1590510 843
1590520 843
1590530 844
1590540 844
1590550 844
1590560 844
1590570 844
1590580 843
1590590 841
1590600 841
1590610 840
1590620 838
1590630 838
1590640 837
1590650 835
1590660 835
1590670 834
1590680 832
1590690 832
1590700 831
1590710 830
1590720 829
1590730 828
1590740 826
1590750 826
1590760 825
1590770 824
1590780 824
1590790 823
1590800 821
1590810 821
1590820 819
1590830 818
1590840 818
1590850 816
1590860 815
1590870 815
1590880 813
1590890 812
1590900 812
1590910 810
1590920 809
1590930 809
1590940 807
1590950 806
1590960 806
1590970 805
1590980 804
1590990 804
1591000 802
1591010 801
1591020 801
1591030 800
1591040 799
1591050 799
1591060 797
1591070 796
1591080 796
1591090 794
1591100 792
1591110 792
1591120 790
1591130 787
1591140 787
1591150 781
1591160 778
1591170 778
1591180 776
1591190 773
1591200 773
1591210 769
1591220 764
1591230 764
1591240 760
1591250 756
1591260 756
1591270 750
1591280 745
1591290 745
1591300 744
1591310 744
1591320 744
1591330 743
1591340 743
1591350 743
1591360 743
1591370 743
1591380 743
1591390 746
1591400 746
1591410 749
1591420 751
1591430 751
1591440 753
1591450 756
1591460 756
1591470 759
1591480 761
1591490 761
1591500 762
1591510 764
1591520 764
1591530 767
1591540 769
1591550 769
1591560 772
1591570 775
1591580 775
1591590 777
1591600 780
1591610 780
1591620 782
1591630 783
1591640 783
1591650 785
1591660 786
1591670 786
1591680 788
1591690 789
1591700 789
1591710 790
1591720 792
1591730 792
1591740 793
1591750 794
1591760 794
1591770 796
1591780 797
1591790 797
1591800 798
1591810 800
1591820 800
1591830 801
1591840 802
1591850 802
1591860 803
1591870 805
1591880 805
1591890 806
1591900 807
1591910 807
1591920 808
1591930 809
1591940 810
1591950 811
1591960 812
1591970 812
1591980 813
1591990 813
1592000 813
1592010 814
1592020 814
1592030 814
1592040 814
1592050 814
1592060 814
1592070 814
1592080 814
1592090 814
1592100 814
1592110 814
1592120 814
1592130 814
1592140 814
1592150 814
1592160 814
1592170 814
1592180 814
1592190 813
1592200 813
1592210 813
1592220 813
1592230 813
1592240 813
1592250 812
1592260 812
1592270 812
1592280 812
1592290 812
1592300 812
1592310 812
1592320 812
1592330 812
1592340 811
1592350 811
1592360 811
1592370 811
1592380 811
1592390 811
1592400 812
1592410 812
1592420 812
1592430 811
1592440 811
1592450 811
1592460 811
1592470 811
1592480 811
1592490 810
1592500 810
1592510 810
1592520 809
1592530 808
1592540 808
1592550 808
1592560 808
1592570 808
1592580 807
1592590 807
1592600 807
1592610 808
1592620 808
1592630 808
1592640 808
1592650 808
1592660 808
1592670 808
1592680 808
1592690 808
1592700 808
1592710 808
1592720 808
1592730 809
1592740 809
1592750 809
1592760 810
1592770 810
1592780 810
1592790 810
1592800 809
1592810 809
1592820 809
1592830 809
1592840 809
1592850 808
1592860 808
1592870 808
1592880 804
1592890 802
1592900 802
1592910 802
1592920 802
1592930 802
1592940 801
1592950 801
1592960 803
1592970 805
1592980 805
1592990 809
1593000 811
1593010 811
1593020 811
1593030 811
1593040 811
1593050 811
1593060 811
1593070 811
1593080 812
1593090 813
1593100 813
1593110 813
1593120 814
1593130 814
1593140 817
1593150 818
1593160 818
1593170 818
1593180 819
1593190 819
1593200 820
1593210 821
1593220 821
1593230 822
1593240 823
1593250 823
1593260 824
1593270 825
1593280 825
1593290 826
1593300 827
1593310 827
1593320 828
1593330 829
1593340 829
1593350 830
1593360 831
1593370 831
1593380 831
1593390 832
1593400 832
1593410 833
1593420 834
1593430 834
1593440 835
1593450 836
1593460 836
1593470 836
1593480 837
1593490 837
1593500 838
1593510 839
1593520 839
1593530 839
1593540 840
1593550 840
1593560 841
1593570 841
1593580 841
1593590 842
1593600 843
1593610 843
1593620 843
1593630 844
1593640 844
1593650 845
1593660 845
1593670 845
1593680 846
1593690 847
1593700 847
1593710 847
1593720 848
1593730 848
1593740 849
1593750 849
1593760 849
1593770 850
1593780 850
1593790 850
1593800 850
1593810 850
1593820 850
1593830 850
1593840 851
1593850 851
1593860 851
1593870 851
1593880 851
1593890 851
1593900 852
1593910 852
1593920 852
1593930 852
1593940 852
1593950 853
1593960 853
1593970 853
1593980 853
1593990 854
1594000 854
1594010 854
1594020 855
1594030 855
1594040 855
1594050 855
1594060 855
1594070 856
1594080 856
1594090 856
1594100 857
1594110 857
1594120 857
1594130 858
1594140 858
1594150 858
1594160 858
1594170 859
1594180 859
1594190 859
1594200 859
1594210 859
1594220 859
1594230 858
1594240 858
1594250 858
1594260 857
1594270 857
1594280 857
1594290 856
1594300 856
1594310 856
1594320 855
1594330 855
1594340 856
1594350 856
1594360 856
1594370 855
1594380 855
1594390 855
1594400 855
1594410 855
1594420 855
1594430 854
1594440 854
1594450 854
1594460 854
1594470 854
1594480 854
1594490 854
1594500 854
1594510 854
1594520 854
1594530 854
1594540 854
1594550 854
1594560 854
1594570 853
1594580 853
1594590 853
1594600 853
1594610 853
1594620 853
1594630 853
1594640 852
1594650 852
1594660 852
1594670 851
1594680 851
1594690 850
1594700 850
1594710 850
1594720 850
1594730 850
1594740 850
1594750 850
1594760 850
1594770 850
1594780 850
1594790 850
1594800 850
1594810 851
1594820 851
1594830 851
1594840 851
1594850 852
1594860 852
1594870 853
1594880 853
1594890 853
1594900 854
1594910 855
1594920 855
1594930 855
1594940 856
1594950 856
1594960 856
1594970 856
1594980 856
1594990 856
1595000 857
1595010 857
1595020 857
1595030 857
1595040 857
1595050 857
1595060 857
1595070 857
1595080 857
1595090 856
1595100 856
1595110 856
1595120 855
1595130 855
1595140 855
1595150 854
1595160 854
1595170 853
1595180 852
1595190 852
1595200 852
1595210 851
1595220 851
1595230 849
1595240 848
1595250 848
1595260 847
1595270 846
1595280 846
1595290 846
1595300 845
1595310 845
1595320 845
1595330 844
1595340 844
1595350 844
1595360 843
1595370 843
1595380 842
1595390 842
1595400 842
1595410 841
1595420 841
1595430 841
1595440 840
1595450 840
1595460 840
1595470 839
1595480 838
1595490 838
1595500 838
1595510 838
1595520 838
1595530 837
1595540 837
1595550 837
1595560 837
1595570 837
1595580 837
1595590 836
1595600 836
1595610 836
1595620 836
1595630 835
1595640 835
1595650 835
1595660 834
1595670 834
1595680 833
1595690 832
1595700 832
1595710 832
1595720 831
1595730 831
1595740 830
1595750 830
1595760 830
1595770 829
1595780 829
1595790 829
1595800 829
1595810 829
1595820 829
1595830 829
1595840 828
1595850 828
1595860 828
1595870 827
1595880 827
1595890 827
1595900 826
1595910 826
1595920 825
1595930 825
1595940 825
1595950 824
1595960 824
1595970 824
1595980 823
1595990 823
1596000 823
1596010 822
1596020 822
1596030 822
1596040 822
1596050 822
1596060 822
1596070 821
1596080 821
1596090 821
1596100 821
1596110 821
1596120 821
1596130 820
1596140 820
1596150 820
1596160 820
1596170 820
1596180 820
1596190 820
1596200 820
1596210 819
1596220 818
1596230 818
1596240 817
1596250 816
1596260 816
1596270 815
1596280 814
1596290 814
1596300 812
1596310 811
1596320 811
1596330 810
1596340 808
1596350 808
1596360 807
1596370 805
1596380 805
1596390 804
1596400 802
1596410 802
1596420 800
1596430 799
1596440 799
1596450 798
1596460 797
1596470 797
1596480 796
1596490 794
1596500 794
1596510 792
1596520 790
1596530 790
1596540 788
1596550 785
1596560 785
1596570 783
1596580 780
1596590 780
1596600 777
1596610 775
1596620 775
1596630 774
1596640 773
1596650 773
1596660 772
1596670 771
1596680 772
1596690 771
1596700 771
1596710 771
1596720 770
1596730 769
1596740 769
1596750 767
1596760 765
1596770 765
1596780 762
1596790 759
1596800 759
1596810 757
1596820 755
1596830 755
1596840 752
1596850 751
1596860 751
1596870 750
1596880 750
1596890 750
1596900 750
1596910 751
1596920 751
1596930 751
1596940 752
1596950 752
1596960 753
1596970 754
1596980 754
1596990 755
1597000 756
1597010 756
1597020 757
1597030 758
1597040 758
1597050 760
1597060 761
1597070 761
1597080 763
1597090 764
1597100 764
1597110 765
1597120 766
1597130 766
1597140 767
1597150 768
1597160 768
1597170 769
1597180 770
1597190 770
1597200 771
1597210 773
1597220 773
1597230 774
1597240 776
1597250 776
1597260 777
1597270 779
1597280 779
1597290 780
1597300 782
1597310 782
1597320 783
1597330 784
1597340 784
1597350 785
1597360 786
1597370 786
1597380 787
1597390 789
1597400 789
1597410 790
1597420 791
1597430 791
1597440 793
1597450 795
1597460 795
1597470 796
1597480 796
1597490 796
1597500 797
1597510 796
1597520 796
1597530 796
1597540 795
1597550 795
1597560 793
1597570 792
1597580 792
1597590 791
1597600 790
1597610 790
1597620 790
1597630 791
1597640 791
1597650 791
1597660 792
1597670 792
1597680 792
1597690 793
1597700 793
1597710 794
1597720 794
1597730 794
1597740 795
1597750 797
1597760 797
1597770 798
1597780 798
1597790 798
1597800 797
1597810 797
1597820 794
1597830 792
1597840 794
1597850 792
1597860 791
1597870 791
1597880 789
1597890 788
1597900 788
1597910 786
1597920 785
1597930 785
1597940 783
1597950 781
1597960 781
1597970 779
1597980 777
1597990 777
1598000 776
1598010 774
1598020 774
1598030 773
1598040 772
1598050 772
1598060 770
1598070 769
1598080 769
1598090 768
1598100 766
1598110 766
1598120 765
1598130 764
1598140 764
1598150 763
1598160 762
1598170 762
1598180 761
1598190 760
1598200 760
1598210 758
1598220 757
1598230 757
1598240 756
1598250 754
1598260 754
1598270 753
1598280 751
1598290 751
1598300 750
1598310 749
1598320 749
1598330 748
1598340 747
1598350 747
1598360 746
1598370 746
1598380 746
1598390 745
1598400 744
1598410 744
1598420 744
1598430 743
1598440 743
1598450 742
1598460 741
1598470 741
1598480 741
1598490 741
1598500 741
1598510 741
1598520 741
1598530 741
1598540 741
1598550 740
1598560 740
1598570 739
1598580 737
1598590 737
1598600 736
1598610 733
1598620 733
1598630 731
1598640 728
1598650 728
1598660 725
1598670 721
1598680 721
1598690 720
1598700 720
1598710 720
1598720 721
1598730 720
1598740 720
1598750 717
1598760 714
1598770 714
1598780 711
1598790 709
1598800 709
1598810 706
1598820 703
1598830 703
1598840 702
1598850 701
1598860 701
1598870 699
1598880 698
1598890 698
1598900 697
1598910 696
1598920 696
1598930 695
1598940 693
1598950 693
1598960 691
1598970 688
1598980 690
1598990 687
1599000 686
1599010 686
1599020 685
1599030 684
1599040 684
1599050 683
1599060 682
1599070 682
1599080 681
1599090 679
1599100 679
1599110 678
1599120 677
1599130 677
1599140 676
1599150 675
1599160 675
1599170 674
1599180 673
1599190 673
1599200 672
1599210 670
1599220 670
1599230 668
1599240 666
1599250 666
1599260 664
1599270 663
1599280 663
1599290 661
1599300 659
1599310 659
1599320 658
1599330 656
1599340 656
1599350 654
1599360 652
1599370 652
1599380 651
1599390 650
1599400 650
1599410 648
1599420 647
1599430 647
1599440 648
1599450 648
1599460 651
1599470 655
1599480 655
1599490 659
1599500 662
1599510 662
1599520 665
1599530 667
1599540 667
1599550 667
1599560 667
1599570 667
1599580 666
1599590 665
1599600 665
1599610 664
1599620 664
1599630 664
1599640 664
1599650 664
1599660 664
1599670 663
1599680 663
1599690 663
1599700 662
1599710 662
1599720 662
1599730 661
1599740 660
1599750 660
1599760 659
1599770 658
1599780 658
1599790 658
1599800 657
1599810 657
1599820 656
1599830 655
1599840 655
1599850 654
1599860 653
1599870 653
1599880 652
1599890 651
1599900 651
1599910 651
1599920 650
1599930 650
1599940 650
1599950 649
1599960 649
1599970 649
1599980 648
1599990 648
