1580000 590
1580010 590
1580020 591
1580030 592
1580040 592
1580050 593
1580060 594
1580070 594
1580080 595
1580090 596
1580100 596
1580110 597
1580120 598
1580130 598
1580140 599
1580150 601
1580160 601
1580170 602
1580180 603
1580190 603
1580200 605
1580210 606
1580220 606
1580230 607
1580240 609
1580250 609
1580260 610
1580270 612
1580280 612
1580290 613
1580300 615
1580310 615
1580320 616
1580330 616
1580340 617
1580350 619
1580360 619
1580370 620
1580380 622
1580390 622
1580400 623
1580410 625
1580420 625
1580430 626
1580440 628
1580450 628
1580460 629
1580470 630
1580480 630
1580490 632
1580500 633
1580510 633
1580520 635
1580530 637
1580540 637
1580550 638
1580560 640
1580570 640
1580580 641
1580590 643
1580600 643
1580610 644
1580620 646
1580630 646
1580640 647
1580650 648
1580660 648
1580670 650
1580680 651
1580690 651
1580700 652
1580710 654
1580720 654
1580730 655
1580740 656
1580750 656
1580760 658
1580770 660
1580780 660
1580790 661
1580800 663
1580810 663
1580820 665
1580830 667
1580840 667
1580850 669
1580860 671
1580870 671
1580880 674
1580890 676
1580900 676
1580910 678
1580920 681
1580930 681
1580940 683
1580950 686
1580960 686
1580970 688
1580980 690
1580990 690
1581000 693
1581010 695
1581020 695
1581030 699
1581040 701
1581050 701
1581060 703
1581070 705
1581080 705
1581090 708
1581100 710
1581110 711
1581120 714
1581130 716
1581140 716
1581150 719
1581160 722
1581170 722
1581180 725
1581190 728
1581200 728
1581210 730
1581220 733
1581230 733
1581240 735
1581250 738
1581260 738
1581270 740
1581280 742
1581290 742
1581300 744
1581310 746
1581320 746
1581330 748
1581340 750
1581350 750
1581360 753
1581370 756
1581380 756
1581390 759
1581400 762
1581410 762
1581420 765
1581430 768
1581440 768
1581450 771
1581460 774
1581470 774
1581480 777
1581490 780
1581500 780
1581510 783
1581520 785
1581530 785
1581540 787
1581550 790
1581560 790
1581570 793
1581580 795
1581590 795
1581600 798
1581610 801
1581620 801
1581630 803
1581640 805
1581650 805
1581660 807
1581670 809
1581680 809
1581690 812
1581700 814
1581710 814
1581720 817
1581730 817
1581740 819
1581750 822
1581760 822
1581770 824
1581780 826
1581790 826
1581800 828
1581810 829
1581820 829
1581830 830
1581840 831
1581850 831
1581860 831
1581870 831
1581880 831
1581890 832
1581900 832
1581910 832
1581920 833
1581930 833
1581940 833
1581950 834
1581960 834
1581970 834
1581980 834
1581990 834
1582000 834
1582010 834
1582020 834
1582030 834
1582040 833
1582050 833
1582060 833
1582070 833
1582080 832
1582090 832
1582100 832
1582110 832
1582120 832
1582130 833
1582140 833
1582150 833
1582160 833
1582170 833
1582180 833
1582190 833
1582200 833
1582210 833
1582220 833
1582230 833
1582240 833
1582250 833
1582260 833
1582270 833
1582280 833
1582290 833
1582300 833
1582310 832
1582320 832
1582330 832
1582340 831
1582350 831
1582360 831
1582370 831
1582380 830
1582390 830
1582400 829
1582410 828
1582420 828
1582430 827
1582440 826
1582450 825
1582460 824
1582470 823
1582480 823
1582490 822
1582500 822
1582510 822
1582520 821
1582530 820
1582540 820
1582550 819
1582560 818
1582570 818
1582580 817
1582590 816
1582600 816
1582610 815
1582620 814
1582630 814
1582640 813
1582650 813
1582660 813
1582670 812
1582680 812
1582690 812
1582700 811
1582710 811
1582720 811
1582730 810
1582740 811
1582750 811
1582760 811
1582770 812
1582780 812
1582790 812
1582800 812
1582810 812
1582820 813
1582830 813
1582840 813
1582850 813
1582860 814
1582870 814
1582880 814
1582890 814
1582900 814
1582910 814
1582920 814
1582930 814
1582940 813
1582950 812
1582960 812
1582970 811
1582980 811
1582990 811
1583000 810
1583010 810
1583020 810
1583030 809
1583040 809
1583050 809
1583060 808
1583070 807
1583080 807
1583090 807
1583100 806
1583110 806
1583120 806
1583130 806
1583140 805
1583150 805
1583160 805
1583170 804
1583180 804
1583190 804
1583200 804
1583210 804
1583220 804
1583230 803
1583240 803
1583250 803
1583260 803
1583270 803
1583280 803
1583290 803
1583300 803
1583310 803
1583320 803
1583330 802
1583340 802
1583350 802
1583360 802
1583370 802
1583380 801
1583390 801
1583400 801
1583410 801
1583420 801
1583430 801
1583440 801
1583450 801
1583460 801
1583470 800
1583480 800
1583490 800
1583500 800
1583510 800
1583520 800
1583530 799
1583540 797
1583550 797
1583560 797
1583570 796
1583580 796
1583590 796
1583600 795
1583610 795
1583620 794
1583630 793
1583640 793
1583650 793
1583660 792
1583670 792
1583680 791
1583690 790
1583700 790
1583710 788
1583720 787
1583730 787
1583740 785
1583750 784
1583760 784
1583770 781
1583780 781
1583790 781
1583800 780
1583810 779
1583820 779
1583830 778
1583840 777
1583850 777
1583860 778
1583870 778
1583880 778
1583890 778
1583900 778
1583910 778
1583920 778
1583930 778
1583940 778
1583950 779
1583960 779
1583970 779
1583980 779
1583990 779
1584000 779
1584010 778
1584020 778
1584030 778
1584040 778
1584050 778
1584060 778
1584070 777
1584080 777
1584090 777
1584100 777
1584110 776
1584120 776
1584130 775
1584140 775
1584150 775
1584160 774
1584170 774
1584180 774
1584190 773
1584200 772
1584210 772
1584220 772
1584230 771
1584240 771
1584250 771
1584260 770
1584270 770
1584280 770
1584290 769
1584300 769
1584310 768
1584320 767
1584330 767
1584340 766
1584350 764
1584360 764
1584370 763
1584380 762
1584390 762
1584400 762
1584410 762
1584420 762
1584430 763
1584440 763
1584450 763
1584460 763
1584470 763
1584480 763
1584490 763
1584500 763
1584510 763
1584520 763
1584530 763
1584540 764
1584550 764
1584560 764
1584570 764
1584580 765
1584590 765
1584600 765
1584610 765
1584620 765
1584630 765
1584640 765
1584650 765
1584660 766
1584670 766
1584680 766
1584690 766
1584700 767
1584710 767
1584720 768
1584730 768
1584740 768
1584750 768
1584760 770
1584770 770
1584780 771
1584790 773
1584800 773
1584810 775
1584820 776
1584830 776
1584840 777
1584850 778
1584860 778
1584870 780
1584880 782
1584890 782
1584900 783
1584910 783
1584920 783
1584930 782
1584940 781
1584950 781
1584960 781
1584970 782
1584980 782
1584990 782
1585000 781
1585010 781
1585020 781
1585030 780
1585040 780
1585050 778
1585060 776
1585070 778
1585080 776
1585090 773
1585100 773
1585110 769
1585120 765
1585130 765
1585140 762
1585150 759
1585160 759
1585170 757
1585180 755
1585190 755
1585200 754
1585210 752
1585220 752
1585230 752
1585240 751
1585250 751
1585260 750
1585270 749
1585280 749
1585290 748
1585300 748
1585310 748
1585320 748
1585330 749
1585340 749
1585350 749
1585360 749
1585370 749
1585380 749
1585390 749
1585400 749
1585410 748
1585420 748
1585430 748
1585440 747
1585450 746
1585460 746
1585470 745
1585480 744
1585490 744
1585500 744
1585510 745
1585520 745
1585530 746
1585540 746
1585550 746
1585560 746
1585570 745
1585580 745
1585590 744
1585600 742
1585610 742
1585620 741
1585630 740
1585640 740
1585650 738
1585660 737
1585670 737
1585680 736
1585690 734
1585700 734
1585710 733
1585720 731
1585730 731
1585740 730
1585750 728
1585760 728
1585770 726
1585780 723
1585790 723
1585800 721
1585810 717
1585820 717
1585830 714
1585840 711
1585850 711
1585860 707
1585870 704
1585880 704
1585890 701
1585900 698
1585910 698
1585920 695
1585930 695
1585940 691
1585950 688
1585960 688
1585970 686
1585980 685
1585990 685
1586000 683
1586010 681
1586020 681
1586030 680
1586040 678
1586050 678
1586060 677
1586070 675
1586080 675
1586090 673
1586100 671
1586110 671
1586120 669
1586130 668
1586140 668
1586150 667
1586160 665
1586170 665
1586180 663
1586190 659
1586200 659
1586210 656
1586220 654
1586230 654
1586240 654
1586250 653
1586260 653
1586270 652
1586280 652
1586290 652
1586300 651
1586310 651
1586320 651
1586330 650
1586340 650
1586350 650
1586360 649
1586370 649
1586380 649
1586390 649
1586400 649
1586410 649
1586420 649
1586430 649
1586440 649
1586450 649
1586460 648
1586470 648
1586480 648
1586490 647
1586500 647
1586510 647
1586520 646
1586530 646
1586540 646
1586550 645
1586560 645
1586570 645
1586580 644
1586590 644
1586600 644
1586610 643
1586620 643
1586630 643
1586640 643
1586650 643
1586660 642
1586670 642
1586680 642
1586690 641
1586700 640
1586710 640
1586720 640
1586730 640
1586740 640
1586750 639
1586760 638
1586770 638
1586780 638
1586790 637
1586800 637
1586810 635
1586820 633
1586830 633
1586840 631
1586850 629
1586860 629
1586870 627
1586880 625
1586890 625
1586900 623
1586910 621
1586920 621
1586930 620
1586940 618
1586950 618
1586960 617
1586970 617
1586980 617
1586990 616
1587000 614
1587010 614
1587020 613
1587030 612
1587040 612
1587050 612
1587060 611
1587070 611
1587080 611
1587090 610
1587100 610
1587110 610
1587120 609
1587130 609
1587140 609
1587150 609
1587160 609
1587170 609
1587180 609
1587190 609
1587200 610
1587210 610
1587220 610
1587230 610
1587240 611
1587250 611
1587260 611
1587270 611
1587280 611
1587290 611
1587300 612
1587310 612
1587320 612
1587330 612
1587340 612
1587350 612
1587360 612
1587370 613
1587380 613
1587390 613
1587400 613
1587410 611
1587420 611
1587430 607
1587440 605
1587450 605
1587460 604
1587470 604
1587480 604
1587490 604
1587500 604
1587510 604
1587520 604
1587530 604
1587540 604
1587550 604
1587560 604
1587570 604
1587580 604
1587590 604
1587600 604
1587610 604
1587620 604
1587630 604
1587640 604
1587650 604
1587660 604
1587670 605
1587680 608
1587690 608
1587700 612
1587710 615
1587720 615
1587730 617
1587740 619
1587750 619
1587760 621
1587770 623
1587780 623
1587790 625
1587800 626
1587810 626
1587820 627
1587830 628
1587840 628
1587850 629
1587860 629
1587870 629
1587880 630
1587890 630
1587900 630
1587910 630
1587920 630
1587930 630
1587940 631
1587950 632
1587960 632
1587970 632
1587980 632
1587990 632
1588000 632
1588010 633
1588020 633
1588030 634
1588040 635
1588050 635
1588060 636
1588070 639
1588080 639
1588090 643
1588100 646
1588110 646
1588120 645
1588130 643
1588140 643
1588150 644
1588160 645
1588170 645
1588180 646
1588190 647
1588200 647
1588210 648
1588220 649
1588230 649
1588240 650
1588250 651
1588260 651
1588270 652
1588280 653
1588290 653
1588300 654
1588310 655
1588320 655
1588330 656
1588340 657
1588350 657
1588360 659
1588370 660
1588380 660
1588390 661
1588400 663
1588410 663
1588420 664
1588430 665
1588440 665
1588450 666
1588460 667
1588470 667
1588480 668
1588490 669
1588500 669
1588510 670
1588520 671
1588530 671
1588540 671
1588550 673
1588560 673
1588570 674
1588580 674
1588590 674
1588600 675
1588610 676
1588620 676
1588630 676
1588640 677
1588650 677
1588660 678
1588670 678
1588680 678
1588690 679
1588700 679
1588710 679
1588720 680
1588730 680
1588740 680
1588750 681
1588760 681
1588770 681
1588780 682
1588790 682
1588800 682
1588810 683
1588820 683
1588830 683
1588840 683
1588850 683
1588860 684
1588870 684
1588880 684
1588890 686
1588900 686
1588910 686
1588920 686
1588930 687
1588940 687
1588950 687
1588960 687
1588970 687
1588980 687
1588990 687
1589000 687
1589010 687
1589020 687
1589030 687
1589040 686
1589050 686
1589060 686
1589070 686
1589080 685
1589090 685
1589100 685
1589110 685
1589120 685
1589130 685
1589140 684
1589150 684
1589160 683
1589170 682
1589180 682
1589190 681
1589200 680
1589210 680
1589220 679
1589230 677
1589240 677
1589250 676
1589260 674
1589270 674
1589280 673
1589290 673
1589300 673
1589310 674
1589320 676
1589330 676
1589340 679
1589350 682
1589360 682
1589370 684
1589380 687
1589390 687
1589400 689
1589410 690
1589420 690
1589430 692
1589440 693
1589450 693
1589460 694
1589470 696
1589480 696
1589490 697
1589500 698
1589510 698
1589520 699
1589530 701
1589540 701
1589550 702
1589560 704
1589570 704
1589580 706
1589590 708
1589600 708
1589610 710
1589620 712
1589630 712
1589640 714
1589650 717
1589660 717
1589670 719
1589680 721
1589690 721
1589700 723
1589710 725
1589720 725
1589730 727
1589740 728
1589750 728
1589760 730
1589770 731
1589780 731
1589790 732
1589800 733
1589810 733
1589820 734
1589830 734
1589840 734
1589850 734
1589860 734
1589870 734
1589880 734
1589890 734
1589900 734
1589910 735
1589920 735
1589930 735
1589940 735
1589950 735
1589960 735
1589970 736
1589980 736
1589990 736
1590000 736
1590010 736
1590020 736
1590030 736
1590040 736
1590050 736
1590060 736
1590070 736
1590080 736
1590090 736
1590100 736
1590110 736
1590120 736
1590130 737
1590140 737
1590150 737
1590160 737
1590170 737
1590180 737
1590190 737
1590200 736
1590210 736
1590220 736
1590230 737
1590240 737
1590250 737
1590260 737
1590270 737
1590280 737
1590290 738
1590300 739
1590310 739
1590320 739
1590330 740
1590340 740
1590350 740
1590360 741
1590370 741
1590380 742
1590390 743
1590400 743
1590410 744
1590420 746
1590430 746
1590440 747
1590450 748
1590460 748
1590470 749
1590480 751
1590490 751
1590500 752
1590510 754
1590520 754
1590530 755
1590540 757
1590550 757
1590560 758
1590570 759
1590580 759
1590590 761
1590600 762
1590610 762
1590620 764
1590630 765
1590640 765
1590650 766
1590660 767
1590670 767
1590680 768
1590690 769
1590700 769
1590710 770
1590720 771
1590730 771
1590740 773
1590750 774
1590760 774
1590770 775
1590780 776
1590790 776
1590800 777
1590810 778
1590820 778
1590830 779
1590840 779
1590850 779
1590860 780
1590870 781
1590880 781
1590890 782
1590900 783
1590910 783
1590920 784
1590930 785
1590940 785
1590950 785
1590960 785
1590970 785
1590980 786
1590990 786
1591000 786
1591010 787
1591020 787
1591030 787
1591040 788
1591050 788
1591060 788
1591070 789
1591080 789
1591090 789
1591100 790
1591110 790
1591120 790
1591130 791
1591140 792
1591150 792
1591160 793
1591170 793
1591180 793
1591190 794
1591200 795
1591210 795
1591220 795
1591230 796
1591240 796
1591250 797
1591260 798
1591270 798
1591280 799
1591290 800
1591300 800
1591310 800
1591320 801
1591330 801
1591340 801
1591350 801
1591360 800
1591370 800
1591380 800
1591390 800
1591400 800
1591410 801
1591420 801
1591430 801
1591440 802
1591450 802
1591460 802
1591470 802
1591480 802
1591490 802
1591500 802
1591510 802
1591520 802
1591530 802
1591540 802
1591550 802
1591560 802
1591570 802
1591580 802
1591590 802
1591600 802
1591610 802
1591620 802
1591630 802
1591640 801
1591650 801
1591660 801
1591670 800
1591680 800
1591690 799
1591700 799
1591710 799
1591720 799
1591730 799
1591740 799
1591750 799
1591760 799
1591770 799
1591780 799
1591790 799
1591800 799
1591810 800
1591820 801
1591830 801
1591840 801
1591850 802
1591860 802
1591870 802
1591880 803
1591890 803
1591900 803
1591910 803
1591920 803
1591930 804
1591940 804
1591950 804
1591960 804
1591970 804
1591980 804
1591990 804
1592000 804
1592010 804
1592020 804
1592030 804
1592040 804
1592050 805
1592060 806
1592070 806
1592080 807
1592090 808
1592100 808
1592110 810
1592120 811
1592130 811
1592140 812
1592150 813
1592160 813
1592170 813
1592180 814
1592190 814
1592200 814
1592210 815
1592220 815
1592230 815
1592240 815
1592250 815
1592260 815
1592270 815
1592280 815
1592290 815
1592300 815
1592310 815
1592320 815
1592330 814
1592340 814
1592350 814
1592360 814
1592370 814
1592380 813
1592390 813
1592400 813
1592410 813
1592420 812
1592430 812
1592440 811
1592450 811
1592460 811
1592470 810
1592480 810
1592490 810
1592500 810
1592510 811
1592520 811
1592530 811
1592540 812
1592550 812
1592560 812
1592570 812
1592580 812
1592590 813
1592600 813
1592610 813
1592620 814
1592630 815
1592640 815
1592650 816
1592660 817
1592670 817
1592680 818
1592690 818
1592700 818
1592710 819
1592720 820
1592730 820
1592740 821
1592750 821
1592760 821
1592770 822
1592780 823
1592790 823
1592800 824
1592810 825
1592820 825
1592830 826
1592840 827
1592850 827
1592860 827
1592870 828
1592880 828
1592890 830
1592900 831
1592910 831
1592920 832
1592930 832
1592940 832
1592950 832
1592960 832
1592970 833
1592980 833
1592990 833
1593000 833
1593010 833
1593020 833
1593030 834
1593040 834
1593050 834
1593060 834
1593070 834
1593080 834
1593090 833
1593100 833
1593110 833
1593120 833
1593130 832
1593140 832
1593150 832
1593160 832
1593170 832
1593180 832
1593190 832
1593200 832
1593210 831
1593220 831
1593230 831
1593240 831
1593250 830
1593260 830
1593270 830
1593280 830
1593290 830
1593300 831
1593310 831
1593320 831
1593330 831
1593340 831
1593350 831
1593360 831
1593370 831
1593380 831
1593390 831
1593400 832
1593410 832
1593420 832
1593430 832
1593440 832
1593450 832
1593460 833
1593470 833
1593480 833
1593490 833
1593500 833
1593510 834
1593520 834
1593530 834
1593540 833
1593550 833
1593560 833
1593570 832
1593580 832
1593590 832
1593600 831
1593610 831
1593620 831
1593630 831
1593640 830
1593650 830
1593660 829
1593670 829
1593680 829
1593690 828
1593700 827
1593710 827
1593720 827
1593730 827
1593740 827
1593750 826
1593760 826
1593770 825
1593780 825
1593790 824
1593800 824
1593810 824
1593820 823
1593830 823
1593840 823
1593850 823
1593860 823
1593870 822
1593880 822
1593890 822
1593900 821
1593910 821
1593920 821
1593930 820
1593940 820
1593950 820
1593960 819
1593970 818
1593980 818
1593990 818
1594000 817
1594010 817
1594020 816
1594030 815
1594040 815
1594050 815
1594060 814
1594070 814
1594080 814
1594090 814
1594100 814
1594110 813
1594120 813
1594130 813
1594140 812
1594150 812
1594160 812
1594170 812
1594180 811
1594190 811
1594200 810
1594210 810
1594220 810
1594230 810
1594240 809
1594250 809
1594260 809
1594270 808
1594280 808
1594290 808
1594300 808
1594310 808
1594320 808
1594330 808
1594340 808
1594350 807
1594360 807
1594370 807
1594380 807
1594390 807
1594400 807
1594410 806
1594420 806
1594430 806
1594440 805
1594450 805
1594460 805
1594470 804
1594480 804
1594490 804
1594500 803
1594510 803
1594520 803
1594530 802
1594540 802
1594550 802
1594560 802
1594570 802
1594580 801
1594590 801
1594600 801
1594610 800
1594620 799
1594630 799
1594640 799
1594650 798
1594660 798
1594670 797
1594680 796
1594690 796
1594700 795
1594710 795
1594720 795
1594730 794
1594740 793
1594750 793
1594760 792
1594770 791
1594780 791
1594790 791
1594800 790
1594810 790
1594820 789
1594830 788
1594840 788
1594850 787
1594860 786
1594870 786
1594880 785
1594890 785
1594900 785
1594910 784
1594920 784
1594930 784
1594940 783
1594950 782
1594960 782
1594970 782
1594980 781
1594990 781
1595000 780
1595010 780
1595020 780
1595030 778
1595040 777
1595050 777
1595060 776
1595070 776
1595080 776
1595090 775
1595100 774
1595110 774
1595120 773
1595130 772
1595140 772
1595150 772
1595160 771
1595170 771
1595180 771
1595190 771
1595200 771
1595210 770
1595220 769
1595230 769
1595240 769
1595250 769
1595260 769
1595270 768
1595280 768
1595290 768
1595300 768
1595310 768
1595320 768
1595330 768
1595340 768
1595350 768
1595360 769
1595370 769
1595380 769
1595390 770
1595400 770
1595410 770
1595420 771
1595430 772
1595440 772
1595450 772
1595460 773
1595470 773
1595480 774
1595490 775
1595500 775
1595510 775
1595520 775
1595530 775
1595540 775
1595550 775
1595560 775
1595570 775
1595580 775
1595590 775
1595600 774
1595610 774
1595620 774
1595630 773
1595640 773
1595650 773
1595660 773
1595670 773
1595680 773
1595690 772
1595700 772
1595710 772
1595720 772
1595730 772
1595740 771
1595750 770
1595760 770
1595770 769
1595780 767
1595790 767
1595800 765
1595810 764
1595820 764
1595830 763
1595840 763
1595850 763
1595860 762
1595870 762
1595880 762
1595890 761
1595900 760
1595910 760
1595920 759
1595930 758
1595940 758
1595950 757
1595960 756
1595970 756
1595980 755
1595990 754
1596000 754
1596010 754
1596020 753
1596030 753
1596040 752
1596050 750
1596060 750
1596070 749
1596080 749
1596090 749
1596100 748
1596110 747
1596120 746
1596130 745
1596140 745
1596150 745
1596160 744
1596170 744
1596180 744
1596190 744
1596200 744
1596210 744
1596220 744
1596230 744
1596240 744
1596250 743
1596260 743
1596270 743
1596280 743
1596290 743
1596300 743
1596310 743
1596320 743
1596330 743
1596340 743
1596350 742
1596360 742
1596370 742
1596380 742
1596390 742
1596400 742
1596410 741
1596420 741
1596430 741
1596440 740
1596450 740
1596460 740
1596470 739
1596480 739
1596490 738
1596500 737
1596510 737
1596520 735
1596530 734
1596540 734
1596550 732
1596560 730
1596570 730
1596580 728
1596590 726
1596600 726
1596610 723
1596620 722
1596630 722
1596640 720
1596650 718
1596660 718
1596670 716
1596680 713
1596690 713
1596700 711
1596710 710
1596720 710
1596730 709
1596740 706
1596750 706
1596760 705
1596770 704
1596780 704
1596790 702
1596800 701
1596810 701
1596820 699
1596830 698
1596840 698
1596850 697
1596860 696
1596870 696
1596880 695
1596890 694
1596900 694
1596910 690
1596920 686
1596930 686
1596940 687
1596950 689
1596960 689
1596970 690
1596980 690
1596990 690
1597000 692
1597010 693
1597020 693
1597030 694
1597040 695
1597050 695
1597060 696
1597070 697
1597080 697
1597090 698
1597100 698
1597110 699
1597120 699
1597130 699
1597140 699
1597150 699
1597160 699
1597170 699
1597180 699
1597190 699
1597200 698
1597210 697
1597220 697
1597230 696
1597240 694
1597250 694
1597260 692
1597270 690
1597280 687
1597290 685
1597300 683
1597310 683
1597320 680
1597330 677
1597340 677
1597350 675
1597360 673
1597370 673
1597380 671
1597390 669
1597400 669
1597410 668
1597420 666
1597430 666
1597440 665
1597450 663
1597460 663
1597470 662
1597480 660
1597490 660
1597500 658
1597510 657
1597520 657
1597530 655
1597540 654
1597550 654
1597560 653
1597570 652
1597580 652
1597590 651
1597600 650
1597610 650
1597620 649
1597630 646
1597640 646
1597650 643
1597660 641
1597670 641
1597680 640
1597690 639
1597700 639
1597710 639
1597720 638
1597730 638
1597740 640
1597750 644
1597760 644
1597770 649
1597780 653
1597790 653
1597800 653
1597810 653
1597820 653
1597830 651
1597840 649
1597850 649
1597860 648
1597870 647
1597880 647
1597890 646
1597900 644
1597910 644
1597920 644
1597930 643
1597940 643
1597950 643
1597960 643
1597970 643
1597980 643
1597990 644
1598000 644
1598010 645
1598020 645
1598030 645
1598040 647
1598050 648
1598060 648
1598070 649
1598080 650
1598090 650
1598100 650
1598110 651
1598120 651
1598130 653
1598140 654
1598150 654
1598160 656
1598170 657
1598180 657
1598190 659
1598200 661
1598210 661
1598220 662
1598230 664
1598240 664
1598250 666
1598260 667
1598270 667
1598280 670
1598290 672
1598300 672
1598310 674
1598320 676
1598330 676
1598340 678
1598350 680
1598360 680
1598370 683
1598380 685
1598390 685
1598400 689
1598410 692
1598420 692
1598430 695
1598440 698
1598450 698
1598460 701
1598470 704
1598480 704
1598490 707
1598500 707
1598510 709
1598520 712
1598530 712
1598540 714
1598550 716
1598560 716
1598570 719
1598580 721
1598590 721
1598600 723
1598610 726
1598620 726
1598630 729
1598640 730
1598650 730
1598660 732
1598670 733
1598680 733
1598690 735
1598700 736
1598710 736
1598720 737
1598730 738
1598740 738
1598750 738
1598760 739
1598770 739
1598780 740
1598790 740
1598800 740
1598810 741
1598820 743
1598830 743
1598840 744
1598850 745
1598860 745
1598870 744
1598880 744
1598890 744
1598900 744
1598910 743
1598920 743
1598930 743
1598940 742
1598950 742
1598960 740
1598970 739
1598980 739
1598990 735
1599000 731
1599010 731
1599020 727
1599030 723
1599040 723
1599050 718
1599060 713
1599070 713
1599080 708
1599090 703
1599100 703
1599110 698
1599120 694
1599130 694
1599140 689
1599150 686
1599160 686
1599170 683
1599180 681
1599190 681
1599200 679
1599210 676
1599220 676
1599230 674
1599240 672
1599250 672
1599260 670
1599270 669
1599280 669
1599290 669
1599300 670
1599310 670
1599320 671
1599330 672
1599340 672
1599350 672
1599360 673
1599370 673
1599380 673
1599390 674
1599400 674
1599410 675
1599420 676
1599430 676
1599440 677
1599450 678
1599460 678
1599470 680
1599480 681
1599490 681
1599500 682
1599510 683
1599520 683
1599530 685
1599540 686
1599550 686
1599560 688
1599570 690
1599580 690
1599590 691
1599600 693
1599610 693
1599620 695
1599630 697
1599640 697
1599650 699
1599660 700
1599670 700
1599680 700
1599690 701
1599700 701
1599710 703
1599720 705
1599730 705
1599740 707
1599750 708
1599760 708
1599770 710
1599780 712
1599790 712
1599800 714
1599810 715
1599820 715
1599830 717
1599840 719
1599850 719
1599860 720
1599870 720
1599880 722
1599890 724
1599900 724
1599910 726
1599920 728
1599930 728
1599940 730
1599950 732
1599960 732
1599970 735
1599980 737
1599990 737
