1580000 666
1580010 666
1580020 668
1580030 669
1580040 669
1580050 671
1580060 672
1580070 672
1580080 674
1580090 676
1580100 676
1580110 677
1580120 679
1580130 679
1580140 681
1580150 683
1580160 683
1580170 684
1580180 686
1580190 686
1580200 687
1580210 688
1580220 688
1580230 689
1580240 690
1580250 690
1580260 691
1580270 692
1580280 692
1580290 693
1580300 695
1580310 695
1580320 696
1580330 697
1580340 697
1580350 698
1580360 699
1580370 699
1580380 701
1580390 702
1580400 702
1580410 703
1580420 704
1580430 704
1580440 705
1580450 706
1580460 706
1580470 707
1580480 708
1580490 708
1580500 710
1580510 711
1580520 711
1580530 713
1580540 714
1580550 714
1580560 716
1580570 719
1580580 719
1580590 721
1580600 723
1580610 723
1580620 726
1580630 728
1580640 728
1580650 730
1580660 732
1580670 732
1580680 734
1580690 734
1580700 736
1580710 738
1580720 738
1580730 739
1580740 741
1580750 741
1580760 742
1580770 744
1580780 744
1580790 745
1580800 746
1580810 746
1580820 748
1580830 750
1580840 750
1580850 751
1580860 752
1580870 755
1580880 756
1580890 758
1580900 758
1580910 760
1580920 761
1580930 761
1580940 763
1580950 765
1580960 765
1580970 767
1580980 769
1580990 769
1581000 770
1581010 772
1581020 772
1581030 773
1581040 775
1581050 775
1581060 777
1581070 778
1581080 778
1581090 779
1581100 781
1581110 781
1581120 782
1581130 783
1581140 783
1581150 784
1581160 785
1581170 785
1581180 785
1581190 786
1581200 786
1581210 786
1581220 787
1581230 787
1581240 787
1581250 787
1581260 787
1581270 787
1581280 787
1581290 787
1581300 787
1581310 787
1581320 787
1581330 787
1581340 787
1581350 787
1581360 787
1581370 786
1581380 786
1581390 785
1581400 785
1581410 785
1581420 785
1581430 786
1581440 786
1581450 787
1581460 787
1581470 787
1581480 787
1581490 787
1581500 787
1581510 788
1581520 788
1581530 788
1581540 788
1581550 788
1581560 788
1581570 788
1581580 789
1581590 789
1581600 790
1581610 790
1581620 790
1581630 791
1581640 791
1581650 791
1581660 792
1581670 793
1581680 793
1581690 793
1581700 792
1581710 792
1581720 792
1581730 792
1581740 792
1581750 791
1581760 791
1581770 791
1581780 790
1581790 790
1581800 790
1581810 790
1581820 790
1581830 790
1581840 790
1581850 790
1581860 790
1581870 790
1581880 790
1581890 790
1581900 790
1581910 790
1581920 790
1581930 790
1581940 789
1581950 789
1581960 788
1581970 788
1581980 788
1581990 787
1582000 787
1582010 787
1582020 786
1582030 786
1582040 786
1582050 786
1582060 786
1582070 785
1582080 785
1582090 785
1582100 785
1582110 786
1582120 786
1582130 786
1582140 786
1582150 786
1582160 786
1582170 786
1582180 786
1582190 786
1582200 786
1582210 784
1582220 784
1582230 784
1582240 784
1582250 784
1582260 783
1582270 783
1582280 783
1582290 783
1582300 783
1582310 782
1582320 782
1582330 782
1582340 782
1582350 781
1582360 781
1582370 781
1582380 782
1582390 782
1582400 782
1582410 782
1582420 782
1582430 782
1582440 783
1582450 783
1582460 783
1582470 784
1582480 784
1582490 784
1582500 784
1582510 784
1582520 785
1582530 785
1582540 785
1582550 785
1582560 784
1582570 784
1582580 783
1582590 782
1582600 782
1582610 781
1582620 779
1582630 779
1582640 778
1582650 776
1582660 776
1582670 775
1582680 774
1582690 774
1582700 774
1582710 773
1582720 773
1582730 772
1582740 771
1582750 771
1582760 770
1582770 769
1582780 769
1582790 768
1582800 767
1582810 767
1582820 766
1582830 765
1582840 765
1582850 764
1582860 762
1582870 762
1582880 761
1582890 760
1582900 760
1582910 759
1582920 758
1582930 758
1582940 756
1582950 755
1582960 755
1582970 755
1582980 754
1582990 754
1583000 753
1583010 752
1583020 752
1583030 751
1583040 748
1583050 748
1583060 746
1583070 746
1583080 746
1583090 747
1583100 749
1583110 749
1583120 750
1583130 751
1583140 751
1583150 752
1583160 752
1583170 752
1583180 751
1583190 751
1583200 751
1583210 751
1583220 751
1583230 751
1583240 751
1583250 750
1583260 750
1583270 750
1583280 750
1583290 749
1583300 748
1583310 748
1583320 747
1583330 746
1583340 746
1583350 746
1583360 745
1583370 745
1583380 743
1583390 742
1583400 742
1583410 741
1583420 739
1583430 739
1583440 738
1583450 737
1583460 737
1583470 735
1583480 733
1583490 733
1583500 730
1583510 726
1583520 726
1583530 722
1583540 718
1583550 718
1583560 716
1583570 715
1583580 715
1583590 713
1583600 712
1583610 712
1583620 711
1583630 709
1583640 709
1583650 708
1583660 707
1583670 707
1583680 706
1583690 704
1583700 704
1583710 702
1583720 701
1583730 701
1583740 700
1583750 699
1583760 699
1583770 699
1583780 698
1583790 698
1583800 698
1583810 697
1583820 697
1583830 697
1583840 697
1583850 697
1583860 697
1583870 696
1583880 696
1583890 696
1583900 696
1583910 696
1583920 696
1583930 696
1583940 696
1583950 696
1583960 696
1583970 696
1583980 696
1583990 696
1584000 696
1584010 697
1584020 697
1584030 697
1584040 697
1584050 698
1584060 698
1584070 699
1584080 700
1584090 700
1584100 701
1584110 702
1584120 702
1584130 702
1584140 701
1584150 701
1584160 698
1584170 694
1584180 694
1584190 691
1584200 690
1584210 690
1584220 690
1584230 689
1584240 689
1584250 689
1584260 689
1584270 689
1584280 689
1584290 691
1584300 691
1584310 694
1584320 695
1584330 695
1584340 697
1584350 697
1584360 697
1584370 698
1584380 698
1584390 698
1584400 699
1584410 699
1584420 699
1584430 698
1584440 698
1584450 698
1584460 698
1584470 697
1584480 697
1584490 696
1584500 696
1584510 696
1584520 695
1584530 694
1584540 694
1584550 693
1584560 693
1584570 692
1584580 692
1584590 692
1584600 691
1584610 691
1584620 691
1584630 691
1584640 690
1584650 690
1584660 690
1584670 689
1584680 689
1584690 689
1584700 689
1584710 689
1584720 689
1584730 689
1584740 689
1584750 689
1584760 688
1584770 688
1584780 688
1584790 688
1584800 688
1584810 687
1584820 687
1584830 687
1584840 686
1584850 685
1584860 685
1584870 684
1584880 683
1584890 683
1584900 683
1584910 683
1584920 683
1584930 683
1584940 683
1584950 683
1584960 683
1584970 683
1584980 683
1584990 684
1585000 685
1585010 685
1585020 686
1585030 686
1585040 686
1585050 687
1585060 688
1585070 688
1585080 688
1585090 688
1585100 688
1585110 689
1585120 689
1585130 689
1585140 689
1585150 690
1585160 690
1585170 690
1585180 690
1585190 690
1585200 691
1585210 691
1585220 691
1585230 690
1585240 689
1585250 689
1585260 689
1585270 688
1585280 688
1585290 687
1585300 686
1585310 686
1585320 685
1585330 683
1585340 683
1585350 681
1585360 680
1585370 680
1585380 679
1585390 679
1585400 679
1585410 680
1585420 681
1585430 681
1585440 682
1585450 685
1585460 685
1585470 689
1585480 693
1585490 693
1585500 696
1585510 698
1585520 698
1585530 700
1585540 701
1585550 701
1585560 701
1585570 701
1585580 701
1585590 701
1585600 700
1585610 700
1585620 700
1585630 699
1585640 699
1585650 698
1585660 697
1585670 697
1585680 697
1585690 696
1585700 696
1585710 695
1585720 694
1585730 694
1585740 693
1585750 692
1585760 692
1585770 692
1585780 691
1585790 691
1585800 691
1585810 691
1585820 691
1585830 691
1585840 691
1585850 691
1585860 690
1585870 690
1585880 690
1585890 690
1585900 690
1585910 691
1585920 692
1585930 692
1585940 692
1585950 693
1585960 693
1585970 694
1585980 694
1585990 694
1586000 695
1586010 695
1586020 695
1586030 696
1586040 696
1586050 696
1586060 696
1586070 697
1586080 697
1586090 697
1586100 698
1586110 698
1586120 698
1586130 696
1586140 696
1586150 696
1586160 695
1586170 695
1586180 694
1586190 694
1586200 694
1586210 693
1586220 692
1586230 692
1586240 690
1586250 688
1586260 688
1586270 686
1586280 685
1586290 685
1586300 684
1586310 684
1586320 684
1586330 684
1586340 685
1586350 685
1586360 686
1586370 687
1586380 687
1586390 688
1586400 689
1586410 689
1586420 690
1586430 691
1586440 691
1586450 692
1586460 692
1586470 692
1586480 693
1586490 692
1586500 692
1586510 691
1586520 690
1586530 690
1586540 689
1586550 687
1586560 687
1586570 685
1586580 683
1586590 683
1586600 682
1586610 680
1586620 680
1586630 678
1586640 677
1586650 677
1586660 675
1586670 673
1586680 673
1586690 671
1586700 668
1586710 668
1586720 667
1586730 665
1586740 665
1586750 663
1586760 661
1586770 661
1586780 659
1586790 656
1586800 656
1586810 655
1586820 656
1586830 656
1586840 657
1586850 660
1586860 660
1586870 662
1586880 664
1586890 664
1586900 668
1586910 672
1586920 672
1586930 675
1586940 678
1586950 678
1586960 681
1586970 683
1586980 683
1586990 684
1587000 685
1587010 685
1587020 687
1587030 688
1587040 688
1587050 689
1587060 690
1587070 690
1587080 691
1587090 692
1587100 692
1587110 693
1587120 694
1587130 694
1587140 695
1587150 695
1587160 696
1587170 696
1587180 696
1587190 697
1587200 697
1587210 697
1587220 698
1587230 698
1587240 698
1587250 698
1587260 698
1587270 698
1587280 698
1587290 699
1587300 699
1587310 699
1587320 699
1587330 699
1587340 698
1587350 698
1587360 698
1587370 697
1587380 696
1587390 696
1587400 695
1587410 695
1587420 695
1587430 693
1587440 691
1587450 691
1587460 689
1587470 688
1587480 688
1587490 686
1587500 684
1587510 684
1587520 681
1587530 680
1587540 680
1587550 678
1587560 676
1587570 676
1587580 674
1587590 673
1587600 673
1587610 672
1587620 670
1587630 670
1587640 669
1587650 668
1587660 668
1587670 667
1587680 666
1587690 666
1587700 664
1587710 663
1587720 663
1587730 661
1587740 660
1587750 660
1587760 658
1587770 656
1587780 656
1587790 655
1587800 653
1587810 653
1587820 652
1587830 650
1587840 650
1587850 649
1587860 647
1587870 647
1587880 646
1587890 643
1587900 643
1587910 640
1587920 637
1587930 637
1587940 635
1587950 633
1587960 633
1587970 632
1587980 631
1587990 631
1588000 631
1588010 631
1588020 631
1588030 633
1588040 634
1588050 634
1588060 634
1588070 635
1588080 635
1588090 636
1588100 636
1588110 636
1588120 636
1588130 633
1588140 633
1588150 628
1588160 625
1588170 625
1588180 621
1588190 619
1588200 619
1588210 618
1588220 618
1588230 618
1588240 617
1588250 618
1588260 618
1588270 618
1588280 617
1588290 617
1588300 617
1588310 617
1588320 617
1588330 619
1588340 621
1588350 621
1588360 623
1588370 624
1588380 624
1588390 626
1588400 629
1588410 629
1588420 631
1588430 633
1588440 633
1588450 634
1588460 634
1588470 636
1588480 637
1588490 637
1588500 639
1588510 641
1588520 641
1588530 642
1588540 645
1588550 645
1588560 647
1588570 650
1588580 650
1588590 652
1588600 655
1588610 655
1588620 656
1588630 658
1588640 658
1588650 659
1588660 659
1588670 660
1588680 661
1588690 662
1588700 662
1588710 662
1588720 662
1588730 662
1588740 662
1588750 661
1588760 661
1588770 661
1588780 661
1588790 661
1588800 662
1588810 662
1588820 662
1588830 661
1588840 659
1588850 659
1588860 658
1588870 658
1588880 658
1588890 657
1588900 656
1588910 656
1588920 655
1588930 654
1588940 654
1588950 653
1588960 652
1588970 652
1588980 651
1588990 650
1589000 650
1589010 648
1589020 647
1589030 647
1589040 646
1589050 645
1589060 645
1589070 644
1589080 644
1589090 644
1589100 643
1589110 643
1589120 643
1589130 643
1589140 643
1589150 643
1589160 643
1589170 643
1589180 643
1589190 642
1589200 641
1589210 641
1589220 641
1589230 640
1589240 640
1589250 639
1589260 638
1589270 638
1589280 638
1589290 637
1589300 637
1589310 637
1589320 638
1589330 638
1589340 638
1589350 638
1589360 638
1589370 638
1589380 638
1589390 638
1589400 638
1589410 638
1589420 638
1589430 638
1589440 637
1589450 637
1589460 637
1589470 636
1589480 636
1589490 635
1589500 634
1589510 634
1589520 633
1589530 631
1589540 631
1589550 629
1589560 628
1589570 628
1589580 628
1589590 627
1589600 627
1589610 626
1589620 625
1589630 625
1589640 625
1589650 624
1589660 624
1589670 623
1589680 622
1589690 622
1589700 621
1589710 620
1589720 620
1589730 621
1589740 621
1589750 621
1589760 621
1589770 621
1589780 621
1589790 621
1589800 621
1589810 621
1589820 622
1589830 622
1589840 622
1589850 622
1589860 622
1589870 622
1589880 623
1589890 623
1589900 623
1589910 624
1589920 624
1589930 624
1589940 625
1589950 625
1589960 627
1589970 629
1589980 629
1589990 631
1590000 632
1590010 632
1590020 635
1590030 637
1590040 637
1590050 639
1590060 641
1590070 641
1590080 643
1590090 644
1590100 644
1590110 646
1590120 648
1590130 648
1590140 650
1590150 651
1590160 651
1590170 653
1590180 654
1590190 654
1590200 657
1590210 659
1590220 659
1590230 660
1590240 661
1590250 661
1590260 662
1590270 663
1590280 663
1590290 664
1590300 665
1590310 665
1590320 666
1590330 667
1590340 667
1590350 668
1590360 670
1590370 670
1590380 671
1590390 672
1590400 672
1590410 673
1590420 673
1590430 673
1590440 674
1590450 675
1590460 675
1590470 676
1590480 676
1590490 676
1590500 677
1590510 678
1590520 678
1590530 678
1590540 679
1590550 679
1590560 680
1590570 680
1590580 680
1590590 680
1590600 681
1590610 681
1590620 681
1590630 681
1590640 681
1590650 680
1590660 679
1590670 679
1590680 679
1590690 678
1590700 678
1590710 677
1590720 676
1590730 676
1590740 674
1590750 672
1590760 672
1590770 670
1590780 668
1590790 668
1590800 666
1590810 666
1590820 666
1590830 668
1590840 671
1590850 671
1590860 673
1590870 675
1590880 675
1590890 678
1590900 681
1590910 681
1590920 684
1590930 688
1590940 688
1590950 691
1590960 694
1590970 694
1590980 696
1590990 699
1591000 699
1591010 701
1591020 701
1591030 703
1591040 705
1591050 705
1591060 707
1591070 709
1591080 709
1591090 710
1591100 712
1591110 712
1591120 713
1591130 715
1591140 714
1591150 716
1591160 717
1591170 717
1591180 718
1591190 720
1591200 720
1591210 721
1591220 722
1591230 722
1591240 723
1591250 724
1591260 724
1591270 725
1591280 726
1591290 726
1591300 726
1591310 727
1591320 727
1591330 728
1591340 729
1591350 729
1591360 730
1591370 731
1591380 731
1591390 731
1591400 732
1591410 732
1591420 733
1591430 735
1591440 735
1591450 736
1591460 737
1591470 737
1591480 738
1591490 739
1591500 739
1591510 739
1591520 740
1591530 740
1591540 741
1591550 742
1591560 742
1591570 742
1591580 743
1591590 743
1591600 743
1591610 744
1591620 744
1591630 745
1591640 746
1591650 746
1591660 748
1591670 749
1591680 749
1591690 750
1591700 751
1591710 751
1591720 752
1591730 753
1591740 753
1591750 754
1591760 754
1591770 754
1591780 755
1591790 756
1591800 756
1591810 757
1591820 757
1591830 757
1591840 758
1591850 759
1591860 759
1591870 760
1591880 761
1591890 761
1591900 762
1591910 763
1591920 763
1591930 764
1591940 764
1591950 764
1591960 765
1591970 766
1591980 766
1591990 767
1592000 768
1592010 768
1592020 768
1592030 769
1592040 769
1592050 770
1592060 770
1592070 770
1592080 771
1592090 772
1592100 772
1592110 773
1592120 775
1592130 775
1592140 776
1592150 776
1592160 776
1592170 776
1592180 777
1592190 777
1592200 777
1592210 777
1592220 777
1592230 778
1592240 778
1592250 778
1592260 779
1592270 779
1592280 779
1592290 779
1592300 779
1592310 779
1592320 779
1592330 779
1592340 779
1592350 779
1592360 779
1592370 779
1592380 779
1592390 779
1592400 778
1592410 778
1592420 778
1592430 779
1592440 778
1592450 778
1592460 777
1592470 776
1592480 776
1592490 776
1592500 775
1592510 775
1592520 775
1592530 775
1592540 775
1592550 774
1592560 775
1592570 775
1592580 775
1592590 776
1592600 776
1592610 776
1592620 776
1592630 776
1592640 777
1592650 777
1592660 777
1592670 777
1592680 778
1592690 778
1592700 778
1592710 779
1592720 779
1592730 780
1592740 781
1592750 781
1592760 781
1592770 782
1592780 782
1592790 782
1592800 782
1592810 782
1592820 782
1592830 782
1592840 782
1592850 782
1592860 781
1592870 781
1592880 780
1592890 778
1592900 778
1592910 777
1592920 775
1592930 775
1592940 773
1592950 771
1592960 771
1592970 769
1592980 768
1592990 768
1593000 767
1593010 767
1593020 767
1593030 767
1593040 769
1593050 769
1593060 771
1593070 773
1593080 773
1593090 775
1593100 777
1593110 777
1593120 779
1593130 781
1593140 781
1593150 783
1593160 784
1593170 784
1593180 784
1593190 785
1593200 785
1593210 785
1593220 786
1593230 786
1593240 787
1593250 787
1593260 787
1593270 787
1593280 788
1593290 788
1593300 788
1593310 789
1593320 789
1593330 789
1593340 790
1593350 790
1593360 790
1593370 791
1593380 791
1593390 791
1593400 792
1593410 792
1593420 792
1593430 792
1593440 792
1593450 792
1593460 792
1593470 792
1593480 792
1593490 792
1593500 792
1593510 792
1593520 792
1593530 792
1593540 792
1593550 792
1593560 792
1593570 792
1593580 792
1593590 792
1593600 792
1593610 792
1593620 792
1593630 792
1593640 792
1593650 792
1593660 792
1593670 792
1593680 792
1593690 792
1593700 792
1593710 792
1593720 792
1593730 792
1593740 792
1593750 792
1593760 792
1593770 792
1593780 792
1593790 792
1593800 792
1593810 792
1593820 792
1593830 792
1593840 792
1593850 792
1593860 792
1593870 792
1593880 792
1593890 792
1593900 792
1593910 792
1593920 792
1593930 792
1593940 792
1593950 792
1593960 792
1593970 792
1593980 792
1593990 792
1594000 792
1594010 792
1594020 791
1594030 791
1594040 791
1594050 791
1594060 791
1594070 791
1594080 791
1594090 791
1594100 791
1594110 791
1594120 791
1594130 791
1594140 791
1594150 791
1594160 790
1594170 790
1594180 790
1594190 790
1594200 790
1594210 790
1594220 789
1594230 789
1594240 789
1594250 788
1594260 787
1594270 787
1594280 787
1594290 786
1594300 786
1594310 786
1594320 786
1594330 786
1594340 785
1594350 785
1594360 785
1594370 785
1594380 785
1594390 785
1594400 785
1594410 785
1594420 785
1594430 784
1594440 784
1594450 784
1594460 784
1594470 784
1594480 784
1594490 784
1594500 784
1594510 784
1594520 784
1594530 784
1594540 784
1594550 783
1594560 783
1594570 783
1594580 783
1594590 784
1594600 784
1594610 784
1594620 784
1594630 784
1594640 784
1594650 784
1594660 784
1594670 784
1594680 784
1594690 784
1594700 784
1594710 784
1594720 784
1594730 784
1594740 784
1594750 784
1594760 783
1594770 783
1594780 783
1594790 783
1594800 783
1594810 783
1594820 783
1594830 783
1594840 783
1594850 784
1594860 784
1594870 784
1594880 784
1594890 784
1594900 785
1594910 785
1594920 785
1594930 785
1594940 785
1594950 785
1594960 785
1594970 785
1594980 785
1594990 785
1595000 785
1595010 785
1595020 785
1595030 785
1595040 785
1595050 786
1595060 785
1595070 785
1595080 785
1595090 785
1595100 785
1595110 785
1595120 785
1595130 785
1595140 785
1595150 785
1595160 785
1595170 786
1595180 786
1595190 786
1595200 786
1595210 786
1595220 786
1595230 786
1595240 786
1595250 786
1595260 787
1595270 787
1595280 787
1595290 788
1595300 788
1595310 788
1595320 788
1595330 788
1595340 788
1595350 788
1595360 788
1595370 788
1595380 787
1595390 787
1595400 787
1595410 787
1595420 787
1595430 787
1595440 786
1595450 786
1595460 786
1595470 786
1595480 786
1595490 786
1595500 786
1595510 786
1595520 786
1595530 786
1595540 786
1595550 786
1595560 786
1595570 785
1595580 785
1595590 785
1595600 785
1595610 785
1595620 784
1595630 784
1595640 784
1595650 783
1595660 782
1595670 782
1595680 782
1595690 781
1595700 781
1595710 780
1595720 779
1595730 779
1595740 778
1595750 777
1595760 777
1595770 776
1595780 775
1595790 775
1595800 775
1595810 774
1595820 774
1595830 774
1595840 773
1595850 773
1595860 772
1595870 771
1595880 771
1595890 771
1595900 770
1595910 770
1595920 769
1595930 768
1595940 768
1595950 767
1595960 766
1595970 766
1595980 764
1595990 763
1596000 763
1596010 762
1596020 761
1596030 761
1596040 759
1596050 758
1596060 758
1596070 756
1596080 754
1596090 754
1596100 751
1596110 749
1596120 749
1596130 747
1596140 745
1596150 745
1596160 744
1596170 744
1596180 743
1596190 742
1596200 742
1596210 741
1596220 740
1596230 740
1596240 739
1596250 739
1596260 739
1596270 738
1596280 737
1596290 737
1596300 736
1596310 735
1596320 735
1596330 734
1596340 734
1596350 734
1596360 733
1596370 732
1596380 732
1596390 730
1596400 728
1596410 728
1596420 727
1596430 725
1596440 725
1596450 723
1596460 719
1596470 719
1596480 717
1596490 716
1596500 716
1596510 715
1596520 714
1596530 714
1596540 713
1596550 712
1596560 712
1596570 712
1596580 711
1596590 711
1596600 710
1596610 709
1596620 709
1596630 708
1596640 707
1596650 707
1596660 706
1596670 705
1596680 705
1596690 704
1596700 703
1596710 703
1596720 703
1596730 701
1596740 701
1596750 700
1596760 698
1596770 698
1596780 697
1596790 696
1596800 696
1596810 695
1596820 695
1596830 695
1596840 694
1596850 693
1596860 693
1596870 693
1596880 692
1596890 692
1596900 692
1596910 692
1596920 692
1596930 691
1596940 691
1596950 691
1596960 691
1596970 691
1596980 691
1596990 691
1597000 691
1597010 691
1597020 691
1597030 691
1597040 691
1597050 691
1597060 690
1597070 690
1597080 688
1597090 687
1597100 687
1597110 686
1597120 685
1597130 685
1597140 684
1597150 684
1597160 684
1597170 684
1597180 685
1597190 685
1597200 686
1597210 687
1597220 687
1597230 689
1597240 691
1597250 691
1597260 693
1597270 695
1597280 695
1597290 698
1597300 700
1597310 700
1597320 702
1597330 704
1597340 704
1597350 707
1597360 710
1597370 710
1597380 712
1597390 713
1597400 713
1597410 713
1597420 713
1597430 713
1597440 713
1597450 713
1597460 714
1597470 715
1597480 715
1597490 716
1597500 717
1597510 717
1597520 718
1597530 720
1597540 720
1597550 721
1597560 722
1597570 722
1597580 724
1597590 726
1597600 726
1597610 728
1597620 729
1597630 729
1597640 731
1597650 733
1597660 733
1597670 735
1597680 738
1597690 738
1597700 740
1597710 742
1597720 742
1597730 745
1597740 747
1597750 747
1597760 749
1597770 752
1597780 752
1597790 754
1597800 756
1597810 756
1597820 759
1597830 761
1597840 761
1597850 763
1597860 765
1597870 765
1597880 767
1597890 769
1597900 769
1597910 771
1597920 773
1597930 773
1597940 774
1597950 776
1597960 776
1597970 777
1597980 778
1597990 778
1598000 780
1598010 781
1598020 781
1598030 783
1598040 785
1598050 785
1598060 786
1598070 788
1598080 788
1598090 789
1598100 791
1598110 791
1598120 793
1598130 794
1598140 794
1598150 796
1598160 798
1598170 798
1598180 799
1598190 802
1598200 802
1598210 804
1598220 805
1598230 804
1598240 806
1598250 807
1598260 807
1598270 809
1598280 810
1598290 810
1598300 811
1598310 812
1598320 812
1598330 813
1598340 813
1598350 813
1598360 814
1598370 813
1598380 813
1598390 813
1598400 813
1598410 813
1598420 812
1598430 812
1598440 812
1598450 811
1598460 810
1598470 810
1598480 809
1598490 808
1598500 808
1598510 808
1598520 807
1598530 807
1598540 806
1598550 804
1598560 804
1598570 803
1598580 801
1598590 801
1598600 800
1598610 798
1598620 798
1598630 797
1598640 795
1598650 795
1598660 794
1598670 793
1598680 793
1598690 793
1598700 792
1598710 792
1598720 791
1598730 789
1598740 789
1598750 788
1598760 788
1598770 786
1598780 784
1598790 784
1598800 782
1598810 779
1598820 779
1598830 776
1598840 773
1598850 773
1598860 769
1598870 766
1598880 766
1598890 762
1598900 759
1598910 759
1598920 756
1598930 753
1598940 753
1598950 750
1598960 748
1598970 748
1598980 746
1598990 744
1599000 744
1599010 741
1599020 738
1599030 738
1599040 736
1599050 733
1599060 733
1599070 730
1599080 728
1599090 728
1599100 726
1599110 725
1599120 725
1599130 723
1599140 722
1599150 722
1599160 721
1599170 720
1599180 720
1599190 720
1599200 719
1599210 719
1599220 719
1599230 719
1599240 719
1599250 718
1599260 718
1599270 718
1599280 718
1599290 718
1599300 718
1599310 718
1599320 719
1599330 719
1599340 720
1599350 721
1599360 721
1599370 722
1599380 724
1599390 724
1599400 726
1599410 727
1599420 727
1599430 728
1599440 729
1599450 729
1599460 730
1599470 733
1599480 733
1599490 735
1599500 737
1599510 737
1599520 738
1599530 739
1599540 739
1599550 741
1599560 743
1599570 743
1599580 744
1599590 746
1599600 746
1599610 748
1599620 751
1599630 751
1599640 753
1599650 755
1599660 755
1599670 757
1599680 759
1599690 759
1599700 761
1599710 762
1599720 762
1599730 764
1599740 766
1599750 766
1599760 768
1599770 770
1599780 770
1599790 772
1599800 773
1599810 773
1599820 775
1599830 776
1599840 776
1599850 778
1599860 779
1599870 779
1599880 780
1599890 782
1599900 782
1599910 783
1599920 784
1599930 784
1599940 785
1599950 786
1599960 786
1599970 787
1599980 788
1599990 788
