1580000 776
1580010 778
1580020 778
1580030 781
1580040 784
1580050 784
1580060 787
1580070 789
1580080 789
1580090 791
1580100 792
1580110 792
1580120 793
1580130 794
1580140 794
1580150 795
1580160 797
1580170 797
1580180 799
1580190 800
1580200 800
1580210 802
1580220 803
1580230 803
1580240 805
1580250 806
1580260 806
1580270 807
1580280 809
1580290 809
1580300 810
1580310 811
1580320 811
1580330 812
1580340 813
1580350 813
1580360 814
1580370 816
1580380 816
1580390 817
1580400 818
1580410 818
1580420 819
1580430 820
1580440 821
1580450 822
1580460 823
1580470 823
1580480 823
1580490 824
1580500 824
1580510 825
1580520 825
1580530 825
1580540 826
1580550 826
1580560 826
1580570 827
1580580 827
1580590 827
1580600 827
1580610 827
1580620 827
1580630 827
1580640 827
1580650 827
1580660 827
1580670 827
1580680 827
1580690 826
1580700 826
1580710 826
1580720 826
1580730 826
1580740 826
1580750 825
1580760 825
1580770 825
1580780 824
1580790 824
1580800 824
1580810 823
1580820 823
1580830 823
1580840 823
1580850 823
1580860 822
1580870 821
1580880 821
1580890 821
1580900 820
1580910 820
1580920 819
1580930 818
1580940 818
1580950 818
1580960 817
1580970 817
1580980 816
1580990 816
1581000 816
1581010 815
1581020 815
1581030 815
1581040 815
1581050 814
1581060 814
1581070 814
1581080 814
1581090 814
1581100 814
1581110 814
1581120 814
1581130 814
1581140 814
1581150 814
1581160 813
1581170 813
1581180 813
1581190 813
1581200 813
1581210 813
1581220 813
1581230 812
1581240 812
1581250 812
1581260 811
1581270 811
1581280 811
1581290 811
1581300 811
1581310 810
1581320 810
1581330 810
1581340 810
1581350 809
1581360 809
1581370 809
1581380 809
1581390 809
1581400 809
1581410 809
1581420 809
1581430 808
1581440 808
1581450 808
1581460 808
1581470 807
1581480 807
1581490 807
1581500 807
1581510 807
1581520 807
1581530 807
1581540 807
1581550 807
1581560 807
1581570 807
1581580 807
1581590 806
1581600 806
1581610 806
1581620 806
1581630 806
1581640 805
1581650 805
1581660 805
1581670 804
1581680 803
1581690 803
1581700 803
1581710 802
1581720 802
1581730 801
1581740 801
1581750 801
1581760 800
1581770 799
1581780 799
1581790 799
1581800 797
1581810 797
1581820 794
1581830 793
1581840 793
1581850 791
1581860 790
1581870 790
1581880 789
1581890 787
1581900 787
1581910 786
1581920 784
1581930 784
1581940 782
1581950 780
1581960 780
1581970 778
1581980 777
1581990 777
1582000 777
1582010 777
1582020 777
1582030 777
1582040 778
1582050 778
1582060 778
1582070 778
1582080 779
1582090 780
1582100 780
1582110 781
1582120 782
1582130 782
1582140 783
1582150 784
1582160 784
1582170 786
1582180 787
1582190 787
1582200 788
1582210 788
1582220 788
1582230 789
1582240 789
1582250 789
1582260 789
1582270 788
1582280 788
1582290 788
1582300 789
1582310 789
1582320 789
1582330 790
1582340 790
1582350 791
1582360 791
1582370 791
1582380 791
1582390 791
1582400 791
1582410 791
1582420 791
1582430 791
1582440 791
1582450 791
1582460 791
1582470 791
1582480 790
1582490 790
1582500 790
1582510 789
1582520 789
1582530 789
1582540 788
1582550 788
1582560 787
1582570 786
1582580 786
1582590 785
1582600 784
1582610 784
1582620 783
1582630 783
1582640 783
1582650 782
1582660 782
1582670 782
1582680 781
1582690 780
1582700 780
1582710 779
1582720 779
1582730 779
1582740 779
1582750 779
1582760 779
1582770 779
1582780 780
1582790 780
1582800 780
1582810 781
1582820 781
1582830 781
1582840 781
1582850 781
1582860 781
1582870 782
1582880 782
1582890 782
1582900 782
1582910 782
1582920 783
1582930 783
1582940 783
1582950 783
1582960 783
1582970 783
1582980 783
1582990 784
1583000 784
1583010 784
1583020 784
1583030 784
1583040 784
1583050 784
1583060 784
1583070 784
1583080 784
1583090 784
1583100 784
1583110 784
1583120 784
1583130 784
1583140 784
1583150 784
1583160 783
1583170 783
1583180 783
1583190 782
1583200 782
1583210 782
1583220 781
1583230 781
1583240 781
1583250 780
1583260 779
1583270 779
1583280 778
1583290 778
1583300 776
1583310 775
1583320 775
1583330 774
1583340 774
1583350 774
1583360 773
1583370 772
1583380 772
1583390 771
1583400 770
1583410 770
1583420 770
1583430 769
1583440 769
1583450 769
1583460 768
1583470 768
1583480 768
1583490 767
1583500 767
1583510 767
1583520 766
1583530 766
1583540 766
1583550 766
1583560 766
1583570 765
1583580 765
1583590 765
1583600 764
1583610 763
1583620 763
1583630 763
1583640 762
1583650 762
1583660 761
1583670 760
1583680 760
1583690 760
1583700 759
1583710 759
1583720 758
1583730 757
1583740 757
1583750 757
1583760 756
1583770 756
1583780 756
1583790 755
1583800 755
1583810 755
1583820 754
1583830 754
1583840 754
1583850 753
1583860 753
1583870 753
1583880 752
1583890 752
1583900 751
1583910 750
1583920 750
1583930 750
1583940 750
1583950 750
1583960 748
1583970 747
1583980 747
1583990 747
1584000 746
1584010 746
1584020 746
1584030 746
1584040 746
1584050 746
1584060 746
1584070 746
1584080 746
1584090 746
1584100 746
1584110 745
1584120 745
1584130 745
1584140 745
1584150 745
1584160 745
1584170 745
1584180 745
1584190 745
1584200 744
1584210 744
1584220 744
1584230 743
1584240 743
1584250 743
1584260 742
1584270 742
1584280 742
1584290 742
1584300 742
1584310 742
1584320 742
1584330 742
1584340 742
1584350 742
1584360 742
1584370 742
1584380 741
1584390 741
1584400 741
1584410 741
1584420 741
1584430 741
1584440 741
1584450 741
1584460 741
1584470 741
1584480 741
1584490 741
1584500 741
1584510 741
1584520 741
1584530 741
1584540 741
1584550 741
1584560 741
1584570 741
1584580 741
1584590 741
1584600 741
1584610 740
1584620 740
1584630 740
1584640 740
1584650 740
1584660 740
1584670 740
1584680 740
1584690 740
1584700 740
1584710 740
1584720 740
1584730 740
1584740 740
1584750 740
1584760 739
1584770 739
1584780 739
1584790 739
1584800 739
1584810 739
1584820 738
1584830 738
1584840 738
1584850 737
1584860 737
1584870 737
1584880 736
1584890 736
1584900 736
1584910 735
1584920 734
1584930 734
1584940 734
1584950 733
1584960 733
1584970 732
1584980 731
1584990 731
1585000 730
1585010 729
1585020 729
1585030 728
1585040 727
1585050 727
1585060 725
1585070 724
1585080 724
1585090 721
1585100 719
1585110 719
1585120 718
1585130 718
1585140 718
1585150 717
1585160 716
1585170 716
1585180 716
1585190 715
1585200 715
1585210 714
1585220 713
1585230 713
1585240 713
1585250 712
1585260 712
1585270 712
1585280 712
1585290 712
1585300 711
1585310 711
1585320 711
1585330 712
1585340 712
1585350 712
1585360 712
1585370 712
1585380 712
1585390 712
1585400 712
1585410 712
1585420 713
1585430 713
1585440 713
1585450 713
1585460 714
1585470 714
1585480 714
1585490 713
1585500 713
1585510 713
1585520 714
1585530 714
1585540 714
1585550 715
1585560 715
1585570 715
1585580 715
1585590 715
1585600 714
1585610 714
1585620 714
1585630 714
1585640 714
1585650 714
1585660 714
1585670 715
1585680 715
1585690 715
1585700 715
1585710 715
1585720 716
1585730 715
1585740 715
1585750 715
1585760 715
1585770 715
1585780 714
1585790 714
1585800 713
1585810 712
1585820 712
1585830 712
1585840 711
1585850 711
1585860 710
1585870 709
1585880 709
1585890 708
1585900 707
1585910 707
1585920 706
1585930 704
1585940 704
1585950 703
1585960 701
1585970 701
1585980 700
1585990 698
1586000 698
1586010 696
1586020 695
1586030 695
1586040 695
1586050 694
1586060 694
1586070 694
1586080 693
1586090 693
1586100 692
1586110 691
1586120 691
1586130 691
1586140 690
1586150 690
1586160 690
1586170 687
1586180 687
1586190 684
1586200 680
1586210 680
1586220 676
1586230 673
1586240 673
1586250 670
1586260 668
1586270 668
1586280 666
1586290 664
1586300 664
1586310 663
1586320 663
1586330 663
1586340 662
1586350 661
1586360 661
1586370 660
1586380 659
1586390 659
1586400 658
1586410 656
1586420 656
1586430 654
1586440 652
1586450 652
1586460 651
1586470 651
1586480 651
1586490 651
1586500 650
1586510 650
1586520 650
1586530 649
1586540 649
1586550 650
1586560 649
1586570 649
1586580 649
1586590 649
1586600 649
1586610 649
1586620 649
1586630 649
1586640 650
1586650 649
1586660 649
1586670 647
1586680 647
1586690 647
1586700 647
1586710 647
1586720 647
1586730 647
1586740 647
1586750 647
1586760 646
1586770 645
1586780 645
1586790 646
1586800 645
1586810 645
1586820 645
1586830 645
1586840 645
1586850 645
1586860 645
1586870 645
1586880 645
1586890 645
1586900 645
1586910 645
1586920 645
1586930 645
1586940 645
1586950 645
1586960 646
1586970 646
1586980 646
1586990 646
1587000 646
1587010 646
1587020 646
1587030 646
1587040 646
1587050 646
1587060 647
1587070 647
1587080 648
1587090 649
1587100 649
1587110 651
1587120 653
1587130 653
1587140 655
1587150 657
1587160 657
1587170 660
1587180 663
1587190 663
1587200 665
1587210 667
1587220 667
1587230 670
1587240 672
1587250 672
1587260 674
1587270 675
1587280 675
1587290 677
1587300 679
1587310 679
1587320 681
1587330 682
1587340 682
1587350 684
1587360 686
1587370 686
1587380 687
1587390 688
1587400 688
1587410 690
1587420 691
1587430 691
1587440 692
1587450 694
1587460 694
1587470 695
1587480 696
1587490 696
1587500 697
1587510 698
1587520 698
1587530 698
1587540 699
1587550 699
1587560 700
1587570 701
1587580 701
1587590 702
1587600 702
1587610 702
1587620 703
1587630 703
1587640 703
1587650 703
1587660 703
1587670 703
1587680 702
1587690 702
1587700 702
1587710 702
1587720 701
1587730 701
1587740 701
1587750 700
1587760 700
1587770 700
1587780 699
1587790 699
1587800 698
1587810 698
1587820 698
1587830 697
1587840 696
1587850 696
1587860 695
1587870 694
1587880 694
1587890 693
1587900 692
1587910 692
1587920 691
1587930 690
1587940 690
1587950 687
1587960 685
1587970 685
1587980 682
1587990 679
1588000 679
1588010 678
1588020 677
1588030 677
1588040 676
1588050 676
1588060 676
1588070 676
1588080 676
1588090 676
1588100 676
1588110 676
1588120 675
1588130 675
1588140 675
1588150 675
1588160 675
1588170 675
1588180 675
1588190 676
1588200 676
1588210 676
1588220 677
1588230 677
1588240 677
1588250 677
1588260 677
1588270 677
1588280 677
1588290 677
1588300 677
1588310 678
1588320 678
1588330 679
1588340 680
1588350 680
1588360 680
1588370 681
1588380 681
1588390 682
1588400 683
1588410 683
1588420 683
1588430 684
1588440 684
1588450 685
1588460 686
1588470 686
1588480 686
1588490 687
1588500 687
1588510 687
1588520 687
1588530 687
1588540 688
1588550 689
1588560 689
1588570 690
1588580 691
1588590 691
1588600 691
1588610 692
1588620 692
1588630 693
1588640 694
1588650 694
1588660 695
1588670 696
1588680 696
1588690 697
1588700 698
1588710 698
1588720 699
1588730 701
1588740 701
1588750 702
1588760 703
1588770 703
1588780 704
1588790 705
1588800 705
1588810 706
1588820 707
1588830 707
1588840 708
1588850 709
1588860 709
1588870 709
1588880 710
1588890 710
1588900 710
1588910 711
1588920 711
1588930 712
1588940 712
1588950 712
1588960 713
1588970 713
1588980 713
1588990 714
1589000 715
1589010 715
1589020 716
1589030 716
1589040 716
1589050 717
1589060 718
1589070 718
1589080 719
1589090 720
1589100 720
1589110 721
1589120 722
1589130 722
1589140 723
1589150 724
1589160 724
1589170 724
1589180 725
1589190 725
1589200 725
1589210 725
1589220 725
1589230 725
1589240 726
1589250 726
1589260 726
1589270 726
1589280 726
1589290 726
1589300 726
1589310 726
1589320 725
1589330 725
1589340 725
1589350 725
1589360 725
1589370 725
1589380 725
1589390 725
1589400 725
1589410 724
1589420 724
1589430 724
1589440 723
1589450 723
1589460 723
1589470 723
1589480 723
1589490 722
1589500 722
1589510 722
1589520 721
1589530 721
1589540 721
1589550 721
1589560 720
1589570 720
1589580 720
1589590 719
1589600 719
1589610 718
1589620 717
1589630 717
1589640 716
1589650 715
1589660 715
1589670 714
1589680 713
1589690 713
1589700 712
1589710 711
1589720 711
1589730 712
1589740 712
1589750 712
1589760 712
1589770 712
1589780 712
1589790 712
1589800 711
1589810 711
1589820 711
1589830 710
1589840 710
1589850 709
1589860 708
1589870 708
1589880 707
1589890 706
1589900 706
1589910 705
1589920 705
1589930 705
1589940 706
1589950 706
1589960 706
1589970 706
1589980 706
1589990 706
1590000 706
1590010 706
1590020 706
1590030 706
1590040 706
1590050 706
1590060 705
1590070 705
1590080 705
1590090 705
1590100 705
1590110 705
1590120 706
1590130 706
1590140 706
1590150 706
1590160 706
1590170 706
1590180 706
1590190 706
1590200 706
1590210 707
1590220 707
1590230 707
1590240 708
1590250 708
1590260 708
1590270 709
1590280 709
1590290 709
1590300 710
1590310 710
1590320 710
1590330 711
1590340 711
1590350 711
1590360 711
1590370 712
1590380 712
1590390 712
1590400 712
1590410 712
1590420 712
1590430 712
1590440 712
1590450 712
1590460 712
1590470 712
1590480 712
1590490 712
1590500 712
1590510 711
1590520 711
1590530 711
1590540 710
1590550 710
1590560 710
1590570 709
1590580 709
1590590 709
1590600 709
1590610 709
1590620 708
1590630 708
1590640 708
1590650 708
1590660 707
1590670 707
1590680 707
1590690 706
1590700 706
1590710 706
1590720 706
1590730 706
1590740 706
1590750 705
1590760 707
1590770 707
1590780 707
1590790 707
1590800 706
1590810 706
1590820 706
1590830 706
1590840 705
1590850 705
1590860 705
1590870 705
1590880 705
1590890 705
1590900 705
1590910 705
1590920 705
1590930 705
1590940 705
1590950 705
1590960 705
1590970 705
1590980 705
1590990 705
1591000 705
1591010 704
1591020 704
1591030 704
1591040 704
1591050 703
1591060 703
1591070 702
1591080 701
1591090 701
1591100 699
1591110 697
1591120 697
1591130 694
1591140 692
1591150 692
1591160 689
1591170 688
1591180 688
1591190 686
1591200 685
1591210 685
1591220 684
1591230 683
1591240 683
1591250 681
1591260 680
1591270 680
1591280 678
1591290 677
1591300 677
1591310 674
1591320 672
1591330 672
1591340 669
1591350 667
1591360 667
1591370 666
1591380 663
1591390 663
1591400 659
1591410 655
1591420 655
1591430 652
1591440 652
1591450 652
1591460 652
1591470 652
1591480 652
1591490 652
1591500 652
1591510 652
1591520 652
1591530 652
1591540 652
1591550 652
1591560 654
1591570 654
1591580 657
1591590 660
1591600 660
1591610 663
1591620 666
1591630 666
1591640 670
1591650 674
1591660 674
1591670 677
1591680 679
1591690 679
1591700 681
1591710 684
1591720 684
1591730 686
1591740 686
1591750 689
1591760 691
1591770 691
1591780 692
1591790 693
1591800 693
1591810 695
1591820 698
1591830 698
1591840 699
1591850 700
1591860 700
1591870 701
1591880 702
1591890 702
1591900 703
1591910 704
1591920 704
1591930 705
1591940 705
1591950 705
1591960 706
1591970 706
1591980 706
1591990 706
1592000 706
1592010 706
1592020 706
1592030 706
1592040 706
1592050 706
1592060 706
1592070 706
1592080 706
1592090 705
1592100 705
1592110 705
1592120 704
1592130 704
1592140 704
1592150 703
1592160 703
1592170 702
1592180 702
1592190 702
1592200 702
1592210 701
1592220 701
1592230 700
1592240 699
1592250 699
1592260 699
1592270 699
1592280 699
1592290 698
1592300 698
1592310 698
1592320 698
1592330 698
1592340 698
1592350 698
1592360 697
1592370 697
1592380 697
1592390 697
1592400 697
1592410 697
1592420 697
1592430 697
1592440 697
1592450 696
1592460 696
1592470 696
1592480 696
1592490 696
1592500 695
1592510 695
1592520 695
1592530 694
1592540 692
1592550 692
1592560 690
1592570 689
1592580 689
1592590 689
1592600 689
1592610 689
1592620 689
1592630 690
1592640 690
1592650 692
1592660 694
1592670 694
1592680 695
1592690 697
1592700 697
1592710 700
1592720 702
1592730 702
1592740 704
1592750 707
1592760 707
1592770 710
1592780 712
1592790 712
1592800 714
1592810 715
1592820 715
1592830 716
1592840 717
1592850 717
1592860 718
1592870 719
1592880 719
1592890 720
1592900 721
1592910 721
1592920 722
1592930 722
1592940 722
1592950 723
1592960 723
1592970 723
1592980 723
1592990 723
1593000 723
1593010 723
1593020 723
1593030 723
1593040 723
1593050 723
1593060 723
1593070 723
1593080 723
1593090 723
1593100 723
1593110 723
1593120 724
1593130 724
1593140 724
1593150 724
1593160 725
1593170 725
1593180 725
1593190 725
1593200 725
1593210 725
1593220 726
1593230 726
1593240 726
1593250 726
1593260 726
1593270 726
1593280 726
1593290 726
1593300 726
1593310 726
1593320 726
1593330 726
1593340 726
1593350 726
1593360 726
1593370 725
1593380 725
1593390 725
1593400 725
1593410 725
1593420 726
1593430 726
1593440 726
1593450 727
1593460 727
1593470 727
1593480 728
1593490 729
1593500 729
1593510 729
1593520 730
1593530 730
1593540 731
1593550 732
1593560 732
1593570 732
1593580 732
1593590 732
1593600 733
1593610 733
1593620 733
1593630 733
1593640 734
1593650 734
1593660 734
1593670 735
1593680 735
1593690 735
1593700 735
1593710 735
1593720 736
1593730 736
1593740 736
1593750 737
1593760 737
1593770 737
1593780 738
1593790 739
1593800 739
1593810 739
1593820 740
1593830 740
1593840 740
1593850 741
1593860 741
1593870 742
1593880 743
1593890 743
1593900 744
1593910 744
1593920 744
1593930 745
1593940 746
1593950 746
1593960 747
1593970 747
1593980 747
1593990 748
1594000 749
1594010 749
1594020 750
1594030 750
1594040 750
1594050 751
1594060 752
1594070 752
1594080 753
1594090 753
1594100 753
1594110 754
1594120 755
1594130 755
1594140 756
1594150 756
1594160 756
1594170 757
1594180 757
1594190 758
1594200 759
1594210 759
1594220 760
1594230 762
1594240 762
1594250 763
1594260 764
1594270 764
1594280 765
1594290 766
1594300 766
1594310 767
1594320 768
1594330 768
1594340 769
1594350 770
1594360 770
1594370 772
1594380 773
1594390 773
1594400 774
1594410 775
1594420 775
1594430 775
1594440 776
1594450 776
1594460 776
1594470 777
1594480 777
1594490 777
1594500 777
1594510 777
1594520 777
1594530 777
1594540 777
1594550 777
1594560 777
1594570 777
1594580 777
1594590 777
1594600 777
1594610 776
1594620 776
1594630 776
1594640 775
1594650 774
1594660 774
1594670 772
1594680 771
1594690 771
1594700 769
1594710 767
1594720 767
1594730 766
1594740 764
1594750 764
1594760 763
1594770 762
1594780 762
1594790 761
1594800 760
1594810 760
1594820 760
1594830 759
1594840 759
1594850 759
1594860 758
1594870 758
1594880 758
1594890 757
1594900 757
1594910 757
1594920 756
1594930 756
1594940 756
1594950 755
1594960 755
1594970 755
1594980 754
1594990 754
1595000 754
1595010 753
1595020 753
1595030 753
1595040 753
1595050 753
1595060 753
1595070 753
1595080 753
1595090 753
1595100 752
1595110 752
1595120 752
1595130 752
1595140 752
1595150 752
1595160 751
1595170 751
1595180 751
1595190 751
1595200 751
1595210 750
1595220 750
1595230 750
1595240 750
1595250 750
1595260 750
1595270 750
1595280 750
1595290 750
1595300 750
1595310 750
1595320 750
1595330 750
1595340 750
1595350 750
1595360 750
1595370 750
1595380 750
1595390 751
1595400 751
1595410 751
1595420 751
1595430 751
1595440 751
1595450 751
1595460 751
1595470 751
1595480 751
1595490 751
1595500 751
1595510 751
1595520 751
1595530 752
1595540 752
1595550 752
1595560 752
1595570 752
1595580 752
1595590 752
1595600 752
1595610 752
1595620 751
1595630 751
1595640 751
1595650 751
1595660 751
1595670 751
1595680 751
1595690 751
1595700 751
1595710 751
1595720 751
1595730 751
1595740 751
1595750 751
1595760 751
1595770 751
1595780 751
1595790 751
1595800 751
1595810 751
1595820 751
1595830 751
1595840 751
1595850 751
1595860 751
1595870 751
1595880 751
1595890 751
1595900 751
1595910 751
1595920 751
1595930 751
1595940 751
1595950 751
1595960 750
1595970 750
1595980 750
1595990 750
1596000 750
1596010 749
1596020 749
1596030 749
1596040 749
1596050 748
1596060 748
1596070 748
1596080 748
1596090 748
1596100 747
1596110 746
1596120 746
1596130 746
1596140 747
1596150 747
1596160 748
1596170 749
1596180 749
1596190 749
1596200 750
1596210 750
1596220 750
1596230 751
1596240 751
1596250 751
1596260 751
1596270 751
1596280 751
1596290 751
1596300 751
1596310 751
1596320 752
1596330 752
1596340 752
1596350 752
1596360 752
1596370 752
1596380 752
1596390 752
1596400 752
1596410 752
1596420 752
1596430 753
1596440 753
1596450 753
1596460 753
1596470 753
1596480 753
1596490 753
1596500 753
1596510 753
1596520 753
1596530 753
1596540 753
1596550 753
1596560 753
1596570 753
1596580 752
1596590 752
1596600 752
1596610 752
1596620 752
1596630 751
1596640 751
1596650 751
1596660 750
1596670 750
1596680 750
1596690 749
1596700 749
1596710 749
1596720 748
1596730 747
1596740 747
1596750 746
1596760 745
1596770 745
1596780 743
1596790 742
1596800 742
1596810 740
1596820 739
1596830 739
1596840 739
1596850 738
1596860 738
1596870 737
1596880 737
1596890 737
1596900 736
1596910 736
1596920 736
1596930 736
1596940 736
1596950 736
1596960 736
1596970 736
1596980 736
1596990 736
1597000 736
1597010 736
1597020 736
1597030 737
1597040 737
1597050 737
1597060 738
1597070 738
1597080 738
1597090 739
1597100 739
1597110 740
1597120 740
1597130 740
1597140 740
1597150 741
1597160 741
1597170 741
1597180 742
1597190 742
1597200 742
1597210 742
1597220 742
1597230 742
1597240 743
1597250 743
1597260 743
1597270 743
1597280 743
1597290 743
1597300 743
1597310 743
1597320 743
1597330 743
1597340 743
1597350 744
1597360 744
1597370 744
1597380 744
1597390 744
1597400 744
1597410 744
1597420 744
1597430 744
1597440 744
1597450 744
1597460 744
1597470 744
1597480 743
1597490 743
1597500 743
1597510 742
1597520 742
1597530 742
1597540 741
1597550 741
1597560 740
1597570 739
1597580 739
1597590 738
1597600 737
1597610 737
1597620 736
1597630 735
1597640 735
1597650 735
1597660 735
1597670 735
1597680 735
1597690 734
1597700 734
1597710 734
1597720 734
1597730 734
1597740 734
1597750 734
1597760 734
1597770 734
1597780 734
1597790 734
1597800 734
1597810 734
1597820 733
1597830 732
1597840 732
1597850 732
1597860 733
1597870 733
1597880 733
1597890 733
1597900 733
1597910 734
1597920 734
1597930 734
1597940 735
1597950 736
1597960 736
1597970 737
1597980 738
1597990 738
1598000 739
1598010 739
1598020 739
1598030 740
1598040 740
1598050 740
1598060 740
1598070 740
1598080 740
1598090 741
1598100 742
1598110 742
1598120 743
1598130 744
1598140 744
1598150 745
1598160 746
1598170 746
1598180 747
1598190 747
1598200 747
1598210 748
1598220 748
1598230 748
1598240 749
1598250 750
1598260 750
1598270 750
1598280 751
1598290 751
1598300 752
1598310 752
1598320 752
1598330 753
1598340 754
1598350 754
1598360 755
1598370 756
1598380 756
1598390 757
1598400 758
1598410 758
1598420 759
1598430 760
1598440 760
1598450 760
1598460 761
1598470 761
1598480 762
1598490 763
1598500 763
1598510 764
1598520 765
1598530 765
1598540 766
1598550 767
1598560 767
1598570 767
1598580 768
1598590 768
1598600 769
1598610 770
1598620 770
1598630 771
1598640 772
1598650 772
1598660 773
1598670 774
1598680 774
1598690 774
1598700 775
1598710 775
1598720 776
1598730 778
1598740 778
1598750 779
1598760 780
1598770 780
1598780 781
1598790 782
1598800 782
1598810 783
1598820 784
1598830 784
1598840 785
1598850 786
1598860 786
1598870 787
1598880 788
1598890 788
1598900 789
1598910 790
1598920 790
1598930 790
1598940 791
1598950 791
1598960 791
1598970 791
1598980 791
1598990 791
1599000 791
1599010 791
1599020 790
1599030 791
1599040 791
1599050 790
1599060 790
1599070 790
1599080 790
1599090 790
1599100 789
1599110 788
1599120 788
1599130 787
1599140 784
1599150 784
1599160 782
1599170 779
1599180 779
1599190 777
1599200 776
1599210 776
1599220 775
1599230 774
1599240 774
1599250 773
1599260 773
1599270 773
1599280 773
1599290 773
1599300 773
1599310 774
1599320 775
1599330 775
1599340 776
1599350 777
1599360 777
1599370 778
1599380 779
1599390 779
1599400 780
1599410 781
1599420 781
1599430 782
1599440 783
1599450 783
1599460 784
1599470 784
1599480 784
1599490 785
1599500 785
1599510 785
1599520 786
1599530 786
1599540 786
1599550 786
1599560 786
1599570 786
1599580 786
1599590 787
1599600 787
1599610 787
1599620 788
1599630 788
1599640 788
1599650 789
1599660 789
1599670 789
1599680 789
1599690 789
1599700 790
1599710 790
1599720 790
1599730 791
1599740 791
1599750 791
1599760 791
1599770 792
1599780 792
1599790 792
1599800 792
1599810 792
1599820 793
1599830 793
1599840 793
1599850 793
1599860 793
1599870 793
1599880 793
1599890 793
1599900 793
1599910 792
1599920 792
1599930 792
1599940 792
1599950 792
1599960 792
1599970 791
1599980 791
1599990 791
