1580000 753
1580010 754
1580020 757
1580030 757
1580040 758
1580050 761
1580060 761
1580070 763
1580080 766
1580090 766
1580100 769
1580110 772
1580120 772
1580130 776
1580140 780
1580150 780
1580160 784
1580170 788
1580180 788
1580190 792
1580200 797
1580210 797
1580220 801
1580230 804
1580240 804
1580250 807
1580260 810
1580270 810
1580280 813
1580290 815
1580300 815
1580310 817
1580320 818
1580330 818
1580340 819
1580350 819
1580360 819
1580370 819
1580380 818
1580390 818
1580400 818
1580410 817
1580420 817
1580430 817
1580440 816
1580450 816
1580460 816
1580470 816
1580480 816
1580490 815
1580500 815
1580510 815
1580520 814
1580530 814
1580540 814
1580550 813
1580560 813
1580570 813
1580580 813
1580590 813
1580600 813
1580610 813
1580620 812
1580630 812
1580640 812
1580650 811
1580660 811
1580670 811
1580680 810
1580690 810
1580700 809
1580710 808
1580720 808
1580730 807
1580740 807
1580750 807
1580760 806
1580770 805
1580780 805
1580790 804
1580800 803
1580810 803
1580820 802
1580830 801
1580840 801
1580850 800
1580860 799
1580870 799
1580880 797
1580890 795
1580900 795
1580910 794
1580920 793
1580930 793
1580940 792
1580950 791
1580960 791
1580970 790
1580980 789
1580990 789
1581000 788
1581010 788
1581020 788
1581030 788
1581040 788
1581050 788
1581060 788
1581070 787
1581080 787
1581090 787
1581100 786
1581110 786
1581120 784
1581130 783
1581140 783
1581150 781
1581160 781
1581170 781
1581180 780
1581190 780
1581200 779
1581210 779
1581220 779
1581230 777
1581240 775
1581250 775
1581260 773
1581270 771
1581280 771
1581290 769
1581300 768
1581310 768
1581320 768
1581330 767
1581340 767
1581350 766
1581360 765
1581370 765
1581380 765
1581390 764
1581400 764
1581410 764
1581420 763
1581430 763
1581440 763
1581450 762
1581460 762
1581470 761
1581480 761
1581490 761
1581500 760
1581510 760
1581520 760
1581530 759
1581540 759
1581550 759
1581560 758
1581570 757
1581580 757
1581590 757
1581600 757
1581610 757
1581620 757
1581630 757
1581640 757
1581650 757
1581660 758
1581670 758
1581680 758
1581690 759
1581700 759
1581710 759
1581720 758
1581730 758
1581740 758
1581750 757
1581760 757
1581770 756
1581780 756
1581790 756
1581800 756
1581810 756
1581820 756
1581830 756
1581840 756
1581850 756
1581860 756
1581870 756
1581880 756
1581890 759
1581900 759
1581910 759
1581920 759
1581930 759
1581940 759
1581950 759
1581960 759
1581970 759
1581980 759
1581990 758
1582000 758
1582010 758
1582020 758
1582030 758
1582040 757
1582050 757
1582060 757
1582070 756
1582080 756
1582090 756
1582100 755
1582110 755
1582120 755
1582130 754
1582140 754
1582150 754
1582160 754
1582170 753
1582180 753
1582190 752
1582200 752
1582210 752
1582220 751
1582230 751
1582240 751
1582250 750
1582260 750
1582270 750
1582280 750
1582290 749
1582300 749
1582310 747
1582320 745
1582330 745
1582340 743
1582350 742
1582360 742
1582370 741
1582380 741
1582390 742
1582400 742
1582410 742
1582420 743
1582430 743
1582440 743
1582450 743
1582460 744
1582470 744
1582480 746
1582490 748
1582500 748
1582510 751
1582520 753
1582530 753
1582540 755
1582550 757
1582560 757
1582570 759
1582580 761
1582590 761
1582600 763
1582610 765
1582620 765
1582630 766
1582640 767
1582650 767
1582660 767
1582670 768
1582680 768
1582690 768
1582700 768
1582710 768
1582720 768
1582730 768
1582740 768
1582750 767
1582760 767
1582770 767
1582780 767
1582790 767
1582800 767
1582810 767
1582820 766
1582830 766
1582840 766
1582850 766
1582860 766
1582870 766
1582880 766
1582890 766
1582900 765
1582910 765
1582920 765
1582930 764
1582940 764
1582950 764
1582960 764
1582970 764
1582980 764
1582990 765
1583000 766
1583010 766
1583020 766
1583030 767
1583040 767
1583050 767
1583060 767
1583070 767
1583080 767
1583090 768
1583100 768
1583110 768
1583120 769
1583130 769
1583140 770
1583150 770
1583160 770
1583170 770
1583180 771
1583190 771
1583200 771
1583210 771
1583220 772
1583230 773
1583240 773
1583250 773
1583260 773
1583270 773
1583280 773
1583290 773
1583300 773
1583310 773
1583320 772
1583330 772
1583340 772
1583350 772
1583360 772
1583370 772
1583380 771
1583390 770
1583400 770
1583410 769
1583420 768
1583430 768
1583440 766
1583450 765
1583460 765
1583470 763
1583480 761
1583490 761
1583500 758
1583510 755
1583520 755
1583530 752
1583540 750
1583550 750
1583560 748
1583570 746
1583580 746
1583590 745
1583600 745
1583610 743
1583620 742
1583630 742
1583640 741
1583650 740
1583660 740
1583670 739
1583680 737
1583690 737
1583700 735
1583710 734
1583720 734
1583730 733
1583740 732
1583750 732
1583760 731
1583770 730
1583780 730
1583790 730
1583800 731
1583810 731
1583820 734
1583830 736
1583840 736
1583850 737
1583860 738
1583870 738
1583880 738
1583890 739
1583900 739
1583910 739
1583920 739
1583930 739
1583940 740
1583950 740
1583960 740
1583970 740
1583980 739
1583990 739
1584000 739
1584010 739
1584020 739
1584030 738
1584040 738
1584050 738
1584060 737
1584070 737
1584080 737
1584090 737
1584100 736
1584110 736
1584120 735
1584130 734
1584140 734
1584150 732
1584160 731
1584170 731
1584180 730
1584190 729
1584200 729
1584210 728
1584220 728
1584230 728
1584240 727
1584250 726
1584260 726
1584270 725
1584280 724
1584290 724
1584300 724
1584310 723
1584320 723
1584330 722
1584340 721
1584350 721
1584360 721
1584370 720
1584380 720
1584390 719
1584400 719
1584410 719
1584420 718
1584430 717
1584440 717
1584450 716
1584460 714
1584470 714
1584480 712
1584490 709
1584500 709
1584510 709
1584520 709
1584530 711
1584540 711
1584550 710
1584560 710
1584570 709
1584580 709
1584590 709
1584600 709
1584610 709
1584620 709
1584630 709
1584640 709
1584650 709
1584660 709
1584670 710
1584680 710
1584690 710
1584700 710
1584710 710
1584720 710
1584730 710
1584740 710
1584750 710
1584760 709
1584770 709
1584780 709
1584790 709
1584800 709
1584810 709
1584820 708
1584830 708
1584840 708
1584850 708
1584860 709
1584870 709
1584880 709
1584890 709
1584900 710
1584910 710
1584920 711
1584930 711
1584940 711
1584950 712
1584960 712
1584970 712
1584980 713
1584990 713
1585000 713
1585010 714
1585020 715
1585030 715
1585040 715
1585050 715
1585060 715
1585070 716
1585080 716
1585090 716
1585100 716
1585110 717
1585120 717
1585130 717
1585140 717
1585150 717
1585160 717
1585170 717
1585180 717
1585190 717
1585200 717
1585210 717
1585220 717
1585230 717
1585240 717
1585250 717
1585260 717
1585270 717
1585280 716
1585290 715
1585300 715
1585310 714
1585320 713
1585330 713
1585340 711
1585350 708
1585360 708
1585370 705
1585380 704
1585390 704
1585400 703
1585410 702
1585420 702
1585430 701
1585440 700
1585450 700
1585460 700
1585470 699
1585480 699
1585490 698
1585500 698
1585510 698
1585520 697
1585530 697
1585540 697
1585550 696
1585560 696
1585570 696
1585580 695
1585590 695
1585600 695
1585610 694
1585620 693
1585630 693
1585640 693
1585650 692
1585660 692
1585670 692
1585680 692
1585690 692
1585700 692
1585710 691
1585720 691
1585730 691
1585740 691
1585750 691
1585760 690
1585770 690
1585780 690
1585790 689
1585800 689
1585810 689
1585820 689
1585830 689
1585840 689
1585850 690
1585860 692
1585870 692
1585880 694
1585890 696
1585900 696
1585910 697
1585920 699
1585930 699
1585940 700
1585950 701
1585960 701
1585970 702
1585980 702
1585990 702
1586000 702
1586010 702
1586020 702
1586030 702
1586040 702
1586050 702
1586060 702
1586070 702
1586080 701
1586090 701
1586100 701
1586110 701
1586120 702
1586130 702
1586140 702
1586150 702
1586160 702
1586170 703
1586180 704
1586190 704
1586200 704
1586210 705
1586220 705
1586230 705
1586240 705
1586250 705
1586260 706
1586270 706
1586280 706
1586290 706
1586300 707
1586310 707
1586320 707
1586330 708
1586340 708
1586350 708
1586360 709
1586370 709
1586380 709
1586390 710
1586400 710
1586410 710
1586420 710
1586430 710
1586440 709
1586450 708
1586460 708
1586470 706
1586480 705
1586490 705
1586500 703
1586510 702
1586520 702
1586530 700
1586540 699
1586550 699
1586560 697
1586570 696
1586580 696
1586590 695
1586600 692
1586610 692
1586620 689
1586630 685
1586640 685
1586650 681
1586660 678
1586670 678
1586680 676
1586690 674
1586700 674
1586710 672
1586720 669
1586730 669
1586740 666
1586750 663
1586760 663
1586770 659
1586780 658
1586790 658
1586800 657
1586810 656
1586820 656
1586830 654
1586840 654
1586850 654
1586860 653
1586870 653
1586880 653
1586890 653
1586900 654
1586910 654
1586920 654
1586930 654
1586940 654
1586950 653
1586960 653
1586970 653
1586980 653
1586990 653
1587000 653
1587010 652
1587020 652
1587030 652
1587040 651
1587050 651
1587060 651
1587070 650
1587080 650
1587090 650
1587100 648
1587110 643
1587120 643
1587130 643
1587140 643
1587150 643
1587160 643
1587170 643
1587180 643
1587190 643
1587200 643
1587210 643
1587220 643
1587230 643
1587240 643
1587250 643
1587260 643
1587270 643
1587280 643
1587290 643
1587300 643
1587310 644
1587320 644
1587330 644
1587340 645
1587350 645
1587360 646
1587370 648
1587380 648
1587390 650
1587400 652
1587410 652
1587420 655
1587430 657
1587440 657
1587450 659
1587460 661
1587470 661
1587480 663
1587490 665
1587500 665
1587510 666
1587520 667
1587530 667
1587540 668
1587550 669
1587560 669
1587570 669
1587580 669
1587590 669
1587600 669
1587610 668
1587620 668
1587630 668
1587640 667
1587650 667
1587660 665
1587670 662
1587680 662
1587690 659
1587700 656
1587710 656
1587720 654
1587730 653
1587740 653
1587750 652
1587760 651
1587770 651
1587780 651
1587790 651
1587800 651
1587810 650
1587820 650
1587830 650
1587840 650
1587850 650
1587860 650
1587870 650
1587880 651
1587890 651
1587900 652
1587910 653
1587920 653
1587930 655
1587940 657
1587950 657
1587960 658
1587970 660
1587980 660
1587990 662
1588000 663
1588010 663
1588020 665
1588030 667
1588040 667
1588050 669
1588060 671
1588070 671
1588080 673
1588090 675
1588100 675
1588110 674
1588120 672
1588130 672
1588140 670
1588150 667
1588160 667
1588170 664
1588180 663
1588190 663
1588200 660
1588210 659
1588220 659
1588230 660
1588240 663
1588250 663
1588260 667
1588270 670
1588280 670
1588290 673
1588300 676
1588310 676
1588320 678
1588330 680
1588340 680
1588350 683
1588360 687
1588370 686
1588380 689
1588390 691
1588400 691
1588410 692
1588420 694
1588430 694
1588440 695
1588450 697
1588460 697
1588470 697
1588480 698
1588490 698
1588500 698
1588510 698
1588520 698
1588530 699
1588540 699
1588550 700
1588560 701
1588570 701
1588580 703
1588590 704
1588600 704
1588610 705
1588620 707
1588630 707
1588640 709
1588650 710
1588660 710
1588670 712
1588680 713
1588690 713
1588700 715
1588710 717
1588720 717
1588730 718
1588740 719
1588750 719
1588760 720
1588770 721
1588780 721
1588790 722
1588800 724
1588810 724
1588820 725
1588830 726
1588840 726
1588850 726
1588860 727
1588870 727
1588880 728
1588890 728
1588900 728
1588910 728
1588920 728
1588930 728
1588940 728
1588950 728
1588960 728
1588970 728
1588980 728
1588990 728
1589000 728
1589010 727
1589020 727
1589030 727
1589040 726
1589050 726
1589060 726
1589070 725
1589080 725
1589090 725
1589100 724
1589110 724
1589120 723
1589130 722
1589140 722
1589150 721
1589160 720
1589170 720
1589180 718
1589190 717
1589200 717
1589210 717
1589220 717
1589230 717
1589240 717
1589250 716
1589260 716
1589270 715
1589280 715
1589290 715
1589300 714
1589310 714
1589320 714
1589330 713
1589340 713
1589350 713
1589360 712
1589370 711
1589380 711
1589390 711
1589400 711
1589410 711
1589420 711
1589430 711
1589440 711
1589450 710
1589460 710
1589470 710
1589480 708
1589490 707
1589500 707
1589510 707
1589520 708
1589530 708
1589540 708
1589550 708
1589560 708
1589570 708
1589580 709
1589590 709
1589600 709
1589610 709
1589620 710
1589630 710
1589640 710
1589650 710
1589660 710
1589670 710
1589680 710
1589690 710
1589700 710
1589710 710
1589720 710
1589730 711
1589740 711
1589750 711
1589760 711
1589770 711
1589780 711
1589790 711
1589800 711
1589810 711
1589820 711
1589830 711
1589840 712
1589850 712
1589860 712
1589870 712
1589880 712
1589890 712
1589900 712
1589910 712
1589920 712
1589930 712
1589940 712
1589950 712
1589960 711
1589970 711
1589980 711
1589990 711
1590000 711
1590010 710
1590020 710
1590030 710
1590040 709
1590050 708
1590060 708
1590070 707
1590080 707
1590090 707
1590100 706
1590110 705
1590120 705
1590130 704
1590140 703
1590150 703
1590160 701
1590170 699
1590180 699
1590190 696
1590200 693
1590210 693
1590220 689
1590230 687
1590240 687
1590250 684
1590260 683
1590270 683
1590280 681
1590290 679
1590300 679
1590310 677
1590320 675
1590330 675
1590340 673
1590350 671
1590360 671
1590370 670
1590380 669
1590390 669
1590400 668
1590410 667
1590420 667
1590430 664
1590440 659
1590450 659
1590460 655
1590470 650
1590480 650
1590490 645
1590500 644
1590510 644
1590520 643
1590530 643
1590540 643
1590550 643
1590560 642
1590570 642
1590580 642
1590590 641
1590600 641
1590610 642
1590620 643
1590630 643
1590640 643
1590650 643
1590660 643
1590670 643
1590680 644
1590690 644
1590700 645
1590710 645
1590720 645
1590730 645
1590740 646
1590750 646
1590760 646
1590770 646
1590780 646
1590790 646
1590800 646
1590810 646
1590820 646
1590830 646
1590840 646
1590850 646
1590860 646
1590870 646
1590880 646
1590890 646
1590900 646
1590910 646
1590920 646
1590930 646
1590940 646
1590950 646
1590960 646
1590970 646
1590980 646
1590990 647
1591000 648
1591010 648
1591020 649
1591030 651
1591040 651
1591050 652
1591060 653
1591070 653
1591080 654
1591090 654
1591100 654
1591110 654
1591120 654
1591130 654
1591140 656
1591150 658
1591160 658
1591170 659
1591180 660
1591190 660
1591200 661
1591210 662
1591220 662
1591230 662
1591240 663
1591250 663
1591260 663
1591270 663
1591280 663
1591290 663
1591300 663
1591310 663
1591320 663
1591330 663
1591340 663
1591350 662
1591360 662
1591370 662
1591380 662
1591390 662
1591400 662
1591410 662
1591420 662
1591430 662
1591440 661
1591450 660
1591460 660
1591470 660
1591480 659
1591490 659
1591500 659
1591510 660
1591520 660
1591530 661
1591540 661
1591550 661
1591560 662
1591570 663
1591580 663
1591590 664
1591600 665
1591610 665
1591620 667
1591630 669
1591640 669
1591650 672
1591660 675
1591670 675
1591680 678
1591690 682
1591700 682
1591710 685
1591720 687
1591730 687
1591740 690
1591750 693
1591760 693
1591770 696
1591780 699
1591790 699
1591800 701
1591810 703
1591820 703
1591830 704
1591840 706
1591850 706
1591860 707
1591870 707
1591880 707
1591890 708
1591900 709
1591910 709
1591920 709
1591930 709
1591940 709
1591950 709
1591960 710
1591970 710
1591980 710
1591990 711
1592000 711
1592010 711
1592020 712
1592030 712
1592040 713
1592050 714
1592060 714
1592070 715
1592080 716
1592090 716
1592100 716
1592110 717
1592120 717
1592130 717
1592140 718
1592150 718
1592160 719
1592170 719
1592180 719
1592190 720
1592200 720
1592210 720
1592220 721
1592230 721
1592240 722
1592250 722
1592260 722
1592270 722
1592280 723
1592290 723
1592300 724
1592310 724
1592320 724
1592330 725
1592340 725
1592350 725
1592360 725
1592370 725
1592380 725
1592390 726
1592400 726
1592410 726
1592420 726
1592430 727
1592440 727
1592450 727
1592460 727
1592470 727
1592480 727
1592490 727
1592500 727
1592510 728
1592520 728
1592530 728
1592540 728
1592550 728
1592560 728
1592570 728
1592580 728
1592590 728
1592600 728
1592610 729
1592620 729
1592630 729
1592640 729
1592650 729
1592660 729
1592670 729
1592680 729
1592690 730
1592700 730
1592710 730
1592720 730
1592730 730
1592740 730
1592750 730
1592760 730
1592770 730
1592780 730
1592790 731
1592800 731
1592810 731
1592820 732
1592830 732
1592840 732
1592850 732
1592860 732
1592870 732
1592880 732
1592890 732
1592900 733
1592910 733
1592920 733
1592930 734
1592940 735
1592950 735
1592960 735
1592970 736
1592980 736
1592990 737
1593000 737
1593010 737
1593020 738
1593030 739
1593040 739
1593050 739
1593060 741
1593070 741
1593080 742
1593090 743
1593100 743
1593110 744
1593120 744
1593130 744
1593140 745
1593150 745
1593160 745
1593170 746
1593180 747
1593190 747
1593200 748
1593210 748
1593220 748
1593230 748
1593240 748
1593250 748
1593260 747
1593270 746
1593280 746
1593290 745
1593300 744
1593310 744
1593320 742
1593330 741
1593340 741
1593350 739
1593360 739
1593370 739
1593380 739
1593390 739
1593400 739
1593410 738
1593420 738
1593430 738
1593440 737
1593450 737
1593460 737
1593470 737
1593480 737
1593490 737
1593500 737
1593510 737
1593520 738
1593530 737
1593540 737
1593550 737
1593560 737
1593570 737
1593580 737
1593590 738
1593600 738
1593610 741
1593620 742
1593630 742
1593640 744
1593650 745
1593660 745
1593670 746
1593680 746
1593690 746
1593700 747
1593710 748
1593720 748
1593730 748
1593740 749
1593750 749
1593760 750
1593770 750
1593780 750
1593790 751
1593800 751
1593810 751
1593820 752
1593830 752
1593840 752
1593850 752
1593860 752
1593870 752
1593880 752
1593890 753
1593900 753
1593910 754
1593920 755
1593930 755
1593940 756
1593950 757
1593960 757
1593970 757
1593980 758
1593990 758
1594000 759
1594010 759
1594020 759
1594030 760
1594040 760
1594050 760
1594060 761
1594070 762
1594080 762
1594090 762
1594100 762
1594110 762
1594120 763
1594130 764
1594140 764
1594150 764
1594160 764
1594170 764
1594180 765
1594190 765
1594200 765
1594210 766
1594220 766
1594230 766
1594240 767
1594250 767
1594260 767
1594270 768
1594280 768
1594290 768
1594300 769
1594310 770
1594320 770
1594330 770
1594340 771
1594350 771
1594360 772
1594370 773
1594380 773
1594390 774
1594400 774
1594410 774
1594420 774
1594430 775
1594440 775
1594450 775
1594460 775
1594470 775
1594480 775
1594490 775
1594500 775
1594510 776
1594520 776
1594530 776
1594540 776
1594550 777
1594560 777
1594570 777
1594580 778
1594590 778
1594600 778
1594610 778
1594620 778
1594630 779
1594640 779
1594650 779
1594660 779
1594670 779
1594680 779
1594690 779
1594700 779
1594710 779
1594720 779
1594730 779
1594740 779
1594750 778
1594760 778
1594770 778
1594780 777
1594790 777
1594800 777
1594810 777
1594820 777
1594830 776
1594840 776
1594850 776
1594860 776
1594870 775
1594880 775
1594890 775
1594900 775
1594910 775
1594920 775
1594930 774
1594940 774
1594950 774
1594960 773
1594970 773
1594980 773
1594990 773
1595000 773
1595010 772
1595020 772
1595030 772
1595040 772
1595050 771
1595060 771
1595070 771
1595080 771
1595090 771
1595100 770
1595110 770
1595120 770
1595130 769
1595140 769
1595150 769
1595160 768
1595170 767
1595180 767
1595190 767
1595200 766
1595210 766
1595220 766
1595230 766
1595240 766
1595250 765
1595260 765
1595270 765
1595280 764
1595290 764
1595300 764
1595310 764
1595320 763
1595330 763
1595340 763
1595350 762
1595360 762
1595370 762
1595380 761
1595390 761
1595400 761
1595410 760
1595420 760
1595430 760
1595440 760
1595450 760
1595460 759
1595470 759
1595480 759
1595490 758
1595500 757
1595510 757
1595520 757
1595530 756
1595540 756
1595550 756
1595560 755
1595570 755
1595580 755
1595590 754
1595600 754
1595610 753
1595620 753
1595630 753
1595640 752
1595650 752
1595660 752
1595670 752
1595680 752
1595690 752
1595700 752
1595710 753
1595720 753
1595730 753
1595740 753
1595750 753
1595760 753
1595770 754
1595780 754
1595790 754
1595800 754
1595810 754
1595820 754
1595830 755
1595840 755
1595850 755
1595860 754
1595870 754
1595880 754
1595890 754
1595900 754
1595910 754
1595920 754
1595930 754
1595940 754
1595950 754
1595960 754
1595970 754
1595980 754
1595990 754
1596000 754
1596010 754
1596020 754
1596030 754
1596040 754
1596050 753
1596060 753
1596070 753
1596080 753
1596090 752
1596100 752
1596110 752
1596120 752
1596130 752
1596140 752
1596150 751
1596160 751
1596170 751
1596180 751
1596190 751
1596200 750
1596210 750
1596220 750
1596230 749
1596240 748
1596250 748
1596260 747
1596270 746
1596280 746
1596290 745
1596300 744
1596310 744
1596320 742
1596330 741
1596340 741
1596350 741
1596360 741
1596370 741
1596380 741
1596390 741
1596400 741
1596410 742
1596420 743
1596430 743
1596440 744
1596450 745
1596460 745
1596470 745
1596480 746
1596490 746
1596500 747
1596510 747
1596520 747
1596530 748
1596540 748
1596550 748
1596560 748
1596570 748
1596580 748
1596590 748
1596600 749
1596610 749
1596620 749
1596630 749
1596640 749
1596650 748
1596660 748
1596670 748
1596680 748
1596690 747
1596700 747
1596710 747
1596720 746
1596730 746
1596740 746
1596750 746
1596760 746
1596770 745
1596780 745
1596790 745
1596800 744
1596810 744
1596820 744
1596830 744
1596840 743
1596850 743
1596860 742
1596870 741
1596880 741
1596890 740
1596900 739
1596910 739
1596920 738
1596930 736
1596940 736
1596950 734
1596960 733
1596970 733
1596980 732
1596990 731
1597000 731
1597010 730
1597020 729
1597030 729
1597040 729
1597050 728
1597060 728
1597070 727
1597080 727
1597090 727
1597100 726
1597110 725
1597120 725
1597130 725
1597140 725
1597150 724
1597160 723
1597170 723
1597180 722
1597190 721
1597200 721
1597210 720
1597220 719
1597230 719
1597240 719
1597250 719
1597260 719
1597270 719
1597280 719
1597290 719
1597300 719
1597310 720
1597320 720
1597330 721
1597340 722
1597350 722
1597360 722
1597370 723
1597380 723
1597390 723
1597400 723
1597410 723
1597420 724
1597430 724
1597440 724
1597450 724
1597460 724
1597470 724
1597480 724
1597490 724
1597500 724
1597510 724
1597520 724
1597530 724
1597540 723
1597550 723
1597560 723
1597570 723
1597580 722
1597590 722
1597600 722
1597610 721
1597620 721
1597630 720
1597640 720
1597650 720
1597660 721
1597670 722
1597680 722
1597690 723
1597700 724
1597710 724
1597720 725
1597730 726
1597740 726
1597750 727
1597760 727
1597770 727
1597780 728
1597790 729
1597800 729
1597810 729
1597820 730
1597830 730
1597840 730
1597850 731
1597860 731
1597870 731
1597880 731
1597890 731
1597900 731
1597910 732
1597920 732
1597930 732
1597940 732
1597950 732
1597960 732
1597970 732
1597980 732
1597990 732
1598000 732
1598010 732
1598020 732
1598030 733
1598040 733
1598050 733
1598060 733
1598070 733
1598080 733
1598090 734
1598100 734
1598110 734
1598120 735
1598130 735
1598140 735
1598150 736
1598160 736
1598170 737
1598180 738
1598190 738
1598200 739
1598210 740
1598220 740
1598230 741
1598240 741
1598250 741
1598260 742
1598270 743
1598280 743
1598290 743
1598300 744
1598310 744
1598320 745
1598330 745
1598340 745
1598350 746
1598360 746
1598370 747
1598380 747
1598390 747
1598400 748
1598410 749
1598420 749
1598430 749
1598440 750
1598450 750
1598460 751
1598470 751
1598480 751
1598490 752
1598500 753
1598510 753
1598520 753
1598530 754
1598540 754
1598550 755
1598560 755
1598570 755
1598580 756
1598590 757
1598600 757
1598610 757
1598620 758
1598630 758
1598640 758
1598650 759
1598660 759
1598670 759
1598680 760
1598690 760
1598700 760
1598710 760
1598720 760
1598730 761
1598740 761
1598750 761
1598760 762
1598770 762
1598780 762
1598790 762
1598800 762
1598810 762
1598820 762
1598830 762
1598840 762
1598850 762
1598860 761
1598870 761
1598880 761
1598890 761
1598900 761
1598910 761
1598920 760
1598930 760
1598940 760
1598950 759
1598960 759
1598970 759
1598980 758
1598990 758
1599000 757
1599010 756
1599020 756
1599030 755
1599040 754
1599050 754
1599060 752
1599070 751
1599080 751
1599090 750
1599100 750
1599110 751
1599120 751
1599130 751
1599140 751
1599150 751
1599160 752
1599170 752
1599180 752
1599190 753
1599200 753
1599210 754
1599220 755
1599230 755
1599240 757
1599250 758
1599260 758
1599270 760
1599280 762
1599290 762
1599300 764
1599310 766
1599320 766
1599330 768
1599340 770
1599350 770
1599360 772
1599370 774
1599380 774
1599390 777
1599400 779
1599410 779
1599420 781
1599430 783
1599440 783
1599450 784
1599460 786
1599470 786
1599480 787
1599490 789
1599500 789
1599510 791
1599520 792
1599530 792
1599540 793
1599550 794
1599560 794
1599570 796
1599580 796
1599590 797
1599600 798
1599610 798
1599620 799
1599630 799
1599640 799
1599650 800
1599660 800
1599670 800
1599680 801
1599690 802
1599700 802
1599710 802
1599720 802
1599730 802
1599740 803
1599750 803
1599760 803
1599770 803
1599780 804
1599790 804
1599800 805
1599810 805
1599820 805
1599830 806
1599840 807
1599850 807
1599860 807
1599870 808
1599880 808
1599890 809
1599900 810
1599910 810
1599920 811
1599930 812
1599940 812
1599950 813
1599960 814
1599970 814
1599980 815
1599990 817
