1580000 775
1580010 776
1580020 776
1580030 779
1580040 781
1580050 781
1580060 782
1580070 784
1580080 784
1580090 786
1580100 788
1580110 788
1580120 790
1580130 792
1580140 792
1580150 794
1580160 797
1580170 797
1580180 799
1580190 801
1580200 801
1580210 804
1580220 806
1580230 806
1580240 809
1580250 811
1580260 811
1580270 814
1580280 816
1580290 816
1580300 818
1580310 820
1580320 820
1580330 821
1580340 822
1580350 822
1580360 823
1580370 824
1580380 824
1580390 825
1580400 826
1580410 828
1580420 829
1580430 830
1580440 830
1580450 831
1580460 832
1580470 832
1580480 833
1580490 834
1580500 834
1580510 836
1580520 837
1580530 837
1580540 838
1580550 839
1580560 839
1580570 839
1580580 839
1580590 839
1580600 840
1580610 839
1580620 839
1580630 840
1580640 840
1580650 840
1580660 841
1580670 841
1580680 841
1580690 842
1580700 843
1580710 843
1580720 843
1580730 843
1580740 843
1580750 842
1580760 841
1580770 841
1580780 839
1580790 838
1580800 838
1580810 837
1580820 836
1580830 836
1580840 834
1580850 834
1580860 832
1580870 829
1580880 829
1580890 828
1580900 827
1580910 827
1580920 825
1580930 824
1580940 824
1580950 822
1580960 821
1580970 821
1580980 821
1580990 821
1581000 821
1581010 820
1581020 819
1581030 819
1581040 819
1581050 818
1581060 818
1581070 817
1581080 817
1581090 817
1581100 817
1581110 816
1581120 816
1581130 816
1581140 815
1581150 815
1581160 815
1581170 814
1581180 814
1581190 814
1581200 814
1581210 814
1581220 813
1581230 812
1581240 812
1581250 812
1581260 811
1581270 811
1581280 810
1581290 809
1581300 809
1581310 809
1581320 808
1581330 808
1581340 807
1581350 806
1581360 806
1581370 806
1581380 805
1581390 805
1581400 804
1581410 803
1581420 803
1581430 803
1581440 802
1581450 802
1581460 801
1581470 800
1581480 800
1581490 799
1581500 797
1581510 797
1581520 796
1581530 795
1581540 795
1581550 794
1581560 793
1581570 793
1581580 791
1581590 791
1581600 791
1581610 789
1581620 788
1581630 788
1581640 787
1581650 786
1581660 786
1581670 786
1581680 785
1581690 785
1581700 785
1581710 785
1581720 785
1581730 784
1581740 784
1581750 784
1581760 784
1581770 783
1581780 783
1581790 783
1581800 783
1581810 783
1581820 783
1581830 783
1581840 783
1581850 783
1581860 783
1581870 783
1581880 783
1581890 783
1581900 783
1581910 784
1581920 785
1581930 785
1581940 786
1581950 786
1581960 786
1581970 787
1581980 788
1581990 788
1582000 788
1582010 788
1582020 789
1582030 789
1582040 789
1582050 790
1582060 790
1582070 790
1582080 791
1582090 791
1582100 791
1582110 791
1582120 792
1582130 792
1582140 792
1582150 793
1582160 793
1582170 792
1582180 792
1582190 792
1582200 792
1582210 792
1582220 792
1582230 792
1582240 791
1582250 791
1582260 791
1582270 790
1582280 790
1582290 790
1582300 789
1582310 789
1582320 788
1582330 788
1582340 788
1582350 787
1582360 787
1582370 787
1582380 787
1582390 786
1582400 786
1582410 786
1582420 785
1582430 785
1582440 784
1582450 784
1582460 784
1582470 783
1582480 783
1582490 783
1582500 782
1582510 781
1582520 781
1582530 781
1582540 780
1582550 780
1582560 779
1582570 778
1582580 778
1582590 777
1582600 776
1582610 776
1582620 776
1582630 775
1582640 775
1582650 774
1582660 773
1582670 773
1582680 772
1582690 771
1582700 771
1582710 770
1582720 769
1582730 769
1582740 769
1582750 768
1582760 768
1582770 768
1582780 767
1582790 767
1582800 767
1582810 767
1582820 767
1582830 766
1582840 766
1582850 766
1582860 765
1582870 765
1582880 765
1582890 764
1582900 764
1582910 764
1582920 763
1582930 762
1582940 762
1582950 762
1582960 762
1582970 762
1582980 762
1582990 761
1583000 761
1583010 761
1583020 761
1583030 761
1583040 761
1583050 761
1583060 761
1583070 761
1583080 760
1583090 760
1583100 760
1583110 760
1583120 760
1583130 760
1583140 760
1583150 760
1583160 760
1583170 760
1583180 760
1583190 760
1583200 760
1583210 760
1583220 759
1583230 759
1583240 758
1583250 758
1583260 758
1583270 757
1583280 757
1583290 757
1583300 756
1583310 756
1583320 756
1583330 756
1583340 755
1583350 755
1583360 755
1583370 754
1583380 754
1583390 754
1583400 754
1583410 754
1583420 753
1583430 753
1583440 753
1583450 753
1583460 753
1583470 753
1583480 752
1583490 752
1583500 752
1583510 752
1583520 751
1583530 751
1583540 751
1583550 751
1583560 751
1583570 750
1583580 750
1583590 750
1583600 750
1583610 749
1583620 749
1583630 749
1583640 749
1583650 749
1583660 748
1583670 748
1583680 748
1583690 748
1583700 748
1583710 748
1583720 747
1583730 747
1583740 747
1583750 747
1583760 747
1583770 747
1583780 746
1583790 745
1583800 745
1583810 744
1583820 742
1583830 742
1583840 741
1583850 739
1583860 739
1583870 736
1583880 733
1583890 733
1583900 731
1583910 730
1583920 730
1583930 729
1583940 728
1583950 728
1583960 728
1583970 727
1583980 727
1583990 726
1584000 725
1584010 725
1584020 724
1584030 725
1584040 725
1584050 726
1584060 725
1584070 725
1584080 725
1584090 725
1584100 725
1584110 725
1584120 726
1584130 726
1584140 727
1584150 728
1584160 728
1584170 729
1584180 730
1584190 730
1584200 730
1584210 730
1584220 730
1584230 730
1584240 730
1584250 730
1584260 730
1584270 729
1584280 729
1584290 728
1584300 725
1584310 725
1584320 723
1584330 720
1584340 720
1584350 718
1584360 718
1584370 717
1584380 716
1584390 716
1584400 717
1584410 720
1584420 720
1584430 720
1584440 719
1584450 719
1584460 717
1584470 715
1584480 715
1584490 713
1584500 713
1584510 713
1584520 713
1584530 713
1584540 713
1584550 713
1584560 712
1584570 712
1584580 711
1584590 710
1584600 710
1584610 710
1584620 710
1584630 710
1584640 710
1584650 710
1584660 710
1584670 709
1584680 709
1584690 709
1584700 708
1584710 707
1584720 707
1584730 706
1584740 706
1584750 706
1584760 707
1584770 709
1584780 709
1584790 711
1584800 713
1584810 713
1584820 714
1584830 715
1584840 715
1584850 716
1584860 717
1584870 717
1584880 717
1584890 718
1584900 718
1584910 717
1584920 717
1584930 717
1584940 716
1584950 715
1584960 715
1584970 714
1584980 712
1584990 712
1585000 710
1585010 706
1585020 706
1585030 703
1585040 702
1585050 702
1585060 702
1585070 702
1585080 702
1585090 702
1585100 701
1585110 701
1585120 700
1585130 699
1585140 699
1585150 697
1585160 695
1585170 695
1585180 693
1585190 690
1585200 690
1585210 687
1585220 685
1585230 685
1585240 684
1585250 683
1585260 683
1585270 681
1585280 678
1585290 678
1585300 676
1585310 674
1585320 674
1585330 673
1585340 673
1585350 673
1585360 672
1585370 672
1585380 672
1585390 672
1585400 673
1585410 673
1585420 673
1585430 674
1585440 674
1585450 675
1585460 677
1585470 677
1585480 678
1585490 679
1585500 679
1585510 680
1585520 680
1585530 681
1585540 682
1585550 682
1585560 684
1585570 685
1585580 685
1585590 687
1585600 688
1585610 688
1585620 689
1585630 689
1585640 689
1585650 690
1585660 691
1585670 691
1585680 691
1585690 692
1585700 692
1585710 693
1585720 693
1585730 693
1585740 694
1585750 694
1585760 694
1585770 695
1585780 695
1585790 695
1585800 695
1585810 695
1585820 695
1585830 695
1585840 695
1585850 695
1585860 695
1585870 695
1585880 695
1585890 694
1585900 694
1585910 694
1585920 693
1585930 692
1585940 692
1585950 691
1585960 690
1585970 690
1585980 688
1585990 685
1586000 685
1586010 683
1586020 681
1586030 681
1586040 679
1586050 678
1586060 678
1586070 676
1586080 675
1586090 675
1586100 674
1586110 674
1586120 674
1586130 674
1586140 674
1586150 674
1586160 674
1586170 673
1586180 673
1586190 672
1586200 671
1586210 671
1586220 669
1586230 667
1586240 667
1586250 665
1586260 664
1586270 664
1586280 662
1586290 661
1586300 661
1586310 660
1586320 659
1586330 659
1586340 658
1586350 658
1586360 658
1586370 657
1586380 657
1586390 657
1586400 656
1586410 656
1586420 656
1586430 655
1586440 655
1586450 655
1586460 654
1586470 654
1586480 654
1586490 654
1586500 654
1586510 654
1586520 653
1586530 653
1586540 653
1586550 653
1586560 655
1586570 655
1586580 659
1586590 664
1586600 664
1586610 670
1586620 674
1586630 674
1586640 677
1586650 679
1586660 679
1586670 682
1586680 682
1586690 684
1586700 685
1586710 685
1586720 686
1586730 686
1586740 686
1586750 686
1586760 687
1586770 687
1586780 687
1586790 688
1586800 688
1586810 689
1586820 689
1586830 689
1586840 690
1586850 690
1586860 690
1586870 691
1586880 692
1586890 692
1586900 693
1586910 694
1586920 694
1586930 695
1586940 696
1586950 696
1586960 697
1586970 698
1586980 698
1586990 699
1587000 700
1587010 700
1587020 701
1587030 702
1587040 702
1587050 703
1587060 703
1587070 703
1587080 705
1587090 707
1587100 707
1587110 707
1587120 708
1587130 708
1587140 708
1587150 707
1587160 707
1587170 707
1587180 708
1587190 708
1587200 708
1587210 708
1587220 708
1587230 709
1587240 710
1587250 710
1587260 710
1587270 711
1587280 711
1587290 711
1587300 710
1587310 710
1587320 710
1587330 709
1587340 709
1587350 708
1587360 708
1587370 708
1587380 707
1587390 706
1587400 706
1587410 706
1587420 705
1587430 705
1587440 705
1587450 704
1587460 704
1587470 704
1587480 704
1587490 704
1587500 704
1587510 704
1587520 704
1587530 703
1587540 703
1587550 703
1587560 703
1587570 703
1587580 703
1587590 702
1587600 702
1587610 702
1587620 702
1587630 702
1587640 702
1587650 702
1587660 702
1587670 702
1587680 702
1587690 702
1587700 702
1587710 702
1587720 702
1587730 702
1587740 702
1587750 702
1587760 702
1587770 702
1587780 702
1587790 702
1587800 702
1587810 702
1587820 702
1587830 702
1587840 702
1587850 702
1587860 701
1587870 701
1587880 701
1587890 700
1587900 700
1587910 699
1587920 699
1587930 699
1587940 698
1587950 697
1587960 697
1587970 696
1587980 694
1587990 694
1588000 692
1588010 690
1588020 690
1588030 687
1588040 686
1588050 686
1588060 685
1588070 685
1588080 685
1588090 684
1588100 684
1588110 684
1588120 685
1588130 685
1588140 685
1588150 686
1588160 687
1588170 687
1588180 688
1588190 689
1588200 689
1588210 691
1588220 694
1588230 694
1588240 696
1588250 698
1588260 697
1588270 699
1588280 700
1588290 700
1588300 702
1588310 704
1588320 704
1588330 706
1588340 708
1588350 708
1588360 709
1588370 711
1588380 711
1588390 713
1588400 714
1588410 714
1588420 716
1588430 717
1588440 717
1588450 719
1588460 720
1588470 720
1588480 722
1588490 723
1588500 723
1588510 725
1588520 726
1588530 726
1588540 727
1588550 728
1588560 728
1588570 729
1588580 730
1588590 730
1588600 731
1588610 731
1588620 731
1588630 731
1588640 731
1588650 731
1588660 731
1588670 730
1588680 730
1588690 730
1588700 729
1588710 729
1588720 729
1588730 728
1588740 728
1588750 728
1588760 727
1588770 727
1588780 728
1588790 728
1588800 728
1588810 728
1588820 729
1588830 729
1588840 729
1588850 730
1588860 730
1588870 730
1588880 731
1588890 731
1588900 732
1588910 732
1588920 732
1588930 733
1588940 734
1588950 734
1588960 734
1588970 735
1588980 735
1588990 736
1589000 736
1589010 736
1589020 737
1589030 737
1589040 738
1589050 738
1589060 738
1589070 739
1589080 739
1589090 739
1589100 740
1589110 740
1589120 740
1589130 741
1589140 741
1589150 741
1589160 742
1589170 742
1589180 742
1589190 743
1589200 743
1589210 743
1589220 744
1589230 745
1589240 745
1589250 745
1589260 745
1589270 745
1589280 745
1589290 745
1589300 745
1589310 745
1589320 744
1589330 744
1589340 744
1589350 743
1589360 743
1589370 742
1589380 742
1589390 742
1589400 741
1589410 741
1589420 741
1589430 740
1589440 740
1589450 740
1589460 740
1589470 739
1589480 739
1589490 738
1589500 738
1589510 738
1589520 738
1589530 737
1589540 737
1589550 737
1589560 737
1589570 737
1589580 736
1589590 736
1589600 736
1589610 736
1589620 735
1589630 735
1589640 734
1589650 734
1589660 734
1589670 733
1589680 732
1589690 732
1589700 732
1589710 731
1589720 731
1589730 730
1589740 730
1589750 730
1589760 729
1589770 729
1589780 729
1589790 728
1589800 728
1589810 728
1589820 728
1589830 727
1589840 727
1589850 727
1589860 727
1589870 727
1589880 727
1589890 727
1589900 727
1589910 728
1589920 728
1589930 728
1589940 728
1589950 729
1589960 729
1589970 729
1589980 729
1589990 729
1590000 729
1590010 729
1590020 729
1590030 728
1590040 727
1590050 727
1590060 726
1590070 725
1590080 725
1590090 724
1590100 724
1590110 724
1590120 723
1590130 723
1590140 723
1590150 722
1590160 722
1590170 722
1590180 721
1590190 721
1590200 721
1590210 720
1590220 720
1590230 720
1590240 720
1590250 720
1590260 719
1590270 719
1590280 719
1590290 718
1590300 718
1590310 718
1590320 717
1590330 717
1590340 717
1590350 716
1590360 716
1590370 716
1590380 715
1590390 714
1590400 714
1590410 714
1590420 713
1590430 713
1590440 712
1590450 711
1590460 711
1590470 711
1590480 710
1590490 710
1590500 709
1590510 708
1590520 708
1590530 706
1590540 705
1590550 705
1590560 702
1590570 701
1590580 701
1590590 700
1590600 699
1590610 699
1590620 698
1590630 698
1590640 698
1590650 697
1590660 697
1590670 697
1590680 696
1590690 695
1590700 695
1590710 695
1590720 694
1590730 694
1590740 693
1590750 692
1590760 692
1590770 692
1590780 691
1590790 691
1590800 691
1590810 690
1590820 690
1590830 690
1590840 690
1590850 690
1590860 690
1590870 689
1590880 689
1590890 689
1590900 689
1590910 689
1590920 690
1590930 690
1590940 690
1590950 690
1590960 691
1590970 691
1590980 691
1590990 692
1591000 692
1591010 692
1591020 693
1591030 693
1591040 694
1591050 695
1591060 695
1591070 696
1591080 697
1591090 697
1591100 697
1591110 698
1591120 698
1591130 698
1591140 699
1591150 699
1591160 699
1591170 699
1591180 699
1591190 699
1591200 699
1591210 699
1591220 699
1591230 698
1591240 698
1591250 698
1591260 697
1591270 697
1591280 696
1591290 694
1591300 694
1591310 693
1591320 692
1591330 692
1591340 690
1591350 690
1591360 686
1591370 682
1591380 682
1591390 678
1591400 675
1591410 675
1591420 672
1591430 669
1591440 669
1591450 667
1591460 665
1591470 665
1591480 664
1591490 663
1591500 663
1591510 663
1591520 662
1591530 662
1591540 663
1591550 666
1591560 666
1591570 669
1591580 671
1591590 671
1591600 674
1591610 677
1591620 677
1591630 679
1591640 679
1591650 679
1591660 680
1591670 681
1591680 681
1591690 682
1591700 683
1591710 683
1591720 683
1591730 684
1591740 684
1591750 685
1591760 687
1591770 687
1591780 688
1591790 690
1591800 690
1591810 691
1591820 693
1591830 693
1591840 694
1591850 695
1591860 695
1591870 696
1591880 698
1591890 698
1591900 699
1591910 700
1591920 700
1591930 702
1591940 703
1591950 703
1591960 704
1591970 705
1591980 705
1591990 706
1592000 707
1592010 707
1592020 708
1592030 709
1592040 709
1592050 710
1592060 710
1592070 710
1592080 711
1592090 712
1592100 712
1592110 713
1592120 713
1592130 713
1592140 714
1592150 714
1592160 714
1592170 715
1592180 715
1592190 715
1592200 715
1592210 716
1592220 716
1592230 716
1592240 716
1592250 716
1592260 717
1592270 717
1592280 717
1592290 717
1592300 717
1592310 717
1592320 717
1592330 717
1592340 717
1592350 717
1592360 717
1592370 717
1592380 717
1592390 717
1592400 717
1592410 717
1592420 717
1592430 717
1592440 717
1592450 717
1592460 717
1592470 716
1592480 716
1592490 716
1592500 716
1592510 716
1592520 715
1592530 715
1592540 715
1592550 715
1592560 715
1592570 715
1592580 715
1592590 715
1592600 715
1592610 714
1592620 714
1592630 714
1592640 714
1592650 714
1592660 714
1592670 714
1592680 714
1592690 714
1592700 714
1592710 714
1592720 714
1592730 714
1592740 714
1592750 714
1592760 714
1592770 714
1592780 714
1592790 714
1592800 714
1592810 714
1592820 714
1592830 714
1592840 714
1592850 714
1592860 714
1592870 714
1592880 714
1592890 714
1592900 714
1592910 715
1592920 715
1592930 715
1592940 715
1592950 715
1592960 715
1592970 715
1592980 715
1592990 715
1593000 715
1593010 715
1593020 715
1593030 715
1593040 715
1593050 715
1593060 715
1593070 715
1593080 715
1593090 715
1593100 715
1593110 715
1593120 715
1593130 715
1593140 715
1593150 715
1593160 716
1593170 715
1593180 716
1593190 716
1593200 716
1593210 716
1593220 716
1593230 716
1593240 716
1593250 716
1593260 716
1593270 716
1593280 716
1593290 716
1593300 716
1593310 716
1593320 716
1593330 716
1593340 716
1593350 716
1593360 716
1593370 716
1593380 716
1593390 716
1593400 716
1593410 716
1593420 715
1593430 715
1593440 715
1593450 715
1593460 715
1593470 715
1593480 714
1593490 713
1593500 713
1593510 713
1593520 712
1593530 712
1593540 711
1593550 711
1593560 711
1593570 710
1593580 710
1593590 710
1593600 709
1593610 709
1593620 709
1593630 708
1593640 708
1593650 708
1593660 707
1593670 707
1593680 706
1593690 705
1593700 705
1593710 703
1593720 701
1593730 701
1593740 701
1593750 700
1593760 700
1593770 700
1593780 700
1593790 700
1593800 701
1593810 701
1593820 701
1593830 701
1593840 701
1593850 701
1593860 700
1593870 700
1593880 700
1593890 700
1593900 700
1593910 700
1593920 701
1593930 702
1593940 702
1593950 703
1593960 704
1593970 704
1593980 705
1593990 706
1594000 706
1594010 707
1594020 707
1594030 707
1594040 708
1594050 708
1594060 708
1594070 709
1594080 709
1594090 709
1594100 709
1594110 710
1594120 710
1594130 710
1594140 711
1594150 711
1594160 711
1594170 712
1594180 712
1594190 713
1594200 713
1594210 713
1594220 714
1594230 714
1594240 714
1594250 714
1594260 715
1594270 715
1594280 715
1594290 715
1594300 715
1594310 715
1594320 716
1594330 716
1594340 717
1594350 718
1594360 717
1594370 718
1594380 719
1594390 719
1594400 719
1594410 720
1594420 720
1594430 720
1594440 720
1594450 720
1594460 721
1594470 721
1594480 721
1594490 722
1594500 722
1594510 722
1594520 722
1594530 722
1594540 722
1594550 723
1594560 723
1594570 723
1594580 723
1594590 723
1594600 723
1594610 723
1594620 723
1594630 723
1594640 723
1594650 723
1594660 723
1594670 723
1594680 723
1594690 723
1594700 723
1594710 723
1594720 723
1594730 723
1594740 723
1594750 723
1594760 723
1594770 723
1594780 723
1594790 723
1594800 723
1594810 723
1594820 723
1594830 723
1594840 723
1594850 723
1594860 723
1594870 722
1594880 722
1594890 722
1594900 722
1594910 722
1594920 722
1594930 722
1594940 721
1594950 721
1594960 721
1594970 720
1594980 720
1594990 720
1595000 720
1595010 720
1595020 720
1595030 720
1595040 720
1595050 720
1595060 720
1595070 720
1595080 722
1595090 722
1595100 722
1595110 723
1595120 723
1595130 723
1595140 724
1595150 724
1595160 724
1595170 724
1595180 725
1595190 725
1595200 725
1595210 726
1595220 726
1595230 726
1595240 726
1595250 726
1595260 726
1595270 726
1595280 726
1595290 726
1595300 726
1595310 726
1595320 725
1595330 725
1595340 725
1595350 725
1595360 725
1595370 725
1595380 725
1595390 725
1595400 725
1595410 725
1595420 724
1595430 724
1595440 724
1595450 724
1595460 724
1595470 724
1595480 724
1595490 724
1595500 724
1595510 723
1595520 723
1595530 721
1595540 720
1595550 720
1595560 721
1595570 721
1595580 721
1595590 721
1595600 721
1595610 721
1595620 722
1595630 722
1595640 722
1595650 723
1595660 725
1595670 725
1595680 726
1595690 726
1595700 726
1595710 727
1595720 727
1595730 727
1595740 727
1595750 727
1595760 727
1595770 728
1595780 729
1595790 729
1595800 729
1595810 729
1595820 729
1595830 730
1595840 731
1595850 731
1595860 731
1595870 732
1595880 732
1595890 732
1595900 732
1595910 732
1595920 733
1595930 734
1595940 734
1595950 734
1595960 735
1595970 735
1595980 736
1595990 736
1596000 736
1596010 737
1596020 737
1596030 738
1596040 739
1596050 739
1596060 739
1596070 740
1596080 740
1596090 740
1596100 740
1596110 740
1596120 741
1596130 741
1596140 741
1596150 741
1596160 741
1596170 741
1596180 742
1596190 742
1596200 742
1596210 742
1596220 742
1596230 742
1596240 743
1596250 743
1596260 743
1596270 743
1596280 743
1596290 743
1596300 743
1596310 743
1596320 743
1596330 743
1596340 743
1596350 743
1596360 743
1596370 744
1596380 744
1596390 744
1596400 744
1596410 744
1596420 744
1596430 744
1596440 744
1596450 744
1596460 744
1596470 744
1596480 744
1596490 744
1596500 744
1596510 745
1596520 745
1596530 745
1596540 745
1596550 746
1596560 746
1596570 746
1596580 746
1596590 746
1596600 746
1596610 746
1596620 746
1596630 747
1596640 747
1596650 747
1596660 747
1596670 748
1596680 748
1596690 749
1596700 749
1596710 749
1596720 750
1596730 750
1596740 750
1596750 751
1596760 751
1596770 751
1596780 752
1596790 753
1596800 753
1596810 753
1596820 754
1596830 754
1596840 754
1596850 755
1596860 755
1596870 755
1596880 756
1596890 756
1596900 756
1596910 757
1596920 757
1596930 758
1596940 758
1596950 758
1596960 758
1596970 759
1596980 759
1596990 760
1597000 760
1597010 760
1597020 761
1597030 761
1597040 761
1597050 762
1597060 762
1597070 762
1597080 763
1597090 764
1597100 764
1597110 764
1597120 765
1597130 765
1597140 766
1597150 766
1597160 766
1597170 767
1597180 767
1597190 767
1597200 768
1597210 768
1597220 769
1597230 769
1597240 769
1597250 770
1597260 771
1597270 771
1597280 772
1597290 772
1597300 772
1597310 773
1597320 774
1597330 774
1597340 775
1597350 776
1597360 776
1597370 777
1597380 778
1597390 778
1597400 779
1597410 779
1597420 779
1597430 779
1597440 780
1597450 780
1597460 780
1597470 781
1597480 781
1597490 783
1597500 783
1597510 783
1597520 784
1597530 785
1597540 785
1597550 786
1597560 787
1597570 787
1597580 787
1597590 788
1597600 788
1597610 789
1597620 790
1597630 790
1597640 790
1597650 791
1597660 791
1597670 791
1597680 792
1597690 792
1597700 792
1597710 792
1597720 792
1597730 793
1597740 793
1597750 793
1597760 793
1597770 793
1597780 793
1597790 793
1597800 793
1597810 793
1597820 793
1597830 793
1597840 793
1597850 793
1597860 793
1597870 793
1597880 793
1597890 792
1597900 792
1597910 792
1597920 792
1597930 792
1597940 792
1597950 791
1597960 791
1597970 791
1597980 790
1597990 790
1598000 790
1598010 789
1598020 789
1598030 788
1598040 787
1598050 787
1598060 786
1598070 786
1598080 786
1598090 785
1598100 784
1598110 784
1598120 783
1598130 781
1598140 781
1598150 780
1598160 778
1598170 778
1598180 776
1598190 775
1598200 775
1598210 773
1598220 773
1598230 773
1598240 772
1598250 771
1598260 771
1598270 771
1598280 770
1598290 770
1598300 770
1598310 770
1598320 770
1598330 770
1598340 770
1598350 770
1598360 770
1598370 770
1598380 771
1598390 771
1598400 771
1598410 771
1598420 771
1598430 771
1598440 771
1598450 772
1598460 772
1598470 772
1598480 772
1598490 772
1598500 773
1598510 773
1598520 773
1598530 773
1598540 773
1598550 773
1598560 773
1598570 773
1598580 773
1598590 772
1598600 772
1598610 772
1598620 772
1598630 772
1598640 772
1598650 771
1598660 771
1598670 771
1598680 771
1598690 770
1598700 770
1598710 770
1598720 770
1598730 770
1598740 770
1598750 769
1598760 769
1598770 769
1598780 769
1598790 769
1598800 768
1598810 768
1598820 768
1598830 768
1598840 767
1598850 767
1598860 767
1598870 766
1598880 766
1598890 765
1598900 765
1598910 765
1598920 764
1598930 763
1598940 763
1598950 763
1598960 762
1598970 762
1598980 762
1598990 761
1599000 761
1599010 762
1599020 761
1599030 761
1599040 761
1599050 760
1599060 760
1599070 760
1599080 760
1599090 760
1599100 759
1599110 759
1599120 759
1599130 759
1599140 758
1599150 758
1599160 758
1599170 757
1599180 757
1599190 757
1599200 756
1599210 756
1599220 756
1599230 756
1599240 756
1599250 755
1599260 755
1599270 755
1599280 754
1599290 753
1599300 753
1599310 752
1599320 751
1599330 751
1599340 750
1599350 751
1599360 751
1599370 751
1599380 751
1599390 751
1599400 753
1599410 755
1599420 755
1599430 756
1599440 756
1599450 756
1599460 756
1599470 757
1599480 757
1599490 757
1599500 757
1599510 757
1599520 756
1599530 756
1599540 756
1599550 756
1599560 756
1599570 756
1599580 755
1599590 755
1599600 755
1599610 755
1599620 755
1599630 754
1599640 753
1599650 753
1599660 753
1599670 752
1599680 752
1599690 752
1599700 752
1599710 752
1599720 751
1599730 751
1599740 751
1599750 750
1599760 750
1599770 750
1599780 751
1599790 750
1599800 750
1599810 750
1599820 751
1599830 751
1599840 751
1599850 751
1599860 751
1599870 752
1599880 752
1599890 752
1599900 753
1599910 754
1599920 754
1599930 754
1599940 755
1599950 755
1599960 756
1599970 757
1599980 757
1599990 757
