1580000 879
1580010 877
1580020 877
1580030 875
1580040 874
1580050 874
1580060 872
1580070 870
1580080 870
1580090 868
1580100 866
1580110 866
1580120 864
1580130 861
1580140 861
1580150 858
1580160 854
1580170 854
1580180 852
1580190 850
1580200 850
1580210 848
1580220 847
1580230 847
1580240 845
1580250 843
1580260 843
1580270 841
1580280 839
1580290 839
1580300 837
1580310 835
1580320 835
1580330 834
1580340 834
1580350 833
1580360 832
1580370 832
1580380 830
1580390 829
1580400 829
1580410 828
1580420 826
1580430 826
1580440 825
1580450 824
1580460 824
1580470 823
1580480 822
1580490 822
1580500 821
1580510 819
1580520 819
1580530 818
1580540 816
1580550 816
1580560 814
1580570 813
1580580 813
1580590 811
1580600 807
1580610 807
1580620 803
1580630 801
1580640 801
1580650 801
1580660 800
1580670 800
1580680 799
1580690 798
1580700 798
1580710 797
1580720 796
1580730 796
1580740 795
1580750 795
1580760 795
1580770 794
1580780 794
1580790 794
1580800 794
1580810 795
1580820 795
1580830 795
1580840 795
1580850 795
1580860 796
1580870 796
1580880 796
1580890 796
1580900 796
1580910 796
1580920 796
1580930 796
1580940 796
1580950 797
1580960 797
1580970 797
1580980 797
1580990 798
1581000 798
1581010 798
1581020 798
1581030 798
1581040 798
1581050 798
1581060 798
1581070 798
1581080 799
1581090 799
1581100 799
1581110 800
1581120 800
1581130 800
1581140 800
1581150 800
1581160 801
1581170 801
1581180 801
1581190 801
1581200 801
1581210 801
1581220 801
1581230 801
1581240 801
1581250 801
1581260 802
1581270 802
1581280 802
1581290 801
1581300 801
1581310 801
1581320 801
1581330 801
1581340 801
1581350 801
1581360 801
1581370 800
1581380 799
1581390 799
1581400 799
1581410 799
1581420 799
1581430 799
1581440 799
1581450 799
1581460 799
1581470 799
1581480 799
1581490 799
1581500 799
1581510 799
1581520 799
1581530 799
1581540 799
1581550 799
1581560 799
1581570 799
1581580 799
1581590 799
1581600 798
1581610 798
1581620 798
1581630 798
1581640 798
1581650 798
1581660 798
1581670 798
1581680 798
1581690 798
1581700 797
1581710 797
1581720 797
1581730 796
1581740 796
1581750 796
1581760 796
1581770 796
1581780 796
1581790 795
1581800 795
1581810 795
1581820 794
1581830 794
1581840 794
1581850 794
1581860 794
1581870 794
1581880 793
1581890 793
1581900 793
1581910 791
1581920 791
1581930 790
1581940 789
1581950 789
1581960 789
1581970 788
1581980 788
1581990 788
1582000 787
1582010 787
1582020 787
1582030 786
1582040 786
1582050 785
1582060 784
1582070 784
1582080 784
1582090 783
1582100 783
1582110 783
1582120 782
1582130 782
1582140 781
1582150 780
1582160 780
1582170 779
1582180 777
1582190 777
1582200 776
1582210 774
1582220 774
1582230 773
1582240 772
1582250 772
1582260 770
1582270 770
1582280 770
1582290 769
1582300 768
1582310 768
1582320 767
1582330 767
1582340 767
1582350 766
1582360 766
1582370 766
1582380 765
1582390 765
1582400 765
1582410 765
1582420 765
1582430 765
1582440 765
1582450 765
1582460 765
1582470 765
1582480 764
1582490 764
1582500 764
1582510 764
1582520 763
1582530 763
1582540 763
1582550 763
1582560 763
1582570 763
1582580 763
1582590 763
1582600 763
1582610 763
1582620 763
1582630 763
1582640 764
1582650 764
1582660 764
1582670 764
1582680 764
1582690 764
1582700 763
1582710 763
1582720 763
1582730 763
1582740 763
1582750 763
1582760 763
1582770 763
1582780 763
1582790 762
1582800 762
1582810 762
1582820 762
1582830 762
1582840 762
1582850 762
1582860 762
1582870 762
1582880 762
1582890 762
1582900 762
1582910 763
1582920 763
1582930 763
1582940 763
1582950 763
1582960 763
1582970 763
1582980 762
1582990 762
1583000 762
1583010 762
1583020 762
1583030 761
1583040 761
1583050 761
1583060 760
1583070 760
1583080 760
1583090 759
1583100 757
1583110 757
1583120 755
1583130 753
1583140 753
1583150 751
1583160 749
1583170 749
1583180 748
1583190 748
1583200 748
1583210 748
1583220 748
1583230 748
1583240 748
1583250 748
1583260 748
1583270 747
1583280 747
1583290 747
1583300 746
1583310 745
1583320 745
1583330 744
1583340 743
1583350 743
1583360 742
1583370 740
1583380 740
1583390 739
1583400 737
1583410 737
1583420 737
1583430 737
1583440 737
1583450 737
1583460 737
1583470 737
1583480 737
1583490 737
1583500 737
1583510 737
1583520 737
1583530 737
1583540 736
1583550 736
1583560 736
1583570 736
1583580 736
1583590 736
1583600 736
1583610 736
1583620 735
1583630 734
1583640 734
1583650 733
1583660 732
1583670 732
1583680 730
1583690 729
1583700 729
1583710 729
1583720 728
1583730 728
1583740 728
1583750 728
1583760 728
1583770 728
1583780 728
1583790 728
1583800 728
1583810 729
1583820 729
1583830 730
1583840 730
1583850 730
1583860 732
1583870 733
1583880 733
1583890 734
1583900 734
1583910 734
1583920 734
1583930 735
1583940 735
1583950 735
1583960 735
1583970 735
1583980 735
1583990 734
1584000 734
1584010 734
1584020 734
1584030 734
1584040 734
1584050 734
1584060 734
1584070 735
1584080 736
1584090 736
1584100 736
1584110 736
1584120 736
1584130 737
1584140 737
1584150 737
1584160 737
1584170 737
1584180 737
1584190 738
1584200 738
1584210 738
1584220 738
1584230 738
1584240 738
1584250 737
1584260 737
1584270 737
1584280 738
1584290 738
1584300 738
1584310 738
1584320 739
1584330 739
1584340 739
1584350 739
1584360 739
1584370 740
1584380 740
1584390 740
1584400 740
1584410 741
1584420 741
1584430 741
1584440 742
1584450 742
1584460 742
1584470 743
1584480 743
1584490 744
1584500 745
1584510 745
1584520 746
1584530 746
1584540 746
1584550 747
1584560 748
1584570 748
1584580 749
1584590 751
1584600 751
1584610 752
1584620 753
1584630 753
1584640 753
1584650 753
1584660 753
1584670 753
1584680 753
1584690 753
1584700 752
1584710 752
1584720 752
1584730 752
1584740 752
1584750 752
1584760 753
1584770 753
1584780 753
1584790 754
1584800 754
1584810 755
1584820 755
1584830 755
1584840 756
1584850 757
1584860 757
1584870 757
1584880 757
1584890 757
1584900 758
1584910 758
1584920 758
1584930 758
1584940 759
1584950 759
1584960 759
1584970 759
1584980 759
1584990 760
1585000 760
1585010 760
1585020 760
1585030 760
1585040 760
1585050 760
1585060 761
1585070 761
1585080 761
1585090 761
1585100 761
1585110 761
1585120 761
1585130 761
1585140 762
1585150 762
1585160 762
1585170 762
1585180 762
1585190 762
1585200 762
1585210 763
1585220 763
1585230 763
1585240 763
1585250 763
1585260 763
1585270 763
1585280 763
1585290 764
1585300 764
1585310 764
1585320 764
1585330 764
1585340 764
1585350 764
1585360 764
1585370 764
1585380 765
1585390 765
1585400 765
1585410 765
1585420 765
1585430 765
1585440 765
1585450 765
1585460 765
1585470 765
1585480 765
1585490 765
1585500 765
1585510 765
1585520 765
1585530 765
1585540 765
1585550 765
1585560 765
1585570 765
1585580 765
1585590 765
1585600 765
1585610 765
1585620 765
1585630 764
1585640 764
1585650 765
1585660 765
1585670 765
1585680 765
1585690 765
1585700 765
1585710 765
1585720 764
1585730 764
1585740 764
1585750 764
1585760 764
1585770 764
1585780 764
1585790 763
1585800 762
1585810 762
1585820 762
1585830 761
1585840 761
1585850 759
1585860 758
1585870 758
1585880 757
1585890 756
1585900 756
1585910 756
1585920 756
1585930 756
1585940 756
1585950 756
1585960 756
1585970 757
1585980 757
1585990 757
1586000 759
1586010 760
1586020 760
1586030 761
1586040 762
1586050 762
1586060 762
1586070 762
1586080 762
1586090 763
1586100 763
1586110 763
1586120 762
1586130 762
1586140 762
1586150 762
1586160 761
1586170 761
1586180 761
1586190 762
1586200 762
1586210 762
1586220 762
1586230 762
1586240 762
1586250 762
1586260 762
1586270 762
1586280 762
1586290 762
1586300 762
1586310 762
1586320 762
1586330 762
1586340 762
1586350 762
1586360 762
1586370 762
1586380 762
1586390 762
1586400 762
1586410 762
1586420 762
1586430 762
1586440 762
1586450 763
1586460 763
1586470 763
1586480 763
1586490 763
1586500 763
1586510 763
1586520 763
1586530 763
1586540 763
1586550 764
1586560 764
1586570 764
1586580 764
1586590 764
1586600 764
1586610 765
1586620 765
1586630 765
1586640 765
1586650 765
1586660 766
1586670 766
1586680 766
1586690 767
1586700 767
1586710 767
1586720 768
1586730 768
1586740 768
1586750 769
1586760 769
1586770 769
1586780 769
1586790 770
1586800 770
1586810 771
1586820 771
1586830 771
1586840 772
1586850 772
1586860 773
1586870 774
1586880 774
1586890 775
1586900 775
1586910 775
1586920 776
1586930 776
1586940 776
1586950 777
1586960 778
1586970 778
1586980 778
1586990 779
1587000 779
1587010 780
1587020 780
1587030 780
1587040 781
1587050 782
1587060 782
1587070 783
1587080 784
1587090 784
1587100 785
1587110 786
1587120 786
1587130 789
1587140 790
1587150 790
1587160 791
1587170 792
1587180 792
1587190 792
1587200 793
1587210 793
1587220 793
1587230 793
1587240 793
1587250 793
1587260 793
1587270 793
1587280 793
1587290 793
1587300 793
1587310 793
1587320 793
1587330 793
1587340 793
1587350 793
1587360 793
1587370 793
1587380 793
1587390 793
1587400 793
1587410 793
1587420 793
1587430 792
1587440 792
1587450 792
1587460 791
1587470 791
1587480 791
1587490 791
1587500 790
1587510 790
1587520 790
1587530 789
1587540 789
1587550 788
1587560 788
1587570 788
1587580 787
1587590 786
1587600 786
1587610 784
1587620 782
1587630 782
1587640 780
1587650 779
1587660 779
1587670 778
1587680 778
1587690 778
1587700 777
1587710 777
1587720 777
1587730 777
1587740 777
1587750 777
1587760 777
1587770 778
1587780 778
1587790 779
1587800 781
1587810 781
1587820 782
1587830 782
1587840 782
1587850 782
1587860 783
1587870 783
1587880 784
1587890 785
1587900 785
1587910 785
1587920 785
1587930 786
1587940 786
1587950 786
1587960 786
1587970 787
1587980 787
1587990 788
1588000 788
1588010 788
1588020 789
1588030 789
1588040 789
1588050 789
1588060 789
1588070 789
1588080 790
1588090 790
1588100 790
1588110 791
1588120 792
1588130 792
1588140 792
1588150 793
1588160 793
1588170 794
1588180 795
1588190 795
1588200 795
1588210 796
1588220 796
1588230 796
1588240 796
1588250 796
1588260 796
1588270 796
1588280 796
1588290 795
1588300 795
1588310 795
1588320 794
1588330 794
1588340 794
1588350 793
1588360 792
1588370 792
1588380 790
1588390 789
1588400 789
1588410 788
1588420 786
1588430 786
1588440 784
1588450 783
1588460 783
1588470 782
1588480 781
1588490 781
1588500 780
1588510 780
1588520 780
1588530 779
1588540 778
1588550 778
1588560 778
1588570 778
1588580 778
1588590 778
1588600 777
1588610 777
1588620 777
1588630 777
1588640 777
1588650 777
1588660 777
1588670 777
1588680 778
1588690 778
1588700 778
1588710 777
1588720 777
1588730 777
1588740 777
1588750 777
1588760 777
1588770 777
1588780 777
1588790 777
1588800 777
1588810 777
1588820 777
1588830 777
1588840 777
1588850 777
1588860 777
1588870 777
1588880 777
1588890 777
1588900 777
1588910 777
1588920 777
1588930 777
1588940 777
1588950 777
1588960 777
1588970 777
1588980 777
1588990 777
1589000 777
1589010 777
1589020 777
1589030 777
1589040 777
1589050 777
1589060 777
1589070 777
1589080 777
1589090 777
1589100 777
1589110 777
1589120 777
1589130 777
1589140 777
1589150 777
1589160 777
1589170 777
1589180 777
1589190 777
1589200 777
1589210 777
1589220 777
1589230 777
1589240 777
1589250 777
1589260 777
1589270 777
1589280 778
1589290 778
1589300 778
1589310 779
1589320 779
1589330 779
1589340 779
1589350 779
1589360 779
1589370 778
1589380 778
1589390 777
1589400 776
1589410 776
1589420 775
1589430 775
1589440 775
1589450 774
1589460 773
1589470 773
1589480 772
1589490 771
1589500 771
1589510 770
1589520 768
1589530 768
1589540 767
1589550 765
1589560 765
1589570 764
1589580 763
1589590 763
1589600 761
1589610 760
1589620 760
1589630 758
1589640 755
1589650 755
1589660 752
1589670 750
1589680 750
1589690 748
1589700 745
1589710 745
1589720 742
1589730 741
1589740 741
1589750 740
1589760 739
1589770 739
1589780 738
1589790 737
1589800 737
1589810 736
1589820 735
1589830 735
1589840 734
1589850 733
1589860 733
1589870 732
1589880 731
1589890 731
1589900 729
1589910 728
1589920 728
1589930 727
1589940 726
1589950 726
1589960 725
1589970 724
1589980 724
1589990 723
1590000 722
1590010 722
1590020 721
1590030 720
1590040 720
1590050 719
1590060 719
1590070 717
1590080 716
1590090 716
1590100 714
1590110 712
1590120 712
1590130 710
1590140 708
1590150 708
1590160 705
1590170 703
1590180 703
1590190 702
1590200 700
1590210 700
1590220 698
1590230 697
1590240 697
1590250 696
1590260 695
1590270 695
1590280 693
1590290 693
1590300 693
1590310 692
1590320 691
1590330 691
1590340 691
1590350 691
1590360 691
1590370 691
1590380 690
1590390 690
1590400 690
1590410 690
1590420 690
1590430 690
1590440 690
1590450 690
1590460 689
1590470 689
1590480 689
1590490 689
1590500 689
1590510 689
1590520 688
1590530 688
1590540 688
1590550 687
1590560 686
1590570 686
1590580 686
1590590 685
1590600 685
1590610 685
1590620 685
1590630 685
1590640 686
1590650 686
1590660 686
1590670 687
1590680 687
1590690 687
1590700 688
1590710 690
1590720 690
1590730 692
1590740 693
1590750 693
1590760 694
1590770 695
1590780 695
1590790 697
1590800 697
1590810 697
1590820 697
1590830 697
1590840 697
1590850 696
1590860 695
1590870 697
1590880 696
1590890 697
1590900 697
1590910 697
1590920 697
1590930 697
1590940 698
1590950 698
1590960 698
1590970 698
1590980 699
1590990 699
1591000 699
1591010 699
1591020 699
1591030 699
1591040 699
1591050 699
1591060 699
1591070 699
1591080 699
1591090 699
1591100 699
1591110 699
1591120 700
1591130 700
1591140 700
1591150 700
1591160 700
1591170 700
1591180 700
1591190 700
1591200 700
1591210 701
1591220 701
1591230 701
1591240 701
1591250 701
1591260 701
1591270 701
1591280 701
1591290 701
1591300 702
1591310 702
1591320 702
1591330 702
1591340 702
1591350 702
1591360 701
1591370 701
1591380 701
1591390 701
1591400 701
1591410 700
1591420 700
1591430 700
1591440 701
1591450 701
1591460 701
1591470 701
1591480 701
1591490 701
1591500 701
1591510 701
1591520 701
1591530 701
1591540 701
1591550 701
1591560 701
1591570 701
1591580 701
1591590 701
1591600 701
1591610 701
1591620 701
1591630 701
1591640 701
1591650 701
1591660 701
1591670 701
1591680 701
1591690 701
1591700 701
1591710 701
1591720 701
1591730 701
1591740 701
1591750 701
1591760 701
1591770 701
1591780 701
1591790 701
1591800 701
1591810 701
1591820 701
1591830 701
1591840 701
1591850 701
1591860 701
1591870 700
1591880 700
1591890 700
1591900 700
1591910 700
1591920 699
1591930 697
1591940 697
1591950 696
1591960 694
1591970 694
1591980 692
1591990 690
1592000 690
1592010 689
1592020 687
1592030 687
1592040 686
1592050 686
1592060 686
1592070 686
1592080 685
1592090 686
1592100 686
1592110 686
1592120 686
1592130 686
1592140 686
1592150 686
1592160 686
1592170 686
1592180 686
1592190 687
1592200 688
1592210 688
1592220 689
1592230 689
1592240 690
1592250 691
1592260 691
1592270 691
1592280 692
1592290 692
1592300 692
1592310 692
1592320 692
1592330 693
1592340 693
1592350 693
1592360 693
1592370 694
1592380 694
1592390 694
1592400 694
1592410 694
1592420 694
1592430 694
1592440 694
1592450 694
1592460 694
1592470 694
1592480 694
1592490 694
1592500 694
1592510 694
1592520 694
1592530 694
1592540 694
1592550 694
1592560 694
1592570 694
1592580 694
1592590 694
1592600 694
1592610 694
1592620 694
1592630 694
1592640 695
1592650 695
1592660 695
1592670 695
1592680 695
1592690 696
1592700 696
1592710 696
1592720 697
1592730 697
1592740 697
1592750 698
1592760 698
1592770 698
1592780 698
1592790 699
1592800 699
1592810 699
1592820 699
1592830 699
1592840 700
1592850 700
1592860 700
1592870 700
1592880 700
1592890 700
1592900 700
1592910 700
1592920 700
1592930 701
1592940 701
1592950 701
1592960 701
1592970 701
1592980 701
1592990 701
1593000 701
1593010 701
1593020 701
1593030 701
1593040 701
1593050 701
1593060 701
1593070 701
1593080 701
1593090 701
1593100 701
1593110 701
1593120 701
1593130 701
1593140 700
1593150 700
1593160 700
1593170 700
1593180 700
1593190 700
1593200 700
1593210 700
1593220 700
1593230 700
1593240 700
1593250 700
1593260 700
1593270 700
1593280 700
1593290 700
1593300 700
1593310 700
1593320 700
1593330 700
1593340 700
1593350 701
1593360 701
1593370 701
1593380 701
1593390 701
1593400 702
1593410 703
1593420 703
1593430 704
1593440 704
1593450 704
1593460 705
1593470 705
1593480 705
1593490 706
1593500 707
1593510 707
1593520 708
1593530 709
1593540 709
1593550 710
1593560 710
1593570 710
1593580 711
1593590 711
1593600 711
1593610 712
1593620 712
1593630 712
1593640 712
1593650 712
1593660 712
1593670 712
1593680 712
1593690 712
1593700 712
1593710 712
1593720 712
1593730 712
1593740 712
1593750 712
1593760 712
1593770 712
1593780 712
1593790 712
1593800 712
1593810 712
1593820 712
1593830 712
1593840 712
1593850 713
1593860 713
1593870 713
1593880 714
1593890 714
1593900 714
1593910 715
1593920 715
1593930 715
1593940 716
1593950 716
1593960 716
1593970 717
1593980 718
1593990 718
1594000 718
1594010 719
1594020 719
1594030 719
1594040 718
1594050 718
1594060 718
1594070 718
1594080 718
1594090 717
1594100 717
1594110 717
1594120 717
1594130 716
1594140 716
1594150 716
1594160 716
1594170 716
1594180 716
1594190 716
1594200 716
1594210 716
1594220 717
1594230 717
1594240 717
1594250 717
1594260 717
1594270 717
1594280 718
1594290 718
1594300 718
1594310 717
1594320 717
1594330 717
1594340 717
1594350 717
1594360 717
1594370 717
1594380 717
1594390 718
1594400 718
1594410 718
1594420 718
1594430 718
1594440 719
1594450 719
1594460 719
1594470 719
1594480 720
1594490 720
1594500 720
1594510 721
1594520 721
1594530 721
1594540 721
1594550 721
1594560 722
1594570 722
1594580 722
1594590 722
1594600 723
1594610 723
1594620 723
1594630 724
1594640 724
1594650 724
1594660 725
1594670 725
1594680 725
1594690 726
1594700 726
1594710 726
1594720 726
1594730 726
1594740 727
1594750 727
1594760 727
1594770 727
1594780 728
1594790 728
1594800 728
1594810 728
1594820 728
1594830 728
1594840 729
1594850 729
1594860 729
1594870 730
1594880 730
1594890 730
1594900 731
1594910 731
1594920 731
1594930 731
1594940 731
1594950 732
1594960 732
1594970 732
1594980 733
1594990 733
1595000 733
1595010 734
1595020 734
1595030 734
1595040 735
1595050 735
1595060 735
1595070 735
1595080 736
1595090 736
1595100 736
1595110 737
1595120 737
1595130 737
1595140 737
1595150 737
1595160 738
1595170 738
1595180 738
1595190 738
1595200 738
1595210 738
1595220 739
1595230 739
1595240 739
1595250 739
1595260 739
1595270 739
1595280 739
1595290 739
1595300 739
1595310 739
1595320 739
1595330 739
1595340 739
1595350 739
1595360 739
1595370 740
1595380 741
1595390 741
1595400 742
1595410 742
1595420 742
1595430 743
1595440 743
1595450 743
1595460 743
1595470 743
1595480 744
1595490 744
1595500 744
1595510 744
1595520 745
1595530 745
1595540 745
1595550 745
1595560 745
1595570 745
1595580 746
1595590 746
1595600 746
1595610 746
1595620 746
1595630 746
1595640 746
1595650 746
1595660 747
1595670 747
1595680 747
1595690 747
1595700 747
1595710 747
1595720 747
1595730 748
1595740 748
1595750 748
1595760 748
1595770 748
1595780 748
1595790 748
1595800 748
1595810 749
1595820 749
1595830 749
1595840 749
1595850 749
1595860 749
1595870 749
1595880 749
1595890 749
1595900 749
1595910 750
1595920 750
1595930 750
1595940 750
1595950 750
1595960 750
1595970 750
1595980 750
1595990 750
1596000 750
1596010 750
1596020 750
1596030 750
1596040 750
1596050 750
1596060 750
1596070 750
1596080 750
1596090 750
1596100 750
1596110 750
1596120 750
1596130 750
1596140 751
1596150 751
1596160 751
1596170 750
1596180 750
1596190 750
1596200 750
1596210 750
1596220 750
1596230 750
1596240 749
1596250 749
1596260 749
1596270 749
1596280 749
1596290 748
1596300 748
1596310 748
1596320 748
1596330 748
1596340 748
1596350 748
1596360 748
1596370 748
1596380 748
1596390 749
1596400 749
1596410 749
1596420 749
1596430 749
1596440 749
1596450 749
1596460 749
1596470 749
1596480 750
1596490 750
1596500 750
1596510 750
1596520 750
1596530 750
1596540 750
1596550 750
1596560 751
1596570 751
1596580 751
1596590 751
1596600 751
1596610 751
1596620 752
1596630 752
1596640 751
1596650 752
1596660 752
1596670 752
1596680 752
1596690 752
1596700 752
1596710 752
1596720 752
1596730 753
1596740 753
1596750 753
1596760 753
1596770 753
1596780 753
1596790 754
1596800 754
1596810 754
1596820 754
1596830 754
1596840 754
1596850 754
1596860 754
1596870 754
1596880 755
1596890 755
1596900 755
1596910 755
1596920 755
1596930 755
1596940 756
1596950 756
1596960 756
1596970 756
1596980 757
1596990 757
1597000 757
1597010 757
1597020 757
1597030 758
1597040 758
1597050 758
1597060 758
1597070 758
1597080 758
1597090 758
1597100 759
1597110 759
1597120 759
1597130 759
1597140 759
1597150 760
1597160 760
1597170 760
1597180 761
1597190 761
1597200 761
1597210 761
1597220 762
1597230 762
1597240 762
1597250 762
1597260 762
1597270 763
1597280 763
1597290 763
1597300 764
1597310 764
1597320 764
1597330 764
1597340 765
1597350 765
1597360 765
1597370 766
1597380 766
1597390 766
1597400 766
1597410 766
1597420 767
1597430 767
1597440 767
1597450 767
1597460 767
1597470 767
1597480 768
1597490 768
1597500 768
1597510 768
1597520 768
1597530 768
1597540 768
1597550 768
1597560 768
1597570 768
1597580 768
1597590 768
1597600 767
1597610 767
1597620 767
1597630 767
1597640 767
1597650 766
1597660 766
1597670 766
1597680 766
1597690 766
1597700 766
1597710 766
1597720 766
1597730 766
1597740 765
1597750 765
1597760 765
1597770 764
1597780 764
1597790 764
1597800 764
1597810 763
1597820 763
1597830 763
1597840 762
1597850 762
1597860 762
1597870 761
1597880 761
1597890 760
1597900 759
1597910 759
1597920 758
1597930 756
1597940 756
1597950 756
1597960 755
1597970 755
1597980 754
1597990 753
1598000 753
1598010 753
1598020 753
1598030 753
1598040 753
1598050 753
1598060 753
1598070 754
1598080 753
1598090 753
1598100 753
1598110 754
1598120 754
1598130 754
1598140 754
1598150 754
1598160 754
1598170 754
1598180 754
1598190 754
1598200 754
1598210 754
1598220 754
1598230 754
1598240 754
1598250 754
1598260 754
1598270 754
1598280 755
1598290 755
1598300 755
1598310 755
1598320 754
1598330 754
1598340 754
1598350 754
1598360 754
1598370 754
1598380 753
1598390 753
1598400 753
1598410 752
1598420 752
1598430 751
1598440 750
1598450 750
1598460 749
1598470 748
1598480 748
1598490 747
1598500 746
1598510 746
1598520 746
1598530 745
1598540 745
1598550 744
1598560 743
1598570 743
1598580 742
1598590 741
1598600 741
1598610 741
1598620 740
1598630 740
1598640 739
1598650 738
1598660 738
1598670 737
1598680 737
1598690 737
1598700 736
1598710 736
1598720 735
1598730 734
1598740 734
1598750 733
1598760 731
1598770 731
1598780 729
1598790 726
1598800 726
1598810 724
1598820 722
1598830 722
1598840 720
1598850 719
1598860 719
1598870 718
1598880 717
1598890 717
1598900 716
1598910 714
1598920 714
1598930 713
1598940 712
1598950 712
1598960 710
1598970 710
1598980 710
1598990 709
1599000 709
1599010 709
1599020 708
1599030 706
1599040 706
1599050 705
1599060 704
1599070 704
1599080 703
1599090 703
1599100 703
1599110 703
1599120 703
1599130 703
1599140 702
1599150 702
1599160 702
1599170 703
1599180 703
1599190 703
1599200 703
1599210 704
1599220 704
1599230 704
1599240 706
1599250 706
1599260 707
1599270 708
1599280 708
1599290 710
1599300 710
1599310 710
1599320 711
1599330 711
1599340 711
1599350 711
1599360 712
1599370 712
1599380 712
1599390 713
1599400 713
1599410 713
1599420 714
1599430 714
1599440 714
1599450 715
1599460 715
1599470 715
1599480 715
1599490 715
1599500 715
1599510 716
1599520 716
1599530 717
1599540 717
1599550 717
1599560 718
1599570 719
1599580 719
1599590 721
1599600 722
1599610 722
1599620 723
1599630 724
1599640 724
1599650 726
1599660 727
1599670 727
1599680 728
1599690 729
1599700 729
1599710 730
1599720 732
1599730 732
1599740 733
1599750 734
1599760 734
1599770 735
1599780 735
1599790 735
1599800 737
1599810 737
1599820 738
1599830 739
1599840 739
1599850 740
1599860 741
1599870 741
1599880 742
1599890 743
1599900 743
1599910 744
1599920 745
1599930 745
1599940 746
1599950 747
1599960 747
1599970 748
1599980 749
1599990 749
