1580000 877
1580010 876
1580020 875
1580030 875
1580040 874
1580050 873
1580060 873
1580070 872
1580080 871
1580090 871
1580100 870
1580110 868
1580120 868
1580130 867
1580140 866
1580150 866
1580160 864
1580170 862
1580180 862
1580190 861
1580200 859
1580210 859
1580220 858
1580230 858
1580240 858
1580250 856
1580260 856
1580270 853
1580280 851
1580290 851
1580300 848
1580310 845
1580320 845
1580330 844
1580340 842
1580350 842
1580360 839
1580370 838
1580380 838
1580390 836
1580400 835
1580410 835
1580420 834
1580430 831
1580440 831
1580450 828
1580460 826
1580470 826
1580480 823
1580490 822
1580500 822
1580510 819
1580520 816
1580530 816
1580540 814
1580550 813
1580560 813
1580570 811
1580580 809
1580590 809
1580600 807
1580610 806
1580620 806
1580630 804
1580640 803
1580650 803
1580660 803
1580670 802
1580680 802
1580690 801
1580700 800
1580710 800
1580720 799
1580730 799
1580740 799
1580750 798
1580760 798
1580770 798
1580780 797
1580790 797
1580800 797
1580810 796
1580820 796
1580830 796
1580840 795
1580850 795
1580860 795
1580870 795
1580880 795
1580890 795
1580900 795
1580910 795
1580920 795
1580930 795
1580940 794
1580950 794
1580960 793
1580970 792
1580980 792
1580990 792
1581000 791
1581010 791
1581020 790
1581030 790
1581040 790
1581050 789
1581060 789
1581070 789
1581080 788
1581090 788
1581100 788
1581110 787
1581120 787
1581130 787
1581140 786
1581150 786
1581160 786
1581170 785
1581180 785
1581190 785
1581200 784
1581210 783
1581220 783
1581230 783
1581240 781
1581250 781
1581260 780
1581270 779
1581280 779
1581290 777
1581300 777
1581310 777
1581320 776
1581330 775
1581340 775
1581350 775
1581360 775
1581370 775
1581380 775
1581390 775
1581400 774
1581410 774
1581420 774
1581430 774
1581440 774
1581450 774
1581460 776
1581470 778
1581480 778
1581490 779
1581500 780
1581510 780
1581520 781
1581530 781
1581540 781
1581550 783
1581560 784
1581570 784
1581580 785
1581590 786
1581600 786
1581610 788
1581620 789
1581630 791
1581640 793
1581650 794
1581660 794
1581670 796
1581680 797
1581690 797
1581700 798
1581710 800
1581720 800
1581730 801
1581740 802
1581750 802
1581760 803
1581770 804
1581780 804
1581790 804
1581800 804
1581810 804
1581820 804
1581830 804
1581840 804
1581850 804
1581860 804
1581870 804
1581880 804
1581890 804
1581900 804
1581910 803
1581920 803
1581930 803
1581940 802
1581950 801
1581960 801
1581970 801
1581980 800
1581990 800
1582000 799
1582010 798
1582020 798
1582030 797
1582040 796
1582050 796
1582060 795
1582070 794
1582080 794
1582090 792
1582100 791
1582110 791
1582120 789
1582130 787
1582140 787
1582150 785
1582160 783
1582170 783
1582180 782
1582190 780
1582200 780
1582210 779
1582220 779
1582230 779
1582240 778
1582250 777
1582260 777
1582270 777
1582280 776
1582290 776
1582300 776
1582310 775
1582320 775
1582330 775
1582340 775
1582350 775
1582360 775
1582370 775
1582380 775
1582390 775
1582400 774
1582410 774
1582420 774
1582430 774
1582440 773
1582450 773
1582460 773
1582470 772
1582480 772
1582490 772
1582500 771
1582510 770
1582520 770
1582530 770
1582540 769
1582550 769
1582560 767
1582570 766
1582580 766
1582590 765
1582600 765
1582610 765
1582620 764
1582630 763
1582640 763
1582650 763
1582660 762
1582670 762
1582680 762
1582690 761
1582700 761
1582710 760
1582720 760
1582730 760
1582740 759
1582750 759
1582760 759
1582770 758
1582780 758
1582790 758
1582800 757
1582810 756
1582820 756
1582830 756
1582840 755
1582850 755
1582860 755
1582870 754
1582880 754
1582890 754
1582900 753
1582910 753
1582920 753
1582930 752
1582940 752
1582950 752
1582960 751
1582970 751
1582980 751
1582990 751
1583000 751
1583010 750
1583020 750
1583030 750
1583040 749
1583050 749
1583060 749
1583070 749
1583080 748
1583090 748
1583100 748
1583110 747
1583120 747
1583130 747
1583140 747
1583150 747
1583160 746
1583170 746
1583180 746
1583190 746
1583200 745
1583210 745
1583220 745
1583230 744
1583240 744
1583250 744
1583260 744
1583270 744
1583280 743
1583290 743
1583300 743
1583310 743
1583320 742
1583330 742
1583340 742
1583350 742
1583360 742
1583370 742
1583380 742
1583390 742
1583400 742
1583410 742
1583420 742
1583430 742
1583440 741
1583450 741
1583460 740
1583470 740
1583480 740
1583490 739
1583500 738
1583510 738
1583520 738
1583530 738
1583540 737
1583550 737
1583560 737
1583570 736
1583580 736
1583590 736
1583600 735
1583610 735
1583620 735
1583630 735
1583640 735
1583650 735
1583660 735
1583670 734
1583680 734
1583690 734
1583700 733
1583710 733
1583720 733
1583730 732
1583740 732
1583750 732
1583760 732
1583770 732
1583780 732
1583790 731
1583800 731
1583810 731
1583820 731
1583830 731
1583840 731
1583850 731
1583860 731
1583870 731
1583880 731
1583890 731
1583900 731
1583910 731
1583920 731
1583930 730
1583940 730
1583950 730
1583960 730
1583970 729
1583980 729
1583990 729
1584000 729
1584010 729
1584020 729
1584030 728
1584040 728
1584050 728
1584060 729
1584070 729
1584080 728
1584090 727
1584100 727
1584110 726
1584120 725
1584130 725
1584140 724
1584150 724
1584160 724
1584170 724
1584180 725
1584190 725
1584200 725
1584210 728
1584220 728
1584230 731
1584240 733
1584250 733
1584260 735
1584270 737
1584280 736
1584290 737
1584300 737
1584310 737
1584320 737
1584330 738
1584340 738
1584350 738
1584360 739
1584370 739
1584380 740
1584390 740
1584400 740
1584410 741
1584420 742
1584430 742
1584440 743
1584450 744
1584460 744
1584470 744
1584480 745
1584490 745
1584500 746
1584510 746
1584520 746
1584530 747
1584540 747
1584550 747
1584560 748
1584570 748
1584580 748
1584590 748
1584600 748
1584610 748
1584620 748
1584630 748
1584640 749
1584650 749
1584660 749
1584670 749
1584680 750
1584690 750
1584700 750
1584710 751
1584720 751
1584730 751
1584740 752
1584750 752
1584760 752
1584770 753
1584780 753
1584790 753
1584800 754
1584810 754
1584820 754
1584830 755
1584840 755
1584850 756
1584860 756
1584870 756
1584880 756
1584890 757
1584900 757
1584910 757
1584920 757
1584930 757
1584940 757
1584950 757
1584960 757
1584970 758
1584980 758
1584990 758
1585000 758
1585010 758
1585020 758
1585030 758
1585040 758
1585050 758
1585060 758
1585070 758
1585080 758
1585090 758
1585100 758
1585110 758
1585120 758
1585130 758
1585140 758
1585150 758
1585160 759
1585170 759
1585180 759
1585190 760
1585200 760
1585210 760
1585220 760
1585230 760
1585240 761
1585250 761
1585260 761
1585270 761
1585280 761
1585290 761
1585300 761
1585310 761
1585320 761
1585330 762
1585340 762
1585350 762
1585360 762
1585370 762
1585380 762
1585390 762
1585400 762
1585410 762
1585420 763
1585430 763
1585440 763
1585450 763
1585460 763
1585470 763
1585480 763
1585490 764
1585500 764
1585510 764
1585520 764
1585530 764
1585540 765
1585550 765
1585560 765
1585570 766
1585580 766
1585590 766
1585600 766
1585610 765
1585620 765
1585630 764
1585640 763
1585650 763
1585660 763
1585670 762
1585680 762
1585690 762
1585700 762
1585710 762
1585720 762
1585730 762
1585740 762
1585750 762
1585760 762
1585770 762
1585780 762
1585790 762
1585800 762
1585810 762
1585820 762
1585830 761
1585840 761
1585850 761
1585860 761
1585870 760
1585880 760
1585890 759
1585900 759
1585910 759
1585920 757
1585930 755
1585940 755
1585950 753
1585960 751
1585970 751
1585980 749
1585990 748
1586000 748
1586010 745
1586020 743
1586030 743
1586040 744
1586050 745
1586060 745
1586070 746
1586080 747
1586090 747
1586100 748
1586110 750
1586120 750
1586130 752
1586140 754
1586150 754
1586160 755
1586170 756
1586180 756
1586190 756
1586200 756
1586210 756
1586220 757
1586230 757
1586240 757
1586250 757
1586260 757
1586270 757
1586280 757
1586290 756
1586300 756
1586310 756
1586320 757
1586330 757
1586340 757
1586350 758
1586360 758
1586370 759
1586380 760
1586390 760
1586400 761
1586410 762
1586420 762
1586430 763
1586440 764
1586450 764
1586460 766
1586470 767
1586480 767
1586490 768
1586500 770
1586510 770
1586520 771
1586530 772
1586540 772
1586550 774
1586560 775
1586570 775
1586580 777
1586590 778
1586600 778
1586610 779
1586620 780
1586630 780
1586640 781
1586650 782
1586660 782
1586670 782
1586680 783
1586690 783
1586700 783
1586710 784
1586720 784
1586730 784
1586740 784
1586750 784
1586760 784
1586770 784
1586780 784
1586790 783
1586800 783
1586810 783
1586820 784
1586830 784
1586840 784
1586850 784
1586860 783
1586870 783
1586880 783
1586890 783
1586900 784
1586910 784
1586920 784
1586930 784
1586940 785
1586950 785
1586960 784
1586970 785
1586980 785
1586990 785
1587000 786
1587010 786
1587020 786
1587030 786
1587040 786
1587050 786
1587060 785
1587070 785
1587080 784
1587090 783
1587100 783
1587110 782
1587120 782
1587130 782
1587140 781
1587150 781
1587160 781
1587170 781
1587180 781
1587190 781
1587200 781
1587210 781
1587220 781
1587230 781
1587240 781
1587250 781
1587260 781
1587270 781
1587280 781
1587290 781
1587300 780
1587310 780
1587320 781
1587330 781
1587340 781
1587350 781
1587360 780
1587370 780
1587380 780
1587390 780
1587400 780
1587410 779
1587420 779
1587430 779
1587440 779
1587450 778
1587460 778
1587470 778
1587480 778
1587490 778
1587500 777
1587510 776
1587520 776
1587530 776
1587540 775
1587550 775
1587560 774
1587570 774
1587580 774
1587590 774
1587600 772
1587610 772
1587620 771
1587630 770
1587640 770
1587650 769
1587660 768
1587670 768
1587680 767
1587690 767
1587700 767
1587710 766
1587720 766
1587730 766
1587740 766
1587750 766
1587760 766
1587770 765
1587780 765
1587790 765
1587800 765
1587810 764
1587820 764
1587830 764
1587840 764
1587850 764
1587860 763
1587870 763
1587880 763
1587890 763
1587900 763
1587910 764
1587920 764
1587930 764
1587940 764
1587950 764
1587960 764
1587970 764
1587980 765
1587990 765
1588000 766
1588010 766
1588020 766
1588030 767
1588040 768
1588050 768
1588060 768
1588070 769
1588080 769
1588090 769
1588100 770
1588110 770
1588120 771
1588130 771
1588140 771
1588150 772
1588160 772
1588170 772
1588180 773
1588190 774
1588200 774
1588210 774
1588220 775
1588230 775
1588240 775
1588250 775
1588260 775
1588270 775
1588280 775
1588290 775
1588300 775
1588310 774
1588320 774
1588330 773
1588340 772
1588350 772
1588360 771
1588370 770
1588380 770
1588390 769
1588400 768
1588410 768
1588420 767
1588430 766
1588440 766
1588450 765
1588460 766
1588470 766
1588480 767
1588490 768
1588500 768
1588510 768
1588520 769
1588530 769
1588540 770
1588550 771
1588560 771
1588570 772
1588580 772
1588590 772
1588600 772
1588610 773
1588620 773
1588630 773
1588640 773
1588650 773
1588660 773
1588670 773
1588680 773
1588690 773
1588700 773
1588710 773
1588720 772
1588730 771
1588740 771
1588750 771
1588760 770
1588770 770
1588780 769
1588790 768
1588800 768
1588810 766
1588820 765
1588830 765
1588840 765
1588850 765
1588860 765
1588870 765
1588880 766
1588890 766
1588900 766
1588910 766
1588920 766
1588930 766
1588940 766
1588950 766
1588960 767
1588970 767
1588980 767
1588990 766
1589000 766
1589010 766
1589020 766
1589030 766
1589040 766
1589050 766
1589060 766
1589070 766
1589080 766
1589090 766
1589100 766
1589110 765
1589120 765
1589130 765
1589140 765
1589150 765
1589160 764
1589170 763
1589180 763
1589190 762
1589200 762
1589210 762
1589220 761
1589230 760
1589240 760
1589250 759
1589260 758
1589270 758
1589280 756
1589290 755
1589300 755
1589310 753
1589320 751
1589330 751
1589340 749
1589350 748
1589360 748
1589370 747
1589380 747
1589390 747
1589400 747
1589410 746
1589420 746
1589430 746
1589440 746
1589450 746
1589460 747
1589470 747
1589480 747
1589490 748
1589500 748
1589510 748
1589520 749
1589530 750
1589540 750
1589550 752
1589560 753
1589570 753
1589580 754
1589590 755
1589600 755
1589610 756
1589620 757
1589630 757
1589640 759
1589650 760
1589660 760
1589670 761
1589680 762
1589690 762
1589700 762
1589710 763
1589720 763
1589730 764
1589740 764
1589750 764
1589760 763
1589770 763
1589780 763
1589790 762
1589800 761
1589810 761
1589820 761
1589830 760
1589840 760
1589850 759
1589860 757
1589870 757
1589880 756
1589890 755
1589900 755
1589910 754
1589920 753
1589930 753
1589940 751
1589950 750
1589960 750
1589970 748
1589980 747
1589990 747
1590000 746
1590010 745
1590020 745
1590030 744
1590040 743
1590050 743
1590060 742
1590070 741
1590080 741
1590090 740
1590100 740
1590110 739
1590120 738
1590130 738
1590140 737
1590150 736
1590160 736
1590170 735
1590180 733
1590190 733
1590200 732
1590210 731
1590220 731
1590230 730
1590240 729
1590250 729
1590260 728
1590270 727
1590280 727
1590290 726
1590300 724
1590310 724
1590320 723
1590330 722
1590340 722
1590350 720
1590360 719
1590370 719
1590380 718
1590390 717
1590400 717
1590410 715
1590420 714
1590430 714
1590440 712
1590450 711
1590460 711
1590470 709
1590480 707
1590490 707
1590500 706
1590510 705
1590520 705
1590530 703
1590540 701
1590550 701
1590560 699
1590570 697
1590580 697
1590590 695
1590600 693
1590610 693
1590620 691
1590630 689
1590640 689
1590650 688
1590660 687
1590670 687
1590680 687
1590690 686
1590700 686
1590710 685
1590720 685
1590730 685
1590740 684
1590750 684
1590760 684
1590770 683
1590780 683
1590790 683
1590800 682
1590810 682
1590820 682
1590830 682
1590840 682
1590850 682
1590860 681
1590870 681
1590880 681
1590890 681
1590900 681
1590910 681
1590920 681
1590930 681
1590940 681
1590950 681
1590960 681
1590970 681
1590980 681
1590990 681
1591000 681
1591010 681
1591020 681
1591030 681
1591040 682
1591050 683
1591060 683
1591070 684
1591080 684
1591090 684
1591100 685
1591110 685
1591120 685
1591130 686
1591140 686
1591150 686
1591160 687
1591170 687
1591180 687
1591190 687
1591200 687
1591210 687
1591220 687
1591230 687
1591240 687
1591250 687
1591260 687
1591270 688
1591280 689
1591290 689
1591300 690
1591310 691
1591320 691
1591330 691
1591340 691
1591350 691
1591360 691
1591370 692
1591380 692
1591390 692
1591400 693
1591410 693
1591420 694
1591430 695
1591440 695
1591450 696
1591460 696
1591470 696
1591480 696
1591490 697
1591500 697
1591510 698
1591520 698
1591530 698
1591540 699
1591550 699
1591560 699
1591570 700
1591580 700
1591590 700
1591600 700
1591610 701
1591620 701
1591630 701
1591640 701
1591650 701
1591660 701
1591670 701
1591680 701
1591690 702
1591700 702
1591710 702
1591720 701
1591730 701
1591740 701
1591750 699
1591760 697
1591770 697
1591780 695
1591790 693
1591800 693
1591810 691
1591820 689
1591830 689
1591840 687
1591850 685
1591860 685
1591870 683
1591880 682
1591890 682
1591900 683
1591910 684
1591920 684
1591930 684
1591940 685
1591950 685
1591960 686
1591970 689
1591980 689
1591990 692
1592000 695
1592010 695
1592020 698
1592030 701
1592040 701
1592050 703
1592060 705
1592070 705
1592080 708
1592090 710
1592100 710
1592110 711
1592120 712
1592130 712
1592140 713
1592150 714
1592160 714
1592170 714
1592180 715
1592190 715
1592200 715
1592210 715
1592220 715
1592230 715
1592240 715
1592250 715
1592260 715
1592270 715
1592280 715
1592290 714
1592300 714
1592310 714
1592320 714
1592330 714
1592340 713
1592350 713
1592360 713
1592370 712
1592380 712
1592390 712
1592400 711
1592410 710
1592420 710
1592430 710
1592440 709
1592450 709
1592460 709
1592470 708
1592480 708
1592490 707
1592500 707
1592510 707
1592520 706
1592530 706
1592540 706
1592550 706
1592560 705
1592570 705
1592580 705
1592590 704
1592600 704
1592610 703
1592620 703
1592630 703
1592640 702
1592650 702
1592660 702
1592670 702
1592680 702
1592690 702
1592700 702
1592710 702
1592720 702
1592730 702
1592740 703
1592750 703
1592760 703
1592770 703
1592780 703
1592790 704
1592800 704
1592810 704
1592820 704
1592830 705
1592840 705
1592850 705
1592860 705
1592870 705
1592880 706
1592890 706
1592900 706
1592910 706
1592920 706
1592930 706
1592940 707
1592950 707
1592960 707
1592970 707
1592980 708
1592990 708
1593000 708
1593010 709
1593020 709
1593030 710
1593040 709
1593050 709
1593060 710
1593070 710
1593080 710
1593090 711
1593100 711
1593110 711
1593120 712
1593130 712
1593140 712
1593150 712
1593160 713
1593170 713
1593180 713
1593190 713
1593200 713
1593210 713
1593220 714
1593230 714
1593240 714
1593250 714
1593260 714
1593270 714
1593280 715
1593290 715
1593300 715
1593310 716
1593320 716
1593330 716
1593340 717
1593350 717
1593360 717
1593370 717
1593380 718
1593390 718
1593400 718
1593410 719
1593420 719
1593430 719
1593440 720
1593450 720
1593460 720
1593470 720
1593480 721
1593490 721
1593500 721
1593510 721
1593520 721
1593530 721
1593540 721
1593550 721
1593560 722
1593570 722
1593580 722
1593590 722
1593600 723
1593610 723
1593620 723
1593630 723
1593640 723
1593650 724
1593660 724
1593670 724
1593680 724
1593690 724
1593700 724
1593710 723
1593720 723
1593730 723
1593740 723
1593750 723
1593760 723
1593770 724
1593780 724
1593790 724
1593800 726
1593810 726
1593820 726
1593830 727
1593840 727
1593850 727
1593860 728
1593870 729
1593880 729
1593890 730
1593900 730
1593910 730
1593920 731
1593930 732
1593940 732
1593950 733
1593960 734
1593970 734
1593980 735
1593990 736
1594000 736
1594010 737
1594020 739
1594030 739
1594040 740
1594050 740
1594060 740
1594070 741
1594080 742
1594090 742
1594100 743
1594110 743
1594120 743
1594130 743
1594140 743
1594150 743
1594160 743
1594170 743
1594180 743
1594190 743
1594200 742
1594210 742
1594220 742
1594230 742
1594240 742
1594250 742
1594260 741
1594270 741
1594280 741
1594290 741
1594300 741
1594310 741
1594320 741
1594330 741
1594340 741
1594350 741
1594360 741
1594370 741
1594380 741
1594390 741
1594400 741
1594410 741
1594420 741
1594430 741
1594440 741
1594450 741
1594460 741
1594470 741
1594480 741
1594490 741
1594500 741
1594510 741
1594520 741
1594530 741
1594540 741
1594550 741
1594560 741
1594570 741
1594580 741
1594590 741
1594600 741
1594610 741
1594620 741
1594630 741
1594640 741
1594650 741
1594660 741
1594670 741
1594680 741
1594690 741
1594700 741
1594710 741
1594720 741
1594730 741
1594740 741
1594750 741
1594760 741
1594770 741
1594780 740
1594790 740
1594800 740
1594810 740
1594820 740
1594830 740
1594840 740
1594850 740
1594860 740
1594870 739
1594880 739
1594890 739
1594900 739
1594910 739
1594920 739
1594930 739
1594940 739
1594950 739
1594960 739
1594970 739
1594980 739
1594990 739
1595000 739
1595010 739
1595020 739
1595030 739
1595040 739
1595050 739
1595060 739
1595070 739
1595080 739
1595090 740
1595100 740
1595110 740
1595120 740
1595130 740
1595140 740
1595150 740
1595160 740
1595170 740
1595180 740
1595190 740
1595200 740
1595210 740
1595220 740
1595230 740
1595240 741
1595250 741
1595260 740
1595270 740
1595280 740
1595290 740
1595300 740
1595310 740
1595320 741
1595330 741
1595340 741
1595350 741
1595360 741
1595370 741
1595380 741
1595390 741
1595400 741
1595410 741
1595420 741
1595430 741
1595440 741
1595450 741
1595460 741
1595470 741
1595480 741
1595490 741
1595500 740
1595510 740
1595520 740
1595530 740
1595540 740
1595550 740
1595560 740
1595570 740
1595580 740
1595590 739
1595600 739
1595610 739
1595620 739
1595630 739
1595640 739
1595650 738
1595660 738
1595670 738
1595680 738
1595690 738
1595700 738
1595710 738
1595720 738
1595730 738
1595740 738
1595750 738
1595760 738
1595770 738
1595780 738
1595790 738
1595800 738
1595810 738
1595820 738
1595830 738
1595840 738
1595850 738
1595860 738
1595870 738
1595880 738
1595890 738
1595900 738
1595910 738
1595920 739
1595930 739
1595940 739
1595950 739
1595960 739
1595970 739
1595980 739
1595990 739
1596000 740
1596010 740
1596020 740
1596030 741
1596040 741
1596050 741
1596060 742
1596070 742
1596080 742
1596090 743
1596100 744
1596110 744
1596120 744
1596130 745
1596140 745
1596150 746
1596160 746
1596170 746
1596180 747
1596190 747
1596200 747
1596210 748
1596220 748
1596230 748
1596240 749
1596250 749
1596260 749
1596270 750
1596280 751
1596290 751
1596300 752
1596310 752
1596320 752
1596330 753
1596340 753
1596350 753
1596360 753
1596370 754
1596380 754
1596390 754
1596400 755
1596410 755
1596420 755
1596430 755
1596440 755
1596450 755
1596460 755
1596470 755
1596480 756
1596490 756
1596500 756
1596510 756
1596520 756
1596530 756
1596540 757
1596550 757
1596560 757
1596570 757
1596580 757
1596590 757
1596600 757
1596610 757
1596620 757
1596630 757
1596640 757
1596650 758
1596660 758
1596670 758
1596680 758
1596690 758
1596700 758
1596710 758
1596720 758
1596730 758
1596740 758
1596750 758
1596760 758
1596770 758
1596780 758
1596790 758
1596800 758
1596810 758
1596820 758
1596830 758
1596840 758
1596850 758
1596860 758
1596870 758
1596880 758
1596890 758
1596900 758
1596910 758
1596920 758
1596930 758
1596940 758
1596950 758
1596960 758
1596970 758
1596980 758
1596990 758
1597000 758
1597010 758
1597020 758
1597030 758
1597040 758
1597050 758
1597060 758
1597070 758
1597080 758
1597090 758
1597100 758
1597110 758
1597120 758
1597130 758
1597140 758
1597150 758
1597160 758
1597170 758
1597180 758
1597190 758
1597200 757
1597210 757
1597220 757
1597230 757
1597240 757
1597250 757
1597260 757
1597270 757
1597280 756
1597290 756
1597300 756
1597310 756
1597320 756
1597330 756
1597340 755
1597350 755
1597360 755
1597370 755
1597380 755
1597390 755
1597400 755
1597410 754
1597420 754
1597430 754
1597440 754
1597450 754
1597460 753
1597470 753
1597480 753
1597490 753
1597500 753
1597510 753
1597520 753
1597530 753
1597540 753
1597550 752
1597560 751
1597570 751
1597580 750
1597590 750
1597600 750
1597610 749
1597620 749
1597630 749
1597640 749
1597650 748
1597660 748
1597670 749
1597680 749
1597690 749
1597700 749
1597710 749
1597720 749
1597730 749
1597740 749
1597750 750
1597760 750
1597770 750
1597780 750
1597790 751
1597800 751
1597810 751
1597820 751
1597830 751
1597840 752
1597850 752
1597860 752
1597870 753
1597880 754
1597890 754
1597900 755
1597910 755
1597920 755
1597930 756
1597940 757
1597950 757
1597960 757
1597970 758
1597980 758
1597990 758
1598000 759
1598010 759
1598020 759
1598030 760
1598040 760
1598050 760
1598060 760
1598070 760
1598080 759
1598090 759
1598100 759
1598110 759
1598120 758
1598130 758
1598140 757
1598150 756
1598160 756
1598170 755
1598180 754
1598190 754
1598200 753
1598210 752
1598220 752
1598230 750
1598240 749
1598250 749
1598260 748
1598270 747
1598280 747
1598290 745
1598300 744
1598310 744
1598320 744
1598330 743
1598340 743
1598350 742
1598360 741
1598370 741
1598380 741
1598390 740
1598400 740
1598410 740
1598420 740
1598430 740
1598440 740
1598450 739
1598460 739
1598470 739
1598480 739
1598490 739
1598500 738
1598510 738
1598520 738
1598530 738
1598540 739
1598550 739
1598560 739
1598570 739
1598580 739
1598590 739
1598600 739
1598610 739
1598620 740
1598630 740
1598640 740
1598650 740
1598660 740
1598670 740
1598680 739
1598690 739
1598700 739
1598710 738
1598720 737
1598730 737
1598740 736
1598750 735
1598760 735
1598770 734
1598780 732
1598790 732
1598800 730
1598810 730
1598820 727
1598830 724
1598840 724
1598850 722
1598860 720
1598870 720
1598880 717
1598890 714
1598900 714
1598910 712
1598920 708
1598930 708
1598940 706
1598950 706
1598960 706
1598970 707
1598980 707
1598990 707
1599000 708
1599010 710
1599020 710
1599030 712
1599040 714
1599050 714
1599060 719
1599070 723
1599080 723
1599090 725
1599100 726
1599110 726
1599120 727
1599130 728
1599140 728
1599150 728
1599160 728
1599170 728
1599180 728
1599190 728
1599200 728
1599210 729
1599220 729
1599230 729
1599240 729
1599250 729
1599260 729
1599270 730
1599280 730
1599290 730
1599300 730
1599310 730
1599320 730
1599330 730
1599340 730
1599350 730
1599360 730
1599370 731
1599380 731
1599390 731
1599400 731
1599410 731
1599420 731
1599430 732
1599440 732
1599450 732
1599460 732
1599470 732
1599480 733
1599490 733
1599500 733
1599510 733
1599520 734
1599530 734
1599540 734
1599550 735
1599560 735
1599570 735
1599580 736
1599590 736
1599600 736
1599610 737
1599620 737
1599630 737
1599640 738
1599650 738
1599660 738
1599670 739
1599680 739
1599690 740
1599700 740
1599710 740
1599720 741
1599730 742
1599740 742
1599750 743
1599760 744
1599770 744
1599780 745
1599790 745
1599800 745
1599810 746
1599820 747
1599830 747
1599840 748
1599850 749
1599860 749
1599870 750
1599880 751
1599890 751
1599900 752
1599910 752
1599920 753
1599930 753
1599940 753
1599950 753
1599960 754
1599970 754
1599980 754
1599990 754
