1580000 863
1580010 863
1580020 863
1580030 864
1580040 864
1580050 864
1580060 865
1580070 865
1580080 866
1580090 867
1580100 867
1580110 868
1580120 869
1580130 869
1580140 870
1580150 871
1580160 871
1580170 871
1580180 872
1580190 872
1580200 873
1580210 874
1580220 874
1580230 876
1580240 877
1580250 877
1580260 877
1580270 878
1580280 878
1580290 879
1580300 880
1580310 880
1580320 881
1580330 882
1580340 882
1580350 882
1580360 883
1580370 883
1580380 883
1580390 884
1580400 884
1580410 885
1580420 885
1580430 885
1580440 885
1580450 885
1580460 885
1580470 885
1580480 884
1580490 884
1580500 884
1580510 883
1580520 883
1580530 883
1580540 882
1580550 882
1580560 882
1580570 881
1580580 881
1580590 880
1580600 878
1580610 878
1580620 876
1580630 874
1580640 874
1580650 871
1580660 868
1580670 868
1580680 865
1580690 863
1580700 863
1580710 861
1580720 860
1580730 860
1580740 859
1580750 858
1580760 858
1580770 857
1580780 855
1580790 855
1580800 854
1580810 853
1580820 853
1580830 853
1580840 852
1580850 852
1580860 851
1580870 851
1580880 851
1580890 850
1580900 850
1580910 850
1580920 850
1580930 850
1580940 850
1580950 850
1580960 850
1580970 850
1580980 850
1580990 850
1581000 850
1581010 849
1581020 849
1581030 849
1581040 848
1581050 847
1581060 847
1581070 847
1581080 847
1581090 846
1581100 845
1581110 845
1581120 844
1581130 843
1581140 843
1581150 842
1581160 841
1581170 841
1581180 841
1581190 840
1581200 840
1581210 839
1581220 839
1581230 839
1581240 838
1581250 837
1581260 837
1581270 835
1581280 834
1581290 834
1581300 834
1581310 834
1581320 834
1581330 833
1581340 831
1581350 831
1581360 830
1581370 829
1581380 829
1581390 826
1581400 824
1581410 824
1581420 822
1581430 821
1581440 821
1581450 820
1581460 819
1581470 819
1581480 818
1581490 817
1581500 817
1581510 816
1581520 815
1581530 815
1581540 814
1581550 814
1581560 814
1581570 814
1581580 814
1581590 814
1581600 815
1581610 815
1581620 815
1581630 816
1581640 816
1581650 816
1581660 816
1581670 816
1581680 816
1581690 816
1581700 816
1581710 816
1581720 816
1581730 816
1581740 816
1581750 816
1581760 816
1581770 816
1581780 816
1581790 817
1581800 817
1581810 817
1581820 817
1581830 817
1581840 817
1581850 817
1581860 817
1581870 818
1581880 818
1581890 818
1581900 818
1581910 818
1581920 818
1581930 819
1581940 819
1581950 819
1581960 818
1581970 818
1581980 818
1581990 817
1582000 817
1582010 817
1582020 817
1582030 817
1582040 817
1582050 817
1582060 816
1582070 816
1582080 816
1582090 816
1582100 816
1582110 815
1582120 815
1582130 814
1582140 813
1582150 813
1582160 812
1582170 811
1582180 811
1582190 809
1582200 808
1582210 808
1582220 806
1582230 804
1582240 804
1582250 801
1582260 798
1582270 798
1582280 796
1582290 794
1582300 794
1582310 792
1582320 791
1582330 791
1582340 789
1582350 788
1582360 788
1582370 787
1582380 786
1582390 786
1582400 785
1582410 784
1582420 784
1582430 783
1582440 782
1582450 782
1582460 781
1582470 780
1582480 780
1582490 779
1582500 778
1582510 778
1582520 777
1582530 776
1582540 776
1582550 775
1582560 774
1582570 774
1582580 773
1582590 771
1582600 771
1582610 770
1582620 769
1582630 769
1582640 768
1582650 767
1582660 767
1582670 767
1582680 767
1582690 767
1582700 767
1582710 767
1582720 767
1582730 768
1582740 768
1582750 768
1582760 769
1582770 769
1582780 769
1582790 769
1582800 769
1582810 769
1582820 769
1582830 768
1582840 768
1582850 768
1582860 767
1582870 767
1582880 765
1582890 763
1582900 763
1582910 761
1582920 758
1582930 758
1582940 757
1582950 756
1582960 756
1582970 756
1582980 755
1582990 755
1583000 755
1583010 756
1583020 756
1583030 756
1583040 756
1583050 756
1583060 757
1583070 758
1583080 758
1583090 761
1583100 763
1583110 763
1583120 766
1583130 768
1583140 768
1583150 769
1583160 769
1583170 770
1583180 769
1583190 769
1583200 769
1583210 769
1583220 769
1583230 768
1583240 769
1583250 769
1583260 770
1583270 771
1583280 771
1583290 772
1583300 774
1583310 774
1583320 775
1583330 776
1583340 776
1583350 777
1583360 777
1583370 777
1583380 778
1583390 779
1583400 779
1583410 780
1583420 781
1583430 781
1583440 782
1583450 782
1583460 782
1583470 783
1583480 784
1583490 784
1583500 785
1583510 785
1583520 785
1583530 786
1583540 786
1583550 786
1583560 787
1583570 788
1583580 788
1583590 789
1583600 789
1583610 789
1583620 790
1583630 790
1583640 790
1583650 790
1583660 791
1583670 791
1583680 791
1583690 792
1583700 792
1583710 792
1583720 793
1583730 793
1583740 794
1583750 794
1583760 794
1583770 795
1583780 795
1583790 795
1583800 796
1583810 796
1583820 796
1583830 797
1583840 798
1583850 798
1583860 798
1583870 799
1583880 799
1583890 800
1583900 800
1583910 800
1583920 801
1583930 802
1583940 802
1583950 803
1583960 803
1583970 803
1583980 804
1583990 806
1584000 806
1584010 806
1584020 807
1584030 807
1584040 807
1584050 807
1584060 807
1584070 806
1584080 807
1584090 807
1584100 806
1584110 806
1584120 806
1584130 806
1584140 806
1584150 806
1584160 806
1584170 806
1584180 806
1584190 806
1584200 806
1584210 806
1584220 806
1584230 806
1584240 806
1584250 806
1584260 806
1584270 806
1584280 806
1584290 806
1584300 806
1584310 806
1584320 806
1584330 805
1584340 805
1584350 805
1584360 804
1584370 804
1584380 804
1584390 803
1584400 803
1584410 803
1584420 803
1584430 802
1584440 802
1584450 802
1584460 801
1584470 801
1584480 801
1584490 800
1584500 800
1584510 800
1584520 799
1584530 799
1584540 799
1584550 798
1584560 798
1584570 797
1584580 797
1584590 797
1584600 796
1584610 796
1584620 796
1584630 795
1584640 794
1584650 794
1584660 794
1584670 793
1584680 793
1584690 793
1584700 792
1584710 792
1584720 792
1584730 791
1584740 791
1584750 790
1584760 790
1584770 790
1584780 789
1584790 789
1584800 789
1584810 788
1584820 788
1584830 788
1584840 787
1584850 787
1584860 787
1584870 786
1584880 786
1584890 786
1584900 785
1584910 785
1584920 785
1584930 785
1584940 784
1584950 784
1584960 784
1584970 783
1584980 783
1584990 783
1585000 782
1585010 782
1585020 782
1585030 782
1585040 782
1585050 781
1585060 781
1585070 781
1585080 781
1585090 780
1585100 780
1585110 780
1585120 780
1585130 780
1585140 779
1585150 779
1585160 779
1585170 779
1585180 778
1585190 778
1585200 778
1585210 778
1585220 778
1585230 777
1585240 777
1585250 777
1585260 777
1585270 777
1585280 777
1585290 777
1585300 777
1585310 777
1585320 776
1585330 776
1585340 776
1585350 776
1585360 776
1585370 775
1585380 774
1585390 774
1585400 772
1585410 771
1585420 771
1585430 770
1585440 769
1585450 769
1585460 769
1585470 769
1585480 769
1585490 769
1585500 769
1585510 769
1585520 769
1585530 769
1585540 769
1585550 769
1585560 769
1585570 769
1585580 770
1585590 770
1585600 770
1585610 770
1585620 771
1585630 771
1585640 771
1585650 771
1585660 771
1585670 771
1585680 772
1585690 772
1585700 772
1585710 772
1585720 772
1585730 772
1585740 773
1585750 773
1585760 773
1585770 774
1585780 774
1585790 774
1585800 775
1585810 775
1585820 775
1585830 775
1585840 775
1585850 775
1585860 776
1585870 776
1585880 776
1585890 776
1585900 776
1585910 776
1585920 776
1585930 776
1585940 776
1585950 776
1585960 776
1585970 776
1585980 777
1585990 777
1586000 777
1586010 778
1586020 778
1586030 778
1586040 779
1586050 779
1586060 779
1586070 779
1586080 779
1586090 780
1586100 780
1586110 780
1586120 781
1586130 781
1586140 781
1586150 782
1586160 783
1586170 783
1586180 783
1586190 784
1586200 784
1586210 784
1586220 785
1586230 785
1586240 785
1586250 786
1586260 786
1586270 787
1586280 787
1586290 787
1586300 788
1586310 788
1586320 788
1586330 788
1586340 788
1586350 789
1586360 789
1586370 789
1586380 790
1586390 790
1586400 790
1586410 791
1586420 791
1586430 791
1586440 792
1586450 792
1586460 792
1586470 793
1586480 794
1586490 794
1586500 795
1586510 795
1586520 795
1586530 795
1586540 796
1586550 796
1586560 797
1586570 797
1586580 797
1586590 798
1586600 798
1586610 798
1586620 799
1586630 800
1586640 800
1586650 800
1586660 800
1586670 800
1586680 800
1586690 800
1586700 800
1586710 800
1586720 800
1586730 800
1586740 800
1586750 801
1586760 801
1586770 801
1586780 802
1586790 802
1586800 803
1586810 804
1586820 804
1586830 806
1586840 806
1586850 806
1586860 807
1586870 808
1586880 808
1586890 808
1586900 809
1586910 809
1586920 810
1586930 810
1586940 810
1586950 811
1586960 813
1586970 813
1586980 815
1586990 816
1587000 816
1587010 817
1587020 818
1587030 818
1587040 819
1587050 820
1587060 820
1587070 821
1587080 822
1587090 822
1587100 822
1587110 823
1587120 823
1587130 824
1587140 825
1587150 825
1587160 826
1587170 827
1587180 827
1587190 828
1587200 829
1587210 829
1587220 830
1587230 831
1587240 831
1587250 832
1587260 833
1587270 833
1587280 834
1587290 835
1587300 835
1587310 837
1587320 837
1587330 838
1587340 839
1587350 839
1587360 839
1587370 839
1587380 839
1587390 838
1587400 837
1587410 837
1587420 836
1587430 834
1587440 834
1587450 833
1587460 832
1587470 832
1587480 830
1587490 827
1587500 827
1587510 825
1587520 822
1587530 822
1587540 819
1587550 817
1587560 817
1587570 814
1587580 813
1587590 813
1587600 811
1587610 810
1587620 810
1587630 809
1587640 808
1587650 808
1587660 807
1587670 807
1587680 807
1587690 806
1587700 804
1587710 804
1587720 803
1587730 802
1587740 802
1587750 801
1587760 800
1587770 800
1587780 798
1587790 797
1587800 797
1587810 795
1587820 793
1587830 793
1587840 791
1587850 789
1587860 789
1587870 788
1587880 787
1587890 787
1587900 786
1587910 785
1587920 785
1587930 784
1587940 784
1587950 784
1587960 783
1587970 783
1587980 783
1587990 782
1588000 781
1588010 781
1588020 780
1588030 779
1588040 779
1588050 779
1588060 778
1588070 778
1588080 777
1588090 776
1588100 776
1588110 775
1588120 774
1588130 774
1588140 774
1588150 773
1588160 773
1588170 772
1588180 771
1588190 771
1588200 770
1588210 770
1588220 770
1588230 769
1588240 769
1588250 769
1588260 767
1588270 765
1588280 765
1588290 764
1588300 763
1588310 763
1588320 763
1588330 762
1588340 762
1588350 762
1588360 762
1588370 762
1588380 761
1588390 761
1588400 761
1588410 760
1588420 760
1588430 760
1588440 759
1588450 759
1588460 759
1588470 758
1588480 758
1588490 757
1588500 756
1588510 756
1588520 756
1588530 754
1588540 754
1588550 753
1588560 752
1588570 752
1588580 751
1588590 751
1588600 751
1588610 751
1588620 750
1588630 750
1588640 750
1588650 750
1588660 750
1588670 750
1588680 749
1588690 749
1588700 749
1588710 749
1588720 749
1588730 749
1588740 749
1588750 749
1588760 750
1588770 750
1588780 750
1588790 750
1588800 750
1588810 750
1588820 750
1588830 751
1588840 751
1588850 751
1588860 751
1588870 751
1588880 751
1588890 751
1588900 751
1588910 752
1588920 752
1588930 752
1588940 752
1588950 752
1588960 752
1588970 752
1588980 752
1588990 752
1589000 752
1589010 753
1589020 753
1589030 752
1589040 752
1589050 752
1589060 752
1589070 752
1589080 752
1589090 752
1589100 752
1589110 752
1589120 752
1589130 751
1589140 751
1589150 751
1589160 750
1589170 750
1589180 750
1589190 750
1589200 750
1589210 749
1589220 748
1589230 748
1589240 748
1589250 747
1589260 747
1589270 747
1589280 747
1589290 747
1589300 746
1589310 746
1589320 746
1589330 745
1589340 745
1589350 744
1589360 744
1589370 744
1589380 744
1589390 743
1589400 743
1589410 743
1589420 742
1589430 742
1589440 742
1589450 742
1589460 742
1589470 741
1589480 740
1589490 740
1589500 739
1589510 739
1589520 739
1589530 738
1589540 738
1589550 738
1589560 737
1589570 737
1589580 737
1589590 737
1589600 737
1589610 737
1589620 737
1589630 738
1589640 738
1589650 738
1589660 738
1589670 738
1589680 738
1589690 739
1589700 739
1589710 739
1589720 739
1589730 739
1589740 739
1589750 739
1589760 739
1589770 740
1589780 740
1589790 740
1589800 740
1589810 740
1589820 740
1589830 740
1589840 740
1589850 740
1589860 741
1589870 740
1589880 740
1589890 740
1589900 740
1589910 740
1589920 740
1589930 740
1589940 740
1589950 740
1589960 740
1589970 740
1589980 740
1589990 740
1590000 740
1590010 740
1590020 740
1590030 740
1590040 739
1590050 738
1590060 738
1590070 737
1590080 735
1590090 735
1590100 734
1590110 733
1590120 733
1590130 731
1590140 730
1590150 730
1590160 728
1590170 725
1590180 725
1590190 722
1590200 721
1590210 721
1590220 717
1590230 714
1590240 714
1590250 712
1590260 711
1590270 711
1590280 710
1590290 708
1590300 708
1590310 707
1590320 706
1590330 706
1590340 704
1590350 703
1590360 703
1590370 701
1590380 700
1590390 700
1590400 699
1590410 699
1590420 699
1590430 699
1590440 699
1590450 699
1590460 699
1590470 699
1590480 699
1590490 698
1590500 698
1590510 698
1590520 698
1590530 698
1590540 698
1590550 697
1590560 697
1590570 697
1590580 700
1590590 700
1590600 702
1590610 705
1590620 705
1590630 707
1590640 708
1590650 708
1590660 709
1590670 710
1590680 710
1590690 711
1590700 712
1590710 712
1590720 714
1590730 715
1590740 715
1590750 716
1590760 717
1590770 717
1590780 718
1590790 719
1590800 719
1590810 720
1590820 721
1590830 721
1590840 722
1590850 723
1590860 723
1590870 725
1590880 726
1590890 726
1590900 727
1590910 728
1590920 728
1590930 729
1590940 730
1590950 730
1590960 731
1590970 732
1590980 732
1590990 733
1591000 735
1591010 735
1591020 736
1591030 736
1591040 736
1591050 737
1591060 737
1591070 737
1591080 738
1591090 738
1591100 738
1591110 739
1591120 739
1591130 739
1591140 739
1591150 740
1591160 740
1591170 740
1591180 740
1591190 740
1591200 740
1591210 740
1591220 740
1591230 740
1591240 740
1591250 740
1591260 740
1591270 740
1591280 740
1591290 739
1591300 739
1591310 739
1591320 739
1591330 739
1591340 739
1591350 739
1591360 739
1591370 739
1591380 739
1591390 738
1591400 738
1591410 738
1591420 738
1591430 738
1591440 738
1591450 738
1591460 738
1591470 738
1591480 737
1591490 737
1591500 736
1591510 736
1591520 735
1591530 735
1591540 735
1591550 734
1591560 733
1591570 733
1591580 732
1591590 732
1591600 732
1591610 731
1591620 731
1591630 731
1591640 730
1591650 729
1591660 729
1591670 728
1591680 728
1591690 728
1591700 727
1591710 726
1591720 726
1591730 725
1591740 724
1591750 724
1591760 724
1591770 723
1591780 723
1591790 722
1591800 721
1591810 720
1591820 720
1591830 719
1591840 719
1591850 717
1591860 717
1591870 717
1591880 716
1591890 715
1591900 715
1591910 714
1591920 714
1591930 714
1591940 715
1591950 715
1591960 715
1591970 714
1591980 712
1591990 712
1592000 709
1592010 707
1592020 707
1592030 707
1592040 706
1592050 706
1592060 705
1592070 703
1592080 703
1592090 702
1592100 702
1592110 702
1592120 702
1592130 701
1592140 701
1592150 701
1592160 701
1592170 701
1592180 701
1592190 701
1592200 701
1592210 702
1592220 702
1592230 702
1592240 702
1592250 702
1592260 702
1592270 704
1592280 706
1592290 706
1592300 708
1592310 709
1592320 709
1592330 709
1592340 710
1592350 710
1592360 711
1592370 710
1592380 710
1592390 710
1592400 710
1592410 710
1592420 709
1592430 709
1592440 709
1592450 709
1592460 709
1592470 709
1592480 709
1592490 709
1592500 709
1592510 709
1592520 708
1592530 708
1592540 708
1592550 708
1592560 708
1592570 707
1592580 707
1592590 707
1592600 707
1592610 707
1592620 706
1592630 706
1592640 706
1592650 706
1592660 705
1592670 705
1592680 704
1592690 703
1592700 703
1592710 702
1592720 702
1592730 702
1592740 702
1592750 702
1592760 702
1592770 703
1592780 704
1592790 704
1592800 705
1592810 706
1592820 706
1592830 706
1592840 707
1592850 707
1592860 708
1592870 708
1592880 708
1592890 709
1592900 710
1592910 710
1592920 710
1592930 711
1592940 711
1592950 711
1592960 711
1592970 711
1592980 710
1592990 710
1593000 710
1593010 710
1593020 710
1593030 710
1593040 709
1593050 709
1593060 709
1593070 709
1593080 709
1593090 709
1593100 708
1593110 707
1593120 707
1593130 707
1593140 704
1593150 704
1593160 701
1593170 698
1593180 698
1593190 698
1593200 698
1593210 698
1593220 698
1593230 697
1593240 697
1593250 697
1593260 697
1593270 697
1593280 697
1593290 697
1593300 697
1593310 697
1593320 697
1593330 697
1593340 698
1593350 698
1593360 698
1593370 698
1593380 699
1593390 699
1593400 700
1593410 701
1593420 701
1593430 702
1593440 703
1593450 703
1593460 704
1593470 705
1593480 705
1593490 706
1593500 707
1593510 707
1593520 707
1593530 707
1593540 707
1593550 707
1593560 704
1593570 704
1593580 701
1593590 701
1593600 699
1593610 698
1593620 698
1593630 698
1593640 698
1593650 698
1593660 698
1593670 698
1593680 698
1593690 699
1593700 699
1593710 699
1593720 700
1593730 700
1593740 700
1593750 701
1593760 702
1593770 702
1593780 703
1593790 704
1593800 704
1593810 706
1593820 707
1593830 707
1593840 708
1593850 709
1593860 709
1593870 710
1593880 712
1593890 712
1593900 713
1593910 714
1593920 714
1593930 716
1593940 717
1593950 717
1593960 718
1593970 719
1593980 719
1593990 721
1594000 722
1594010 722
1594020 723
1594030 725
1594040 725
1594050 726
1594060 728
1594070 728
1594080 729
1594090 731
1594100 731
1594110 732
1594120 734
1594130 734
1594140 736
1594150 737
1594160 737
1594170 739
1594180 741
1594190 741
1594200 743
1594210 743
1594220 743
1594230 745
1594240 747
1594250 747
1594260 749
1594270 751
1594280 751
1594290 753
1594300 755
1594310 755
1594320 756
1594330 757
1594340 757
1594350 759
1594360 760
1594370 760
1594380 761
1594390 763
1594400 763
1594410 765
1594420 766
1594430 766
1594440 767
1594450 769
1594460 769
1594470 769
1594480 770
1594490 770
1594500 771
1594510 771
1594520 771
1594530 772
1594540 773
1594550 773
1594560 773
1594570 773
1594580 773
1594590 774
1594600 774
1594610 774
1594620 774
1594630 774
1594640 774
1594650 774
1594660 774
1594670 774
1594680 774
1594690 774
1594700 773
1594710 773
1594720 773
1594730 773
1594740 773
1594750 773
1594760 772
1594770 772
1594780 772
1594790 771
1594800 771
1594810 771
1594820 770
1594830 769
1594840 769
1594850 768
1594860 766
1594870 766
1594880 765
1594890 763
1594900 763
1594910 761
1594920 760
1594930 760
1594940 758
1594950 757
1594960 757
1594970 756
1594980 756
1594990 756
1595000 755
1595010 754
1595020 754
1595030 754
1595040 754
1595050 754
1595060 754
1595070 754
1595080 754
1595090 755
1595100 755
1595110 755
1595120 755
1595130 755
1595140 755
1595150 755
1595160 756
1595170 756
1595180 756
1595190 756
1595200 756
1595210 756
1595220 756
1595230 756
1595240 756
1595250 756
1595260 756
1595270 757
1595280 757
1595290 757
1595300 758
1595310 758
1595320 758
1595330 759
1595340 759
1595350 759
1595360 759
1595370 759
1595380 759
1595390 760
1595400 760
1595410 760
1595420 761
1595430 761
1595440 761
1595450 761
1595460 761
1595470 761
1595480 762
1595490 762
1595500 762
1595510 762
1595520 762
1595530 762
1595540 762
1595550 762
1595560 762
1595570 762
1595580 762
1595590 762
1595600 762
1595610 761
1595620 761
1595630 761
1595640 761
1595650 761
1595660 761
1595670 761
1595680 761
1595690 761
1595700 761
1595710 761
1595720 761
1595730 761
1595740 761
1595750 760
1595760 760
1595770 760
1595780 760
1595790 760
1595800 760
1595810 760
1595820 760
1595830 760
1595840 760
1595850 760
1595860 760
1595870 760
1595880 760
1595890 760
1595900 760
1595910 760
1595920 760
1595930 760
1595940 760
1595950 760
1595960 760
1595970 760
1595980 760
1595990 760
1596000 760
1596010 760
1596020 760
1596030 760
1596040 760
1596050 760
1596060 760
1596070 760
1596080 760
1596090 760
1596100 760
1596110 760
1596120 760
1596130 760
1596140 760
1596150 760
1596160 760
1596170 760
1596180 760
1596190 760
1596200 760
1596210 760
1596220 760
1596230 760
1596240 760
1596250 762
1596260 764
1596270 764
1596280 764
1596290 762
1596300 762
1596310 760
1596320 759
1596330 759
1596340 759
1596350 759
1596360 759
1596370 759
1596380 758
1596390 758
1596400 758
1596410 758
1596420 758
1596430 758
1596440 758
1596450 758
1596460 758
1596470 758
1596480 758
1596490 758
1596500 757
1596510 757
1596520 757
1596530 757
1596540 757
1596550 757
1596560 757
1596570 757
1596580 757
1596590 756
1596600 756
1596610 756
1596620 755
1596630 755
1596640 755
1596650 755
1596660 755
1596670 754
1596680 754
1596690 754
1596700 753
1596710 753
1596720 752
1596730 752
1596740 752
1596750 751
1596760 750
1596770 750
1596780 750
1596790 749
1596800 749
1596810 748
1596820 748
1596830 748
1596840 747
1596850 747
1596860 747
1596870 746
1596880 746
1596890 746
1596900 746
1596910 745
1596920 745
1596930 745
1596940 744
1596950 744
1596960 744
1596970 743
1596980 743
1596990 743
1597000 742
1597010 742
1597020 742
1597030 742
1597040 742
1597050 742
1597060 741
1597070 741
1597080 741
1597090 741
1597100 741
1597110 740
1597120 740
1597130 740
1597140 739
1597150 738
1597160 738
1597170 737
1597180 736
1597190 736
1597200 736
1597210 736
1597220 736
1597230 736
1597240 737
1597250 737
1597260 737
1597270 737
1597280 737
1597290 737
1597300 737
1597310 737
1597320 737
1597330 737
1597340 737
1597350 737
1597360 736
1597370 736
1597380 736
1597390 735
1597400 735
1597410 735
1597420 734
1597430 734
1597440 734
1597450 734
1597460 734
1597470 734
1597480 733
1597490 733
1597500 733
1597510 733
1597520 733
1597530 733
1597540 732
1597550 732
1597560 732
1597570 732
1597580 732
1597590 731
1597600 731
1597610 731
1597620 731
1597630 730
1597640 730
1597650 730
1597660 730
1597670 730
1597680 730
1597690 730
1597700 730
1597710 730
1597720 730
1597730 730
1597740 730
1597750 730
1597760 730
1597770 730
1597780 730
1597790 731
1597800 731
1597810 731
1597820 732
1597830 732
1597840 732
1597850 733
1597860 733
1597870 733
1597880 734
1597890 734
1597900 734
1597910 734
1597920 735
1597930 735
1597940 735
1597950 735
1597960 735
1597970 734
1597980 734
1597990 734
1598000 733
1598010 733
1598020 733
1598030 732
1598040 731
1598050 731
1598060 730
1598070 728
1598080 728
1598090 727
1598100 725
1598110 725
1598120 724
1598130 723
1598140 723
1598150 722
1598160 720
1598170 720
1598180 719
1598190 718
1598200 718
1598210 717
1598220 716
1598230 716
1598240 715
1598250 713
1598260 713
1598270 712
1598280 710
1598290 710
1598300 709
1598310 708
1598320 708
1598330 707
1598340 706
1598350 706
1598360 706
1598370 705
1598380 705
1598390 704
1598400 703
1598410 703
1598420 703
1598430 702
1598440 702
1598450 701
1598460 701
1598470 701
1598480 700
1598490 700
1598500 700
1598510 699
1598520 699
1598530 699
1598540 698
1598550 698
1598560 698
1598570 697
1598580 697
1598590 697
1598600 697
1598610 696
1598620 696
1598630 696
1598640 695
1598650 695
1598660 695
1598670 694
1598680 694
1598690 694
1598700 694
1598710 694
1598720 693
1598730 693
1598740 693
1598750 693
1598760 693
1598770 693
1598780 692
1598790 692
1598800 692
1598810 692
1598820 692
1598830 692
1598840 691
1598850 691
1598860 691
1598870 691
1598880 691
1598890 691
1598900 691
1598910 691
1598920 691
1598930 691
1598940 691
1598950 691
1598960 691
1598970 691
1598980 691
1598990 690
1599000 690
1599010 690
1599020 689
1599030 689
1599040 689
1599050 688
1599060 688
1599070 688
1599080 688
1599090 688
1599100 688
1599110 689
1599120 689
1599130 689
1599140 689
1599150 689
1599160 690
1599170 691
1599180 691
1599190 693
1599200 696
1599210 696
1599220 699
1599230 703
1599240 703
1599250 707
1599260 711
1599270 711
1599280 715
1599290 720
1599300 720
1599310 724
1599320 728
1599330 728
1599340 731
1599350 733
1599360 733
1599370 734
1599380 734
1599390 734
1599400 733
1599410 733
1599420 733
1599430 733
1599440 733
1599450 733
1599460 733
1599470 734
1599480 734
1599490 734
1599500 734
1599510 734
1599520 735
1599530 736
1599540 736
1599550 737
1599560 738
1599570 738
1599580 739
1599590 740
1599600 740
1599610 741
1599620 742
1599630 742
1599640 743
1599650 745
1599660 745
1599670 747
1599680 748
1599690 748
1599700 750
1599710 753
1599720 753
1599730 756
1599740 759
1599750 759
1599760 762
1599770 765
1599780 765
1599790 768
1599800 770
1599810 770
1599820 773
1599830 773
1599840 775
1599850 777
1599860 777
1599870 779
1599880 780
1599890 780
1599900 780
1599910 780
1599920 780
1599930 779
1599940 777
1599950 777
1599960 776
1599970 774
1599980 774
1599990 773
