1580000 843
1580010 843
1580020 842
1580030 842
1580040 842
1580050 840
1580060 839
1580070 839
1580080 838
1580090 837
1580100 837
1580110 836
1580120 836
1580130 836
1580140 835
1580150 835
1580160 835
1580170 834
1580180 834
1580190 834
1580200 834
1580210 833
1580220 833
1580230 833
1580240 833
1580250 833
1580260 833
1580270 833
1580280 833
1580290 833
1580300 833
1580310 833
1580320 833
1580330 834
1580340 834
1580350 834
1580360 834
1580370 834
1580380 833
1580390 833
1580400 833
1580410 832
1580420 832
1580430 832
1580440 831
1580450 831
1580460 831
1580470 830
1580480 829
1580490 829
1580500 828
1580510 827
1580520 827
1580530 826
1580540 825
1580550 825
1580560 824
1580570 824
1580580 824
1580590 823
1580600 822
1580610 822
1580620 822
1580630 821
1580640 821
1580650 820
1580660 819
1580670 819
1580680 819
1580690 818
1580700 818
1580710 817
1580720 815
1580730 815
1580740 814
1580750 814
1580760 814
1580770 813
1580780 813
1580790 811
1580800 810
1580810 810
1580820 809
1580830 807
1580840 807
1580850 806
1580860 804
1580870 804
1580880 804
1580890 803
1580900 803
1580910 800
1580920 799
1580930 799
1580940 798
1580950 797
1580960 797
1580970 796
1580980 795
1580990 795
1581000 793
1581010 792
1581020 792
1581030 791
1581040 790
1581050 790
1581060 790
1581070 789
1581080 789
1581090 787
1581100 785
1581110 785
1581120 783
1581130 781
1581140 781
1581150 779
1581160 778
1581170 778
1581180 778
1581190 777
1581200 777
1581210 776
1581220 776
1581230 776
1581240 775
1581250 774
1581260 774
1581270 773
1581280 771
1581290 771
1581300 769
1581310 767
1581320 767
1581330 766
1581340 765
1581350 765
1581360 764
1581370 764
1581380 764
1581390 766
1581400 768
1581410 768
1581420 770
1581430 773
1581440 773
1581450 776
1581460 778
1581470 778
1581480 779
1581490 779
1581500 779
1581510 779
1581520 778
1581530 778
1581540 777
1581550 776
1581560 776
1581570 775
1581580 773
1581590 773
1581600 771
1581610 769
1581620 769
1581630 767
1581640 765
1581650 765
1581660 763
1581670 760
1581680 760
1581690 757
1581700 754
1581710 754
1581720 751
1581730 748
1581740 748
1581750 747
1581760 747
1581770 745
1581780 745
1581790 745
1581800 744
1581810 744
1581820 744
1581830 744
1581840 745
1581850 745
1581860 747
1581870 748
1581880 748
1581890 750
1581900 752
1581910 752
1581920 754
1581930 757
1581940 757
1581950 760
1581960 762
1581970 762
1581980 764
1581990 766
1582000 766
1582010 768
1582020 770
1582030 770
1582040 772
1582050 773
1582060 773
1582070 774
1582080 775
1582090 775
1582100 775
1582110 776
1582120 776
1582130 777
1582140 779
1582150 779
1582160 780
1582170 781
1582180 781
1582190 782
1582200 783
1582210 783
1582220 784
1582230 785
1582240 785
1582250 787
1582260 788
1582270 788
1582280 790
1582290 791
1582300 791
1582310 792
1582320 793
1582330 793
1582340 795
1582350 796
1582360 796
1582370 798
1582380 800
1582390 800
1582400 801
1582410 802
1582420 802
1582430 803
1582440 805
1582450 805
1582460 806
1582470 807
1582480 807
1582490 808
1582500 810
1582510 810
1582520 811
1582530 813
1582540 813
1582550 814
1582560 815
1582570 815
1582580 816
1582590 817
1582600 817
1582610 818
1582620 819
1582630 819
1582640 820
1582650 822
1582660 822
1582670 823
1582680 824
1582690 824
1582700 825
1582710 826
1582720 826
1582730 828
1582740 828
1582750 829
1582760 831
1582770 831
1582780 832
1582790 833
1582800 833
1582810 834
1582820 836
1582830 836
1582840 837
1582850 839
1582860 839
1582870 840
1582880 842
1582890 842
1582900 844
1582910 845
1582920 845
1582930 846
1582940 848
1582950 848
1582960 849
1582970 850
1582980 850
1582990 851
1583000 852
1583010 852
1583020 854
1583030 855
1583040 855
1583050 857
1583060 858
1583070 858
1583080 859
1583090 860
1583100 860
1583110 861
1583120 861
1583130 861
1583140 862
1583150 862
1583160 862
1583170 862
1583180 861
1583190 861
1583200 861
1583210 861
1583220 861
1583230 861
1583240 861
1583250 861
1583260 861
1583270 860
1583280 860
1583290 860
1583300 860
1583310 860
1583320 860
1583330 860
1583340 860
1583350 859
1583360 858
1583370 858
1583380 858
1583390 857
1583400 857
1583410 856
1583420 856
1583430 856
1583440 854
1583450 853
1583460 853
1583470 852
1583480 852
1583490 852
1583500 851
1583510 851
1583520 851
1583530 850
1583540 850
1583550 850
1583560 850
1583570 849
1583580 850
1583590 849
1583600 849
1583610 849
1583620 848
1583630 847
1583640 847
1583650 847
1583660 845
1583670 845
1583680 845
1583690 844
1583700 844
1583710 843
1583720 843
1583730 842
1583740 841
1583750 841
1583760 841
1583770 841
1583780 841
1583790 841
1583800 841
1583810 841
1583820 840
1583830 839
1583840 839
1583850 839
1583860 839
1583870 839
1583880 839
1583890 838
1583900 838
1583910 838
1583920 838
1583930 838
1583940 837
1583950 837
1583960 837
1583970 837
1583980 836
1583990 836
1584000 836
1584010 835
1584020 835
1584030 835
1584040 835
1584050 835
1584060 834
1584070 834
1584080 834
1584090 833
1584100 833
1584110 833
1584120 832
1584130 832
1584140 832
1584150 831
1584160 830
1584170 830
1584180 830
1584190 829
1584200 829
1584210 828
1584220 827
1584230 827
1584240 827
1584250 826
1584260 826
1584270 825
1584280 825
1584290 825
1584300 824
1584310 824
1584320 824
1584330 823
1584340 823
1584350 823
1584360 822
1584370 822
1584380 822
1584390 821
1584400 821
1584410 821
1584420 820
1584430 820
1584440 820
1584450 820
1584460 820
1584470 820
1584480 820
1584490 821
1584500 821
1584510 821
1584520 821
1584530 821
1584540 821
1584550 820
1584560 820
1584570 820
1584580 819
1584590 819
1584600 818
1584610 818
1584620 818
1584630 818
1584640 818
1584650 818
1584660 817
1584670 817
1584680 817
1584690 817
1584700 817
1584710 817
1584720 817
1584730 817
1584740 816
1584750 816
1584760 816
1584770 816
1584780 815
1584790 815
1584800 815
1584810 814
1584820 814
1584830 814
1584840 814
1584850 814
1584860 814
1584870 813
1584880 813
1584890 814
1584900 813
1584910 813
1584920 813
1584930 812
1584940 812
1584950 811
1584960 811
1584970 811
1584980 810
1584990 810
1585000 810
1585010 810
1585020 810
1585030 810
1585040 811
1585050 811
1585060 811
1585070 811
1585080 811
1585090 811
1585100 811
1585110 810
1585120 810
1585130 810
1585140 811
1585150 811
1585160 811
1585170 811
1585180 811
1585190 811
1585200 811
1585210 811
1585220 811
1585230 811
1585240 811
1585250 811
1585260 811
1585270 811
1585280 812
1585290 812
1585300 812
1585310 812
1585320 812
1585330 812
1585340 811
1585350 811
1585360 811
1585370 811
1585380 811
1585390 811
1585400 811
1585410 811
1585420 811
1585430 811
1585440 811
1585450 811
1585460 811
1585470 811
1585480 811
1585490 811
1585500 811
1585510 811
1585520 811
1585530 811
1585540 811
1585550 810
1585560 810
1585570 810
1585580 811
1585590 810
1585600 810
1585610 810
1585620 810
1585630 810
1585640 810
1585650 810
1585660 810
1585670 810
1585680 810
1585690 810
1585700 810
1585710 810
1585720 809
1585730 809
1585740 809
1585750 809
1585760 808
1585770 808
1585780 808
1585790 808
1585800 808
1585810 807
1585820 806
1585830 806
1585840 803
1585850 801
1585860 801
1585870 799
1585880 798
1585890 798
1585900 797
1585910 797
1585920 797
1585930 796
1585940 796
1585950 796
1585960 795
1585970 795
1585980 795
1585990 794
1586000 794
1586010 794
1586020 794
1586030 794
1586040 794
1586050 793
1586060 793
1586070 793
1586080 792
1586090 792
1586100 792
1586110 791
1586120 791
1586130 791
1586140 790
1586150 790
1586160 790
1586170 789
1586180 788
1586190 788
1586200 787
1586210 787
1586220 787
1586230 786
1586240 785
1586250 785
1586260 785
1586270 784
1586280 784
1586290 784
1586300 783
1586310 783
1586320 783
1586330 782
1586340 782
1586350 782
1586360 782
1586370 782
1586380 782
1586390 781
1586400 781
1586410 781
1586420 781
1586430 781
1586440 781
1586450 781
1586460 781
1586470 781
1586480 781
1586490 781
1586500 781
1586510 782
1586520 782
1586530 782
1586540 782
1586550 782
1586560 782
1586570 782
1586580 782
1586590 782
1586600 782
1586610 782
1586620 783
1586630 783
1586640 783
1586650 783
1586660 783
1586670 783
1586680 783
1586690 783
1586700 784
1586710 784
1586720 784
1586730 784
1586740 784
1586750 784
1586760 784
1586770 784
1586780 784
1586790 784
1586800 784
1586810 784
1586820 784
1586830 784
1586840 784
1586850 784
1586860 784
1586870 784
1586880 784
1586890 784
1586900 784
1586910 784
1586920 784
1586930 784
1586940 784
1586950 784
1586960 784
1586970 784
1586980 784
1586990 784
1587000 784
1587010 783
1587020 783
1587030 783
1587040 782
1587050 782
1587060 782
1587070 782
1587080 782
1587090 782
1587100 781
1587110 781
1587120 781
1587130 780
1587140 780
1587150 779
1587160 779
1587170 779
1587180 778
1587190 778
1587200 778
1587210 778
1587220 777
1587230 777
1587240 777
1587250 776
1587260 776
1587270 775
1587280 774
1587290 774
1587300 773
1587310 772
1587320 772
1587330 771
1587340 770
1587350 770
1587360 769
1587370 767
1587380 767
1587390 767
1587400 766
1587410 766
1587420 766
1587430 766
1587440 766
1587450 765
1587460 766
1587470 766
1587480 766
1587490 766
1587500 766
1587510 767
1587520 767
1587530 767
1587540 766
1587550 766
1587560 766
1587570 766
1587580 765
1587590 765
1587600 765
1587610 765
1587620 765
1587630 764
1587640 764
1587650 764
1587660 763
1587670 763
1587680 763
1587690 763
1587700 763
1587710 762
1587720 762
1587730 762
1587740 762
1587750 762
1587760 762
1587770 762
1587780 762
1587790 762
1587800 762
1587810 762
1587820 762
1587830 762
1587840 762
1587850 762
1587860 762
1587870 763
1587880 763
1587890 764
1587900 765
1587910 765
1587920 766
1587930 766
1587940 766
1587950 767
1587960 768
1587970 768
1587980 768
1587990 769
1588000 769
1588010 769
1588020 769
1588030 769
1588040 770
1588050 770
1588060 770
1588070 770
1588080 770
1588090 770
1588100 770
1588110 770
1588120 770
1588130 770
1588140 770
1588150 770
1588160 769
1588170 769
1588180 769
1588190 769
1588200 769
1588210 769
1588220 769
1588230 769
1588240 769
1588250 769
1588260 769
1588270 769
1588280 768
1588290 768
1588300 768
1588310 768
1588320 768
1588330 768
1588340 767
1588350 766
1588360 766
1588370 765
1588380 764
1588390 764
1588400 764
1588410 764
1588420 764
1588430 765
1588440 765
1588450 765
1588460 766
1588470 766
1588480 766
1588490 767
1588500 767
1588510 767
1588520 767
1588530 768
1588540 768
1588550 769
1588560 769
1588570 769
1588580 770
1588590 770
1588600 771
1588610 772
1588620 772
1588630 772
1588640 773
1588650 773
1588660 773
1588670 774
1588680 774
1588690 774
1588700 775
1588710 775
1588720 776
1588730 776
1588740 776
1588750 777
1588760 777
1588770 777
1588780 778
1588790 778
1588800 778
1588810 779
1588820 779
1588830 779
1588840 780
1588850 780
1588860 780
1588870 781
1588880 781
1588890 781
1588900 782
1588910 782
1588920 782
1588930 783
1588940 783
1588950 783
1588960 783
1588970 784
1588980 784
1588990 784
1589000 784
1589010 784
1589020 784
1589030 785
1589040 785
1589050 785
1589060 786
1589070 786
1589080 787
1589090 788
1589100 788
1589110 788
1589120 789
1589130 789
1589140 790
1589150 791
1589160 791
1589170 792
1589180 793
1589190 793
1589200 794
1589210 794
1589220 794
1589230 795
1589240 796
1589250 796
1589260 797
1589270 797
1589280 797
1589290 797
1589300 798
1589310 798
1589320 799
1589330 799
1589340 799
1589350 800
1589360 800
1589370 800
1589380 801
1589390 801
1589400 801
1589410 802
1589420 803
1589430 803
1589440 804
1589450 805
1589460 805
1589470 806
1589480 806
1589490 806
1589500 807
1589510 808
1589520 808
1589530 809
1589540 810
1589550 810
1589560 811
1589570 811
1589580 812
1589590 813
1589600 813
1589610 814
1589620 814
1589630 814
1589640 815
1589650 815
1589660 815
1589670 815
1589680 816
1589690 816
1589700 817
1589710 818
1589720 818
1589730 818
1589740 819
1589750 819
1589760 820
1589770 821
1589780 821
1589790 822
1589800 824
1589810 824
1589820 825
1589830 826
1589840 826
1589850 827
1589860 828
1589870 828
1589880 830
1589890 831
1589900 831
1589910 831
1589920 832
1589930 832
1589940 833
1589950 834
1589960 835
1589970 837
1589980 838
1589990 838
1590000 839
1590010 840
1590020 840
1590030 841
1590040 842
1590050 842
1590060 843
1590070 843
1590080 843
1590090 844
1590100 844
1590110 844
1590120 845
1590130 845
1590140 845
1590150 846
1590160 846
1590170 846
1590180 846
1590190 846
1590200 846
1590210 846
1590220 845
1590230 845
1590240 844
1590250 844
1590260 844
1590270 844
1590280 843
1590290 843
1590300 843
1590310 842
1590320 842
1590330 841
1590340 841
1590350 841
1590360 839
1590370 838
1590380 838
1590390 836
1590400 834
1590410 834
1590420 833
1590430 833
1590440 833
1590450 833
1590460 834
1590470 834
1590480 834
1590490 835
1590500 835
1590510 836
1590520 836
1590530 836
1590540 837
1590550 837
1590560 837
1590570 838
1590580 838
1590590 838
1590600 839
1590610 839
1590620 839
1590630 839
1590640 839
1590650 839
1590660 838
1590670 838
1590680 838
1590690 837
1590700 837
1590710 837
1590720 837
1590730 837
1590740 837
1590750 837
1590760 837
1590770 838
1590780 838
1590790 838
1590800 838
1590810 838
1590820 838
1590830 838
1590840 837
1590850 837
1590860 837
1590870 837
1590880 837
1590890 836
1590900 836
1590910 836
1590920 835
1590930 834
1590940 834
1590950 833
1590960 832
1590970 832
1590980 831
1590990 829
1591000 829
1591010 828
1591020 827
1591030 827
1591040 825
1591050 824
1591060 824
1591070 822
1591080 820
1591090 820
1591100 818
1591110 816
1591120 816
1591130 814
1591140 812
1591150 812
1591160 810
1591170 809
1591180 809
1591190 808
1591200 807
1591210 807
1591220 806
1591230 804
1591240 804
1591250 803
1591260 802
1591270 802
1591280 800
1591290 798
1591300 798
1591310 797
1591320 795
1591330 795
1591340 794
1591350 792
1591360 792
1591370 790
1591380 788
1591390 788
1591400 787
1591410 785
1591420 785
1591430 783
1591440 781
1591450 781
1591460 779
1591470 775
1591480 775
1591490 772
1591500 772
1591510 770
1591520 768
1591530 768
1591540 765
1591550 764
1591560 764
1591570 762
1591580 761
1591590 761
1591600 758
1591610 757
1591620 757
1591630 755
1591640 754
1591650 754
1591660 753
1591670 751
1591680 751
1591690 750
1591700 749
1591710 749
1591720 748
1591730 748
1591740 748
1591750 747
1591760 746
1591770 746
1591780 745
1591790 745
1591800 745
1591810 745
1591820 745
1591830 745
1591840 745
1591850 744
1591860 744
1591870 744
1591880 743
1591890 743
1591900 743
1591910 743
1591920 743
1591930 743
1591940 743
1591950 743
1591960 743
1591970 743
1591980 743
1591990 743
1592000 742
1592010 742
1592020 742
1592030 742
1592040 742
1592050 742
1592060 741
1592070 741
1592080 741
1592090 741
1592100 741
1592110 740
1592120 740
1592130 740
1592140 740
1592150 739
1592160 739
1592170 739
1592180 739
1592190 739
1592200 738
1592210 738
1592220 738
1592230 738
1592240 737
1592250 737
1592260 737
1592270 737
1592280 737
1592290 736
1592300 736
1592310 736
1592320 736
1592330 735
1592340 735
1592350 735
1592360 735
1592370 735
1592380 734
1592390 734
1592400 734
1592410 734
1592420 733
1592430 733
1592440 733
1592450 733
1592460 733
1592470 732
1592480 732
1592490 732
1592500 731
1592510 731
1592520 730
1592530 730
1592540 730
1592550 730
1592560 729
1592570 729
1592580 729
1592590 729
1592600 729
1592610 729
1592620 729
1592630 729
1592640 729
1592650 731
1592660 731
1592670 732
1592680 733
1592690 733
1592700 733
1592710 734
1592720 734
1592730 734
1592740 735
1592750 735
1592760 735
1592770 736
1592780 736
1592790 736
1592800 737
1592810 737
1592820 737
1592830 738
1592840 738
1592850 738
1592860 739
1592870 739
1592880 739
1592890 739
1592900 739
1592910 739
1592920 740
1592930 740
1592940 740
1592950 740
1592960 740
1592970 740
1592980 740
1592990 740
1593000 741
1593010 741
1593020 741
1593030 741
1593040 741
1593050 741
1593060 742
1593070 743
1593080 743
1593090 743
1593100 743
1593110 743
1593120 744
1593130 744
1593140 744
1593150 744
1593160 744
1593170 744
1593180 744
1593190 744
1593200 744
1593210 744
1593220 744
1593230 744
1593240 744
1593250 744
1593260 744
1593270 744
1593280 744
1593290 744
1593300 744
1593310 744
1593320 744
1593330 745
1593340 745
1593350 745
1593360 745
1593370 745
1593380 745
1593390 745
1593400 745
1593410 745
1593420 745
1593430 745
1593440 745
1593450 744
1593460 744
1593470 744
1593480 744
1593490 744
1593500 744
1593510 744
1593520 744
1593530 744
1593540 743
1593550 743
1593560 743
1593570 743
1593580 743
1593590 743
1593600 743
1593610 743
1593620 743
1593630 743
1593640 743
1593650 743
1593660 742
1593670 742
1593680 742
1593690 741
1593700 741
1593710 741
1593720 740
1593730 740
1593740 740
1593750 740
1593760 740
1593770 739
1593780 739
1593790 739
1593800 738
1593810 738
1593820 738
1593830 738
1593840 737
1593850 737
1593860 737
1593870 736
1593880 736
1593890 736
1593900 735
1593910 735
1593920 735
1593930 735
1593940 735
1593950 734
1593960 734
1593970 734
1593980 734
1593990 734
1594000 734
1594010 733
1594020 733
1594030 733
1594040 733
1594050 733
1594060 733
1594070 733
1594080 733
1594090 733
1594100 733
1594110 733
1594120 733
1594130 733
1594140 733
1594150 733
1594160 733
1594170 733
1594180 733
1594190 734
1594200 734
1594210 734
1594220 734
1594230 733
1594240 733
1594250 733
1594260 733
1594270 733
1594280 733
1594290 733
1594300 733
1594310 733
1594320 733
1594330 733
1594340 733
1594350 733
1594360 733
1594370 733
1594380 732
1594390 732
1594400 732
1594410 732
1594420 732
1594430 732
1594440 732
1594450 732
1594460 732
1594470 732
1594480 732
1594490 733
1594500 733
1594510 734
1594520 734
1594530 734
1594540 734
1594550 735
1594560 735
1594570 735
1594580 735
1594590 735
1594600 736
1594610 736
1594620 736
1594630 736
1594640 737
1594650 737
1594660 737
1594670 737
1594680 737
1594690 737
1594700 738
1594710 738
1594720 738
1594730 738
1594740 738
1594750 739
1594760 739
1594770 739
1594780 739
1594790 739
1594800 740
1594810 740
1594820 740
1594830 740
1594840 741
1594850 741
1594860 741
1594870 741
1594880 741
1594890 741
1594900 741
1594910 742
1594920 742
1594930 742
1594940 742
1594950 742
1594960 742
1594970 742
1594980 742
1594990 743
1595000 743
1595010 743
1595020 743
1595030 743
1595040 743
1595050 743
1595060 744
1595070 744
1595080 744
1595090 744
1595100 744
1595110 744
1595120 744
1595130 744
1595140 744
1595150 745
1595160 745
1595170 745
1595180 745
1595190 745
1595200 745
1595210 745
1595220 745
1595230 745
1595240 745
1595250 745
1595260 745
1595270 745
1595280 745
1595290 745
1595300 745
1595310 745
1595320 745
1595330 745
1595340 745
1595350 744
1595360 744
1595370 744
1595380 745
1595390 745
1595400 745
1595410 746
1595420 746
1595430 746
1595440 747
1595450 747
1595460 747
1595470 747
1595480 747
1595490 748
1595500 748
1595510 748
1595520 749
1595530 749
1595540 749
1595550 750
1595560 751
1595570 751
1595580 752
1595590 752
1595600 752
1595610 753
1595620 754
1595630 754
1595640 754
1595650 755
1595660 755
1595670 756
1595680 756
1595690 756
1595700 757
1595710 758
1595720 758
1595730 759
1595740 759
1595750 759
1595760 760
1595770 761
1595780 761
1595790 761
1595800 762
1595810 762
1595820 763
1595830 764
1595840 764
1595850 765
1595860 766
1595870 766
1595880 766
1595890 767
1595900 767
1595910 768
1595920 768
1595930 768
1595940 769
1595950 770
1595960 770
1595970 771
1595980 772
1595990 772
1596000 773
1596010 773
1596020 773
1596030 774
1596040 775
1596050 775
1596060 775
1596070 776
1596080 776
1596090 777
1596100 777
1596110 777
1596120 779
1596130 780
1596140 780
1596150 780
1596160 779
1596170 779
1596180 778
1596190 778
1596200 778
1596210 777
1596220 776
1596230 776
1596240 775
1596250 774
1596260 774
1596270 773
1596280 772
1596290 772
1596300 771
1596310 770
1596320 770
1596330 768
1596340 767
1596350 767
1596360 766
1596370 766
1596380 766
1596390 765
1596400 765
1596410 764
1596420 763
1596430 763
1596440 762
1596450 762
1596460 762
1596470 761
1596480 760
1596490 760
1596500 759
1596510 758
1596520 758
1596530 757
1596540 756
1596550 756
1596560 755
1596570 754
1596580 754
1596590 753
1596600 752
1596610 752
1596620 751
1596630 750
1596640 750
1596650 749
1596660 747
1596670 747
1596680 746
1596690 745
1596700 745
1596710 744
1596720 743
1596730 743
1596740 743
1596750 742
1596760 742
1596770 741
1596780 740
1596790 740
1596800 739
1596810 739
1596820 739
1596830 738
1596840 737
1596850 737
1596860 736
1596870 735
1596880 735
1596890 734
1596900 733
1596910 733
1596920 733
1596930 733
1596940 733
1596950 732
1596960 731
1596970 731
1596980 730
1596990 729
1597000 729
1597010 729
1597020 728
1597030 728
1597040 727
1597050 727
1597060 727
1597070 726
1597080 725
1597090 725
1597100 725
1597110 724
1597120 724
1597130 724
1597140 723
1597150 724
1597160 724
1597170 723
1597180 723
1597190 723
1597200 722
1597210 722
1597220 721
1597230 721
1597240 721
1597250 720
1597260 720
1597270 720
1597280 719
1597290 719
1597300 719
1597310 718
1597320 718
1597330 718
1597340 717
1597350 717
1597360 717
1597370 716
1597380 716
1597390 716
1597400 715
1597410 715
1597420 715
1597430 715
1597440 715
1597450 714
1597460 714
1597470 714
1597480 714
1597490 713
1597500 713
1597510 713
1597520 713
1597530 713
1597540 712
1597550 712
1597560 712
1597570 712
1597580 711
1597590 711
1597600 711
1597610 710
1597620 710
1597630 710
1597640 710
1597650 710
1597660 709
1597670 708
1597680 708
1597690 707
1597700 706
1597710 706
1597720 705
1597730 705
1597740 705
1597750 705
1597760 705
1597770 705
1597780 705
1597790 705
1597800 705
1597810 705
1597820 706
1597830 706
1597840 707
1597850 708
1597860 708
1597870 708
1597880 709
1597890 709
1597900 709
1597910 710
1597920 710
1597930 711
1597940 711
1597950 711
1597960 712
1597970 712
1597980 712
1597990 713
1598000 714
1598010 714
1598020 714
1598030 715
1598040 715
1598050 715
1598060 716
1598070 716
1598080 717
1598090 717
1598100 717
1598110 717
1598120 718
1598130 718
1598140 718
1598150 719
1598160 719
1598170 719
1598180 719
1598190 719
1598200 720
1598210 720
1598220 720
1598230 721
1598240 721
1598250 721
1598260 722
1598270 722
1598280 722
1598290 722
1598300 723
1598310 723
1598320 723
1598330 723
1598340 723
1598350 723
1598360 723
1598370 723
1598380 723
1598390 723
1598400 723
1598410 723
1598420 723
1598430 723
1598440 723
1598450 723
1598460 723
1598470 723
1598480 723
1598490 723
1598500 723
1598510 723
1598520 723
1598530 723
1598540 723
1598550 723
1598560 723
1598570 723
1598580 722
1598590 722
1598600 722
1598610 722
1598620 722
1598630 722
1598640 722
1598650 721
1598660 721
1598670 721
1598680 721
1598690 721
1598700 721
1598710 720
1598720 720
1598730 720
1598740 720
1598750 720
1598760 719
1598770 719
1598780 719
1598790 719
1598800 719
1598810 719
1598820 718
1598830 718
1598840 718
1598850 718
1598860 717
1598870 717
1598880 717
1598890 717
1598900 717
1598910 716
1598920 716
1598930 716
1598940 716
1598950 716
1598960 716
1598970 716
1598980 715
1598990 715
1599000 715
1599010 715
1599020 715
1599030 715
1599040 714
1599050 714
1599060 714
1599070 714
1599080 714
1599090 714
1599100 714
1599110 714
1599120 714
1599130 714
1599140 714
1599150 713
1599160 713
1599170 713
1599180 713
1599190 713
1599200 713
1599210 713
1599220 713
1599230 713
1599240 713
1599250 713
1599260 713
1599270 713
1599280 713
1599290 713
1599300 712
1599310 712
1599320 712
1599330 712
1599340 712
1599350 712
1599360 713
1599370 713
1599380 712
1599390 712
1599400 712
1599410 712
1599420 712
1599430 712
1599440 712
1599450 712
1599460 712
1599470 712
1599480 712
1599490 712
1599500 712
1599510 713
1599520 713
1599530 713
1599540 713
1599550 713
1599560 713
1599570 713
1599580 713
1599590 713
1599600 713
1599610 713
1599620 713
1599630 713
1599640 713
1599650 713
1599660 713
1599670 713
1599680 714
1599690 714
1599700 714
1599710 714
1599720 714
1599730 714
1599740 714
1599750 714
1599760 714
1599770 714
1599780 714
1599790 714
1599800 714
1599810 714
1599820 714
1599830 714
1599840 714
1599850 714
1599860 714
1599870 715
1599880 715
1599890 715
1599900 715
1599910 715
1599920 715
1599930 715
1599940 715
1599950 715
1599960 715
1599970 715
1599980 715
1599990 715
