1580000 715
1580010 716
1580020 716
1580030 716
1580040 716
1580050 716
1580060 716
1580070 716
1580080 717
1580090 717
1580100 717
1580110 717
1580120 717
1580130 718
1580140 718
1580150 718
1580160 718
1580170 718
1580180 718
1580190 718
1580200 718
1580210 718
1580220 718
1580230 718
1580240 718
1580250 717
1580260 717
1580270 717
1580280 716
1580290 715
1580300 715
1580310 715
1580320 714
1580330 714
1580340 713
1580350 712
1580360 712
1580370 711
1580380 709
1580390 709
1580400 707
1580410 704
1580420 704
1580430 703
1580440 702
1580450 702
1580460 701
1580470 700
1580480 698
1580490 697
1580500 697
1580510 697
1580520 697
1580530 696
1580540 696
1580550 694
1580560 693
1580570 693
1580580 690
1580590 688
1580600 688
1580610 688
1580620 689
1580630 689
1580640 689
1580650 689
1580660 689
1580670 689
1580680 689
1580690 690
1580700 690
1580710 690
1580720 690
1580730 691
1580740 691
1580750 692
1580760 693
1580770 693
1580780 694
1580790 695
1580800 695
1580810 698
1580820 701
1580830 701
1580840 703
1580850 706
1580860 706
1580870 708
1580880 710
1580890 710
1580900 711
1580910 713
1580920 713
1580930 714
1580940 715
1580950 715
1580960 716
1580970 716
1580980 716
1580990 717
1581000 718
1581010 718
1581020 719
1581030 719
1581040 719
1581050 719
1581060 719
1581070 719
1581080 720
1581090 720
1581100 720
1581110 720
1581120 721
1581130 721
1581140 722
1581150 724
1581160 724
1581170 725
1581180 727
1581190 727
1581200 729
1581210 730
1581220 730
1581230 731
1581240 732
1581250 732
1581260 733
1581270 734
1581280 734
1581290 734
1581300 735
1581310 735
1581320 735
1581330 736
1581340 736
1581350 736
1581360 736
1581370 736
1581380 737
1581390 737
1581400 737
1581410 738
1581420 738
1581430 738
1581440 739
1581450 740
1581460 740
1581470 741
1581480 741
1581490 741
1581500 742
1581510 744
1581520 744
1581530 745
1581540 746
1581550 746
1581560 747
1581570 747
1581580 749
1581590 750
1581600 750
1581610 751
1581620 752
1581630 752
1581640 753
1581650 753
1581660 753
1581670 754
1581680 755
1581690 755
1581700 756
1581710 756
1581720 756
1581730 757
1581740 758
1581750 758
1581760 759
1581770 760
1581780 760
1581790 761
1581800 762
1581810 762
1581820 764
1581830 764
1581840 764
1581850 765
1581860 766
1581870 766
1581880 767
1581890 768
1581900 768
1581910 769
1581920 770
1581930 770
1581940 771
1581950 772
1581960 772
1581970 773
1581980 774
1581990 774
1582000 775
1582010 775
1582020 775
1582030 776
1582040 777
1582050 777
1582060 778
1582070 779
1582080 779
1582090 780
1582100 781
1582110 781
1582120 782
1582130 783
1582140 783
1582150 784
1582160 785
1582170 785
1582180 786
1582190 786
1582200 786
1582210 787
1582220 788
1582230 788
1582240 789
1582250 789
1582260 789
1582270 790
1582280 791
1582290 791
1582300 791
1582310 792
1582320 792
1582330 793
1582340 794
1582350 794
1582360 795
1582370 795
1582380 795
1582390 796
1582400 797
1582410 797
1582420 798
1582430 798
1582440 798
1582450 799
1582460 800
1582470 800
1582480 801
1582490 802
1582500 802
1582510 802
1582520 802
1582530 802
1582540 803
1582550 803
1582560 804
1582570 805
1582580 805
1582590 806
1582600 806
1582610 806
1582620 806
1582630 806
1582640 806
1582650 806
1582660 806
1582670 806
1582680 806
1582690 806
1582700 806
1582710 806
1582720 806
1582730 806
1582740 806
1582750 806
1582760 806
1582770 805
1582780 805
1582790 805
1582800 804
1582810 804
1582820 804
1582830 803
1582840 803
1582850 803
1582860 802
1582870 801
1582880 801
1582890 801
1582900 800
1582910 800
1582920 800
1582930 800
1582940 800
1582950 800
1582960 799
1582970 799
1582980 799
1582990 799
1583000 799
1583010 799
1583020 799
1583030 799
1583040 798
1583050 798
1583060 798
1583070 798
1583080 797
1583090 797
1583100 797
1583110 796
1583120 796
1583130 796
1583140 795
1583150 795
1583160 795
1583170 794
1583180 794
1583190 794
1583200 793
1583210 793
1583220 793
1583230 793
1583240 793
1583250 792
1583260 792
1583270 792
1583280 792
1583290 791
1583300 791
1583310 791
1583320 791
1583330 791
1583340 791
1583350 791
1583360 791
1583370 790
1583380 790
1583390 790
1583400 790
1583410 790
1583420 790
1583430 790
1583440 790
1583450 790
1583460 790
1583470 790
1583480 790
1583490 790
1583500 790
1583510 790
1583520 790
1583530 790
1583540 790
1583550 790
1583560 790
1583570 790
1583580 790
1583590 790
1583600 790
1583610 790
1583620 790
1583630 790
1583640 789
1583650 789
1583660 789
1583670 788
1583680 788
1583690 787
1583700 787
1583710 787
1583720 786
1583730 786
1583740 786
1583750 785
1583760 784
1583770 784
1583780 783
1583790 782
1583800 782
1583810 781
1583820 779
1583830 779
1583840 777
1583850 775
1583860 775
1583870 773
1583880 771
1583890 771
1583900 769
1583910 767
1583920 767
1583930 765
1583940 763
1583950 763
1583960 761
1583970 760
1583980 760
1583990 758
1584000 756
1584010 756
1584020 753
1584030 751
1584040 751
1584050 749
1584060 747
1584070 747
1584080 746
1584090 745
1584100 745
1584110 745
1584120 745
1584130 745
1584140 746
1584150 746
1584160 746
1584170 745
1584180 746
1584190 746
1584200 747
1584210 748
1584220 748
1584230 749
1584240 751
1584250 751
1584260 754
1584270 757
1584280 757
1584290 760
1584300 762
1584310 762
1584320 763
1584330 764
1584340 764
1584350 765
1584360 767
1584370 767
1584380 768
1584390 768
1584400 769
1584410 769
1584420 769
1584430 768
1584440 768
1584450 768
1584460 769
1584470 772
1584480 771
1584490 771
1584500 772
1584510 772
1584520 772
1584530 773
1584540 773
1584550 775
1584560 777
1584570 777
1584580 778
1584590 780
1584600 780
1584610 781
1584620 782
1584630 782
1584640 783
1584650 784
1584660 784
1584670 785
1584680 786
1584690 786
1584700 786
1584710 787
1584720 787
1584730 788
1584740 789
1584750 789
1584760 790
1584770 790
1584780 790
1584790 791
1584800 792
1584810 792
1584820 793
1584830 794
1584840 794
1584850 796
1584860 796
1584870 796
1584880 797
1584890 799
1584900 799
1584910 801
1584920 802
1584930 802
1584940 803
1584950 805
1584960 805
1584970 806
1584980 807
1584990 807
1585000 808
1585010 809
1585020 809
1585030 810
1585040 811
1585050 811
1585060 812
1585070 813
1585080 813
1585090 814
1585100 815
1585110 815
1585120 815
1585130 816
1585140 816
1585150 816
1585160 816
1585170 816
1585180 816
1585190 816
1585200 816
1585210 816
1585220 816
1585230 816
1585240 817
1585250 817
1585260 817
1585270 818
1585280 819
1585290 819
1585300 820
1585310 821
1585320 821
1585330 822
1585340 822
1585350 822
1585360 823
1585370 823
1585380 824
1585390 824
1585400 824
1585410 825
1585420 826
1585430 826
1585440 826
1585450 827
1585460 827
1585470 828
1585480 828
1585490 828
1585500 829
1585510 829
1585520 829
1585530 830
1585540 830
1585550 830
1585560 831
1585570 832
1585580 832
1585590 832
1585600 832
1585610 832
1585620 833
1585630 833
1585640 833
1585650 833
1585660 834
1585670 834
1585680 834
1585690 835
1585700 835
1585710 835
1585720 835
1585730 835
1585740 836
1585750 837
1585760 837
1585770 837
1585780 839
1585790 839
1585800 839
1585810 840
1585820 840
1585830 840
1585840 841
1585850 841
1585860 842
1585870 842
1585880 842
1585890 843
1585900 843
1585910 843
1585920 844
1585930 844
1585940 844
1585950 844
1585960 845
1585970 845
1585980 845
1585990 845
1586000 845
1586010 845
1586020 845
1586030 845
1586040 844
1586050 844
1586060 844
1586070 843
1586080 843
1586090 843
1586100 842
1586110 841
1586120 841
1586130 841
1586140 840
1586150 840
1586160 839
1586170 838
1586180 838
1586190 837
1586200 837
1586210 837
1586220 836
1586230 835
1586240 835
1586250 835
1586260 835
1586270 834
1586280 833
1586290 833
1586300 832
1586310 831
1586320 831
1586330 830
1586340 829
1586350 829
1586360 828
1586370 827
1586380 827
1586390 826
1586400 826
1586410 826
1586420 825
1586430 824
1586440 824
1586450 824
1586460 823
1586470 823
1586480 823
1586490 822
1586500 822
1586510 820
1586520 819
1586530 819
1586540 819
1586550 818
1586560 818
1586570 817
1586580 816
1586590 816
1586600 816
1586610 817
1586620 817
1586630 817
1586640 817
1586650 817
1586660 816
1586670 816
1586680 816
1586690 817
1586700 817
1586710 817
1586720 817
1586730 818
1586740 818
1586750 818
1586760 819
1586770 819
1586780 819
1586790 820
1586800 820
1586810 820
1586820 821
1586830 821
1586840 821
1586850 822
1586860 822
1586870 822
1586880 823
1586890 823
1586900 823
1586910 824
1586920 824
1586930 824
1586940 825
1586950 825
1586960 826
1586970 826
1586980 826
1586990 827
1587000 827
1587010 827
1587020 828
1587030 829
1587040 829
1587050 829
1587060 829
1587070 830
1587080 831
1587090 831
1587100 831
1587110 832
1587120 832
1587130 832
1587140 833
1587150 833
1587160 833
1587170 833
1587180 834
1587190 834
1587200 834
1587210 834
1587220 835
1587230 836
1587240 836
1587250 838
1587260 839
1587270 839
1587280 839
1587290 840
1587300 840
1587310 841
1587320 842
1587330 842
1587340 843
1587350 844
1587360 844
1587370 845
1587380 845
1587390 845
1587400 846
1587410 847
1587420 847
1587430 848
1587440 849
1587450 849
1587460 850
1587470 851
1587480 851
1587490 851
1587500 852
1587510 852
1587520 853
1587530 854
1587540 854
1587550 855
1587560 856
1587570 856
1587580 856
1587590 857
1587600 857
1587610 858
1587620 859
1587630 859
1587640 860
1587650 861
1587660 861
1587670 862
1587680 862
1587690 862
1587700 863
1587710 864
1587720 864
1587730 865
1587740 866
1587750 866
1587760 867
1587770 868
1587780 868
1587790 868
1587800 869
1587810 869
1587820 870
1587830 871
1587840 871
1587850 872
1587860 873
1587870 873
1587880 874
1587890 875
1587900 875
1587910 876
1587920 877
1587930 877
1587940 878
1587950 878
1587960 878
1587970 879
1587980 880
1587990 880
1588000 880
1588010 881
1588020 881
1588030 882
1588040 883
1588050 883
1588060 884
1588070 885
1588080 885
1588090 886
1588100 887
1588110 887
1588120 888
1588130 888
1588140 889
1588150 890
1588160 890
1588170 892
1588180 893
1588190 893
1588200 894
1588210 896
1588220 896
1588230 896
1588240 897
1588250 897
1588260 898
1588270 899
1588280 899
1588290 901
1588300 903
1588310 903
1588320 904
1588330 908
1588340 908
1588350 909
1588360 909
1588370 909
1588380 910
1588390 910
1588400 910
1588410 911
1588420 911
1588430 911
1588440 911
1588450 912
1588460 912
1588470 913
1588480 913
1588490 913
1588500 913
1588510 914
1588520 914
1588530 914
1588540 915
1588550 915
1588560 916
1588570 916
1588580 916
1588590 916
1588600 916
1588610 916
1588620 916
1588630 917
1588640 917
1588650 918
1588660 918
1588670 918
1588680 919
1588690 919
1588700 919
1588710 920
1588720 920
1588730 920
1588740 920
1588750 921
1588760 921
1588770 922
1588780 923
1588790 923
1588800 924
1588810 924
1588820 924
1588830 925
1588840 926
1588850 926
1588860 927
1588870 927
1588880 927
1588890 928
1588900 929
1588910 929
1588920 930
1588930 931
1588940 931
1588950 932
1588960 933
1588970 933
1588980 934
1588990 935
1589000 935
1589010 936
1589020 938
1589030 938
1589040 939
1589050 940
1589060 940
1589070 941
1589080 941
1589090 942
1589100 943
1589110 943
1589120 945
1589130 946
1589140 946
1589150 947
1589160 948
1589170 948
1589180 949
1589190 950
1589200 950
1589210 951
1589220 952
1589230 952
1589240 953
1589250 954
1589260 954
1589270 955
1589280 955
1589290 955
1589300 955
1589310 956
1589320 956
1589330 955
1589340 955
1589350 955
1589360 953
1589370 951
1589380 951
1589390 949
1589400 946
1589410 946
1589420 944
1589430 942
1589440 942
1589450 939
1589460 937
1589470 937
1589480 935
1589490 934
1589500 934
1589510 932
1589520 931
1589530 931
1589540 929
1589550 927
1589560 927
1589570 925
1589580 923
1589590 923
1589600 921
1589610 919
1589620 919
1589630 918
1589640 916
1589650 916
1589660 914
1589670 912
1589680 912
1589690 910
1589700 909
1589710 909
1589720 907
1589730 906
1589740 906
1589750 904
1589760 903
1589770 903
1589780 902
1589790 900
1589800 900
1589810 899
1589820 898
1589830 898
1589840 896
1589850 895
1589860 895
1589870 893
1589880 892
1589890 892
1589900 890
1589910 889
1589920 889
1589930 887
1589940 886
1589950 886
1589960 884
1589970 883
1589980 883
1589990 881
1590000 881
1590010 879
1590020 877
1590030 877
1590040 875
1590050 873
1590060 873
1590070 872
1590080 871
1590090 871
1590100 869
1590110 867
1590120 867
1590130 864
1590140 862
1590150 862
1590160 859
1590170 857
1590180 857
1590190 853
1590200 848
1590210 848
1590220 845
1590230 843
1590240 843
1590250 841
1590260 840
1590270 840
1590280 838
1590290 837
1590300 837
1590310 836
1590320 834
1590330 834
1590340 832
1590350 830
1590360 830
1590370 829
1590380 828
1590390 828
1590400 827
1590410 826
1590420 826
1590430 825
1590440 824
1590450 824
1590460 824
1590470 824
1590480 824
1590490 824
1590500 823
1590510 823
1590520 823
1590530 824
1590540 824
1590550 824
1590560 824
1590570 824
1590580 824
1590590 824
1590600 824
1590610 823
1590620 823
1590630 823
1590640 823
1590650 822
1590660 822
1590670 821
1590680 820
1590690 820
1590700 819
1590710 818
1590720 818
1590730 817
1590740 815
1590750 815
1590760 814
1590770 813
1590780 813
1590790 812
1590800 810
1590810 810
1590820 808
1590830 807
1590840 807
1590850 805
1590860 804
1590870 804
1590880 802
1590890 800
1590900 800
1590910 797
1590920 795
1590930 795
1590940 793
1590950 793
1590960 792
1590970 790
1590980 790
1590990 789
1591000 788
1591010 788
1591020 787
1591030 787
1591040 787
1591050 787
1591060 787
1591070 787
1591080 788
1591090 788
1591100 788
1591110 788
1591120 789
1591130 789
1591140 790
1591150 791
1591160 791
1591170 793
1591180 795
1591190 795
1591200 797
1591210 799
1591220 799
1591230 801
1591240 803
1591250 803
1591260 805
1591270 807
1591280 807
1591290 808
1591300 810
1591310 810
1591320 812
1591330 813
1591340 813
1591350 814
1591360 815
1591370 815
1591380 816
1591390 818
1591400 818
1591410 819
1591420 820
1591430 820
1591440 822
1591450 823
1591460 823
1591470 824
1591480 825
1591490 825
1591500 826
1591510 827
1591520 827
1591530 828
1591540 829
1591550 829
1591560 831
1591570 832
1591580 832
1591590 834
1591600 835
1591610 835
1591620 836
1591630 837
1591640 837
1591650 838
1591660 838
1591670 838
1591680 839
1591690 840
1591700 840
1591710 841
1591720 842
1591730 842
1591740 842
1591750 843
1591760 843
1591770 844
1591780 845
1591790 845
1591800 845
1591810 845
1591820 845
1591830 846
1591840 846
1591850 846
1591860 847
1591870 847
1591880 847
1591890 848
1591900 848
1591910 848
1591920 849
1591930 849
1591940 849
1591950 849
1591960 849
1591970 850
1591980 850
1591990 850
1592000 850
1592010 850
1592020 850
1592030 850
1592040 851
1592050 851
1592060 851
1592070 850
1592080 850
1592090 850
1592100 850
1592110 850
1592120 850
1592130 850
1592140 850
1592150 849
1592160 849
1592170 849
1592180 849
1592190 848
1592200 848
1592210 848
1592220 847
1592230 847
1592240 847
1592250 847
1592260 847
1592270 846
1592280 845
1592290 845
1592300 845
1592310 844
1592320 844
1592330 844
1592340 843
1592350 843
1592360 842
1592370 841
1592380 841
1592390 841
1592400 840
1592410 840
1592420 839
1592430 839
1592440 839
1592450 838
1592460 837
1592470 837
1592480 836
1592490 835
1592500 835
1592510 834
1592520 833
1592530 833
1592540 832
1592550 830
1592560 830
1592570 830
1592580 828
1592590 828
1592600 827
1592610 826
1592620 826
1592630 825
1592640 824
1592650 824
1592660 823
1592670 822
1592680 822
1592690 820
1592700 819
1592710 819
1592720 818
1592730 816
1592740 816
1592750 814
1592760 812
1592770 812
1592780 811
1592790 810
1592800 810
1592810 809
1592820 809
1592830 808
1592840 807
1592850 807
1592860 806
1592870 806
1592880 806
1592890 805
1592900 804
1592910 804
1592920 803
1592930 803
1592940 803
1592950 802
1592960 801
1592970 801
1592980 800
1592990 800
1593000 800
1593010 799
1593020 798
1593030 798
1593040 797
1593050 796
1593060 796
1593070 796
1593080 796
1593090 796
1593100 796
1593110 795
1593120 795
1593130 795
1593140 795
1593150 795
1593160 794
1593170 794
1593180 794
1593190 793
1593200 793
1593210 793
1593220 792
1593230 791
1593240 793
1593250 793
1593260 792
1593270 792
1593280 791
1593290 790
1593300 790
1593310 789
1593320 789
1593330 789
1593340 788
1593350 788
1593360 788
1593370 788
1593380 787
1593390 787
1593400 786
1593410 786
1593420 786
1593430 785
1593440 785
1593450 785
1593460 784
1593470 784
1593480 784
1593490 783
1593500 783
1593510 783
1593520 783
1593530 782
1593540 782
1593550 782
1593560 781
1593570 781
1593580 781
1593590 780
1593600 780
1593610 780
1593620 779
1593630 779
1593640 779
1593650 779
1593660 779
1593670 778
1593680 778
1593690 778
1593700 777
1593710 777
1593720 777
1593730 777
1593740 777
1593750 776
1593760 775
1593770 775
1593780 775
1593790 774
1593800 774
1593810 774
1593820 773
1593830 773
1593840 773
1593850 773
1593860 773
1593870 772
1593880 772
1593890 772
1593900 771
1593910 771
1593920 771
1593930 771
1593940 770
1593950 770
1593960 770
1593970 769
1593980 769
1593990 769
1594000 768
1594010 768
1594020 768
1594030 767
1594040 767
1594050 767
1594060 766
1594070 766
1594080 766
1594090 765
1594100 765
1594110 765
1594120 764
1594130 764
1594140 764
1594150 763
1594160 763
1594170 763
1594180 763
1594190 763
1594200 762
1594210 762
1594220 762
1594230 761
1594240 761
1594250 761
1594260 760
1594270 760
1594280 760
1594290 759
1594300 758
1594310 758
1594320 758
1594330 757
1594340 757
1594350 757
1594360 756
1594370 756
1594380 755
1594390 755
1594400 755
1594410 754
1594420 753
1594430 753
1594440 753
1594450 751
1594460 751
1594470 751
1594480 749
1594490 749
1594500 748
1594510 747
1594520 747
1594530 745
1594540 743
1594550 743
1594560 741
1594570 739
1594580 739
1594590 738
1594600 737
1594610 737
1594620 737
1594630 736
1594640 736
1594650 735
1594660 734
1594670 734
1594680 733
1594690 733
1594700 733
1594710 732
1594720 732
1594730 731
1594740 730
1594750 730
1594760 730
1594770 729
1594780 729
1594790 729
1594800 728
1594810 728
1594820 727
1594830 727
1594840 727
1594850 727
1594860 727
1594870 727
1594880 727
1594890 727
1594900 727
1594910 726
1594920 727
1594930 727
1594940 727
1594950 728
1594960 728
1594970 728
1594980 729
1594990 729
1595000 730
1595010 731
1595020 731
1595030 731
1595040 732
1595050 732
1595060 733
1595070 734
1595080 734
1595090 734
1595100 735
1595110 735
1595120 736
1595130 737
1595140 737
1595150 738
1595160 738
1595170 738
1595180 739
1595190 740
1595200 740
1595210 741
1595220 742
1595230 742
1595240 742
1595250 743
1595260 743
1595270 744
1595280 745
1595290 745
1595300 746
1595310 746
1595320 746
1595330 747
1595340 748
1595350 748
1595360 749
1595370 750
1595380 750
1595390 751
1595400 752
1595410 752
1595420 753
1595430 754
1595440 754
1595450 756
1595460 757
1595470 757
1595480 758
1595490 760
1595500 760
1595510 761
1595520 763
1595530 763
1595540 764
1595550 765
1595560 765
1595570 767
1595580 768
1595590 768
1595600 769
1595610 769
1595620 769
1595630 770
1595640 770
1595650 771
1595660 772
1595670 772
1595680 773
1595690 774
1595700 774
1595710 774
1595720 775
1595730 775
1595740 776
1595750 776
1595760 776
1595770 777
1595780 778
1595790 778
1595800 780
1595810 781
1595820 781
1595830 782
1595840 784
1595850 784
1595860 785
1595870 786
1595880 786
1595890 788
1595900 789
1595910 789
1595920 789
1595930 790
1595940 790
1595950 791
1595960 792
1595970 792
1595980 793
1595990 794
1596000 794
1596010 795
1596020 795
1596030 795
1596040 797
1596050 798
1596060 798
1596070 799
1596080 800
1596090 800
1596100 800
1596110 801
1596120 801
1596130 802
1596140 803
1596150 803
1596160 804
1596170 804
1596180 804
1596190 805
1596200 805
1596210 805
1596220 806
1596230 806
1596240 806
1596250 806
1596260 806
1596270 806
1596280 806
1596290 806
1596300 806
1596310 806
1596320 806
1596330 806
1596340 805
1596350 804
1596360 804
1596370 803
1596380 802
1596390 802
1596400 802
1596410 802
1596420 802
1596430 801
1596440 800
1596450 800
1596460 799
1596470 798
1596480 798
1596490 797
1596500 795
1596510 795
1596520 794
1596530 793
1596540 793
1596550 792
1596560 792
1596570 791
1596580 791
1596590 791
1596600 790
1596610 790
1596620 790
1596630 789
1596640 788
1596650 788
1596660 787
1596670 786
1596680 786
1596690 786
1596700 785
1596710 785
1596720 784
1596730 783
1596740 783
1596750 781
1596760 780
1596770 780
1596780 776
1596790 774
1596800 774
1596810 772
1596820 770
1596830 770
1596840 769
1596850 767
1596860 767
1596870 766
1596880 765
1596890 765
1596900 765
1596910 764
1596920 764
1596930 762
1596940 761
1596950 761
1596960 760
1596970 760
1596980 760
1596990 758
1597000 757
1597010 757
1597020 755
1597030 754
1597040 754
1597050 753
1597060 751
1597070 751
1597080 750
1597090 749
1597100 749
1597110 747
1597120 745
1597130 745
1597140 744
1597150 742
1597160 742
1597170 740
1597180 739
1597190 739
1597200 737
1597210 736
1597220 736
1597230 734
1597240 732
1597250 732
1597260 731
1597270 730
1597280 730
1597290 728
1597300 727
1597310 727
1597320 726
1597330 724
1597340 724
1597350 723
1597360 721
1597370 721
1597380 720
1597390 718
1597400 718
1597410 716
1597420 714
1597430 714
1597440 713
1597450 711
1597460 711
1597470 708
1597480 708
1597490 706
1597500 704
1597510 704
1597520 703
1597530 702
1597540 702
1597550 701
1597560 700
1597570 700
1597580 699
1597590 699
1597600 699
1597610 698
1597620 697
1597630 697
1597640 697
1597650 697
1597660 697
1597670 696
1597680 695
1597690 695
1597700 694
1597710 693
1597720 693
1597730 692
1597740 691
1597750 691
1597760 690
1597770 688
1597780 688
1597790 687
1597800 686
1597810 686
1597820 686
1597830 686
1597840 686
1597850 686
1597860 686
1597870 686
1597880 686
1597890 687
1597900 687
1597910 686
1597920 686
1597930 686
1597940 685
1597950 685
1597960 685
1597970 685
1597980 684
1597990 684
1598000 684
1598010 684
1598020 684
1598030 683
1598040 682
1598050 682
1598060 681
1598070 681
1598080 681
1598090 680
1598100 680
1598110 680
1598120 679
1598130 679
1598140 679
1598150 679
1598160 679
1598170 679
1598180 678
1598190 679
1598200 679
1598210 680
1598220 682
1598230 682
1598240 683
1598250 685
1598260 685
1598270 686
1598280 688
1598290 688
1598300 688
1598310 689
1598320 689
1598330 690
1598340 691
1598350 691
1598360 691
1598370 692
1598380 692
1598390 692
1598400 692
1598410 692
1598420 693
1598430 693
1598440 693
1598450 693
1598460 693
1598470 693
1598480 693
1598490 693
1598500 693
1598510 693
1598520 693
1598530 694
1598540 694
1598550 694
1598560 694
1598570 693
1598580 693
1598590 693
1598600 693
1598610 693
1598620 693
1598630 693
1598640 693
1598650 692
1598660 691
1598670 691
1598680 690
1598690 690
1598700 690
1598710 690
1598720 691
1598730 691
1598740 691
1598750 692
1598760 692
1598770 692
1598780 693
1598790 693
1598800 693
1598810 694
1598820 694
1598830 694
1598840 695
1598850 695
1598860 695
1598870 696
1598880 696
1598890 696
1598900 697
1598910 697
1598920 698
1598930 698
1598940 698
1598950 699
1598960 700
1598970 700
1598980 700
1598990 701
1599000 701
1599010 701
1599020 701
1599030 701
1599040 702
1599050 702
1599060 702
1599070 702
1599080 703
1599090 702
1599100 703
1599110 703
1599120 703
1599130 703
1599140 704
1599150 704
1599160 704
1599170 704
1599180 704
1599190 704
1599200 705
1599210 705
1599220 705
1599230 705
1599240 705
1599250 705
1599260 705
1599270 705
1599280 705
1599290 705
1599300 705
1599310 706
1599320 706
1599330 706
1599340 706
1599350 706
1599360 706
1599370 706
1599380 706
1599390 706
1599400 706
1599410 706
1599420 706
1599430 706
1599440 706
1599450 706
1599460 706
1599470 706
1599480 707
1599490 707
1599500 707
1599510 707
1599520 707
1599530 707
1599540 707
1599550 707
1599560 707
1599570 707
1599580 707
1599590 707
1599600 707
1599610 707
1599620 707
1599630 707
1599640 708
1599650 708
1599660 708
1599670 708
1599680 708
1599690 708
1599700 708
1599710 708
1599720 708
1599730 708
1599740 708
1599750 708
1599760 708
1599770 708
1599780 708
1599790 708
1599800 708
1599810 708
1599820 708
1599830 708
1599840 708
1599850 708
1599860 708
1599870 708
1599880 708
1599890 708
1599900 708
1599910 708
1599920 708
1599930 708
1599940 707
1599950 707
1599960 707
1599970 707
1599980 707
1599990 706
