1580000 687
1580010 687
1580020 687
1580030 686
1580040 684
1580050 684
1580060 681
1580070 679
1580080 679
1580090 678
1580100 678
1580110 678
1580120 678
1580130 678
1580140 678
1580150 678
1580160 678
1580170 678
1580180 679
1580190 679
1580200 679
1580210 679
1580220 680
1580230 680
1580240 680
1580250 680
1580260 680
1580270 681
1580280 681
1580290 681
1580300 682
1580310 684
1580320 684
1580330 685
1580340 687
1580350 687
1580360 688
1580370 690
1580380 690
1580390 691
1580400 693
1580410 693
1580420 694
1580430 696
1580440 696
1580450 698
1580460 698
1580470 700
1580480 703
1580490 703
1580500 704
1580510 706
1580520 706
1580530 707
1580540 707
1580550 707
1580560 707
1580570 707
1580580 707
1580590 707
1580600 708
1580610 708
1580620 709
1580630 709
1580640 709
1580650 710
1580660 711
1580670 711
1580680 711
1580690 712
1580700 712
1580710 712
1580720 713
1580730 713
1580740 713
1580750 713
1580760 713
1580770 713
1580780 713
1580790 713
1580800 712
1580810 711
1580820 711
1580830 710
1580840 709
1580850 709
1580860 707
1580870 705
1580880 705
1580890 701
1580900 700
1580910 700
1580920 700
1580930 700
1580940 700
1580950 700
1580960 700
1580970 700
1580980 701
1580990 701
1581000 701
1581010 702
1581020 703
1581030 703
1581040 704
1581050 705
1581060 705
1581070 707
1581080 709
1581090 709
1581100 711
1581110 714
1581120 714
1581130 716
1581140 717
1581150 717
1581160 719
1581170 721
1581180 721
1581190 723
1581200 724
1581210 724
1581220 726
1581230 727
1581240 727
1581250 729
1581260 730
1581270 730
1581280 731
1581290 732
1581300 732
1581310 734
1581320 735
1581330 735
1581340 736
1581350 737
1581360 737
1581370 740
1581380 741
1581390 741
1581400 744
1581410 744
1581420 746
1581430 748
1581440 748
1581450 751
1581460 753
1581470 753
1581480 754
1581490 756
1581500 756
1581510 757
1581520 758
1581530 758
1581540 759
1581550 760
1581560 760
1581570 761
1581580 762
1581590 762
1581600 763
1581610 764
1581620 764
1581630 764
1581640 765
1581650 765
1581660 765
1581670 765
1581680 765
1581690 764
1581700 763
1581710 763
1581720 762
1581730 762
1581740 762
1581750 761
1581760 760
1581770 760
1581780 758
1581790 756
1581800 756
1581810 753
1581820 750
1581830 750
1581840 748
1581850 747
1581860 747
1581870 746
1581880 744
1581890 744
1581900 744
1581910 744
1581920 744
1581930 745
1581940 746
1581950 746
1581960 746
1581970 746
1581980 746
1581990 745
1582000 745
1582010 745
1582020 745
1582030 745
1582040 745
1582050 745
1582060 745
1582070 745
1582080 744
1582090 744
1582100 744
1582110 744
1582120 744
1582130 744
1582140 744
1582150 744
1582160 744
1582170 744
1582180 744
1582190 744
1582200 744
1582210 744
1582220 744
1582230 745
1582240 744
1582250 744
1582260 744
1582270 745
1582280 745
1582290 746
1582300 746
1582310 746
1582320 747
1582330 747
1582340 748
1582350 748
1582360 748
1582370 749
1582380 749
1582390 749
1582400 750
1582410 750
1582420 750
1582430 750
1582440 751
1582450 751
1582460 751
1582470 751
1582480 751
1582490 752
1582500 752
1582510 752
1582520 752
1582530 752
1582540 752
1582550 752
1582560 752
1582570 752
1582580 752
1582590 752
1582600 752
1582610 752
1582620 751
1582630 751
1582640 751
1582650 750
1582660 750
1582670 750
1582680 750
1582690 750
1582700 750
1582710 750
1582720 750
1582730 750
1582740 751
1582750 751
1582760 751
1582770 752
1582780 752
1582790 753
1582800 753
1582810 753
1582820 753
1582830 753
1582840 753
1582850 753
1582860 753
1582870 753
1582880 753
1582890 752
1582900 752
1582910 752
1582920 752
1582930 752
1582940 752
1582950 752
1582960 752
1582970 751
1582980 751
1582990 751
1583000 751
1583010 751
1583020 751
1583030 750
1583040 750
1583050 750
1583060 749
1583070 749
1583080 749
1583090 747
1583100 746
1583110 746
1583120 744
1583130 744
1583140 744
1583150 744
1583160 744
1583170 744
1583180 744
1583190 744
1583200 744
1583210 744
1583220 745
1583230 745
1583240 745
1583250 745
1583260 745
1583270 745
1583280 745
1583290 746
1583300 747
1583310 747
1583320 747
1583330 747
1583340 747
1583350 747
1583360 747
1583370 747
1583380 747
1583390 746
1583400 746
1583410 746
1583420 745
1583430 745
1583440 744
1583450 743
1583460 743
1583470 742
1583480 741
1583490 741
1583500 739
1583510 737
1583520 737
1583530 735
1583540 733
1583550 733
1583560 730
1583570 729
1583580 729
1583590 729
1583600 728
1583610 728
1583620 728
1583630 728
1583640 728
1583650 727
1583660 727
1583670 727
1583680 727
1583690 727
1583700 727
1583710 726
1583720 725
1583730 725
1583740 726
1583750 727
1583760 727
1583770 728
1583780 728
1583790 728
1583800 729
1583810 731
1583820 731
1583830 732
1583840 732
1583850 732
1583860 732
1583870 733
1583880 733
1583890 734
1583900 736
1583910 736
1583920 738
1583930 739
1583940 739
1583950 740
1583960 741
1583970 741
1583980 743
1583990 743
1584000 743
1584010 743
1584020 743
1584030 743
1584040 743
1584050 745
1584060 745
1584070 748
1584080 749
1584090 749
1584100 750
1584110 752
1584120 752
1584130 753
1584140 754
1584150 754
1584160 755
1584170 755
1584180 757
1584190 760
1584200 760
1584210 763
1584220 765
1584230 765
1584240 767
1584250 770
1584260 770
1584270 772
1584280 774
1584290 774
1584300 776
1584310 779
1584320 779
1584330 781
1584340 783
1584350 783
1584360 785
1584370 786
1584380 786
1584390 788
1584400 790
1584410 790
1584420 792
1584430 793
1584440 793
1584450 795
1584460 796
1584470 796
1584480 797
1584490 798
1584500 798
1584510 799
1584520 800
1584530 800
1584540 801
1584550 801
1584560 801
1584570 801
1584580 801
1584590 801
1584600 801
1584610 801
1584620 801
1584630 801
1584640 801
1584650 801
1584660 801
1584670 802
1584680 802
1584690 802
1584700 802
1584710 802
1584720 803
1584730 803
1584740 803
1584750 804
1584760 805
1584770 805
1584780 806
1584790 806
1584800 806
1584810 807
1584820 807
1584830 807
1584840 808
1584850 809
1584860 809
1584870 810
1584880 811
1584890 811
1584900 812
1584910 812
1584920 812
1584930 813
1584940 814
1584950 814
1584960 814
1584970 815
1584980 815
1584990 815
1585000 816
1585010 816
1585020 817
1585030 817
1585040 817
1585050 818
1585060 818
1585070 818
1585080 819
1585090 819
1585100 820
1585110 821
1585120 821
1585130 823
1585140 824
1585150 824
1585160 825
1585170 826
1585180 826
1585190 827
1585200 828
1585210 828
1585220 829
1585230 830
1585240 830
1585250 831
1585260 832
1585270 832
1585280 834
1585290 835
1585300 835
1585310 836
1585320 838
1585330 838
1585340 839
1585350 840
1585360 840
1585370 840
1585380 841
1585390 841
1585400 842
1585410 842
1585420 842
1585430 843
1585440 843
1585450 843
1585460 843
1585470 843
1585480 843
1585490 844
1585500 844
1585510 844
1585520 844
1585530 844
1585540 844
1585550 843
1585560 843
1585570 843
1585580 843
1585590 842
1585600 842
1585610 842
1585620 842
1585630 842
1585640 842
1585650 841
1585660 841
1585670 841
1585680 841
1585690 841
1585700 841
1585710 841
1585720 841
1585730 841
1585740 841
1585750 841
1585760 841
1585770 841
1585780 841
1585790 840
1585800 840
1585810 840
1585820 840
1585830 840
1585840 840
1585850 840
1585860 839
1585870 839
1585880 838
1585890 837
1585900 837
1585910 836
1585920 835
1585930 835
1585940 833
1585950 832
1585960 832
1585970 832
1585980 831
1585990 831
1586000 831
1586010 831
1586020 831
1586030 831
1586040 831
1586050 831
1586060 831
1586070 831
1586080 830
1586090 830
1586100 830
1586110 830
1586120 831
1586130 831
1586140 831
1586150 832
1586160 832
1586170 832
1586180 832
1586190 832
1586200 833
1586210 833
1586220 833
1586230 833
1586240 834
1586250 834
1586260 834
1586270 834
1586280 834
1586290 835
1586300 835
1586310 835
1586320 836
1586330 836
1586340 836
1586350 836
1586360 837
1586370 837
1586380 837
1586390 838
1586400 838
1586410 838
1586420 839
1586430 839
1586440 840
1586450 840
1586460 840
1586470 841
1586480 841
1586490 841
1586500 842
1586510 842
1586520 842
1586530 843
1586540 844
1586550 844
1586560 844
1586570 845
1586580 845
1586590 845
1586600 846
1586610 846
1586620 847
1586630 847
1586640 847
1586650 848
1586660 849
1586670 849
1586680 849
1586690 850
1586700 850
1586710 851
1586720 851
1586730 851
1586740 852
1586750 853
1586760 853
1586770 854
1586780 854
1586790 854
1586800 855
1586810 856
1586820 856
1586830 857
1586840 858
1586850 858
1586860 859
1586870 860
1586880 860
1586890 860
1586900 862
1586910 862
1586920 862
1586930 864
1586940 864
1586950 865
1586960 865
1586970 866
1586980 867
1586990 867
1587000 868
1587010 869
1587020 869
1587030 871
1587040 871
1587050 871
1587060 873
1587070 874
1587080 874
1587090 875
1587100 875
1587110 875
1587120 876
1587130 877
1587140 877
1587150 878
1587160 879
1587170 879
1587180 880
1587190 881
1587200 881
1587210 881
1587220 882
1587230 882
1587240 883
1587250 884
1587260 884
1587270 885
1587280 886
1587290 886
1587300 887
1587310 888
1587320 888
1587330 888
1587340 889
1587350 889
1587360 890
1587370 891
1587380 891
1587390 892
1587400 893
1587410 893
1587420 894
1587430 895
1587440 895
1587450 897
1587460 898
1587470 898
1587480 899
1587490 899
1587500 899
1587510 900
1587520 901
1587530 901
1587540 902
1587550 903
1587560 903
1587570 904
1587580 905
1587590 905
1587600 906
1587610 907
1587620 907
1587630 908
1587640 909
1587650 909
1587660 910
1587670 911
1587680 911
1587690 912
1587700 913
1587710 913
1587720 914
1587730 915
1587740 915
1587750 916
1587760 917
1587770 917
1587780 919
1587790 920
1587800 920
1587810 921
1587820 922
1587830 922
1587840 923
1587850 924
1587860 924
1587870 926
1587880 926
1587890 927
1587900 928
1587910 928
1587920 929
1587930 930
1587940 930
1587950 932
1587960 933
1587970 933
1587980 936
1587990 938
1588000 938
1588010 940
1588020 941
1588030 941
1588040 943
1588050 945
1588060 945
1588070 948
1588080 950
1588090 950
1588100 953
1588110 954
1588120 954
1588130 956
1588140 958
1588150 958
1588160 959
1588170 961
1588180 961
1588190 962
1588200 963
1588210 963
1588220 965
1588230 967
1588240 967
1588250 969
1588260 971
1588270 971
1588280 973
1588290 974
1588300 974
1588310 976
1588320 978
1588330 978
1588340 979
1588350 980
1588360 980
1588370 980
1588380 981
1588390 981
1588400 983
1588410 985
1588420 985
1588430 987
1588440 988
1588450 988
1588460 989
1588470 990
1588480 990
1588490 992
1588500 992
1588510 992
1588520 993
1588530 994
1588540 994
1588550 995
1588560 995
1588570 995
1588580 995
1588590 994
1588600 994
1588610 994
1588620 993
1588630 993
1588640 992
1588650 991
1588660 991
1588670 990
1588680 989
1588690 989
1588700 988
1588710 987
1588720 987
1588730 984
1588740 981
1588750 981
1588760 978
1588770 975
1588780 975
1588790 973
1588800 973
1588810 971
1588820 969
1588830 969
1588840 967
1588850 965
1588860 965
1588870 963
1588880 961
1588890 961
1588900 959
1588910 956
1588920 956
1588930 954
1588940 953
1588950 953
1588960 952
1588970 950
1588980 950
1588990 949
1589000 948
1589010 948
1589020 946
1589030 945
1589040 945
1589050 944
1589060 943
1589070 943
1589080 941
1589090 940
1589100 940
1589110 938
1589120 937
1589130 937
1589140 935
1589150 935
1589160 935
1589170 934
1589180 933
1589190 933
1589200 933
1589210 932
1589220 932
1589230 931
1589240 930
1589250 930
1589260 929
1589270 929
1589280 929
1589290 928
1589300 927
1589310 927
1589320 926
1589330 925
1589340 925
1589350 923
1589360 922
1589370 922
1589380 920
1589390 918
1589400 918
1589410 917
1589420 916
1589430 916
1589440 915
1589450 914
1589460 914
1589470 913
1589480 912
1589490 912
1589500 910
1589510 909
1589520 909
1589530 908
1589540 907
1589550 907
1589560 905
1589570 904
1589580 904
1589590 902
1589600 901
1589610 901
1589620 899
1589630 897
1589640 897
1589650 896
1589660 895
1589670 895
1589680 894
1589690 893
1589700 893
1589710 892
1589720 892
1589730 891
1589740 890
1589750 890
1589760 889
1589770 888
1589780 888
1589790 887
1589800 885
1589810 885
1589820 883
1589830 882
1589840 882
1589850 880
1589860 878
1589870 878
1589880 876
1589890 873
1589900 873
1589910 871
1589920 868
1589930 868
1589940 865
1589950 863
1589960 863
1589970 860
1589980 858
1589990 858
1590000 857
1590010 856
1590020 856
1590030 855
1590040 853
1590050 853
1590060 851
1590070 850
1590080 850
1590090 848
1590100 847
1590110 847
1590120 845
1590130 844
1590140 844
1590150 843
1590160 841
1590170 841
1590180 840
1590190 837
1590200 837
1590210 834
1590220 830
1590230 830
1590240 827
1590250 825
1590260 825
1590270 824
1590280 823
1590290 823
1590300 822
1590310 821
1590320 821
1590330 820
1590340 818
1590350 818
1590360 817
1590370 815
1590380 815
1590390 814
1590400 813
1590410 813
1590420 812
1590430 811
1590440 811
1590450 811
1590460 810
1590470 810
1590480 809
1590490 808
1590500 808
1590510 807
1590520 806
1590530 806
1590540 805
1590550 805
1590560 805
1590570 804
1590580 803
1590590 803
1590600 801
1590610 799
1590620 799
1590630 797
1590640 797
1590650 796
1590660 796
1590670 796
1590680 795
1590690 795
1590700 795
1590710 795
1590720 794
1590730 794
1590740 794
1590750 794
1590760 794
1590770 793
1590780 793
1590790 793
1590800 793
1590810 793
1590820 793
1590830 793
1590840 794
1590850 794
1590860 794
1590870 794
1590880 794
1590890 795
1590900 795
1590910 795
1590920 796
1590930 796
1590940 796
1590950 796
1590960 797
1590970 797
1590980 797
1590990 798
1591000 798
1591010 799
1591020 799
1591030 799
1591040 799
1591050 800
1591060 800
1591070 801
1591080 802
1591090 802
1591100 802
1591110 803
1591120 803
1591130 804
1591140 804
1591150 804
1591160 805
1591170 806
1591180 807
1591190 808
1591200 809
1591210 809
1591220 810
1591230 810
1591240 810
1591250 811
1591260 812
1591270 812
1591280 813
1591290 814
1591300 814
1591310 815
1591320 816
1591330 816
1591340 817
1591350 818
1591360 818
1591370 819
1591380 820
1591390 820
1591400 821
1591410 822
1591420 822
1591430 824
1591440 825
1591450 825
1591460 826
1591470 828
1591480 828
1591490 829
1591500 830
1591510 830
1591520 832
1591530 833
1591540 833
1591550 834
1591560 834
1591570 835
1591580 836
1591590 836
1591600 837
1591610 838
1591620 838
1591630 839
1591640 840
1591650 840
1591660 842
1591670 844
1591680 844
1591690 845
1591700 847
1591710 847
1591720 849
1591730 852
1591740 852
1591750 854
1591760 856
1591770 856
1591780 857
1591790 859
1591800 859
1591810 862
1591820 864
1591830 864
1591840 866
1591850 867
1591860 867
1591870 868
1591880 869
1591890 869
1591900 870
1591910 871
1591920 871
1591930 872
1591940 872
1591950 872
1591960 873
1591970 873
1591980 873
1591990 874
1592000 874
1592010 874
1592020 875
1592030 875
1592040 875
1592050 875
1592060 875
1592070 875
1592080 875
1592090 876
1592100 876
1592110 876
1592120 876
1592130 876
1592140 876
1592150 876
1592160 876
1592170 875
1592180 875
1592190 875
1592200 875
1592210 874
1592220 874
1592230 873
1592240 872
1592250 872
1592260 872
1592270 871
1592280 871
1592290 870
1592300 868
1592310 868
1592320 867
1592330 866
1592340 866
1592350 865
1592360 864
1592370 864
1592380 863
1592390 862
1592400 863
1592410 862
1592420 861
1592430 861
1592440 860
1592450 859
1592460 859
1592470 858
1592480 857
1592490 857
1592500 856
1592510 856
1592520 856
1592530 855
1592540 855
1592550 854
1592560 853
1592570 853
1592580 853
1592590 852
1592600 852
1592610 851
1592620 850
1592630 850
1592640 849
1592650 848
1592660 848
1592670 847
1592680 847
1592690 847
1592700 846
1592710 845
1592720 845
1592730 844
1592740 843
1592750 843
1592760 843
1592770 842
1592780 842
1592790 841
1592800 840
1592810 840
1592820 840
1592830 839
1592840 839
1592850 838
1592860 838
1592870 838
1592880 837
1592890 836
1592900 836
1592910 836
1592920 835
1592930 835
1592940 834
1592950 834
1592960 834
1592970 833
1592980 832
1592990 832
1593000 831
1593010 831
1593020 831
1593030 831
1593040 831
1593050 831
1593060 831
1593070 831
1593080 831
1593090 831
1593100 831
1593110 831
1593120 832
1593130 832
1593140 832
1593150 833
1593160 833
1593170 833
1593180 833
1593190 833
1593200 833
1593210 833
1593220 833
1593230 833
1593240 833
1593250 834
1593260 834
1593270 834
1593280 833
1593290 833
1593300 833
1593310 833
1593320 833
1593330 833
1593340 833
1593350 833
1593360 833
1593370 833
1593380 833
1593390 833
1593400 833
1593410 833
1593420 833
1593430 833
1593440 833
1593450 833
1593460 833
1593470 833
1593480 833
1593490 833
1593500 833
1593510 833
1593520 833
1593530 832
1593540 832
1593550 832
1593560 831
1593570 830
1593580 830
1593590 828
1593600 829
1593610 829
1593620 828
1593630 827
1593640 827
1593650 826
1593660 825
1593670 825
1593680 824
1593690 823
1593700 823
1593710 822
1593720 821
1593730 821
1593740 820
1593750 819
1593760 819
1593770 818
1593780 818
1593790 818
1593800 817
1593810 816
1593820 816
1593830 814
1593840 812
1593850 812
1593860 811
1593870 809
1593880 809
1593890 808
1593900 807
1593910 807
1593920 805
1593930 804
1593940 804
1593950 802
1593960 801
1593970 801
1593980 800
1593990 798
1594000 798
1594010 797
1594020 796
1594030 796
1594040 794
1594050 793
1594060 793
1594070 791
1594080 790
1594090 790
1594100 789
1594110 788
1594120 788
1594130 786
1594140 785
1594150 785
1594160 784
1594170 784
1594180 784
1594190 783
1594200 782
1594210 782
1594220 780
1594230 779
1594240 779
1594250 778
1594260 777
1594270 777
1594280 775
1594290 774
1594300 774
1594310 772
1594320 771
1594330 771
1594340 770
1594350 770
1594360 769
1594370 768
1594380 768
1594390 768
1594400 767
1594410 767
1594420 765
1594430 764
1594440 764
1594450 763
1594460 762
1594470 762
1594480 761
1594490 760
1594500 760
1594510 759
1594520 758
1594530 758
1594540 757
1594550 757
1594560 757
1594570 756
1594580 755
1594590 755
1594600 755
1594610 754
1594620 754
1594630 753
1594640 752
1594650 752
1594660 751
1594670 750
1594680 750
1594690 749
1594700 749
1594710 749
1594720 748
1594730 747
1594740 747
1594750 746
1594760 746
1594770 746
1594780 745
1594790 746
1594800 746
1594810 745
1594820 744
1594830 744
1594840 743
1594850 743
1594860 743
1594870 742
1594880 741
1594890 741
1594900 740
1594910 739
1594920 739
1594930 739
1594940 738
1594950 738
1594960 737
1594970 736
1594980 736
1594990 736
1595000 735
1595010 735
1595020 734
1595030 733
1595040 733
1595050 732
1595060 731
1595070 731
1595080 729
1595090 727
1595100 727
1595110 724
1595120 722
1595130 722
1595140 720
1595150 718
1595160 718
1595170 717
1595180 716
1595190 716
1595200 716
1595210 716
1595220 716
1595230 716
1595240 716
1595250 716
1595260 716
1595270 716
1595280 716
1595290 717
1595300 717
1595310 718
1595320 719
1595330 719
1595340 719
1595350 720
1595360 720
1595370 722
1595380 723
1595390 723
1595400 725
1595410 726
1595420 726
1595430 727
1595440 728
1595450 728
1595460 729
1595470 730
1595480 730
1595490 730
1595500 731
1595510 731
1595520 732
1595530 733
1595540 733
1595550 734
1595560 734
1595570 734
1595580 735
1595590 736
1595600 736
1595610 737
1595620 738
1595630 738
1595640 739
1595650 740
1595660 740
1595670 741
1595680 742
1595690 742
1595700 743
1595710 743
1595720 743
1595730 744
1595740 745
1595750 745
1595760 746
1595770 747
1595780 747
1595790 748
1595800 749
1595810 749
1595820 750
1595830 750
1595840 750
1595850 751
1595860 752
1595870 752
1595880 753
1595890 753
1595900 753
1595910 754
1595920 754
1595930 754
1595940 755
1595950 755
1595960 755
1595970 755
1595980 756
1595990 756
1596000 757
1596010 758
1596020 758
1596030 759
1596040 760
1596050 760
1596060 761
1596070 761
1596080 761
1596090 761
1596100 761
1596110 761
1596120 761
1596130 761
1596140 761
1596150 761
1596160 761
1596170 761
1596180 761
1596190 761
1596200 760
1596210 760
1596220 760
1596230 760
1596240 760
1596250 760
1596260 759
1596270 759
1596280 759
1596290 759
1596300 758
1596310 758
1596320 758
1596330 757
1596340 757
1596350 756
1596360 755
1596370 755
1596380 755
1596390 754
1596400 754
1596410 753
1596420 753
1596430 753
1596440 752
1596450 752
1596460 752
1596470 751
1596480 751
1596490 751
1596500 750
1596510 749
1596520 749
1596530 748
1596540 747
1596550 747
1596560 747
1596570 746
1596580 746
1596590 745
1596600 745
1596610 745
1596620 744
1596630 744
1596640 744
1596650 743
1596660 742
1596670 742
1596680 742
1596690 741
1596700 741
1596710 741
1596720 740
1596730 740
1596740 740
1596750 739
1596760 739
1596770 738
1596780 738
1596790 738
1596800 737
1596810 737
1596820 737
1596830 736
1596840 735
1596850 735
1596860 735
1596870 734
1596880 734
1596890 733
1596900 732
1596910 732
1596920 731
1596930 730
1596940 730
1596950 729
1596960 728
1596970 728
1596980 727
1596990 726
1597000 726
1597010 725
1597020 724
1597030 724
1597040 723
1597050 722
1597060 722
1597070 721
1597080 720
1597090 720
1597100 719
1597110 719
1597120 718
1597130 716
1597140 716
1597150 715
1597160 713
1597170 713
1597180 712
1597190 711
1597200 711
1597210 710
1597220 708
1597230 708
1597240 707
1597250 705
1597260 705
1597270 703
1597280 701
1597290 701
1597300 700
1597310 699
1597320 699
1597330 698
1597340 696
1597350 696
1597360 695
1597370 693
1597380 693
1597390 692
1597400 691
1597410 691
1597420 690
1597430 689
1597440 689
1597450 688
1597460 687
1597470 687
1597480 685
1597490 684
1597500 684
1597510 683
1597520 681
1597530 681
1597540 680
1597550 679
1597560 679
1597570 678
1597580 677
1597590 677
1597600 677
1597610 676
1597620 676
1597630 676
1597640 675
1597650 675
1597660 675
1597670 674
1597680 674
1597690 674
1597700 673
1597710 673
1597720 673
1597730 672
1597740 672
1597750 672
1597760 672
1597770 672
1597780 671
1597790 671
1597800 671
1597810 672
1597820 674
1597830 674
1597840 677
1597850 679
1597860 679
1597870 681
1597880 684
1597890 684
1597900 686
1597910 688
1597920 688
1597930 689
1597940 691
1597950 691
1597960 692
1597970 694
1597980 694
1597990 695
1598000 696
1598010 696
1598020 697
1598030 697
1598040 698
1598050 699
1598060 699
1598070 700
1598080 700
1598090 700
1598100 700
1598110 701
1598120 701
1598130 701
1598140 701
1598150 701
1598160 701
1598170 701
1598180 701
1598190 700
1598200 700
1598210 700
1598220 700
1598230 697
1598240 697
1598250 695
1598260 692
1598270 692
1598280 691
1598290 689
1598300 689
1598310 688
1598320 688
1598330 688
1598340 688
1598350 687
1598360 687
1598370 686
1598380 686
1598390 686
1598400 685
1598410 684
1598420 684
1598430 684
1598440 684
1598450 684
1598460 683
1598470 683
1598480 683
1598490 682
1598500 681
1598510 681
1598520 680
1598530 680
1598540 680
1598550 678
1598560 675
1598570 675
1598580 671
1598590 669
1598600 669
1598610 669
1598620 669
1598630 669
1598640 670
1598650 672
1598660 672
1598670 674
1598680 677
1598690 677
1598700 679
1598710 681
1598720 681
1598730 682
1598740 684
1598750 684
1598760 685
1598770 685
1598780 685
1598790 686
1598800 686
1598810 686
1598820 687
1598830 687
1598840 687
1598850 687
1598860 688
1598870 688
1598880 688
1598890 689
1598900 689
1598910 689
1598920 690
1598930 690
1598940 690
1598950 690
1598960 691
1598970 692
1598980 692
1598990 692
1599000 693
1599010 693
1599020 694
1599030 694
1599040 694
1599050 695
1599060 696
1599070 696
1599080 696
1599090 697
1599100 697
1599110 698
1599120 699
1599130 699
1599140 700
1599150 700
1599160 700
1599170 701
1599180 702
1599190 702
1599200 703
1599210 704
1599220 704
1599230 705
1599240 707
1599250 707
1599260 708
1599270 709
1599280 709
1599290 710
1599300 711
1599310 711
1599320 711
1599330 712
1599340 712
1599350 713
1599360 714
1599370 714
1599380 714
1599390 715
1599400 715
1599410 716
1599420 717
1599430 717
1599440 718
1599450 718
1599460 718
1599470 719
1599480 719
1599490 719
1599500 720
1599510 720
1599520 720
1599530 720
1599540 721
1599550 721
1599560 721
1599570 721
1599580 721
1599590 721
1599600 722
1599610 722
1599620 722
1599630 722
1599640 722
1599650 722
1599660 723
1599670 723
1599680 723
1599690 723
1599700 723
1599710 723
1599720 724
1599730 724
1599740 724
1599750 725
1599760 725
1599770 725
1599780 725
1599790 725
1599800 726
1599810 726
1599820 726
1599830 726
1599840 726
1599850 726
1599860 726
1599870 726
1599880 726
1599890 726
1599900 726
1599910 726
1599920 726
1599930 726
1599940 726
1599950 726
1599960 726
1599970 726
1599980 726
1599990 726
