1580000 775
1580010 776
1580020 776
1580030 777
1580040 778
1580050 778
1580060 779
1580070 780
1580080 780
1580090 781
1580100 783
1580110 783
1580120 785
1580130 787
1580140 787
1580150 789
1580160 790
1580170 790
1580180 792
1580190 792
1580200 792
1580210 793
1580220 793
1580230 794
1580240 795
1580250 795
1580260 796
1580270 796
1580280 796
1580290 796
1580300 797
1580310 797
1580320 797
1580330 797
1580340 797
1580350 797
1580360 797
1580370 797
1580380 797
1580390 797
1580400 797
1580410 797
1580420 796
1580430 796
1580440 796
1580450 796
1580460 796
1580470 796
1580480 796
1580490 796
1580500 795
1580510 795
1580520 795
1580530 795
1580540 794
1580550 794
1580560 796
1580570 796
1580580 796
1580590 796
1580600 795
1580610 795
1580620 795
1580630 796
1580640 796
1580650 797
1580660 799
1580670 799
1580680 800
1580690 802
1580700 802
1580710 803
1580720 805
1580730 805
1580740 807
1580750 808
1580760 808
1580770 810
1580780 811
1580790 811
1580800 811
1580810 812
1580820 812
1580830 813
1580840 813
1580850 813
1580860 813
1580870 813
1580880 813
1580890 814
1580900 814
1580910 814
1580920 815
1580930 817
1580940 817
1580950 818
1580960 820
1580970 820
1580980 821
1580990 822
1581000 822
1581010 824
1581020 825
1581030 825
1581040 826
1581050 826
1581060 827
1581070 828
1581080 828
1581090 830
1581100 831
1581110 831
1581120 832
1581130 833
1581140 833
1581150 834
1581160 835
1581170 835
1581180 837
1581190 838
1581200 838
1581210 840
1581220 841
1581230 841
1581240 843
1581250 844
1581260 844
1581270 845
1581280 847
1581290 847
1581300 848
1581310 851
1581320 851
1581330 853
1581340 855
1581350 855
1581360 857
1581370 859
1581380 859
1581390 860
1581400 861
1581410 861
1581420 862
1581430 862
1581440 862
1581450 863
1581460 863
1581470 863
1581480 863
1581490 863
1581500 863
1581510 862
1581520 862
1581530 862
1581540 862
1581550 862
1581560 862
1581570 861
1581580 860
1581590 860
1581600 858
1581610 857
1581620 857
1581630 856
1581640 854
1581650 854
1581660 852
1581670 851
1581680 851
1581690 849
1581700 848
1581710 848
1581720 846
1581730 844
1581740 844
1581750 842
1581760 839
1581770 839
1581780 837
1581790 834
1581800 834
1581810 832
1581820 831
1581830 831
1581840 830
1581850 831
1581860 831
1581870 832
1581880 833
1581890 833
1581900 836
1581910 836
1581920 835
1581930 835
1581940 835
1581950 835
1581960 836
1581970 836
1581980 836
1581990 836
1582000 836
1582010 837
1582020 837
1582030 837
1582040 837
1582050 838
1582060 838
1582070 838
1582080 839
1582090 839
1582100 840
1582110 840
1582120 840
1582130 841
1582140 841
1582150 841
1582160 842
1582170 843
1582180 843
1582190 843
1582200 844
1582210 844
1582220 844
1582230 845
1582240 845
1582250 845
1582260 846
1582270 846
1582280 847
1582290 848
1582300 848
1582310 849
1582320 850
1582330 850
1582340 851
1582350 852
1582360 852
1582370 852
1582380 853
1582390 853
1582400 855
1582410 856
1582420 856
1582430 856
1582440 857
1582450 857
1582460 859
1582470 860
1582480 860
1582490 861
1582500 862
1582510 862
1582520 863
1582530 864
1582540 864
1582550 865
1582560 866
1582570 866
1582580 867
1582590 868
1582600 868
1582610 869
1582620 870
1582630 870
1582640 871
1582650 872
1582660 872
1582670 873
1582680 874
1582690 874
1582700 876
1582710 877
1582720 877
1582730 878
1582740 879
1582750 879
1582760 880
1582770 880
1582780 881
1582790 882
1582800 882
1582810 884
1582820 885
1582830 885
1582840 886
1582850 887
1582860 887
1582870 888
1582880 889
1582890 889
1582900 891
1582910 892
1582920 892
1582930 893
1582940 894
1582950 894
1582960 896
1582970 897
1582980 897
1582990 899
1583000 900
1583010 900
1583020 901
1583030 902
1583040 902
1583050 904
1583060 905
1583070 905
1583080 906
1583090 907
1583100 907
1583110 909
1583120 910
1583130 910
1583140 911
1583150 913
1583160 913
1583170 914
1583180 915
1583190 915
1583200 917
1583210 918
1583220 918
1583230 919
1583240 921
1583250 921
1583260 921
1583270 923
1583280 923
1583290 924
1583300 925
1583310 925
1583320 927
1583330 928
1583340 928
1583350 929
1583360 930
1583370 930
1583380 932
1583390 933
1583400 933
1583410 934
1583420 935
1583430 935
1583440 936
1583450 937
1583460 937
1583470 938
1583480 939
1583490 939
1583500 941
1583510 942
1583520 942
1583530 943
1583540 945
1583550 945
1583560 946
1583570 947
1583580 947
1583590 949
1583600 949
1583610 950
1583620 951
1583630 951
1583640 953
1583650 954
1583660 954
1583670 955
1583680 957
1583690 957
1583700 959
1583710 962
1583720 962
1583730 964
1583740 966
1583750 966
1583760 967
1583770 969
1583780 969
1583790 971
1583800 973
1583810 973
1583820 974
1583830 977
1583840 977
1583850 980
1583860 982
1583870 982
1583880 984
1583890 986
1583900 986
1583910 985
1583920 984
1583930 984
1583940 984
1583950 983
1583960 983
1583970 983
1583980 982
1583990 982
1584000 980
1584010 978
1584020 978
1584030 975
1584040 974
1584050 974
1584060 973
1584070 971
1584080 971
1584090 970
1584100 968
1584110 968
1584120 966
1584130 965
1584140 965
1584150 963
1584160 962
1584170 962
1584180 960
1584190 957
1584200 957
1584210 955
1584220 952
1584230 952
1584240 949
1584250 947
1584260 947
1584270 946
1584280 943
1584290 943
1584300 941
1584310 939
1584320 939
1584330 936
1584340 934
1584350 934
1584360 936
1584370 938
1584380 938
1584390 938
1584400 939
1584410 939
1584420 940
1584430 941
1584440 941
1584450 942
1584460 942
1584470 943
1584480 944
1584490 944
1584500 946
1584510 948
1584520 948
1584530 949
1584540 951
1584550 953
1584560 954
1584570 956
1584580 956
1584590 957
1584600 959
1584610 959
1584620 960
1584630 961
1584640 961
1584650 962
1584660 963
1584670 963
1584680 964
1584690 965
1584700 965
1584710 965
1584720 965
1584730 965
1584740 965
1584750 964
1584760 964
1584770 963
1584780 962
1584790 962
1584800 962
1584810 962
1584820 962
1584830 961
1584840 961
1584850 961
1584860 960
1584870 960
1584880 960
1584890 960
1584900 959
1584910 959
1584920 959
1584930 958
1584940 958
1584950 957
1584960 956
1584970 956
1584980 955
1584990 954
1585000 954
1585010 953
1585020 952
1585030 952
1585040 951
1585050 950
1585060 950
1585070 949
1585080 947
1585090 947
1585100 945
1585110 944
1585120 944
1585130 945
1585140 946
1585150 946
1585160 948
1585170 949
1585180 949
1585190 950
1585200 951
1585210 951
1585220 952
1585230 953
1585240 953
1585250 955
1585260 956
1585270 956
1585280 958
1585290 958
1585300 960
1585310 961
1585320 961
1585330 962
1585340 963
1585350 963
1585360 964
1585370 965
1585380 965
1585390 966
1585400 967
1585410 967
1585420 967
1585430 968
1585440 968
1585450 968
1585460 968
1585470 968
1585480 969
1585490 969
1585500 969
1585510 969
1585520 967
1585530 967
1585540 966
1585550 965
1585560 965
1585570 964
1585580 962
1585590 962
1585600 960
1585610 958
1585620 958
1585630 956
1585640 954
1585650 954
1585660 952
1585670 950
1585680 950
1585690 948
1585700 947
1585710 947
1585720 945
1585730 943
1585740 943
1585750 942
1585760 940
1585770 940
1585780 939
1585790 938
1585800 938
1585810 937
1585820 935
1585830 935
1585840 933
1585850 932
1585860 932
1585870 931
1585880 930
1585890 930
1585900 929
1585910 927
1585920 927
1585930 926
1585940 925
1585950 925
1585960 924
1585970 922
1585980 922
1585990 921
1586000 920
1586010 920
1586020 919
1586030 917
1586040 917
1586050 916
1586060 916
1586070 916
1586080 916
1586090 916
1586100 916
1586110 916
1586120 916
1586130 916
1586140 916
1586150 916
1586160 916
1586170 916
1586180 916
1586190 916
1586200 917
1586210 917
1586220 917
1586230 918
1586240 918
1586250 918
1586260 919
1586270 919
1586280 919
1586290 919
1586300 919
1586310 919
1586320 919
1586330 919
1586340 919
1586350 920
1586360 920
1586370 920
1586380 921
1586390 921
1586400 921
1586410 921
1586420 921
1586430 922
1586440 922
1586450 922
1586460 923
1586470 924
1586480 924
1586490 924
1586500 925
1586510 925
1586520 926
1586530 927
1586540 927
1586550 927
1586560 928
1586570 928
1586580 928
1586590 929
1586600 929
1586610 930
1586620 930
1586630 930
1586640 931
1586650 931
1586660 931
1586670 932
1586680 932
1586690 932
1586700 933
1586710 933
1586720 933
1586730 933
1586740 933
1586750 933
1586760 934
1586770 934
1586780 934
1586790 934
1586800 933
1586810 933
1586820 933
1586830 933
1586840 933
1586850 933
1586860 932
1586870 932
1586880 932
1586890 932
1586900 932
1586910 931
1586920 931
1586930 931
1586940 930
1586950 929
1586960 929
1586970 929
1586980 928
1586990 928
1587000 927
1587010 927
1587020 927
1587030 926
1587040 926
1587050 925
1587060 924
1587070 924
1587080 923
1587090 922
1587100 922
1587110 921
1587120 919
1587130 920
1587140 918
1587150 916
1587160 916
1587170 914
1587180 912
1587190 912
1587200 910
1587210 908
1587220 908
1587230 905
1587240 901
1587250 901
1587260 898
1587270 894
1587280 894
1587290 890
1587300 887
1587310 887
1587320 884
1587330 880
1587340 880
1587350 875
1587360 869
1587370 869
1587380 863
1587390 858
1587400 858
1587410 856
1587420 856
1587430 856
1587440 858
1587450 860
1587460 860
1587470 862
1587480 864
1587490 864
1587500 865
1587510 867
1587520 867
1587530 868
1587540 869
1587550 869
1587560 870
1587570 870
1587580 870
1587590 869
1587600 869
1587610 869
1587620 868
1587630 867
1587640 867
1587650 867
1587660 867
1587670 867
1587680 867
1587690 867
1587700 867
1587710 867
1587720 865
1587730 865
1587740 864
1587750 863
1587760 863
1587770 862
1587780 861
1587790 861
1587800 859
1587810 858
1587820 858
1587830 857
1587840 857
1587850 856
1587860 854
1587870 854
1587880 853
1587890 851
1587900 851
1587910 850
1587920 850
1587930 850
1587940 849
1587950 848
1587960 848
1587970 847
1587980 846
1587990 846
1588000 845
1588010 843
1588020 843
1588030 842
1588040 840
1588050 840
1588060 838
1588070 837
1588080 837
1588090 835
1588100 833
1588110 833
1588120 832
1588130 831
1588140 831
1588150 829
1588160 828
1588170 828
1588180 826
1588190 824
1588200 824
1588210 823
1588220 821
1588230 821
1588240 819
1588250 816
1588260 816
1588270 816
1588280 816
1588290 816
1588300 816
1588310 815
1588320 815
1588330 815
1588340 814
1588350 814
1588360 814
1588370 813
1588380 813
1588390 813
1588400 811
1588410 811
1588420 811
1588430 810
1588440 810
1588450 810
1588460 809
1588470 809
1588480 808
1588490 807
1588500 807
1588510 807
1588520 806
1588530 806
1588540 805
1588550 804
1588560 804
1588570 804
1588580 803
1588590 803
1588600 803
1588610 802
1588620 802
1588630 802
1588640 801
1588650 801
1588660 801
1588670 800
1588680 800
1588690 800
1588700 800
1588710 800
1588720 801
1588730 801
1588740 802
1588750 802
1588760 802
1588770 802
1588780 803
1588790 803
1588800 803
1588810 803
1588820 803
1588830 804
1588840 804
1588850 804
1588860 805
1588870 806
1588880 806
1588890 806
1588900 807
1588910 807
1588920 807
1588930 808
1588940 808
1588950 808
1588960 809
1588970 809
1588980 809
1588990 810
1589000 810
1589010 811
1589020 812
1589030 812
1589040 813
1589050 813
1589060 813
1589070 814
1589080 815
1589090 815
1589100 816
1589110 816
1589120 816
1589130 817
1589140 818
1589150 818
1589160 818
1589170 819
1589180 819
1589190 820
1589200 821
1589210 821
1589220 821
1589230 822
1589240 822
1589250 823
1589260 823
1589270 823
1589280 824
1589290 825
1589300 825
1589310 825
1589320 826
1589330 826
1589340 826
1589350 827
1589360 827
1589370 827
1589380 827
1589390 827
1589400 827
1589410 828
1589420 828
1589430 828
1589440 828
1589450 828
1589460 828
1589470 828
1589480 828
1589490 827
1589500 826
1589510 826
1589520 826
1589530 826
1589540 827
1589550 828
1589560 828
1589570 828
1589580 828
1589590 828
1589600 828
1589610 829
1589620 829
1589630 829
1589640 830
1589650 830
1589660 831
1589670 831
1589680 831
1589690 832
1589700 832
1589710 832
1589720 833
1589730 834
1589740 834
1589750 835
1589760 836
1589770 836
1589780 837
1589790 838
1589800 838
1589810 840
1589820 842
1589830 842
1589840 845
1589850 846
1589860 846
1589870 847
1589880 848
1589890 848
1589900 849
1589910 850
1589920 850
1589930 852
1589940 853
1589950 853
1589960 855
1589970 857
1589980 857
1589990 859
1590000 861
1590010 861
1590020 864
1590030 866
1590040 866
1590050 868
1590060 870
1590070 870
1590080 871
1590090 873
1590100 873
1590110 875
1590120 875
1590130 875
1590140 875
1590150 876
1590160 876
1590170 877
1590180 877
1590190 877
1590200 878
1590210 879
1590220 879
1590230 880
1590240 882
1590250 882
1590260 884
1590270 885
1590280 885
1590290 886
1590300 887
1590310 887
1590320 889
1590330 889
1590340 889
1590350 888
1590360 888
1590370 888
1590380 888
1590390 888
1590400 887
1590410 887
1590420 887
1590430 887
1590440 887
1590450 887
1590460 887
1590470 888
1590480 888
1590490 888
1590500 888
1590510 888
1590520 888
1590530 888
1590540 888
1590550 889
1590560 889
1590570 889
1590580 890
1590590 890
1590600 890
1590610 890
1590620 890
1590630 890
1590640 890
1590650 890
1590660 890
1590670 890
1590680 890
1590690 890
1590700 890
1590710 889
1590720 889
1590730 889
1590740 889
1590750 889
1590760 889
1590770 889
1590780 889
1590790 889
1590800 889
1590810 889
1590820 889
1590830 890
1590840 890
1590850 890
1590860 891
1590870 891
1590880 894
1590890 894
1590900 894
1590910 896
1590920 898
1590930 898
1590940 899
1590950 901
1590960 901
1590970 901
1590980 902
1590990 902
1591000 904
1591010 904
1591020 904
1591030 905
1591040 904
1591050 904
1591060 904
1591070 905
1591080 905
1591090 905
1591100 905
1591110 905
1591120 905
1591130 905
1591140 905
1591150 906
1591160 906
1591170 906
1591180 906
1591190 906
1591200 906
1591210 907
1591220 908
1591230 908
1591240 909
1591250 909
1591260 910
1591270 910
1591280 910
1591290 911
1591300 912
1591310 912
1591320 912
1591330 914
1591340 914
1591350 915
1591360 917
1591370 917
1591380 919
1591390 919
1591400 919
1591410 915
1591420 908
1591430 908
1591440 905
1591450 903
1591460 903
1591470 902
1591480 901
1591490 901
1591500 900
1591510 898
1591520 898
1591530 896
1591540 895
1591550 895
1591560 893
1591570 892
1591580 892
1591590 891
1591600 889
1591610 889
1591620 888
1591630 887
1591640 887
1591650 886
1591660 884
1591670 884
1591680 883
1591690 882
1591700 882
1591710 881
1591720 880
1591730 880
1591740 878
1591750 877
1591760 877
1591770 876
1591780 875
1591790 875
1591800 873
1591810 872
1591820 872
1591830 871
1591840 869
1591850 869
1591860 868
1591870 868
1591880 868
1591890 867
1591900 866
1591910 866
1591920 865
1591930 864
1591940 864
1591950 863
1591960 862
1591970 862
1591980 861
1591990 861
1592000 861
1592010 861
1592020 860
1592030 860
1592040 858
1592050 856
1592060 856
1592070 854
1592080 854
1592090 853
1592100 850
1592110 850
1592120 849
1592130 849
1592140 849
1592150 847
1592160 845
1592170 845
1592180 842
1592190 838
1592200 838
1592210 834
1592220 831
1592230 831
1592240 828
1592250 824
1592260 824
1592270 821
1592280 817
1592290 817
1592300 813
1592310 811
1592320 811
1592330 810
1592340 809
1592350 809
1592360 807
1592370 805
1592380 805
1592390 803
1592400 801
1592410 801
1592420 800
1592430 798
1592440 798
1592450 797
1592460 794
1592470 794
1592480 792
1592490 790
1592500 790
1592510 787
1592520 784
1592530 784
1592540 783
1592550 781
1592560 781
1592570 779
1592580 778
1592590 778
1592600 777
1592610 776
1592620 776
1592630 774
1592640 773
1592650 773
1592660 772
1592670 772
1592680 772
1592690 771
1592700 771
1592710 771
1592720 771
1592730 770
1592740 770
1592750 770
1592760 770
1592770 770
1592780 770
1592790 770
1592800 770
1592810 770
1592820 770
1592830 770
1592840 770
1592850 770
1592860 770
1592870 770
1592880 770
1592890 770
1592900 770
1592910 769
1592920 769
1592930 769
1592940 769
1592950 769
1592960 769
1592970 769
1592980 768
1592990 768
1593000 768
1593010 768
1593020 768
1593030 768
1593040 768
1593050 768
1593060 768
1593070 768
1593080 768
1593090 768
1593100 767
1593110 767
1593120 767
1593130 767
1593140 766
1593150 766
1593160 766
1593170 765
1593180 765
1593190 765
1593200 764
1593210 764
1593220 763
1593230 762
1593240 762
1593250 762
1593260 761
1593270 761
1593280 760
1593290 760
1593300 760
1593310 759
1593320 759
1593330 759
1596480 622
1596490 621
1596500 621
1596510 619
1596520 619
1596530 619
1596540 618
1596550 617
1596560 617
1596570 616
1596580 616
1596590 616
1596600 615
1596610 614
1596620 614
1596630 614
1596640 613
1596650 613
1596660 613
1596670 612
1596680 612
1596690 611
1596700 609
1596710 609
1596720 608
1596730 607
1596740 607
1596750 607
1596760 606
1596770 606
1596780 606
1596790 606
1596800 606
1596810 606
1596820 607
1596830 607
1596840 608
1596850 607
1596860 607
1596870 609
1596880 609
1596890 609
1596900 611
1596910 612
1596920 612
1596930 614
1596940 615
1596950 615
1596960 617
1596970 619
1596980 619
1596990 621
1597000 623
1597010 623
1597020 625
1597030 627
1597040 627
1597050 629
1597060 631
1597070 631
1597080 633
1597090 635
1597100 635
1597110 637
1597120 639
1597130 639
1597140 641
1597150 642
1597160 642
1597170 643
1597180 643
1597190 644
1597200 645
1597210 645
1597220 645
1597230 646
1597240 646
1597250 646
1597260 647
1597270 647
1597280 647
1597290 648
1597300 648
1597310 648
1597320 649
1597330 649
1597340 649
1597350 650
1597360 650
1597370 651
1597380 652
1597390 652
1597400 652
1597410 653
1597420 653
1597430 653
1597440 654
1597450 654
1597460 654
1597470 654
1597480 654
1597490 655
1597500 654
1597510 654
1597520 654
1597530 654
1597540 654
1597550 654
1597560 654
1597570 654
1597580 653
1597590 653
1597600 653
1597610 652
1597620 651
1597630 651
1597640 650
1597650 649
1597660 649
1597670 647
1597680 646
1597690 646
1597700 645
1597710 644
1597720 644
1597730 643
1597740 641
1597750 641
1597760 640
1597770 639
1597780 639
1597790 637
1597800 636
1597810 636
1597820 634
1597830 632
1597840 632
1597850 630
1597860 627
1597870 627
1597880 624
1597890 621
1597900 621
1597910 620
1597920 620
1597930 620
1597940 619
1597950 619
1597960 619
1597970 618
1597980 617
1597990 617
1598000 617
1598010 615
1598020 615
1598030 615
1598040 615
1598050 614
1598060 613
1598070 613
1598080 613
1598090 612
1598100 612
1598110 612
1598120 612
1598130 612
1598140 611
1598150 611
1598160 611
1598170 610
1598180 610
1598190 610
1598200 609
1598210 607
1598220 607
1598230 603
1598240 598
1598250 598
1598260 595
1598270 594
1598280 594
1598290 594
1598300 594
1598310 594
1598320 594
1598330 594
1598340 594
1598350 595
1598360 599
1598370 599
1598380 605
1598390 611
1598400 611
1598410 615
1598420 620
1598430 620
1598440 623
1598450 625
1598460 625
1598470 625
1598480 626
1598490 626
1598500 628
1598510 629
1598520 629
1598530 630
1598540 630
1598550 630
1598560 631
1598570 632
1598580 632
1598590 633
1598600 634
1598610 634
1598620 635
1598630 636
1598640 636
1598650 637
1598660 638
1598670 638
1598680 639
1598690 640
1598700 640
1598710 641
1598720 641
1598730 641
1598740 642
1598750 643
1598760 643
1598770 644
1598780 644
1598790 644
1598800 645
1598810 646
1598820 646
1598830 646
1598840 646
1598850 646
1598860 647
1598870 647
1598880 647
1598890 648
1598900 648
1598910 648
1598920 648
1598930 648
1598940 649
1598950 649
1598960 649
1598970 649
1598980 650
1598990 650
1599000 650
1599010 650
1599020 650
1599030 650
1599040 650
1599050 650
1599060 651
1599070 651
1599080 651
1599090 651
1599100 651
1599110 651
1599120 651
1599130 651
1599140 651
1599150 650
1599160 650
1599170 650
1599180 649
1599190 648
1599200 648
1599210 646
1599220 644
1599230 644
1599240 643
1599250 642
1599260 642
1599270 642
1599280 642
1599290 642
1599300 642
1599310 643
1599320 643
1599330 644
1599340 646
1599350 646
1599360 648
1599370 650
1599380 650
1599390 651
1599400 653
1599410 653
1599420 654
1599430 654
1599440 654
1599450 655
1599460 656
1599470 656
1599480 656
1599490 657
1599500 657
1599510 657
1599520 657
1599530 657
1599540 658
1599550 658
1599560 658
1599570 658
1599580 658
1599590 658
1599600 659
1599610 659
1599620 659
1599630 659
1599640 660
1599650 660
1599660 660
1599670 660
1599680 660
1599690 660
1599700 660
1599710 660
1599720 661
1599730 661
1599740 661
1599750 661
1599760 661
1599770 661
1599780 662
1599790 662
1599800 662
1599810 662
1599820 662
1599830 663
1599840 663
1599850 663
1599860 663
1599870 663
1599880 663
1599890 663
1599900 663
1599910 663
1599920 664
1599930 665
1599940 665
1599950 665
1599960 666
1599970 666
1599980 666
1599990 667
