1580000 795
1580010 795
1580020 796
1580030 797
1580040 797
1580050 798
1580060 800
1580070 800
1580080 801
1580090 802
1580100 802
1580110 804
1580120 805
1580130 805
1580140 807
1580150 808
1580160 808
1580170 809
1580180 811
1580190 811
1580200 812
1580210 813
1580220 813
1580230 815
1580240 816
1580250 816
1580260 817
1580270 818
1580280 818
1580290 818
1580300 819
1580310 819
1580320 819
1580330 819
1580340 819
1580350 818
1580360 818
1580370 818
1580380 817
1580390 816
1580400 816
1580410 815
1580420 814
1580430 814
1580440 814
1580450 813
1580460 813
1580470 813
1580480 813
1580490 813
1580500 813
1580510 814
1580520 814
1580530 814
1580540 815
1580550 815
1580560 815
1580570 815
1580580 815
1580590 816
1580600 816
1580610 816
1580620 816
1580630 815
1580640 815
1580650 814
1580660 813
1580670 813
1580680 815
1580690 815
1580700 815
1580710 814
1580720 814
1580730 814
1580740 815
1580750 815
1580760 815
1580770 815
1580780 815
1580790 816
1580800 816
1580810 816
1580820 817
1580830 819
1580840 819
1580850 820
1580860 821
1580870 821
1580880 822
1580890 823
1580900 823
1580910 824
1580920 825
1580930 825
1580940 826
1580950 828
1580960 828
1580970 828
1580980 829
1580990 829
1581000 830
1581010 831
1581020 831
1581030 832
1581040 833
1581050 833
1581060 834
1581070 835
1581080 835
1581090 837
1581100 838
1581110 838
1581120 839
1581130 840
1581140 840
1581150 842
1581160 843
1581170 843
1581180 844
1581190 846
1581200 846
1581210 847
1581220 849
1581230 849
1581240 850
1581250 852
1581260 852
1581270 853
1581280 854
1581290 854
1581300 856
1581310 856
1581320 856
1581330 857
1581340 858
1581350 858
1581360 859
1581370 860
1581380 860
1581390 861
1581400 861
1581410 861
1581420 861
1581430 862
1581440 862
1581450 862
1581460 862
1581470 862
1581480 862
1581490 861
1581500 861
1581510 861
1581520 860
1581530 860
1581540 860
1581550 859
1581560 859
1581570 857
1581580 856
1581590 856
1581600 854
1581610 854
1581620 852
1581630 851
1581640 851
1581650 851
1581660 851
1581670 851
1581680 850
1581690 850
1581700 850
1581710 850
1581720 850
1581730 850
1581740 850
1581750 850
1581760 850
1581770 849
1581780 849
1581790 849
1581800 849
1581810 849
1581820 849
1581830 849
1581840 849
1581850 849
1581860 850
1581870 850
1581880 850
1581890 850
1581900 851
1581910 851
1581920 851
1581930 851
1581940 851
1581950 852
1581960 852
1581970 852
1581980 852
1581990 853
1582000 853
1582010 853
1582020 855
1582030 855
1582040 856
1582050 856
1582060 856
1582070 857
1582080 857
1582090 857
1582100 858
1582110 858
1582120 858
1582130 859
1582140 859
1582150 859
1582160 860
1582170 861
1582180 861
1582190 861
1582200 862
1582210 862
1582220 863
1582230 864
1582240 864
1582250 865
1582260 866
1582270 866
1582280 867
1582290 867
1582300 867
1582310 868
1582320 869
1582330 869
1582340 869
1582350 870
1582360 870
1582370 871
1582380 871
1582390 871
1582400 871
1582410 872
1582420 872
1582430 873
1582440 874
1582450 874
1582460 875
1582470 875
1582480 876
1582490 878
1582500 878
1582510 879
1582520 880
1582530 880
1582540 881
1582550 882
1582560 882
1582570 883
1582580 884
1582590 884
1582600 885
1582610 886
1582620 886
1582630 887
1582640 888
1582650 888
1582660 889
1582670 890
1582680 890
1582690 891
1582700 891
1582710 891
1582720 893
1582730 894
1582740 894
1582750 895
1582760 896
1582770 896
1582780 897
1582790 898
1582800 898
1582810 899
1582820 899
1582830 899
1582840 900
1582850 902
1582860 902
1582870 903
1582880 904
1582890 904
1582900 905
1582910 906
1582920 906
1582930 908
1582940 909
1582950 909
1582960 910
1582970 912
1582980 912
1582990 913
1583000 915
1583010 915
1583020 916
1583030 917
1583040 917
1583050 919
1583060 920
1583070 920
1583080 920
1583090 921
1583100 921
1583110 922
1583120 923
1583130 923
1583140 926
1583150 927
1583160 927
1583170 928
1583180 928
1583190 928
1583200 929
1583210 930
1583220 930
1583230 931
1583240 932
1583250 932
1583260 933
1583270 934
1583280 934
1583290 935
1583300 936
1583310 936
1583320 937
1583330 937
1583340 938
1583350 940
1583360 940
1583370 941
1583380 942
1583390 942
1583400 943
1583410 944
1583420 944
1583430 945
1583440 946
1583450 946
1583460 947
1583470 948
1583480 948
1583490 949
1583500 951
1583510 951
1583520 953
1583530 954
1583540 954
1583550 956
1583560 957
1583570 957
1583580 958
1583590 959
1583600 959
1583610 961
1583620 962
1583630 962
1583640 964
1583650 966
1583660 966
1583670 967
1583680 969
1583690 969
1583700 971
1583710 973
1583720 973
1583730 974
1583740 976
1583750 976
1583760 978
1583770 980
1583780 980
1583790 981
1583800 983
1583810 983
1583820 985
1583830 986
1583840 986
1583850 987
1583860 989
1583870 989
1583880 989
1583890 990
1583900 990
1583910 990
1583920 991
1583930 991
1583940 990
1583950 990
1583960 990
1583970 990
1583980 989
1583990 989
1584000 988
1584010 987
1584020 987
1584030 986
1584040 985
1584050 985
1584060 983
1584070 982
1584080 982
1584090 980
1584100 979
1584110 979
1584120 977
1584130 974
1584140 974
1584150 972
1584160 972
1584170 971
1584180 969
1584190 969
1584200 967
1584210 966
1584220 966
1584230 964
1584240 963
1584250 963
1584260 961
1584270 960
1584280 960
1584290 958
1584300 957
1584310 957
1584320 956
1584330 955
1584340 955
1584350 955
1584360 955
1584370 955
1584380 955
1584390 955
1584400 955
1584410 955
1584420 955
1584430 955
1584440 956
1584450 956
1584460 956
1584470 957
1584480 958
1584490 958
1584500 960
1584510 961
1584520 961
1584530 962
1584540 963
1584550 963
1584560 964
1584570 966
1584580 966
1584590 968
1584600 969
1584610 969
1584620 970
1584630 972
1584640 972
1584650 973
1584660 974
1584670 975
1584680 976
1584690 977
1584700 977
1584710 977
1584720 978
1584730 978
1584740 978
1584750 979
1584760 979
1584770 979
1584780 980
1584790 980
1584800 981
1584810 981
1584820 981
1584830 982
1584840 982
1584850 982
1584860 982
1584870 982
1584880 982
1584890 982
1584900 982
1584910 982
1584920 982
1584930 981
1584940 981
1584950 980
1584960 979
1584970 979
1584980 978
1584990 977
1585000 977
1585010 976
1585020 976
1585030 974
1585040 972
1585050 972
1585060 970
1585070 968
1585080 968
1585090 965
1585100 963
1585110 963
1585120 961
1585130 960
1585140 960
1585150 960
1585160 959
1585170 959
1585180 959
1585190 960
1585200 960
1585210 960
1585220 960
1585230 960
1585240 960
1585250 961
1585260 961
1585270 961
1585280 961
1585290 961
1585300 962
1585310 962
1585320 962
1585330 962
1585340 962
1585350 962
1585360 962
1585370 962
1585380 962
1585390 962
1585400 962
1585410 962
1585420 962
1585430 962
1585440 962
1585450 962
1585460 961
1585470 961
1585480 961
1585490 961
1585500 961
1585510 960
1585520 959
1585530 959
1585540 959
1585550 958
1585560 958
1585570 957
1585580 955
1585590 955
1585600 954
1585610 952
1585620 952
1585630 951
1585640 949
1585650 949
1585660 947
1585670 945
1585680 945
1585690 943
1585700 941
1585710 941
1585720 940
1585730 938
1585740 938
1585750 937
1585760 935
1585770 935
1585780 934
1585790 932
1585800 932
1585810 931
1585820 930
1585830 930
1585840 929
1585850 929
1585860 927
1585870 926
1585880 926
1585890 925
1585900 924
1585910 924
1585920 923
1585930 921
1585940 921
1585950 919
1585960 917
1585970 917
1585980 914
1585990 914
1586000 914
1586010 912
1586020 911
1586030 911
1586040 910
1586050 909
1586060 909
1586070 909
1586080 908
1586090 908
1586100 908
1586110 908
1586120 908
1586130 908
1586140 908
1586150 908
1586160 908
1586170 909
1586180 909
1586190 909
1586200 909
1586210 909
1586220 910
1586230 911
1586240 911
1586250 911
1586260 911
1586270 911
1586280 912
1586290 912
1586300 912
1586310 912
1586320 913
1586330 913
1586340 913
1586350 914
1586360 914
1586370 914
1586380 915
1586390 915
1586400 916
1586410 916
1586420 916
1586430 917
1586440 918
1586450 918
1586460 919
1586470 921
1586480 921
1586490 922
1586500 923
1586510 923
1586520 924
1586530 925
1586540 925
1586550 925
1586560 926
1586570 926
1586580 927
1586590 928
1586600 928
1586610 929
1586620 930
1586630 930
1586640 932
1586650 934
1586660 934
1586670 935
1586680 937
1586690 937
1586700 938
1586710 938
1586720 939
1586730 940
1586740 940
1586750 940
1586760 941
1586770 941
1586780 942
1586790 943
1586800 943
1586810 944
1586820 945
1586830 945
1586840 946
1586850 945
1586860 945
1586870 945
1586880 944
1586890 944
1586900 942
1586910 939
1586920 939
1586930 938
1586940 936
1586950 936
1586960 934
1586970 933
1586980 933
1586990 932
1587000 928
1587010 928
1587020 924
1587030 921
1587040 921
1587050 917
1587060 914
1587070 914
1587080 912
1587090 910
1587100 910
1587110 906
1587120 902
1587130 902
1587140 899
1587150 896
1587160 896
1587170 893
1587180 890
1587190 890
1587200 888
1587210 885
1587220 885
1587230 882
1587240 875
1587250 875
1587260 872
1587270 870
1587280 870
1587290 868
1587300 865
1587310 865
1587320 860
1587330 857
1587340 857
1587350 854
1587360 850
1587370 850
1587380 847
1587390 844
1587400 844
1587410 841
1587420 838
1587430 838
1587440 836
1587450 835
1587460 835
1587470 836
1587480 836
1587490 836
1587500 835
1587510 835
1587520 835
1587530 835
1587540 835
1587550 835
1587560 835
1587570 835
1587580 835
1587590 835
1587600 835
1587610 835
1587620 834
1587630 834
1587640 835
1587650 834
1587660 834
1587670 835
1587680 835
1587690 835
1587700 835
1587710 834
1587720 834
1587730 834
1587740 833
1587750 833
1587760 832
1587770 830
1587780 830
1587790 829
1587800 828
1587810 828
1587820 827
1587830 827
1587840 827
1587850 826
1587860 826
1587870 826
1587880 826
1587890 825
1587900 825
1587910 824
1587920 823
1587930 823
1587940 822
1587950 821
1587960 821
1587970 820
1587980 819
1587990 819
1588000 818
1588010 817
1588020 817
1588030 816
1588040 815
1588050 815
1588060 814
1588070 813
1588080 813
1588090 812
1588100 811
1588110 811
1588120 810
1588130 810
1588140 810
1588150 810
1588160 809
1588170 809
1588180 808
1588190 807
1588200 807
1588210 807
1588220 806
1588230 806
1588240 806
1588250 806
1588260 806
1588270 805
1588280 805
1588290 805
1588300 805
1588310 805
1588320 805
1588330 805
1588340 805
1588350 805
1588360 805
1588370 805
1588380 805
1588390 805
1588400 805
1588410 804
1588420 804
1588430 804
1588440 804
1588450 803
1588460 803
1588470 803
1588480 803
1588490 803
1588500 803
1588510 802
1588520 802
1588530 802
1588540 801
1588550 801
1588560 801
1588570 801
1588580 801
1588590 801
1588600 800
1588610 800
1588620 799
1588630 798
1588640 798
1588650 798
1588660 798
1588670 798
1588680 798
1588690 798
1588700 798
1588710 798
1588720 799
1588730 799
1588740 799
1588750 799
1588760 799
1588770 800
1588780 800
1588790 800
1588800 800
1588810 801
1588820 801
1588830 801
1588840 802
1588850 802
1588860 803
1588870 803
1588880 803
1588890 805
1588900 805
1588910 805
1588920 806
1588930 808
1588940 808
1588950 809
1588960 810
1588970 810
1588980 812
1588990 813
1589000 813
1589010 814
1589020 815
1589030 815
1589040 815
1589050 816
1589060 816
1589070 817
1589080 817
1589090 817
1589100 818
1589110 818
1589120 818
1589130 819
1589140 820
1589150 820
1589160 820
1589170 821
1589180 821
1589190 822
1589200 823
1589210 823
1589220 823
1589230 823
1589240 823
1589250 823
1589260 823
1589270 822
1589280 821
1589290 821
1589300 820
1589310 818
1589320 818
1589330 816
1589340 817
1589350 817
1589360 817
1589370 818
1589380 818
1589390 819
1589400 820
1589410 820
1589420 820
1589430 821
1589440 821
1589450 822
1589460 823
1589470 823
1589480 823
1589490 824
1589500 824
1589510 825
1589520 826
1589530 826
1589540 827
1589550 828
1589560 828
1589570 828
1589580 829
1589590 829
1589600 830
1589610 831
1589620 831
1589630 832
1589640 833
1589650 833
1589660 834
1589670 835
1589680 835
1589690 836
1589700 838
1589710 838
1589720 839
1589730 841
1589740 841
1589750 842
1589760 844
1589770 844
1589780 845
1589790 846
1589800 846
1589810 848
1589820 850
1589830 850
1589840 852
1589850 853
1589860 853
1589870 855
1589880 857
1589890 857
1589900 859
1589910 861
1589920 861
1589930 863
1589940 865
1589950 865
1589960 867
1589970 868
1589980 868
1589990 870
1590000 872
1590010 872
1590020 873
1590030 874
1590040 874
1590050 875
1590060 876
1590070 876
1590080 877
1590090 877
1590100 878
1590110 880
1590120 880
1590130 881
1590140 882
1590150 882
1590160 884
1590170 885
1590180 885
1590190 886
1590200 886
1590210 886
1590220 887
1590230 888
1590240 888
1590250 890
1590260 891
1590270 891
1590280 893
1590290 895
1590300 895
1590310 896
1590320 898
1590330 898
1590340 899
1590350 900
1590360 900
1590370 901
1590380 902
1590390 902
1590400 903
1590410 904
1590420 904
1590430 904
1590440 905
1590450 905
1590460 906
1590470 908
1590480 908
1590490 912
1590500 914
1590510 914
1590520 914
1590530 914
1590540 914
1590550 914
1590560 913
1590570 913
1590580 913
1590590 912
1590600 912
1590610 912
1590620 911
1590630 911
1590640 911
1590650 911
1590660 911
1590670 910
1590680 910
1590690 910
1590700 910
1590710 909
1590720 909
1590730 908
1590740 908
1590750 908
1590760 907
1590770 906
1590780 906
1590790 906
1590800 905
1590810 905
1590820 904
1590830 904
1590840 904
1590850 904
1590860 904
1590870 904
1590880 905
1590890 905
1590900 905
1590910 906
1590920 906
1590930 907
1590940 908
1590950 908
1590960 909
1590970 909
1590980 909
1590990 907
1591000 906
1591010 906
1591020 904
1591030 903
1591040 903
1591050 902
1591060 901
1591070 901
1591080 900
1591090 899
1591100 899
1591110 898
1591120 898
1591130 898
1591140 898
1591150 898
1591160 898
1591170 898
1591180 898
1591190 898
1591200 899
1591210 899
1591220 899
1591230 897
1591240 896
1591250 896
1591260 896
1591270 896
1591280 896
1591290 896
1591300 895
1591310 895
1591320 894
1591330 893
1591340 893
1591350 891
1591360 889
1591370 889
1591380 889
1591390 889
1591400 889
1591410 889
1591420 887
1591430 887
1591440 884
1591450 883
1591460 883
1591470 883
1591480 882
1591490 882
1591500 882
1591510 881
1591520 881
1591530 881
1591540 881
1591550 881
1591560 880
1591570 880
1591580 880
1591590 879
1591600 877
1591610 877
1591620 876
1591630 874
1591640 874
1591650 872
1591660 870
1591670 870
1591680 868
1591690 866
1591700 866
1591710 864
1591720 863
1591730 863
1591740 861
1591750 859
1591760 859
1591770 856
1591780 856
1591790 854
1591800 853
1591810 853
1591820 851
1591830 849
1591840 849
1591850 847
1591860 845
1591870 845
1591880 844
1591890 842
1591900 842
1591910 840
1591920 839
1591930 839
1591940 838
1591950 837
1591960 837
1591970 836
1591980 835
1591990 835
1592000 833
1592010 832
1592020 832
1592030 831
1592040 829
1592050 829
1592060 828
1592070 827
1592080 827
1592090 825
1592100 823
1592110 823
1592120 821
1592130 819
1592140 819
1592150 818
1592160 816
1592170 816
1592180 814
1592190 812
1592200 812
1592210 810
1592220 808
1592230 808
1592240 807
1592250 806
1592260 806
1592270 805
1592280 803
1592290 803
1592300 802
1592310 800
1592320 800
1592330 798
1592340 797
1592350 797
1592360 796
1592370 795
1592380 795
1592390 794
1592400 793
1592410 793
1592420 791
1592430 789
1592440 789
1592450 788
1592460 786
1592470 786
1592480 784
1592490 783
1592500 783
1592510 782
1592520 781
1592530 781
1592540 780
1592550 779
1592560 779
1592570 779
1592580 778
1592590 778
1592600 777
1592610 777
1592620 776
1592630 776
1592640 776
1592650 775
1592660 774
1592670 774
1592680 774
1592690 773
1592700 773
1592710 773
1592720 772
1592730 772
1592740 772
1592750 771
1592760 771
1592770 771
1592780 771
1592790 771
1592800 770
1592810 770
1592820 770
1592830 770
1592840 770
1592850 770
1592860 770
1592870 770
1592880 770
1592890 770
1592900 771
1592910 771
1592920 771
1592930 772
1592940 772
1592950 773
1592960 774
1592970 774
1592980 775
1592990 775
1593000 775
1593010 776
1593020 776
1593030 776
1593040 776
1593050 776
1593060 776
1593070 777
1593080 777
1593090 777
1593100 777
1593110 777
1593120 777
1596580 626
1596590 626
1596600 625
1596610 624
1596620 624
1596630 623
1596640 622
1596650 622
1596660 621
1596670 620
1596680 620
1596690 619
1596700 618
1596710 618
1596720 616
1596730 614
1596740 614
1596750 611
1596760 609
1596770 609
1596780 607
1596790 606
1596800 606
1596810 606
1596820 605
1596830 605
1596840 604
1596850 604
1596860 604
1596870 603
1596880 603
1596890 603
1596900 602
1596910 602
1596920 602
1596930 602
1596940 602
1596950 603
1596960 604
1596970 604
1596980 606
1596990 608
1597000 608
1597010 610
1597020 613
1597030 613
1597040 616
1597050 619
1597060 619
1597070 623
1597080 626
1597090 626
1597100 629
1597110 631
1597120 631
1597130 633
1597140 636
1597150 636
1597160 638
1597170 640
1597180 640
1597190 641
1597200 642
1597210 642
1597220 643
1597230 643
1597240 643
1597250 643
1597260 643
1597270 643
1597280 644
1597290 644
1597300 644
1597310 644
1597320 645
1597330 645
1597340 645
1597350 646
1597360 646
1597370 647
1597380 647
1597390 647
1597400 648
1597410 649
1597420 649
1597430 650
1597440 651
1597450 651
1597460 651
1597470 652
1597480 652
1597490 652
1597500 652
1597510 652
1597520 652
1597530 652
1597540 652
1597550 652
1597560 652
1597570 652
1597580 651
1597590 651
1597600 651
1597610 650
1597620 650
1597630 650
1597640 649
1597650 648
1597660 648
1597670 647
1597680 647
1597690 646
1597700 645
1597710 645
1597720 645
1597730 643
1597740 643
1597750 642
1597760 641
1597770 641
1597780 638
1597790 635
1597800 635
1597810 632
1597820 631
1597830 631
1597840 631
1597850 629
1597860 629
1597870 627
1597880 625
1597890 625
1597900 623
1597910 621
1597920 621
1597930 620
1597940 619
1597950 619
1597960 618
1597970 617
1597980 617
1597990 615
1598000 614
1598010 614
1598020 613
1598030 612
1598040 612
1598050 612
1598060 611
1598070 611
1598080 610
1598090 609
1598100 609
1598110 609
1598120 608
1598130 608
1598140 608
1598150 607
1598160 607
1598170 607
1598180 606
1598190 606
1598200 605
1598210 605
1598220 605
1598230 603
1598240 600
1598250 600
1598260 595
1598270 592
1598280 592
1598290 592
1598300 592
1598310 592
1598320 592
1598330 592
1598340 592
1598350 592
1598360 593
1598370 593
1598380 594
1598390 597
1598400 597
1598410 600
1598420 604
1598430 604
1598440 608
1598450 611
1598460 611
1598470 613
1598480 615
1598490 615
1598500 618
1598510 620
1598520 620
1598530 622
1598540 622
1598550 623
1598560 625
1598570 625
1598580 626
1598590 628
1598600 628
1598610 629
1598620 630
1598630 630
1598640 632
1598650 633
1598660 633
1598670 634
1598680 635
1598690 635
1598700 636
1598710 637
1598720 637
1598730 638
1598740 639
1598750 639
1598760 640
1598770 640
1598780 640
1598790 641
1598800 642
1598810 642
1598820 643
1598830 644
1598840 644
1598850 644
1598860 645
1598870 645
1598880 646
1598890 646
1598900 646
1598910 646
1598920 647
1598930 647
1598940 647
1598950 647
1598960 647
1598970 647
1598980 647
1598990 647
1599000 648
1599010 648
1599020 648
1599030 648
1599040 648
1599050 648
1599060 648
1599070 648
1599080 648
1599090 648
1599100 647
1599110 647
1599120 647
1599130 647
1599140 647
1599150 646
1599160 645
1599170 645
1599180 643
1599190 641
1599200 641
1599210 639
1599220 637
1599230 637
1599240 637
1599250 637
1599260 637
1599270 638
1599280 639
1599290 639
1599300 640
1599310 642
1599320 642
1599330 643
1599340 644
1599350 644
1599360 646
1599370 646
1599380 647
1599390 648
1599400 648
1599410 649
1599420 650
1599430 650
1599440 652
1599450 653
1599460 653
1599470 653
1599480 654
1599490 654
1599500 655
1599510 655
1599520 655
1599530 655
1599540 656
1599550 656
1599560 656
1599570 656
1599580 656
1599590 656
1599600 656
1599610 656
1599620 656
1599630 657
1599640 657
1599650 657
1599660 657
1599670 657
1599680 657
1599690 657
1599700 657
1599710 657
1599720 658
1599730 658
1599740 658
1599750 658
1599760 658
1599770 658
1599780 659
1599790 659
1599800 659
1599810 659
1599820 659
1599830 659
1599840 660
1599850 660
1599860 660
1599870 660
1599880 660
1599890 660
1599900 661
1599910 661
1599920 661
1599930 661
1599940 661
1599950 662
1599960 662
1599970 662
1599980 663
1599990 663
