1580000 863
1580010 862
1580020 860
1580030 860
1580040 859
1580050 857
1580060 857
1580070 856
1580080 854
1580090 854
1580100 853
1580110 852
1580120 852
1580130 851
1580140 850
1580150 850
1580160 849
1580170 848
1580180 848
1580190 848
1580200 848
1580210 848
1580220 849
1580230 849
1580240 849
1580250 848
1580260 848
1580270 848
1580280 847
1580290 846
1580300 846
1580310 846
1580320 846
1580330 846
1580340 846
1580350 847
1580360 847
1580370 849
1580380 849
1580390 849
1580400 849
1580410 849
1580420 849
1580430 849
1580440 849
1580450 849
1580460 849
1580470 850
1580480 850
1580490 850
1580500 851
1580510 851
1580520 851
1580530 852
1580540 852
1580550 853
1580560 853
1580570 853
1580580 854
1580590 854
1580600 854
1580610 855
1580620 856
1580630 856
1580640 856
1580650 857
1580660 857
1580670 857
1580680 857
1580690 858
1580700 858
1580710 858
1580720 859
1580730 860
1580740 860
1580750 860
1580760 861
1580770 861
1580780 862
1580790 863
1580800 863
1580810 864
1580820 865
1580830 865
1580840 866
1580850 868
1580860 868
1580870 869
1580880 871
1580890 871
1580900 872
1580910 874
1580920 874
1580930 875
1580940 876
1580950 876
1580960 877
1580970 879
1580980 879
1580990 880
1581000 881
1581010 881
1581020 882
1581030 883
1581040 883
1581050 884
1581060 885
1581070 885
1581080 885
1581090 886
1581100 886
1581110 887
1581120 888
1581130 888
1581140 889
1581150 889
1581160 889
1581170 890
1581180 891
1581190 891
1581200 891
1581210 892
1581220 892
1581230 893
1581240 893
1581250 893
1581260 894
1581270 895
1581280 892
1581290 893
1581300 894
1581310 894
1581320 894
1581330 895
1581340 895
1581350 896
1581360 897
1581370 897
1581380 897
1581390 898
1581400 898
1581410 899
1581420 899
1581430 899
1581440 900
1581450 901
1581460 901
1581470 901
1581480 902
1581490 902
1581500 902
1581510 902
1581520 903
1581530 903
1581540 903
1581550 903
1581560 904
1581570 904
1581580 904
1581590 904
1581600 904
1581610 904
1581620 904
1581630 904
1581640 904
1581650 904
1581660 904
1581670 904
1581680 904
1581690 904
1581700 905
1581710 905
1581720 905
1581730 905
1581740 904
1581750 904
1581760 903
1581770 902
1581780 902
1581790 902
1581800 901
1581810 901
1581820 902
1581830 902
1581840 902
1581850 902
1581860 902
1581870 902
1581880 902
1581890 902
1581900 902
1581910 902
1581920 902
1581930 902
1581940 902
1581950 901
1581960 901
1581970 901
1581980 900
1581990 900
1582000 900
1582010 899
1582020 899
1582030 899
1582040 898
1582050 898
1582060 897
1582070 896
1582080 896
1582090 894
1582100 893
1582110 893
1582120 892
1582130 890
1582140 890
1582150 890
1582160 889
1582170 889
1582180 888
1582190 887
1582200 887
1582210 887
1582220 886
1582230 886
1582240 886
1582250 885
1582260 885
1582270 886
1582280 886
1582290 886
1582300 886
1582310 886
1582320 885
1582330 885
1582340 885
1582350 885
1582360 885
1582370 885
1582380 885
1582390 885
1582400 885
1582410 884
1582420 884
1582430 884
1582440 884
1582450 884
1582460 884
1582470 884
1582480 884
1582490 884
1582500 884
1582510 885
1582520 885
1582530 885
1582540 885
1582550 885
1582560 884
1582570 884
1582580 884
1582590 884
1582600 884
1582610 884
1582620 883
1582630 883
1582640 883
1582650 884
1582660 884
1582670 884
1582680 884
1582690 884
1582700 884
1582710 884
1582720 884
1582730 884
1582740 885
1582750 886
1582760 886
1582770 887
1582780 888
1582790 888
1582800 888
1582810 888
1582820 888
1582830 889
1582840 890
1582850 890
1582860 890
1582870 891
1582880 891
1582890 892
1582900 893
1582910 893
1582920 894
1582930 894
1582940 894
1582950 895
1582960 896
1582970 896
1582980 897
1582990 898
1583000 898
1583010 899
1583020 901
1583030 901
1583040 902
1583050 903
1583060 903
1583070 905
1583080 906
1583090 906
1583100 907
1583110 908
1583120 908
1583130 910
1583140 910
1583150 911
1583160 912
1583170 912
1583180 913
1583190 915
1583200 915
1583210 916
1583220 917
1583230 917
1583240 918
1583250 919
1583260 919
1583270 921
1583280 922
1583290 922
1583300 923
1583310 924
1583320 924
1583330 925
1583340 926
1583350 926
1583360 927
1583370 928
1583380 928
1583390 929
1583400 931
1583410 931
1583420 932
1583430 933
1583440 933
1583450 934
1583460 936
1583470 936
1583480 937
1583490 938
1583500 938
1583510 939
1583520 941
1583530 941
1583540 942
1583550 943
1583560 943
1583570 944
1583580 945
1583590 945
1583600 946
1583610 947
1583620 947
1583630 948
1583640 949
1583650 949
1583660 950
1583670 951
1583680 951
1583690 952
1583700 953
1583710 953
1583720 955
1583730 956
1583740 956
1583750 957
1583760 958
1583770 958
1583780 959
1583790 960
1583800 960
1583810 962
1583820 963
1583830 963
1583840 964
1583850 965
1583860 965
1583870 966
1583880 967
1583890 967
1583900 968
1583910 969
1583920 969
1583930 970
1583940 971
1583950 972
1583960 973
1583970 973
1583980 974
1583990 975
1584000 975
1584010 975
1584020 976
1584030 976
1584040 977
1584050 978
1584060 978
1584070 979
1584080 980
1584090 980
1584100 981
1584110 982
1584120 982
1584130 983
1584140 983
1584150 983
1584160 984
1584170 984
1584180 984
1584190 985
1584200 987
1584210 987
1584220 987
1584230 988
1584240 988
1584250 988
1584260 988
1584270 988
1584280 988
1584290 989
1584300 989
1584310 989
1584320 990
1584330 990
1584340 990
1584350 990
1584360 990
1584370 990
1584380 990
1584390 990
1584400 990
1584410 990
1584420 990
1584430 990
1584440 990
1584450 990
1584460 990
1584470 990
1584480 990
1584490 990
1584500 990
1584510 990
1584520 989
1584530 989
1584540 989
1584550 989
1584560 988
1584570 988
1584580 988
1584590 987
1584600 987
1584610 987
1584620 986
1584630 986
1584640 985
1584650 985
1584660 985
1584670 984
1584680 983
1584690 983
1584700 983
1584710 983
1584720 983
1584730 982
1584740 981
1584750 981
1584760 981
1584770 981
1584780 981
1584790 981
1584800 981
1584810 980
1584820 980
1584830 980
1584840 979
1584850 979
1584860 979
1584870 978
1584880 976
1584890 976
1584900 975
1584910 974
1584920 974
1584930 974
1584940 973
1584950 973
1584960 972
1584970 972
1584980 972
1584990 972
1585000 971
1585010 971
1585020 971
1585030 971
1585040 971
1585050 971
1585060 970
1585070 970
1585080 970
1585090 969
1585100 969
1585110 969
1585120 968
1585130 968
1585140 968
1585150 968
1585160 968
1585170 967
1585180 967
1585190 967
1585200 966
1585210 966
1585220 966
1585230 965
1585240 965
1585250 963
1585260 963
1585270 963
1585280 963
1585290 962
1585300 962
1585310 962
1585320 961
1585330 961
1585340 961
1585350 960
1585360 960
1585370 960
1585380 959
1585390 958
1585400 958
1585410 958
1585420 957
1585430 957
1585440 956
1585450 955
1585460 955
1585470 954
1585480 953
1585490 953
1585500 951
1585510 950
1585520 950
1585530 948
1585540 947
1585550 947
1585560 946
1585570 946
1585580 945
1585590 943
1585600 943
1585610 941
1585620 939
1585630 939
1585640 937
1585650 936
1585660 936
1585670 934
1585680 932
1585690 932
1585700 930
1585710 928
1585720 928
1585730 926
1585740 923
1585750 923
1585760 921
1585770 919
1585780 919
1585790 917
1585800 915
1585810 915
1585820 913
1585830 911
1585840 911
1585850 909
1585860 906
1585870 906
1585880 905
1585890 903
1585900 903
1585910 901
1585920 899
1585930 899
1585940 897
1585950 896
1585960 896
1585970 895
1585980 895
1585990 895
1586000 894
1586010 894
1586020 894
1586030 893
1586040 892
1586050 892
1586060 892
1586070 892
1586080 892
1586090 892
1586100 893
1586110 893
1586120 893
1586130 894
1586140 894
1586150 895
1586160 895
1586170 895
1586180 896
1586190 896
1586200 896
1586210 897
1586220 897
1586230 897
1586240 898
1586250 899
1586260 899
1586270 900
1586280 901
1586290 901
1586300 902
1586310 903
1586320 903
1586330 903
1586340 904
1586350 904
1586360 904
1586370 904
1586380 904
1586390 905
1586400 905
1586410 906
1586420 906
1586430 906
1586440 907
1586450 907
1586460 907
1586470 907
1586480 907
1586490 907
1586500 907
1586510 908
1586520 908
1586530 910
1586540 910
1586550 910
1586560 910
1586570 910
1586580 910
1586590 910
1586600 909
1586610 909
1586620 909
1586630 909
1586640 909
1586650 909
1586660 909
1586670 909
1586680 909
1586690 909
1586700 909
1586710 908
1586720 908
1586730 908
1586740 907
1586750 906
1586760 906
1586770 906
1586780 905
1586790 905
1586800 904
1586810 904
1586820 904
1586830 903
1586840 903
1586850 903
1586860 903
1586870 903
1586880 903
1586890 903
1586900 902
1586910 902
1586920 902
1586930 901
1586940 901
1586950 901
1586960 900
1586970 900
1586980 899
1586990 897
1587000 897
1587010 896
1587020 895
1587030 895
1587040 894
1587050 893
1587060 893
1587070 892
1587080 891
1587090 891
1587100 890
1587110 888
1587120 888
1587130 887
1587140 885
1587150 885
1587160 884
1587170 882
1587180 882
1587190 880
1587200 880
1587210 878
1587220 876
1587230 876
1587240 875
1587250 873
1587260 873
1587270 871
1587280 870
1587290 870
1587300 869
1587310 867
1587320 867
1587330 866
1587340 864
1587350 864
1587360 863
1587370 861
1587380 861
1587390 859
1587400 857
1587410 857
1587420 855
1587430 853
1587440 853
1587450 852
1587460 850
1587470 850
1587480 849
1587490 847
1587500 847
1587510 846
1587520 844
1587530 844
1587540 843
1587550 841
1587560 841
1587570 840
1587580 839
1587590 839
1587600 838
1587610 836
1587620 836
1587630 835
1587640 833
1587650 833
1587660 831
1587670 829
1587680 829
1587690 827
1587700 826
1587710 826
1587720 824
1587730 823
1587740 823
1587750 822
1587760 821
1587770 821
1587780 821
1587790 820
1587800 820
1587810 820
1587820 819
1587830 819
1587840 818
1587850 817
1587860 817
1587870 816
1587880 814
1587890 814
1587900 812
1587910 811
1587920 811
1587930 809
1587940 808
1587950 808
1587960 807
1587970 806
1587980 806
1587990 805
1588000 804
1588010 804
1588020 803
1588030 803
1588040 801
1588050 800
1588060 800
1588070 799
1588080 797
1588090 797
1588100 795
1588110 795
1588120 795
1588130 794
1588140 794
1588150 794
1588160 793
1588170 793
1588180 793
1588190 792
1588200 792
1588210 792
1588220 791
1588230 791
1588240 791
1588250 790
1588260 790
1588270 790
1588280 789
1588290 789
1588300 789
1588310 788
1588320 788
1588330 788
1588340 788
1588350 787
1588360 787
1588370 787
1588380 787
1588390 787
1588400 786
1588410 786
1588420 786
1588430 786
1588440 785
1588450 785
1588460 785
1588470 785
1588480 785
1588490 785
1588500 785
1588510 785
1588520 784
1588530 784
1588540 784
1588550 784
1588560 784
1588570 784
1588580 784
1588590 784
1588600 784
1588610 783
1588620 783
1588630 783
1588640 783
1588650 783
1588660 783
1588670 783
1588680 784
1588690 784
1588700 784
1588710 785
1588720 785
1588730 785
1588740 785
1588750 785
1588760 786
1588770 786
1588780 786
1588790 787
1588800 787
1588810 787
1588820 788
1588830 789
1588840 789
1588850 789
1588860 789
1588870 790
1588880 791
1588890 791
1588900 792
1588910 792
1588920 792
1588930 793
1588940 794
1588950 794
1588960 795
1588970 796
1588980 796
1588990 797
1589000 798
1589010 798
1589020 799
1589030 801
1589040 801
1589050 803
1589060 804
1589070 804
1589080 805
1589090 806
1589100 806
1589110 807
1589120 807
1589130 807
1589140 808
1589150 808
1589160 808
1589170 809
1589180 811
1589190 811
1589200 812
1589210 813
1589220 813
1589230 814
1589240 815
1589250 815
1589260 815
1589270 815
1589280 815
1589290 815
1589300 815
1589310 815
1589320 815
1589330 815
1589340 815
1589350 816
1589360 816
1589370 816
1589380 815
1589390 815
1589400 815
1589410 816
1589420 816
1589430 816
1589440 816
1589450 816
1589460 816
1589470 816
1589480 816
1589490 816
1589500 816
1589510 815
1589520 815
1589530 815
1589540 814
1589550 814
1589560 814
1589570 814
1589580 814
1589590 814
1589600 814
1589610 814
1589620 812
1589630 810
1589640 810
1589650 808
1589660 808
1589670 809
1589680 810
1589690 810
1589700 811
1589710 812
1589720 812
1589730 813
1589740 814
1589750 814
1589760 815
1589770 816
1589780 816
1589790 816
1589800 817
1589810 817
1589820 818
1589830 819
1589840 819
1589850 820
1589860 821
1589870 821
1589880 822
1589890 823
1589900 823
1589910 824
1589920 825
1589930 825
1589940 826
1589950 827
1589960 827
1589970 828
1589980 830
1589990 830
