1580000 883
1580010 882
1580020 882
1580030 881
1580040 880
1580050 880
1580060 879
1580070 879
1580080 879
1580090 878
1580100 877
1580110 877
1580120 876
1580130 876
1580140 876
1580150 875
1580160 875
1580170 874
1580180 874
1580190 874
1580200 873
1580210 873
1580220 873
1580230 872
1580240 872
1580250 872
1580260 872
1580270 872
1580280 872
1580290 872
1580300 872
1580310 872
1580320 872
1580330 874
1580340 874
1580350 875
1580360 875
1580370 875
1580380 875
1580390 875
1580400 875
1580410 876
1580420 876
1580430 876
1580440 876
1580450 876
1580460 876
1580470 877
1580480 877
1580490 877
1580500 878
1580510 878
1580520 878
1580530 879
1580540 879
1580550 879
1580560 880
1580570 881
1580580 881
1580590 881
1580600 882
1580610 882
1580620 882
1580630 883
1580640 883
1580650 884
1580660 884
1580670 884
1580680 885
1580690 886
1580700 886
1580710 887
1580720 888
1580730 888
1580740 889
1580750 889
1580760 889
1580770 890
1580780 891
1580790 891
1580800 891
1580810 892
1580820 892
1580830 892
1580840 893
1580850 893
1580860 894
1580870 895
1580880 895
1580890 896
1580900 897
1580910 897
1580920 898
1580930 898
1580940 899
1580950 901
1580960 901
1580970 902
1580980 904
1580990 904
1581000 905
1581010 907
1581020 907
1581030 908
1581040 910
1581050 910
1581060 911
1581070 912
1581080 912
1581090 913
1581100 914
1581110 914
1581120 915
1581130 917
1581140 917
1581150 918
1581160 919
1581170 919
1581180 921
1581190 922
1581200 922
1581210 924
1581220 925
1581230 925
1581240 926
1581250 928
1581260 928
1581270 929
1581280 930
1581290 930
1581300 932
1581310 932
1581320 932
1581330 933
1581340 934
1581350 934
1581360 935
1581370 936
1581380 936
1581390 937
1581400 937
1581410 937
1581420 938
1581430 940
1581440 940
1581450 941
1581460 942
1581470 942
1581480 942
1581490 943
1581500 943
1581510 944
1581520 944
1581530 944
1581540 944
1581550 944
1581560 944
1581570 944
1581580 944
1581590 944
1581600 943
1581610 943
1581620 943
1581630 943
1581640 942
1581650 942
1581660 942
1581670 942
1581680 942
1581690 941
1581700 941
1581710 941
1581720 940
1581730 940
1581740 940
1581750 940
1581760 940
1581770 939
1581780 939
1581790 939
1581800 939
1581810 939
1581820 939
1581830 938
1581840 938
1581850 938
1581860 937
1581870 937
1581880 937
1581890 937
1581900 937
1581910 937
1581920 937
1581930 937
1581940 937
1581950 937
